 0.000   0.000   0.000  0.489
 0.000   0.000   0.698  0.489
 0.000   0.000   1.396  0.489
 0.000   0.000   2.094  0.489
 0.000   0.000   2.793  0.489
 0.000   0.000   3.491  0.489
 0.000   0.000   4.189  0.489
 0.000   0.000   4.887  0.489
 0.000   0.000   5.585  0.489
 0.000   0.000   6.283  0.489
 1.111   0.000   0.000  0.317
 1.111   0.000   0.698  0.317
 1.111   0.000   1.396  0.317
 1.111   0.000   2.094  0.317
 1.111   0.000   2.793  0.317
 1.111   0.000   3.491  0.317
 1.111   0.000   4.189  0.317
 1.111   0.000   4.887  0.317
 1.111   0.000   5.585  0.317
 1.111   0.000   6.283  0.317
 2.222   0.000   0.000  0.212
 2.222   0.000   0.698  0.212
 2.222   0.000   1.396  0.212
 2.222   0.000   2.094  0.212
 2.222   0.000   2.793  0.212
 2.222   0.000   3.491  0.212
 2.222   0.000   4.189  0.212
 2.222   0.000   4.887  0.212
 2.222   0.000   5.585  0.212
 2.222   0.000   6.283  0.212
 3.333   0.000   0.000  0.142
 3.333   0.000   0.698  0.142
 3.333   0.000   1.396  0.142
 3.333   0.000   2.094  0.142
 3.333   0.000   2.793  0.142
 3.333   0.000   3.491  0.142
 3.333   0.000   4.189  0.142
 3.333   0.000   4.887  0.142
 3.333   0.000   5.585  0.142
 3.333   0.000   6.283  0.142
 4.444   0.000   0.000  0.095
 4.444   0.000   0.698  0.095
 4.444   0.000   1.396  0.095
 4.444   0.000   2.094  0.095
 4.444   0.000   2.793  0.095
 4.444   0.000   3.491  0.095
 4.444   0.000   4.189  0.095
 4.444   0.000   4.887  0.095
 4.444   0.000   5.585  0.095
 4.444   0.000   6.283  0.095
 5.556   0.000   0.000  0.062
 5.556   0.000   0.698  0.062
 5.556   0.000   1.396  0.062
 5.556   0.000   2.094  0.062
 5.556   0.000   2.793  0.062
 5.556   0.000   3.491  0.062
 5.556   0.000   4.189  0.062
 5.556   0.000   4.887  0.062
 5.556   0.000   5.585  0.062
 5.556   0.000   6.283  0.062
 6.667   0.000   0.000  0.040
 6.667   0.000   0.698  0.040
 6.667   0.000   1.396  0.040
 6.667   0.000   2.094  0.040
 6.667   0.000   2.793  0.040
 6.667   0.000   3.491  0.040
 6.667   0.000   4.189  0.040
 6.667   0.000   4.887  0.040
 6.667   0.000   5.585  0.040
 6.667   0.000   6.283  0.040
 7.778   0.000   0.000  0.026
 7.778   0.000   0.698  0.026
 7.778   0.000   1.396  0.026
 7.778   0.000   2.094  0.026
 7.778   0.000   2.793  0.026
 7.778   0.000   3.491  0.026
 7.778   0.000   4.189  0.026
 7.778   0.000   4.887  0.026
 7.778   0.000   5.585  0.026
 7.778   0.000   6.283  0.026
 8.889   0.000   0.000  0.016
 8.889   0.000   0.698  0.016
 8.889   0.000   1.396  0.016
 8.889   0.000   2.094  0.016
 8.889   0.000   2.793  0.016
 8.889   0.000   3.491  0.016
 8.889   0.000   4.189  0.016
 8.889   0.000   4.887  0.016
 8.889   0.000   5.585  0.016
 8.889   0.000   6.283  0.016
10.000   0.000   0.000  0.010
10.000   0.000   0.698  0.010
10.000   0.000   1.396  0.010
10.000   0.000   2.094  0.010
10.000   0.000   2.793  0.010
10.000   0.000   3.491  0.010
10.000   0.000   4.189  0.010
10.000   0.000   4.887  0.010
10.000   0.000   5.585  0.010
10.000   0.000   6.283  0.010
 0.000   0.349   0.000  0.489
 0.000   0.349   0.698  0.489
 0.000   0.349   1.396  0.489
 0.000   0.349   2.094  0.489
 0.000   0.349   2.793  0.489
 0.000   0.349   3.491  0.489
 0.000   0.349   4.189  0.489
 0.000   0.349   4.887  0.489
 0.000   0.349   5.585  0.489
 0.000   0.349   6.283  0.489
 1.111   0.349   0.000  0.306
 1.111   0.349   0.698  0.306
 1.111   0.349   1.396  0.306
 1.111   0.349   2.094  0.306
 1.111   0.349   2.793  0.306
 1.111   0.349   3.491  0.306
 1.111   0.349   4.189  0.306
 1.111   0.349   4.887  0.306
 1.111   0.349   5.585  0.306
 1.111   0.349   6.283  0.306
 2.222   0.349   0.000  0.200
 2.222   0.349   0.698  0.200
 2.222   0.349   1.396  0.200
 2.222   0.349   2.094  0.200
 2.222   0.349   2.793  0.200
 2.222   0.349   3.491  0.200
 2.222   0.349   4.189  0.200
 2.222   0.349   4.887  0.200
 2.222   0.349   5.585  0.200
 2.222   0.349   6.283  0.200
 3.333   0.349   0.000  0.132
 3.333   0.349   0.698  0.132
 3.333   0.349   1.396  0.132
 3.333   0.349   2.094  0.132
 3.333   0.349   2.793  0.132
 3.333   0.349   3.491  0.132
 3.333   0.349   4.189  0.132
 3.333   0.349   4.887  0.132
 3.333   0.349   5.585  0.132
 3.333   0.349   6.283  0.132
 4.444   0.349   0.000  0.086
 4.444   0.349   0.698  0.086
 4.444   0.349   1.396  0.086
 4.444   0.349   2.094  0.086
 4.444   0.349   2.793  0.086
 4.444   0.349   3.491  0.086
 4.444   0.349   4.189  0.086
 4.444   0.349   4.887  0.086
 4.444   0.349   5.585  0.086
 4.444   0.349   6.283  0.086
 5.556   0.349   0.000  0.056
 5.556   0.349   0.698  0.056
 5.556   0.349   1.396  0.056
 5.556   0.349   2.094  0.056
 5.556   0.349   2.793  0.056
 5.556   0.349   3.491  0.056
 5.556   0.349   4.189  0.056
 5.556   0.349   4.887  0.056
 5.556   0.349   5.585  0.056
 5.556   0.349   6.283  0.056
 6.667   0.349   0.000  0.036
 6.667   0.349   0.698  0.036
 6.667   0.349   1.396  0.036
 6.667   0.349   2.094  0.036
 6.667   0.349   2.793  0.036
 6.667   0.349   3.491  0.036
 6.667   0.349   4.189  0.036
 6.667   0.349   4.887  0.036
 6.667   0.349   5.585  0.036
 6.667   0.349   6.283  0.036
 7.778   0.349   0.000  0.023
 7.778   0.349   0.698  0.023
 7.778   0.349   1.396  0.023
 7.778   0.349   2.094  0.023
 7.778   0.349   2.793  0.023
 7.778   0.349   3.491  0.023
 7.778   0.349   4.189  0.023
 7.778   0.349   4.887  0.023
 7.778   0.349   5.585  0.023
 7.778   0.349   6.283  0.023
 8.889   0.349   0.000  0.015
 8.889   0.349   0.698  0.015
 8.889   0.349   1.396  0.015
 8.889   0.349   2.094  0.015
 8.889   0.349   2.793  0.015
 8.889   0.349   3.491  0.015
 8.889   0.349   4.189  0.015
 8.889   0.349   4.887  0.015
 8.889   0.349   5.585  0.015
 8.889   0.349   6.283  0.015
10.000   0.349   0.000  0.009
10.000   0.349   0.698  0.009
10.000   0.349   1.396  0.009
10.000   0.349   2.094  0.009
10.000   0.349   2.793  0.009
10.000   0.349   3.491  0.009
10.000   0.349   4.189  0.009
10.000   0.349   4.887  0.009
10.000   0.349   5.585  0.009
10.000   0.349   6.283  0.009
 0.000   0.698   0.000  0.489
 0.000   0.698   0.698  0.489
 0.000   0.698   1.396  0.489
 0.000   0.698   2.094  0.489
 0.000   0.698   2.793  0.489
 0.000   0.698   3.491  0.489
 0.000   0.698   4.189  0.489
 0.000   0.698   4.887  0.489
 0.000   0.698   5.585  0.489
 0.000   0.698   6.283  0.489
 1.111   0.698   0.000  0.274
 1.111   0.698   0.698  0.274
 1.111   0.698   1.396  0.274
 1.111   0.698   2.094  0.274
 1.111   0.698   2.793  0.274
 1.111   0.698   3.491  0.274
 1.111   0.698   4.189  0.274
 1.111   0.698   4.887  0.274
 1.111   0.698   5.585  0.274
 1.111   0.698   6.283  0.274
 2.222   0.698   0.000  0.164
 2.222   0.698   0.698  0.164
 2.222   0.698   1.396  0.164
 2.222   0.698   2.094  0.164
 2.222   0.698   2.793  0.164
 2.222   0.698   3.491  0.164
 2.222   0.698   4.189  0.164
 2.222   0.698   4.887  0.164
 2.222   0.698   5.585  0.164
 2.222   0.698   6.283  0.164
 3.333   0.698   0.000  0.101
 3.333   0.698   0.698  0.101
 3.333   0.698   1.396  0.101
 3.333   0.698   2.094  0.101
 3.333   0.698   2.793  0.101
 3.333   0.698   3.491  0.101
 3.333   0.698   4.189  0.101
 3.333   0.698   4.887  0.101
 3.333   0.698   5.585  0.101
 3.333   0.698   6.283  0.101
 4.444   0.698   0.000  0.063
 4.444   0.698   0.698  0.063
 4.444   0.698   1.396  0.063
 4.444   0.698   2.094  0.063
 4.444   0.698   2.793  0.063
 4.444   0.698   3.491  0.063
 4.444   0.698   4.189  0.063
 4.444   0.698   4.887  0.063
 4.444   0.698   5.585  0.063
 4.444   0.698   6.283  0.063
 5.556   0.698   0.000  0.039
 5.556   0.698   0.698  0.039
 5.556   0.698   1.396  0.039
 5.556   0.698   2.094  0.039
 5.556   0.698   2.793  0.039
 5.556   0.698   3.491  0.039
 5.556   0.698   4.189  0.039
 5.556   0.698   4.887  0.039
 5.556   0.698   5.585  0.039
 5.556   0.698   6.283  0.039
 6.667   0.698   0.000  0.024
 6.667   0.698   0.698  0.024
 6.667   0.698   1.396  0.024
 6.667   0.698   2.094  0.024
 6.667   0.698   2.793  0.024
 6.667   0.698   3.491  0.024
 6.667   0.698   4.189  0.024
 6.667   0.698   4.887  0.024
 6.667   0.698   5.585  0.024
 6.667   0.698   6.283  0.024
 7.778   0.698   0.000  0.015
 7.778   0.698   0.698  0.015
 7.778   0.698   1.396  0.015
 7.778   0.698   2.094  0.015
 7.778   0.698   2.793  0.015
 7.778   0.698   3.491  0.015
 7.778   0.698   4.189  0.015
 7.778   0.698   4.887  0.015
 7.778   0.698   5.585  0.015
 7.778   0.698   6.283  0.015
 8.889   0.698   0.000  0.009
 8.889   0.698   0.698  0.009
 8.889   0.698   1.396  0.009
 8.889   0.698   2.094  0.009
 8.889   0.698   2.793  0.009
 8.889   0.698   3.491  0.009
 8.889   0.698   4.189  0.009
 8.889   0.698   4.887  0.009
 8.889   0.698   5.585  0.009
 8.889   0.698   6.283  0.009
10.000   0.698   0.000  0.006
10.000   0.698   0.698  0.006
10.000   0.698   1.396  0.006
10.000   0.698   2.094  0.006
10.000   0.698   2.793  0.006
10.000   0.698   3.491  0.006
10.000   0.698   4.189  0.006
10.000   0.698   4.887  0.006
10.000   0.698   5.585  0.006
10.000   0.698   6.283  0.006
 0.000   1.047   0.000  0.489
 0.000   1.047   0.698  0.489
 0.000   1.047   1.396  0.489
 0.000   1.047   2.094  0.489
 0.000   1.047   2.793  0.489
 0.000   1.047   3.491  0.489
 0.000   1.047   4.189  0.489
 0.000   1.047   4.887  0.489
 0.000   1.047   5.585  0.489
 0.000   1.047   6.283  0.489
 1.111   1.047   0.000  0.227
 1.111   1.047   0.698  0.227
 1.111   1.047   1.396  0.227
 1.111   1.047   2.094  0.227
 1.111   1.047   2.793  0.227
 1.111   1.047   3.491  0.227
 1.111   1.047   4.189  0.227
 1.111   1.047   4.887  0.227
 1.111   1.047   5.585  0.227
 1.111   1.047   6.283  0.227
 2.222   1.047   0.000  0.109
 2.222   1.047   0.698  0.109
 2.222   1.047   1.396  0.109
 2.222   1.047   2.094  0.109
 2.222   1.047   2.793  0.109
 2.222   1.047   3.491  0.109
 2.222   1.047   4.189  0.109
 2.222   1.047   4.887  0.109
 2.222   1.047   5.585  0.109
 2.222   1.047   6.283  0.109
 3.333   1.047   0.000  0.054
 3.333   1.047   0.698  0.054
 3.333   1.047   1.396  0.054
 3.333   1.047   2.094  0.054
 3.333   1.047   2.793  0.054
 3.333   1.047   3.491  0.054
 3.333   1.047   4.189  0.054
 3.333   1.047   4.887  0.054
 3.333   1.047   5.585  0.054
 3.333   1.047   6.283  0.054
 4.444   1.047   0.000  0.027
 4.444   1.047   0.698  0.027
 4.444   1.047   1.396  0.027
 4.444   1.047   2.094  0.027
 4.444   1.047   2.793  0.027
 4.444   1.047   3.491  0.027
 4.444   1.047   4.189  0.027
 4.444   1.047   4.887  0.027
 4.444   1.047   5.585  0.027
 4.444   1.047   6.283  0.027
 5.556   1.047   0.000  0.013
 5.556   1.047   0.698  0.013
 5.556   1.047   1.396  0.013
 5.556   1.047   2.094  0.013
 5.556   1.047   2.793  0.013
 5.556   1.047   3.491  0.013
 5.556   1.047   4.189  0.013
 5.556   1.047   4.887  0.013
 5.556   1.047   5.585  0.013
 5.556   1.047   6.283  0.013
 6.667   1.047   0.000  0.007
 6.667   1.047   0.698  0.007
 6.667   1.047   1.396  0.007
 6.667   1.047   2.094  0.007
 6.667   1.047   2.793  0.007
 6.667   1.047   3.491  0.007
 6.667   1.047   4.189  0.007
 6.667   1.047   4.887  0.007
 6.667   1.047   5.585  0.007
 6.667   1.047   6.283  0.007
 7.778   1.047   0.000  0.003
 7.778   1.047   0.698  0.003
 7.778   1.047   1.396  0.003
 7.778   1.047   2.094  0.003
 7.778   1.047   2.793  0.003
 7.778   1.047   3.491  0.003
 7.778   1.047   4.189  0.003
 7.778   1.047   4.887  0.003
 7.778   1.047   5.585  0.003
 7.778   1.047   6.283  0.003
 8.889   1.047   0.000  0.002
 8.889   1.047   0.698  0.002
 8.889   1.047   1.396  0.002
 8.889   1.047   2.094  0.002
 8.889   1.047   2.793  0.002
 8.889   1.047   3.491  0.002
 8.889   1.047   4.189  0.002
 8.889   1.047   4.887  0.002
 8.889   1.047   5.585  0.002
 8.889   1.047   6.283  0.002
10.000   1.047   0.000  0.001
10.000   1.047   0.698  0.001
10.000   1.047   1.396  0.001
10.000   1.047   2.094  0.001
10.000   1.047   2.793  0.001
10.000   1.047   3.491  0.001
10.000   1.047   4.189  0.001
10.000   1.047   4.887  0.001
10.000   1.047   5.585  0.001
10.000   1.047   6.283  0.001
 0.000   1.396   0.000  0.489
 0.000   1.396   0.698  0.489
 0.000   1.396   1.396  0.489
 0.000   1.396   2.094  0.489
 0.000   1.396   2.793  0.489
 0.000   1.396   3.491  0.489
 0.000   1.396   4.189  0.489
 0.000   1.396   4.887  0.489
 0.000   1.396   5.585  0.489
 0.000   1.396   6.283  0.489
 1.111   1.396   0.000  0.168
 1.111   1.396   0.698  0.168
 1.111   1.396   1.396  0.168
 1.111   1.396   2.094  0.168
 1.111   1.396   2.793  0.168
 1.111   1.396   3.491  0.168
 1.111   1.396   4.189  0.168
 1.111   1.396   4.887  0.168
 1.111   1.396   5.585  0.168
 1.111   1.396   6.283  0.168
 2.222   1.396   0.000  0.042
 2.222   1.396   0.698  0.042
 2.222   1.396   1.396  0.042
 2.222   1.396   2.094  0.042
 2.222   1.396   2.793  0.042
 2.222   1.396   3.491  0.042
 2.222   1.396   4.189  0.042
 2.222   1.396   4.887  0.042
 2.222   1.396   5.585  0.042
 2.222   1.396   6.283  0.042
 3.333   1.396   0.000 -0.004
 3.333   1.396   0.698 -0.004
 3.333   1.396   1.396 -0.004
 3.333   1.396   2.094 -0.004
 3.333   1.396   2.793 -0.004
 3.333   1.396   3.491 -0.004
 3.333   1.396   4.189 -0.004
 3.333   1.396   4.887 -0.004
 3.333   1.396   5.585 -0.004
 3.333   1.396   6.283 -0.004
 4.444   1.396   0.000 -0.018
 4.444   1.396   0.698 -0.018
 4.444   1.396   1.396 -0.018
 4.444   1.396   2.094 -0.018
 4.444   1.396   2.793 -0.018
 4.444   1.396   3.491 -0.018
 4.444   1.396   4.189 -0.018
 4.444   1.396   4.887 -0.018
 4.444   1.396   5.585 -0.018
 4.444   1.396   6.283 -0.018
 5.556   1.396   0.000 -0.018
 5.556   1.396   0.698 -0.018
 5.556   1.396   1.396 -0.018
 5.556   1.396   2.094 -0.018
 5.556   1.396   2.793 -0.018
 5.556   1.396   3.491 -0.018
 5.556   1.396   4.189 -0.018
 5.556   1.396   4.887 -0.018
 5.556   1.396   5.585 -0.018
 5.556   1.396   6.283 -0.018
 6.667   1.396   0.000 -0.015
 6.667   1.396   0.698 -0.015
 6.667   1.396   1.396 -0.015
 6.667   1.396   2.094 -0.015
 6.667   1.396   2.793 -0.015
 6.667   1.396   3.491 -0.015
 6.667   1.396   4.189 -0.015
 6.667   1.396   4.887 -0.015
 6.667   1.396   5.585 -0.015
 6.667   1.396   6.283 -0.015
 7.778   1.396   0.000 -0.011
 7.778   1.396   0.698 -0.011
 7.778   1.396   1.396 -0.011
 7.778   1.396   2.094 -0.011
 7.778   1.396   2.793 -0.011
 7.778   1.396   3.491 -0.011
 7.778   1.396   4.189 -0.011
 7.778   1.396   4.887 -0.011
 7.778   1.396   5.585 -0.011
 7.778   1.396   6.283 -0.011
 8.889   1.396   0.000 -0.008
 8.889   1.396   0.698 -0.008
 8.889   1.396   1.396 -0.008
 8.889   1.396   2.094 -0.008
 8.889   1.396   2.793 -0.008
 8.889   1.396   3.491 -0.008
 8.889   1.396   4.189 -0.008
 8.889   1.396   4.887 -0.008
 8.889   1.396   5.585 -0.008
 8.889   1.396   6.283 -0.008
10.000   1.396   0.000 -0.005
10.000   1.396   0.698 -0.005
10.000   1.396   1.396 -0.005
10.000   1.396   2.094 -0.005
10.000   1.396   2.793 -0.005
10.000   1.396   3.491 -0.005
10.000   1.396   4.189 -0.005
10.000   1.396   4.887 -0.005
10.000   1.396   5.585 -0.005
10.000   1.396   6.283 -0.005
 0.000   1.745   0.000  0.489
 0.000   1.745   0.698  0.489
 0.000   1.745   1.396  0.489
 0.000   1.745   2.094  0.489
 0.000   1.745   2.793  0.489
 0.000   1.745   3.491  0.489
 0.000   1.745   4.189  0.489
 0.000   1.745   4.887  0.489
 0.000   1.745   5.585  0.489
 0.000   1.745   6.283  0.489
 1.111   1.745   0.000  0.105
 1.111   1.745   0.698  0.105
 1.111   1.745   1.396  0.105
 1.111   1.745   2.094  0.105
 1.111   1.745   2.793  0.105
 1.111   1.745   3.491  0.105
 1.111   1.745   4.189  0.105
 1.111   1.745   4.887  0.105
 1.111   1.745   5.585  0.105
 1.111   1.745   6.283  0.105
 2.222   1.745   0.000 -0.030
 2.222   1.745   0.698 -0.030
 2.222   1.745   1.396 -0.030
 2.222   1.745   2.094 -0.030
 2.222   1.745   2.793 -0.030
 2.222   1.745   3.491 -0.030
 2.222   1.745   4.189 -0.030
 2.222   1.745   4.887 -0.030
 2.222   1.745   5.585 -0.030
 2.222   1.745   6.283 -0.030
 3.333   1.745   0.000 -0.066
 3.333   1.745   0.698 -0.066
 3.333   1.745   1.396 -0.066
 3.333   1.745   2.094 -0.066
 3.333   1.745   2.793 -0.066
 3.333   1.745   3.491 -0.066
 3.333   1.745   4.189 -0.066
 3.333   1.745   4.887 -0.066
 3.333   1.745   5.585 -0.066
 3.333   1.745   6.283 -0.066
 4.444   1.745   0.000 -0.065
 4.444   1.745   0.698 -0.065
 4.444   1.745   1.396 -0.065
 4.444   1.745   2.094 -0.065
 4.444   1.745   2.793 -0.065
 4.444   1.745   3.491 -0.065
 4.444   1.745   4.189 -0.065
 4.444   1.745   4.887 -0.065
 4.444   1.745   5.585 -0.065
 4.444   1.745   6.283 -0.065
 5.556   1.745   0.000 -0.052
 5.556   1.745   0.698 -0.052
 5.556   1.745   1.396 -0.052
 5.556   1.745   2.094 -0.052
 5.556   1.745   2.793 -0.052
 5.556   1.745   3.491 -0.052
 5.556   1.745   4.189 -0.052
 5.556   1.745   4.887 -0.052
 5.556   1.745   5.585 -0.052
 5.556   1.745   6.283 -0.052
 6.667   1.745   0.000 -0.039
 6.667   1.745   0.698 -0.039
 6.667   1.745   1.396 -0.039
 6.667   1.745   2.094 -0.039
 6.667   1.745   2.793 -0.039
 6.667   1.745   3.491 -0.039
 6.667   1.745   4.189 -0.039
 6.667   1.745   4.887 -0.039
 6.667   1.745   5.585 -0.039
 6.667   1.745   6.283 -0.039
 7.778   1.745   0.000 -0.027
 7.778   1.745   0.698 -0.027
 7.778   1.745   1.396 -0.027
 7.778   1.745   2.094 -0.027
 7.778   1.745   2.793 -0.027
 7.778   1.745   3.491 -0.027
 7.778   1.745   4.189 -0.027
 7.778   1.745   4.887 -0.027
 7.778   1.745   5.585 -0.027
 7.778   1.745   6.283 -0.027
 8.889   1.745   0.000 -0.018
 8.889   1.745   0.698 -0.018
 8.889   1.745   1.396 -0.018
 8.889   1.745   2.094 -0.018
 8.889   1.745   2.793 -0.018
 8.889   1.745   3.491 -0.018
 8.889   1.745   4.189 -0.018
 8.889   1.745   4.887 -0.018
 8.889   1.745   5.585 -0.018
 8.889   1.745   6.283 -0.018
10.000   1.745   0.000 -0.012
10.000   1.745   0.698 -0.012
10.000   1.745   1.396 -0.012
10.000   1.745   2.094 -0.012
10.000   1.745   2.793 -0.012
10.000   1.745   3.491 -0.012
10.000   1.745   4.189 -0.012
10.000   1.745   4.887 -0.012
10.000   1.745   5.585 -0.012
10.000   1.745   6.283 -0.012
 0.000   2.094   0.000  0.489
 0.000   2.094   0.698  0.489
 0.000   2.094   1.396  0.489
 0.000   2.094   2.094  0.489
 0.000   2.094   2.793  0.489
 0.000   2.094   3.491  0.489
 0.000   2.094   4.189  0.489
 0.000   2.094   4.887  0.489
 0.000   2.094   5.585  0.489
 0.000   2.094   6.283  0.489
 1.111   2.094   0.000  0.047
 1.111   2.094   0.698  0.047
 1.111   2.094   1.396  0.047
 1.111   2.094   2.094  0.047
 1.111   2.094   2.793  0.047
 1.111   2.094   3.491  0.047
 1.111   2.094   4.189  0.047
 1.111   2.094   4.887  0.047
 1.111   2.094   5.585  0.047
 1.111   2.094   6.283  0.047
 2.222   2.094   0.000 -0.097
 2.222   2.094   0.698 -0.097
 2.222   2.094   1.396 -0.097
 2.222   2.094   2.094 -0.097
 2.222   2.094   2.793 -0.097
 2.222   2.094   3.491 -0.097
 2.222   2.094   4.189 -0.097
 2.222   2.094   4.887 -0.097
 2.222   2.094   5.585 -0.097
 2.222   2.094   6.283 -0.097
 3.333   2.094   0.000 -0.124
 3.333   2.094   0.698 -0.124
 3.333   2.094   1.396 -0.124
 3.333   2.094   2.094 -0.124
 3.333   2.094   2.793 -0.124
 3.333   2.094   3.491 -0.124
 3.333   2.094   4.189 -0.124
 3.333   2.094   4.887 -0.124
 3.333   2.094   5.585 -0.124
 3.333   2.094   6.283 -0.124
 4.444   2.094   0.000 -0.109
 4.444   2.094   0.698 -0.109
 4.444   2.094   1.396 -0.109
 4.444   2.094   2.094 -0.109
 4.444   2.094   2.793 -0.109
 4.444   2.094   3.491 -0.109
 4.444   2.094   4.189 -0.109
 4.444   2.094   4.887 -0.109
 4.444   2.094   5.585 -0.109
 4.444   2.094   6.283 -0.109
 5.556   2.094   0.000 -0.084
 5.556   2.094   0.698 -0.084
 5.556   2.094   1.396 -0.084
 5.556   2.094   2.094 -0.084
 5.556   2.094   2.793 -0.084
 5.556   2.094   3.491 -0.084
 5.556   2.094   4.189 -0.084
 5.556   2.094   4.887 -0.084
 5.556   2.094   5.585 -0.084
 5.556   2.094   6.283 -0.084
 6.667   2.094   0.000 -0.060
 6.667   2.094   0.698 -0.060
 6.667   2.094   1.396 -0.060
 6.667   2.094   2.094 -0.060
 6.667   2.094   2.793 -0.060
 6.667   2.094   3.491 -0.060
 6.667   2.094   4.189 -0.060
 6.667   2.094   4.887 -0.060
 6.667   2.094   5.585 -0.060
 6.667   2.094   6.283 -0.060
 7.778   2.094   0.000 -0.042
 7.778   2.094   0.698 -0.042
 7.778   2.094   1.396 -0.042
 7.778   2.094   2.094 -0.042
 7.778   2.094   2.793 -0.042
 7.778   2.094   3.491 -0.042
 7.778   2.094   4.189 -0.042
 7.778   2.094   4.887 -0.042
 7.778   2.094   5.585 -0.042
 7.778   2.094   6.283 -0.042
 8.889   2.094   0.000 -0.028
 8.889   2.094   0.698 -0.028
 8.889   2.094   1.396 -0.028
 8.889   2.094   2.094 -0.028
 8.889   2.094   2.793 -0.028
 8.889   2.094   3.491 -0.028
 8.889   2.094   4.189 -0.028
 8.889   2.094   4.887 -0.028
 8.889   2.094   5.585 -0.028
 8.889   2.094   6.283 -0.028
10.000   2.094   0.000 -0.018
10.000   2.094   0.698 -0.018
10.000   2.094   1.396 -0.018
10.000   2.094   2.094 -0.018
10.000   2.094   2.793 -0.018
10.000   2.094   3.491 -0.018
10.000   2.094   4.189 -0.018
10.000   2.094   4.887 -0.018
10.000   2.094   5.585 -0.018
10.000   2.094   6.283 -0.018
 0.000   2.443   0.000  0.489
 0.000   2.443   0.698  0.489
 0.000   2.443   1.396  0.489
 0.000   2.443   2.094  0.489
 0.000   2.443   2.793  0.489
 0.000   2.443   3.491  0.489
 0.000   2.443   4.189  0.489
 0.000   2.443   4.887  0.489
 0.000   2.443   5.585  0.489
 0.000   2.443   6.283  0.489
 1.111   2.443   0.000 -0.001
 1.111   2.443   0.698 -0.001
 1.111   2.443   1.396 -0.001
 1.111   2.443   2.094 -0.001
 1.111   2.443   2.793 -0.001
 1.111   2.443   3.491 -0.001
 1.111   2.443   4.189 -0.001
 1.111   2.443   4.887 -0.001
 1.111   2.443   5.585 -0.001
 1.111   2.443   6.283 -0.001
 2.222   2.443   0.000 -0.152
 2.222   2.443   0.698 -0.152
 2.222   2.443   1.396 -0.152
 2.222   2.443   2.094 -0.152
 2.222   2.443   2.793 -0.152
 2.222   2.443   3.491 -0.152
 2.222   2.443   4.189 -0.152
 2.222   2.443   4.887 -0.152
 2.222   2.443   5.585 -0.152
 2.222   2.443   6.283 -0.152
 3.333   2.443   0.000 -0.171
 3.333   2.443   0.698 -0.171
 3.333   2.443   1.396 -0.171
 3.333   2.443   2.094 -0.171
 3.333   2.443   2.793 -0.171
 3.333   2.443   3.491 -0.171
 3.333   2.443   4.189 -0.171
 3.333   2.443   4.887 -0.171
 3.333   2.443   5.585 -0.171
 3.333   2.443   6.283 -0.171
 4.444   2.443   0.000 -0.145
 4.444   2.443   0.698 -0.145
 4.444   2.443   1.396 -0.145
 4.444   2.443   2.094 -0.145
 4.444   2.443   2.793 -0.145
 4.444   2.443   3.491 -0.145
 4.444   2.443   4.189 -0.145
 4.444   2.443   4.887 -0.145
 4.444   2.443   5.585 -0.145
 4.444   2.443   6.283 -0.145
 5.556   2.443   0.000 -0.110
 5.556   2.443   0.698 -0.110
 5.556   2.443   1.396 -0.110
 5.556   2.443   2.094 -0.110
 5.556   2.443   2.793 -0.110
 5.556   2.443   3.491 -0.110
 5.556   2.443   4.189 -0.110
 5.556   2.443   4.887 -0.110
 5.556   2.443   5.585 -0.110
 5.556   2.443   6.283 -0.110
 6.667   2.443   0.000 -0.078
 6.667   2.443   0.698 -0.078
 6.667   2.443   1.396 -0.078
 6.667   2.443   2.094 -0.078
 6.667   2.443   2.793 -0.078
 6.667   2.443   3.491 -0.078
 6.667   2.443   4.189 -0.078
 6.667   2.443   4.887 -0.078
 6.667   2.443   5.585 -0.078
 6.667   2.443   6.283 -0.078
 7.778   2.443   0.000 -0.054
 7.778   2.443   0.698 -0.054
 7.778   2.443   1.396 -0.054
 7.778   2.443   2.094 -0.054
 7.778   2.443   2.793 -0.054
 7.778   2.443   3.491 -0.054
 7.778   2.443   4.189 -0.054
 7.778   2.443   4.887 -0.054
 7.778   2.443   5.585 -0.054
 7.778   2.443   6.283 -0.054
 8.889   2.443   0.000 -0.036
 8.889   2.443   0.698 -0.036
 8.889   2.443   1.396 -0.036
 8.889   2.443   2.094 -0.036
 8.889   2.443   2.793 -0.036
 8.889   2.443   3.491 -0.036
 8.889   2.443   4.189 -0.036
 8.889   2.443   4.887 -0.036
 8.889   2.443   5.585 -0.036
 8.889   2.443   6.283 -0.036
10.000   2.443   0.000 -0.023
10.000   2.443   0.698 -0.023
10.000   2.443   1.396 -0.023
10.000   2.443   2.094 -0.023
10.000   2.443   2.793 -0.023
10.000   2.443   3.491 -0.023
10.000   2.443   4.189 -0.023
10.000   2.443   4.887 -0.023
10.000   2.443   5.585 -0.023
10.000   2.443   6.283 -0.023
 0.000   2.793   0.000  0.489
 0.000   2.793   0.698  0.489
 0.000   2.793   1.396  0.489
 0.000   2.793   2.094  0.489
 0.000   2.793   2.793  0.489
 0.000   2.793   3.491  0.489
 0.000   2.793   4.189  0.489
 0.000   2.793   4.887  0.489
 0.000   2.793   5.585  0.489
 0.000   2.793   6.283  0.489
 1.111   2.793   0.000 -0.032
 1.111   2.793   0.698 -0.032
 1.111   2.793   1.396 -0.032
 1.111   2.793   2.094 -0.032
 1.111   2.793   2.793 -0.032
 1.111   2.793   3.491 -0.032
 1.111   2.793   4.189 -0.032
 1.111   2.793   4.887 -0.032
 1.111   2.793   5.585 -0.032
 1.111   2.793   6.283 -0.032
 2.222   2.793   0.000 -0.188
 2.222   2.793   0.698 -0.188
 2.222   2.793   1.396 -0.188
 2.222   2.793   2.094 -0.188
 2.222   2.793   2.793 -0.188
 2.222   2.793   3.491 -0.188
 2.222   2.793   4.189 -0.188
 2.222   2.793   4.887 -0.188
 2.222   2.793   5.585 -0.188
 2.222   2.793   6.283 -0.188
 3.333   2.793   0.000 -0.202
 3.333   2.793   0.698 -0.202
 3.333   2.793   1.396 -0.202
 3.333   2.793   2.094 -0.202
 3.333   2.793   2.793 -0.202
 3.333   2.793   3.491 -0.202
 3.333   2.793   4.189 -0.202
 3.333   2.793   4.887 -0.202
 3.333   2.793   5.585 -0.202
 3.333   2.793   6.283 -0.202
 4.444   2.793   0.000 -0.169
 4.444   2.793   0.698 -0.169
 4.444   2.793   1.396 -0.169
 4.444   2.793   2.094 -0.169
 4.444   2.793   2.793 -0.169
 4.444   2.793   3.491 -0.169
 4.444   2.793   4.189 -0.169
 4.444   2.793   4.887 -0.169
 4.444   2.793   5.585 -0.169
 4.444   2.793   6.283 -0.169
 5.556   2.793   0.000 -0.127
 5.556   2.793   0.698 -0.127
 5.556   2.793   1.396 -0.127
 5.556   2.793   2.094 -0.127
 5.556   2.793   2.793 -0.127
 5.556   2.793   3.491 -0.127
 5.556   2.793   4.189 -0.127
 5.556   2.793   4.887 -0.127
 5.556   2.793   5.585 -0.127
 5.556   2.793   6.283 -0.127
 6.667   2.793   0.000 -0.090
 6.667   2.793   0.698 -0.090
 6.667   2.793   1.396 -0.090
 6.667   2.793   2.094 -0.090
 6.667   2.793   2.793 -0.090
 6.667   2.793   3.491 -0.090
 6.667   2.793   4.189 -0.090
 6.667   2.793   4.887 -0.090
 6.667   2.793   5.585 -0.090
 6.667   2.793   6.283 -0.090
 7.778   2.793   0.000 -0.061
 7.778   2.793   0.698 -0.061
 7.778   2.793   1.396 -0.061
 7.778   2.793   2.094 -0.061
 7.778   2.793   2.793 -0.061
 7.778   2.793   3.491 -0.061
 7.778   2.793   4.189 -0.061
 7.778   2.793   4.887 -0.061
 7.778   2.793   5.585 -0.061
 7.778   2.793   6.283 -0.061
 8.889   2.793   0.000 -0.041
 8.889   2.793   0.698 -0.041
 8.889   2.793   1.396 -0.041
 8.889   2.793   2.094 -0.041
 8.889   2.793   2.793 -0.041
 8.889   2.793   3.491 -0.041
 8.889   2.793   4.189 -0.041
 8.889   2.793   4.887 -0.041
 8.889   2.793   5.585 -0.041
 8.889   2.793   6.283 -0.041
10.000   2.793   0.000 -0.027
10.000   2.793   0.698 -0.027
10.000   2.793   1.396 -0.027
10.000   2.793   2.094 -0.027
10.000   2.793   2.793 -0.027
10.000   2.793   3.491 -0.027
10.000   2.793   4.189 -0.027
10.000   2.793   4.887 -0.027
10.000   2.793   5.585 -0.027
10.000   2.793   6.283 -0.027
 0.000   3.142   0.000  0.489
 0.000   3.142   0.698  0.489
 0.000   3.142   1.396  0.489
 0.000   3.142   2.094  0.489
 0.000   3.142   2.793  0.489
 0.000   3.142   3.491  0.489
 0.000   3.142   4.189  0.489
 0.000   3.142   4.887  0.489
 0.000   3.142   5.585  0.489
 0.000   3.142   6.283  0.489
 1.111   3.142   0.000 -0.043
 1.111   3.142   0.698 -0.043
 1.111   3.142   1.396 -0.043
 1.111   3.142   2.094 -0.043
 1.111   3.142   2.793 -0.043
 1.111   3.142   3.491 -0.043
 1.111   3.142   4.189 -0.043
 1.111   3.142   4.887 -0.043
 1.111   3.142   5.585 -0.043
 1.111   3.142   6.283 -0.043
 2.222   3.142   0.000 -0.201
 2.222   3.142   0.698 -0.201
 2.222   3.142   1.396 -0.201
 2.222   3.142   2.094 -0.201
 2.222   3.142   2.793 -0.201
 2.222   3.142   3.491 -0.201
 2.222   3.142   4.189 -0.201
 2.222   3.142   4.887 -0.201
 2.222   3.142   5.585 -0.201
 2.222   3.142   6.283 -0.201
 3.333   3.142   0.000 -0.213
 3.333   3.142   0.698 -0.213
 3.333   3.142   1.396 -0.213
 3.333   3.142   2.094 -0.213
 3.333   3.142   2.793 -0.213
 3.333   3.142   3.491 -0.213
 3.333   3.142   4.189 -0.213
 3.333   3.142   4.887 -0.213
 3.333   3.142   5.585 -0.213
 3.333   3.142   6.283 -0.213
 4.444   3.142   0.000 -0.177
 4.444   3.142   0.698 -0.177
 4.444   3.142   1.396 -0.177
 4.444   3.142   2.094 -0.177
 4.444   3.142   2.793 -0.177
 4.444   3.142   3.491 -0.177
 4.444   3.142   4.189 -0.177
 4.444   3.142   4.887 -0.177
 4.444   3.142   5.585 -0.177
 4.444   3.142   6.283 -0.177
 5.556   3.142   0.000 -0.133
 5.556   3.142   0.698 -0.133
 5.556   3.142   1.396 -0.133
 5.556   3.142   2.094 -0.133
 5.556   3.142   2.793 -0.133
 5.556   3.142   3.491 -0.133
 5.556   3.142   4.189 -0.133
 5.556   3.142   4.887 -0.133
 5.556   3.142   5.585 -0.133
 5.556   3.142   6.283 -0.133
 6.667   3.142   0.000 -0.094
 6.667   3.142   0.698 -0.094
 6.667   3.142   1.396 -0.094
 6.667   3.142   2.094 -0.094
 6.667   3.142   2.793 -0.094
 6.667   3.142   3.491 -0.094
 6.667   3.142   4.189 -0.094
 6.667   3.142   4.887 -0.094
 6.667   3.142   5.585 -0.094
 6.667   3.142   6.283 -0.094
 7.778   3.142   0.000 -0.064
 7.778   3.142   0.698 -0.064
 7.778   3.142   1.396 -0.064
 7.778   3.142   2.094 -0.064
 7.778   3.142   2.793 -0.064
 7.778   3.142   3.491 -0.064
 7.778   3.142   4.189 -0.064
 7.778   3.142   4.887 -0.064
 7.778   3.142   5.585 -0.064
 7.778   3.142   6.283 -0.064
 8.889   3.142   0.000 -0.043
 8.889   3.142   0.698 -0.043
 8.889   3.142   1.396 -0.043
 8.889   3.142   2.094 -0.043
 8.889   3.142   2.793 -0.043
 8.889   3.142   3.491 -0.043
 8.889   3.142   4.189 -0.043
 8.889   3.142   4.887 -0.043
 8.889   3.142   5.585 -0.043
 8.889   3.142   6.283 -0.043
10.000   3.142   0.000 -0.028
10.000   3.142   0.698 -0.028
10.000   3.142   1.396 -0.028
10.000   3.142   2.094 -0.028
10.000   3.142   2.793 -0.028
10.000   3.142   3.491 -0.028
10.000   3.142   4.189 -0.028
10.000   3.142   4.887 -0.028
10.000   3.142   5.585 -0.028
10.000   3.142   6.283 -0.028
