#L=6 M=6
#R     Re(V)   Im(V)

0.08046609183  -4.818026555e-10  -3.727325671e-13
0.2612261349  -5.643084514e-07  -4.68043878e-10
0.5220750502  -3.601713973e-05  -2.999537251e-08
0.8347210423  -0.0006035778423  -5.069292143e-07
1.165278958  -0.004487630589  -3.818982783e-06
1.47792495  -0.01876994881  -1.623862407e-05
1.738773865  -0.04997644253  -4.396889568e-05
1.919533908  -0.09069524498  -8.086225708e-05
2  -0.1158052066  -0.0001051602177
2.080466092  -0.08795967017  -0.000133054202
2.261226135  -0.04880534625  -0.0002232390208
2.52207505  -0.02244164457  -0.0004413542234
2.834721042  -0.009679382865  -0.0009196184701
3.165278958  -0.0043201948  -0.001846002993
3.47792495  -0.002138535961  -0.003354299723
3.738773865  -0.00123148628  -0.005307215793
3.919533908  -0.0008528609114  -0.007156914233
4  -0.0007266695575  -0.008137503871
4.080466092  -0.0006203281156  -0.007003717792
4.261226135  -0.0004374892599  -0.005028308242
4.52207505  -0.0002677139303  -0.003153873592
4.834721042  -0.0001508020431  -0.001827852022
5.165278958  -8.304019312e-05  -0.001036849695
5.47792495  -4.731638794e-05  -0.0006081542832
5.738773865  -2.944002276e-05  -0.0003884071224
5.919533908  -2.105057525e-05  -0.0002833547097
6  -1.808270375e-05  -0.0002457782903
6.080466092  -1.550064223e-05  -0.0002128674432
6.261226135  -1.085825421e-05  -0.0001530587704
6.52207505  -6.270210392e-06  -9.282403302e-05
6.834721042  -2.931733632e-06  -4.780351441e-05
7.165278958  -9.522585277e-07  -2.01450515e-05
7.47792495  6.073829419e-08  -5.318344768e-06
7.738773865  5.23329449e-07  1.872634744e-06
7.919533908  7.122156678e-07  5.028686824e-06
8  7.709160802e-07  6.074492055e-06
8.080466092  8.1688929e-07  6.937716664e-06
8.261226135  8.823289305e-07  8.326139211e-06
8.52207505  9.095878946e-07  9.327118692e-06
8.834721042  8.781832097e-07  9.524711213e-06
9.165278958  8.058938009e-07  9.066686254e-06
9.47792495  7.225064565e-07  8.323277585e-06
9.738773865  6.506516847e-07  7.607783169e-06
9.919533908  6.019511839e-07  7.098340014e-06
10  5.808251634e-07  6.872514139e-06
10.08046609  5.601139976e-07  6.648624551e-06
10.26122613  5.152912855e-07  6.156463364e-06
10.52207505  4.552125068e-07  5.48246977e-06
10.83472104  3.907873909e-07  4.744073868e-06
11.16527896  3.31548431e-07  4.052637997e-06
11.47792495  2.833519693e-07  3.482114081e-06
11.73877387  2.484197571e-07  3.064417087e-06
11.91953391  2.267646451e-07  2.803778227e-06
12  2.177481348e-07  2.694879942e-06
12.08046609  2.09096405e-07  2.590181344e-06
12.26122613  1.909228637e-07  2.369602973e-06
12.52207505  1.675309232e-07  2.08439863e-06
12.83472104  1.433909939e-07  1.78856693e-06
13.16527896  1.218308498e-07  1.523061984e-06
13.47792495  1.046101186e-07  1.310122794e-06
13.73877387  9.225001217e-08  1.156808026e-06
13.91953391  8.461963693e-08  1.061960664e-06
14  8.144678661e-08  1.022476313e-06
14.08046609  7.840353632e-08  9.845798534e-07
14.26122613  7.201148381e-08  9.049025105e-07
14.52207505  6.377425508e-08  8.020658551e-07
14.83472104  5.524254184e-08  6.953636423e-07
15.16527896  4.757351585e-08  5.99286451e-07
15.47792495  4.139644334e-08  5.217876223e-07
15.73877387  3.692367858e-08  4.656089118e-07
15.91953391  3.414176263e-08  4.306412618e-07
16  3.297958793e-08  4.160272203e-07
16.08046609  3.186161456e-08  4.019657117e-07
16.26122613  2.950204714e-08  3.722773043e-07
16.52207505  2.643555791e-08  3.33673136e-07
16.83472104  2.322300361e-08  2.932048438e-07
17.16527896  2.0296766e-08  2.563211813e-07
17.47792495  1.790752406e-08  2.261908495e-07
17.73877387  1.615602968e-08  2.040946014e-07
17.91953391  1.505617264e-08  1.902156298e-07
18  1.459407549e-08  1.843836764e-07
18.08046609  1.414800462e-08  1.787535409e-07
18.26122613  1.320125003e-08  1.668025428e-07
18.52207505  1.195914191e-08  1.511203896e-07
18.83472104  1.064179993e-08  1.344849368e-07
19.16527896  9.425326735e-09  1.191202543e-07
19.47792495  8.418523115e-09  1.064017349e-07
19.73877387  7.671577809e-09  9.696474519e-08
19.91953391  7.198237284e-09  9.098402552e-08
20  6.998300638e-09  8.845769099e-08
20.08046609  6.804670043e-09  8.601097751e-08
20.26122613  6.391559059e-09  8.079071962e-08
20.52207505  5.844828664e-09  7.38815958e-08
20.83472104  5.258476573e-09  6.647129777e-08
21.16527896  4.710324582e-09  5.954336213e-08
21.47792495  4.251152523e-09  5.373973635e-08
21.73877387  3.906887747e-09  4.938830505e-08
21.91953391  3.686980871e-09  4.660866476e-08
22  3.593659675e-09  4.542906273e-08
22.08046609  3.503026069e-09  4.428342433e-08
22.26122613  3.308783502e-09  4.182810862e-08
22.52207505  3.049766434e-09  3.85539603e-08
22.83472104  2.769291059e-09  3.500850112e-08
23.16527896  2.504303335e-09  3.165876407e-08
23.47792495  2.280027261e-09  2.882362889e-08
23.73877387  2.110355807e-09  2.667874444e-08
23.91953391  2.001234673e-09  2.529929183e-08
24  1.954743011e-09  2.471156643e-08
24.08046609  1.909481328e-09  2.413938875e-08
24.26122613  1.812103606e-09  2.290838015e-08
24.52207505  1.68141506e-09  2.125626283e-08
24.83472104  1.538734079e-09  1.945253285e-08
25.16527896  1.402713383e-09  1.773299266e-08
25.47792495  1.286573942e-09  1.626478122e-08
25.73877387  1.198034877e-09  1.514548531e-08
25.91953391  1.140761615e-09  1.442144519e-08
26  1.116277288e-09  1.411191768e-08
26.08046609  1.092391666e-09  1.380995876e-08
26.26122613  1.04083388e-09  1.315817149e-08
26.52207505  9.712580946e-10  1.227860188e-08
26.83472104  8.947635068e-10  1.131156435e-08
27.16527896  8.212762475e-10  1.038254417e-08
27.47792495  7.580561089e-10  9.583319423e-09
27.73877387  7.095424047e-10  8.970012043e-09
27.91953391  6.780039135e-10  8.57130414e-09
28  6.644819639e-10  8.400360346e-09
28.08046609  6.512673359e-10  8.233301677e-09
28.26122613  6.226623597e-10  7.871678927e-09
28.52207505  5.838777787e-10  7.381365967e-09
28.83472104  5.409780585e-10  6.839029441e-09
29.16527896  4.994903659e-10  6.314543574e-09
29.47792495  4.635662311e-10  5.860391902e-09
29.73877387  4.358417275e-10  5.509899631e-09
29.91953391  4.17740409e-10  5.281063332e-09
30  4.099600012e-10  5.182703653e-09
30.08046609  4.023447638e-10  5.086432053e-09
30.26122613  3.858199357e-10  4.877525672e-09
30.52207505  3.633222157e-10  4.593110151e-09
30.83472104  3.383063985e-10  4.276860897e-09
31.16527896  3.139737033e-10  3.969247632e-09
31.47792495  2.927842808e-10  3.701371523e-09
31.73877387  2.76349971e-10  3.493609414e-09
31.91953391  2.65579567e-10  3.357450249e-09
32  2.609399659e-10  3.298796532e-09
32.08046609  2.563927652e-10  3.241310939e-09
32.26122613  2.465042281e-10  3.116300308e-09
32.52207505  2.329929239e-10  2.945490748e-09
32.83472104  2.178999626e-10  2.754685914e-09
33.16527896  2.031444192e-10  2.568146709e-09
33.47792495  1.902307682e-10  2.404892659e-09
33.73877387  1.80171219e-10  2.277720089e-09
33.91953391  1.735566883e-10  2.194099358e-09
34  1.70701787e-10  2.158007766e-09
34.08046609  1.679004298e-10  2.122593079e-09
34.26122613  1.617968935e-10  2.045432326e-09
34.52207505  1.534306919e-10  1.939667013e-09
34.83472104  1.440469716e-10  1.821038254e-09
35.16527896  1.348317043e-10  1.704539074e-09
35.47792495  1.267310457e-10  1.602130749e-09
35.73877387  1.203962484e-10  1.522046397e-09
35.91953391  1.162186019e-10  1.469232692e-09
36  1.144123719e-10  1.446398379e-09
36.08046609  1.12638153e-10  1.423968747e-09
36.26122613  1.087659851e-10  1.375016899e-09
36.52207505  1.034433038e-10  1.307727692e-09
36.83472104  9.745156053e-11  1.231980224e-09
37.16527896  9.154375387e-11  1.157293875e-09
37.47792495  8.632999894e-11  1.091381714e-09
37.73877387  8.223865412e-11  1.039659036e-09
37.91953391  7.953340231e-11  1.00545931e-09
38  7.836196523e-11  9.906500303e-10
38.08046609  7.721020556e-11  9.760895113e-10
38.26122613  7.469272633e-11  9.442636013e-10
38.52207505  7.122341366e-11  9.004046363e-10
38.83472104  6.730528491e-11  8.508717497e-10
39.16527896  6.342813281e-11  8.018568886e-10
39.47792495  5.999433953e-11  7.584469588e-10
39.73877387  5.729137639e-11  7.242761656e-10
39.91953391  5.549990794e-11  7.016284657e-10
40  5.472308302e-11  6.918078642e-10
40.08046609  5.395865968e-11  6.821440434e-10
40.26122613  5.228553033e-11  6.609923834e-10
40.52207505  4.997453482e-11  6.317768352e-10
40.83472104  4.73569086e-11  5.986848693e-10
41.16527896  4.475824578e-11  5.658326381e-10
41.47792495  4.244937947e-11  5.366440071e-10
41.73877387  4.062680671e-11  5.136030872e-10
41.91953391  3.941625689e-11  4.982993464e-10
42  3.889067343e-11  4.916549332e-10
42.08046609  3.837308411e-11  4.851115819e-10
42.26122613  3.723881425e-11  4.707721703e-10
42.52207505  3.56688698e-11  4.509249713e-10
42.83472104  3.388588992e-11  4.283845836e-10
43.16527896  3.211061569e-11  4.059416107e-10
43.47792495  3.052873692e-11  3.859435383e-10
43.73877387  2.927684453e-11  3.701171457e-10
43.91953391  2.844372285e-11  3.595848419e-10
44  2.80815943e-11  3.550068218e-10
44.08046609  2.772472522e-11  3.504952917e-10
44.26122613  2.694178781e-11  3.405974163e-10
44.52207505  2.585608188e-11  3.268719487e-10
44.83472104  2.462006485e-11  3.112462519e-10
45.16527896  2.338609005e-11  2.95646373e-10
45.47792495  2.228363374e-11  2.817091476e-10
45.73877387  2.14091226e-11  2.706535993e-10
45.91953391  2.08261119e-11  2.632831924e-10
46  2.057243384e-11  2.600762007e-10
46.08046609  2.032228107e-11  2.569137755e-10
46.26122613  1.977290685e-11  2.499686002e-10
46.52207505  1.900977398e-11  2.403210932e-10
46.83472104  1.813906644e-11  2.2931363e-10
47.16527896  1.726766618e-11  2.182974095e-10
47.47792495  1.648725629e-11  2.084314869e-10
47.73877387  1.5866885e-11  2.005887685e-10
47.91953391  1.545262978e-11  1.953517641e-10
48  1.527220815e-11  1.930708783e-10
48.08046609  1.509419001e-11  1.908203774e-10
48.26122613  1.470286724e-11  1.858732846e-10
48.52207505  1.415842484e-11  1.789904572e-10
48.83472104  1.353597419e-11  1.711214514e-10
49.16527896  1.291162615e-11  1.63228459e-10
49.47792495  1.235122842e-11  1.561439248e-10
49.73877387  1.190487859e-11  1.505011812e-10
49.91953391  1.160638156e-11  1.467275891e-10
50  1.14762623e-11  1.450826246e-10
50.08046609  1.134780753e-11  1.434587026e-10
50.26122613  1.10651917e-11  1.398858803e-10
50.52207505  1.067142063e-11  1.349078361e-10
50.83472104  1.0220388e-11  1.292058927e-10
51.16527896  9.767042381e-12  1.234747086e-10
51.47792495  9.359297872e-12  1.183200126e-10
51.73877387  9.033947654e-12  1.142069432e-10
51.91953391  8.816069409e-12  1.114525318e-10
52  8.72101615e-12  1.102508708e-10
52.08046609  8.627132342e-12  1.090639941e-10
52.26122613  8.42041183e-12  1.064506384e-10
52.52207505  8.131999901e-12  1.02804542e-10
52.83472104  7.801077004e-12  9.862102286e-11
53.16527896  7.467819588e-12  9.440799085e-11
53.47792495  7.167515887e-12  9.061155886e-11
53.73877387  6.927495056e-12  8.757722145e-11
53.91953391  6.766554597e-12  8.554261613e-11
54  6.696288825e-12  8.465431799e-11
54.08046609  6.626855714e-12  8.377654631e-11
54.26122613  6.473859555e-12  8.184237264e-11
54.52207505  6.260137358e-12  7.914050191e-11
54.83472104  6.014520743e-12  7.603542273e-11
55.16527896  5.76673196e-12  7.290288305e-11
55.47792495  5.543053052e-12  7.007513981e-11
55.73877387  5.363998154e-12  6.781153222e-11
55.91953391  5.24379489e-12  6.629192552e-11
56  5.191278246e-12  6.562801141e-11
56.08046609  5.139361834e-12  6.497168541e-11
56.26122613  5.02488523e-12  6.3524475e-11
56.52207505  4.864786828e-12  6.150051497e-11
56.83472104  4.680522822e-12  5.917105394e-11
57.16527896  4.494322224e-12  5.681711059e-11
57.47792495  4.325964282e-12  5.468873364e-11
57.73877387  4.190999385e-12  5.298251075e-11
57.91953391  4.100294851e-12  5.183582627e-11
58  4.060640494e-12  5.133451686e-11
58.08046609  4.021423819e-12  5.083874063e-11
58.26122613  3.934895054e-12  4.974484611e-11
58.52207505  3.813752268e-12  4.821336201e-11
58.83472104  3.674130736e-12  4.644827005e-11
59.16527896  3.532824639e-12  4.466188186e-11
59.47792495  3.404864522e-12  4.304421322e-11
59.73877387  3.302146712e-12  4.17456572e-11
59.91953391  3.233043223e-12  4.087205259e-11
60  3.202814187e-12  4.048989786e-11
60.08046609  3.172907739e-12  4.011182129e-11
60.26122613  3.106881922e-12  3.927712455e-11
60.52207505  3.014351045e-12  3.810735148e-11
60.83472104  2.907567794e-12  3.675740025e-11
61.16527896  2.79934078e-12  3.538919702e-11
61.47792495  2.70119597e-12  3.414845276e-11
61.73877387  2.622312803e-12  3.315121371e-11
61.91953391  2.569193095e-12  3.247967567e-11
62  2.545942962e-12  3.218574806e-11
62.08046609  2.52293298e-12  3.189485644e-11
62.26122613  2.472104425e-12  3.125228311e-11
62.52207505  2.400804587e-12  3.035091231e-11
62.83472104  2.318422894e-12  2.930944498e-11
63.16527896  2.234814945e-12  2.825247535e-11
63.47792495  2.158894627e-12  2.729269257e-11
63.73877387  2.097802328e-12  2.652036523e-11
63.91953391  2.056625895e-12  2.599981378e-11
64  2.038593703e-12  2.577185125e-11
64.08046609  2.020741974e-12  2.554617014e-11
64.26122613  1.981287234e-12  2.504738429e-11
64.52207505  1.925893264e-12  2.43470951e-11
64.83472104  1.861816908e-12  2.353704338e-11
65.16527896  1.796704623e-12  2.271389548e-11
65.47792495  1.737505314e-12  2.196549928e-11
65.73877387  1.689815539e-12  2.136260632e-11
65.91953391  1.657645276e-12  2.095591065e-11
66  1.643550101e-12  2.07777198e-11
66.08046609  1.629591734e-12  2.060125847e-11
66.26122613  1.59872667e-12  2.021106308e-11
66.52207505  1.555356616e-12  1.966277994e-11
66.83472104  1.50513522e-12  1.902788228e-11
67.16527896  1.45404128e-12  1.838195396e-11
67.47792495  1.407532605e-12  1.779399244e-11
67.73877387  1.370027162e-12  1.731984955e-11
67.91953391  1.344706851e-12  1.699975081e-11
68  1.33360774e-12  1.685943611e-11
68.08046609  1.322613203e-12  1.672044346e-11
68.26122613  1.298290566e-12  1.641295728e-11
68.52207505  1.264086964e-12  1.598055619e-11
68.83472104  1.224440255e-12  1.547934347e-11
69.16527896  1.184059608e-12  1.496885232e-11
69.47792495  1.147262034e-12  1.450365831e-11
69.73877387  1.117558701e-12  1.412814951e-11
69.91953391  1.097490638e-12  1.387444954e-11
70  1.088689956e-12  1.376319154e-11
70.08046609  1.079969835e-12  1.365295198e-11
70.26122613  1.060670341e-12  1.340896826e-11
70.52207505  1.03351056e-12  1.306561498e-11
70.83472104  1.001998752e-12  1.266724348e-11
71.16527896  9.69869727e-13  1.226106914e-11
71.47792495  9.405609482e-13  1.189054828e-11
71.73877387  9.16880738e-13  1.159118365e-11
71.91953391  9.008706684e-13  1.138878475e-11
72  8.93846659e-13  1.129998739e-11
72.08046609  8.868851691e-13  1.121198041e-11
72.26122613  8.714715447e-13  1.101712175e-11
72.52207505  8.49765202e-13  1.07427107e-11
72.83472104  8.245581102e-13  1.042404327e-11
73.16527896  7.988316561e-13  1.009881007e-11
73.47792495  7.75340222e-13  9.801831942e-12
73.73877387  7.563435598e-13  9.561676608e-12
73.91953391  7.434914138e-13  9.399200095e-12
74  7.378506396e-13  9.327889567e-12
74.08046609  7.322587219e-13  9.257196682e-12
74.26122613  7.198726715e-13  9.100612538e-12
74.52207505  7.024184682e-13  8.879956931e-12
74.83472104  6.821321005e-13  8.623497171e-12
75.16527896  6.614082095e-13  8.361506253e-12
75.47792495  6.424670106e-13  8.122052084e-12
75.73877387  6.271372624e-13  7.928253786e-12
75.91953391  6.167593812e-13  7.797056868e-12
76  6.122028545e-13  7.73945337e-12
76.08046609  6.076847591e-13  7.682335721e-12
76.26122613  5.976735146e-13  7.555773814e-12
76.52207505  5.835570608e-13  7.377313954e-12
76.83472104  5.671368468e-13  7.169730013e-12
77.16527896  5.503474803e-13  6.957479258e-12
77.47792495  5.349887273e-13  6.763314281e-12
77.73877387  5.225486031e-13  6.606046538e-12
77.91953391  5.141218644e-13  6.499515915e-12
78  5.104206983e-13  6.452725865e-12
78.08046609  5.06749952e-13  6.406320381e-12
78.26122613  4.986134181e-13  6.303458521e-12
78.52207505  4.871336392e-13  6.158331439e-12
78.83472104  4.737702104e-13  5.989391301e-12
79.16527896  4.60094743e-13  5.81650638e-12
79.47792495  4.475740078e-13  5.658219555e-12
79.73877387  4.374250229e-13  5.529916339e-12
79.91953391  4.305463376e-13  5.442956169e-12
80  4.275240861e-13  5.40474894e-12
80.08046609  4.245260558e-13  5.366847916e-12
80.26122613  4.178784408e-13  5.282808931e-12
80.52207505  4.084941011e-13  5.16417234e-12
80.83472104  3.975620202e-13  5.025969243e-12
81.16527896  3.863656398e-13  4.884424878e-12
81.47792495  3.761064454e-13  4.754728396e-12
81.73877387  3.677847057e-13  4.649525168e-12
81.91953391  3.621414095e-13  4.578182757e-12
82  3.596611508e-13  4.546827387e-12
82.08046609  3.572002867e-13  4.515717205e-12
82.26122613  3.517420143e-13  4.44671386e-12
82.52207505  3.440325358e-13  4.349250823e-12
82.83472104  3.350453524e-13  4.235635072e-12
83.16527896  3.25833817e-13  4.119183069e-12
83.47792495  3.173868878e-13  4.012397198e-12
83.73877387  3.105305366e-13  3.925719376e-12
83.91953391  3.058785723e-13  3.866909359e-12
84  3.038333861e-13  3.841054166e-12
84.08046609  3.018038132e-13  3.815396355e-12
84.26122613  2.973007978e-13  3.758469345e-12
84.52207505  2.909373253e-13  3.678022483e-12
84.83472104  2.835143486e-13  3.584181395e-12
85.16527896  2.759004973e-13  3.487927274e-12
85.47792495  2.689135593e-13  3.399598576e-12
85.73877387  2.632386271e-13  3.327856223e-12
85.91953391  2.593863448e-13  3.279155766e-12
86  2.576922381e-13  3.257738912e-12
86.08046609  2.560107649e-13  3.236481768e-12
86.26122613  2.522790037e-13  3.189304935e-12
86.52207505  2.470028762e-13  3.122604263e-12
86.83472104  2.408444273e-13  3.044749304e-12
87.16527896  2.345232076e-13  2.9648366e-12
87.47792495  2.287184439e-13  2.89145292e-12
87.73877387  2.240008002e-13  2.831812585e-12
87.91953391  2.207968416e-13  2.791308219e-12
88  2.193874555e-13  2.773490795e-12
88.08046609  2.179883416e-13  2.755803232e-12
88.26122613  2.148823779e-13  2.716537715e-12
88.52207505  2.104889959e-13  2.660996689e-12
88.83472104  2.053578438e-13  2.596128791e-12
89.16527896  2.000875598e-13  2.529501991e-12
89.47792495  1.952446617e-13  2.468278192e-12
89.73877387  1.913064343e-13  2.418491218e-12
89.91953391  1.886306088e-13  2.384663499e-12
90  1.874532309e-13  2.369779116e-12
90.08046609  1.862842441e-13  2.355000814e-12
90.26122613  1.83688469e-13  2.32218509e-12
90.52207505  1.800151226e-13  2.275746735e-12
90.83472104  1.757224657e-13  2.221479073e-12
91.16527896  1.713106014e-13  2.165704393e-12
91.47792495  1.672539424e-13  2.11442021e-12
91.73877387  1.639532301e-13  2.072692687e-12
91.91953391  1.617095995e-13  2.044328764e-12
92  1.607221394e-13  2.031845318e-12
92.08046609  1.597415645e-13  2.019448915e-12
92.26122613  1.575636171e-13  1.991915357e-12
92.52207505  1.544802435e-13  1.952935424e-12
92.83472104  1.508750541e-13  1.907358709e-12
93.16527896  1.471674875e-13  1.860487743e-12
93.47792495  1.437563553e-13  1.817364295e-12
93.73877387  1.409793866e-13  1.782257925e-12
93.91953391  1.390909892e-13  1.758384851e-12
94  1.382596716e-13  1.747875355e-12
94.08046609  1.374340276e-13  1.737437584e-12
94.26122613  1.355997545e-13  1.714248749e-12
94.52207505  1.330018758e-13  1.68140643e-12
94.83472104  1.299627519e-13  1.642985901e-12
95.16527896  1.268354988e-13  1.603451245e-12
95.47792495  1.239566109e-13  1.567056414e-12
95.73877387  1.216117305e-13  1.537412494e-12
95.91953391  1.200165333e-13  1.51724605e-12
96  1.193141262e-13  1.508366237e-12
96.08046609  1.186164133e-13  1.499545768e-12
96.26122613  1.170659979e-13  1.479945455e-12
96.52207505  1.148692927e-13  1.452174762e-12
96.83472104  1.122981898e-13  1.419670943e-12
97.16527896  1.096510471e-13  1.38620583e-12
97.47792495  1.072127824e-13  1.355381347e-12
97.73877387  1.052258132e-13  1.330262132e-12
97.91953391  1.03873588e-13  1.313167334e-12
98  1.03278035e-13  1.305638368e-12
98.08046609  1.026863812e-13  1.298158696e-12
98.26122613  1.013713529e-13  1.28153414e-12
98.52207505  9.950746081e-14  1.257970863e-12
98.83472104  9.732484269e-14  1.230378258e-12
99.16527896  9.507646604e-14  1.201954336e-12
99.47792495  9.300439526e-14  1.175759268e-12
99.73877387  9.131504168e-14  1.154402502e-12
99.91953391  9.01649403e-14  1.139862949e-12
100  8.965829921e-14  1.133458005e-12
100.0804661  8.915490904e-14  1.127094159e-12
100.2612261  8.803582043e-14  1.112946668e-12
100.5220751  8.644908101e-14  1.092887148e-12
100.834721  8.459014863e-14  1.06938657e-12
101.165279  8.267422117e-14  1.045165463e-12
101.4779249  8.090762442e-14  1.02283219e-12
101.7387739  7.946666754e-14  1.004615649e-12
101.9195339  7.848533094e-14  9.922096158e-13
102  7.805294498e-14  9.867434032e-13
102.0804661  7.762327924e-14  9.813115796e-13
102.2612261  7.666789267e-14  9.692336062e-13
102.5220751  7.531279789e-14  9.521025313e-13
102.834721  7.372454078e-14  9.320238242e-13
103.165279  7.208677528e-14  9.113192332e-13
103.4779249  7.057591507e-14  8.922189757e-13
103.7387739  6.934301525e-14  8.766326866e-13
103.9195339  6.850309046e-14  8.660143781e-13
104  6.813293867e-14  8.613349284e-13
104.0804661  6.776507094e-14  8.566843536e-13
104.2612261  6.694693521e-14  8.463415019e-13
104.5220751  6.578612935e-14  8.316666229e-13
104.834721  6.442500914e-14  8.144593748e-13
105.165279  6.302079088e-14  7.967072822e-13
105.4779249  6.172476631e-14  7.803229717e-13
105.7387739  6.066673266e-14  7.669473364e-13
105.9195339  5.994570458e-14  7.578321171e-13
106  5.962788969e-14  7.538143091e-13
106.0804661  5.931199901e-14  7.49820827e-13
106.2612261  5.860932722e-14  7.409376675e-13
106.5220751  5.761202903e-14  7.283298485e-13
106.834721  5.644215066e-14  7.135402751e-13
107.165279  5.523467521e-14  6.982754002e-13
107.4779249  5.411972548e-14  6.841802333e-13
107.7387739  5.320914682e-14  6.726687203e-13
107.9195339  5.258841351e-14  6.648214251e-13
108  5.231475645e-14  6.613618593e-13
108.0804661  5.204272565e-14  6.579228527e-13
108.2612261  5.143750631e-14  6.502716848e-13
108.5220751  5.057825842e-14  6.39409094e-13
108.834721  4.956991989e-14  6.266617033e-13
109.165279  4.852871525e-14  6.134988199e-13
109.4779249  4.756687231e-14  6.013392252e-13
109.7387739  4.67810292e-14  5.914046161e-13
109.9195339  4.624516666e-14  5.846302551e-13
110  4.600888411e-14  5.816431769e-13
110.0804661  4.577398026e-14  5.786735282e-13
110.2612261  4.525127003e-14  5.720654384e-13
110.5220751  4.450894342e-14  5.626809637e-13
110.834721  4.363748056e-14  5.516639518e-13
111.165279  4.273722913e-14  5.402829954e-13
111.4779249  4.190524297e-14  5.297650469e-13
111.7387739  4.122523938e-14  5.211684583e-13
111.9195339  4.076141448e-14  5.153047953e-13
112  4.05568613e-14  5.127188391e-13
112.0804661  4.035348043e-14  5.101477032e-13
112.2612261  3.990083891e-14  5.044254203e-13
112.5220751  3.92578371e-14  4.962966073e-13
112.834721  3.850269946e-14  4.867501759e-13
113.165279  3.772229508e-14  4.76884323e-13
113.4779249  3.700077291e-14  4.677628576e-13
113.7387739  3.641084025e-14  4.603049435e-13
113.9195339  3.600833997e-14  4.552165448e-13
114  3.583080264e-14  4.529721223e-13
114.0804661  3.5654265e-14  4.507403377e-13
114.2612261  3.526130125e-14  4.457724998e-13
114.5220751  3.470292141e-14  4.387134756e-13
114.834721  3.404693001e-14  4.304204485e-13
115.165279  3.336872009e-14  4.218465354e-13
115.4779249  3.274143402e-14  4.139164004e-13
115.7387739  3.222837113e-14  4.074302721e-13
115.9195339  3.18782236e-14  4.030037156e-13
116  3.172375386e-14  4.01050913e-13
116.0804661  3.157013896e-14  3.991089173e-13
116.2612261  3.122814621e-14  3.947854533e-13
116.5220751  3.074206425e-14  3.886404172e-13
116.834721  3.017081309e-14  3.814186742e-13
117.165279  2.957998709e-14  3.739494664e-13
117.4779249  2.903331515e-14  3.670384533e-13
117.7387739  2.858603591e-14  3.613839602e-13
117.9195339  2.828070416e-14  3.575239637e-13
118  2.814598456e-14  3.558208418e-13
118.0804661  2.801199789e-14  3.541269857e-13
118.2612261  2.771365804e-14  3.503553807e-13
118.5220751  2.728951213e-14  3.449933385e-13
118.834721  2.679088369e-14  3.386896901e-13
119.165279  2.627497783e-14  3.32167621e-13
119.4779249  2.579745104e-14  3.261307391e-13
119.7387739  2.540661753e-14  3.211898315e-13
119.9195339  2.513975107e-14  3.178161123e-13
120  2.502198583e-14  3.163273271e-13
120.0804661  2.490485064e-14  3.148465069e-13
120.2612261  2.464399456e-14  3.115487707e-13
120.5220751  2.427304681e-14  3.068592585e-13
120.834721  2.383681849e-14  3.013444708e-13
121.165279  2.338531319e-14  2.956365519e-13
121.4779249  2.296724708e-14  2.903513704e-13
121.7387739  2.26249711e-14  2.86024326e-13
121.9195339  2.239120366e-14  2.830690439e-13
122  2.228802989e-14  2.817647235e-13
122.0804661  2.218539907e-14  2.804672673e-13
122.2612261  2.195681121e-14  2.775774651e-13
122.5220751  2.163167214e-14  2.734670651e-13
122.834721  2.124919534e-14  2.686318028e-13
123.165279  2.085318674e-14  2.636254719e-13
123.4779249  2.048638067e-14  2.589883186e-13
123.7387739  2.018597999e-14  2.551906606e-13
123.9195339  1.998076433e-14  2.525963293e-13
124  1.989017939e-14  2.514511567e-13
124.0804661  1.980006349e-14  2.503119138e-13
124.2612261  1.959932225e-14  2.47774148e-13
124.5220751  1.931372537e-14  2.441636393e-13
124.834721  1.8977663e-14  2.399151471e-13
125.165279  1.86295942e-14  2.355148698e-13
125.4779249  1.830708507e-14  2.314377174e-13
125.7387739  1.804288367e-14  2.280976898e-13
125.9195339  1.786235613e-14  2.258154652e-13
126  1.778265817e-14  2.248079256e-13
126.0804661  1.770336635e-14  2.238055203e-13
126.2612261  1.752671315e-14  2.215722748e-13
126.5220751  1.727533007e-14  2.183942962e-13
126.834721  1.697944106e-14  2.146536746e-13
127.165279  1.667288129e-14  2.107781536e-13
127.4779249  1.638874121e-14  2.071860617e-13
127.7387739  1.615590513e-14  2.042425537e-13
127.9195339  1.599677432e-14  2.02230826e-13
128  1.59265133e-14  2.013425879e-13
128.0804661  1.585660475e-14  2.004588057e-13
128.2612261  1.570083628e-14  1.984895846e-13
128.5220751  1.547912454e-14  1.956867102e-13
128.834721  1.521808642e-14  1.923866728e-13
129.165279  1.494754923e-14  1.889665483e-13
129.4779249  1.46967187e-14  1.857955549e-13
129.7387739  1.449112064e-14  1.831963893e-13
129.9195339  1.435057554e-14  1.814196217e-13
130  1.428851286e-14  1.806350268e-13
130.0804661  1.422675674e-14  1.798543074e-13
130.2612261  1.408913607e-14  1.781145103e-13
130.5220751  1.389321347e-14  1.756376617e-13
130.834721  1.366247584e-14  1.727206822e-13
131.165279  1.342326876e-14  1.696966322e-13
131.4779249  1.320141877e-14  1.668920101e-13
131.7387739  1.301952612e-14  1.645925277e-13
131.9195339  1.289516011e-14  1.630202957e-13
132  1.284023516e-14  1.623259359e-13
132.0804661  1.278557742e-14  1.616349541e-13
132.2612261  1.266376038e-14  1.600949461e-13
132.5220751  1.249030098e-14  1.579020765e-13
132.834721  1.228596404e-14  1.55318854e-13
133.165279  1.207406401e-14  1.526400191e-13
133.4779249  1.187748172e-14  1.501548307e-13
133.7387739  1.171626364e-14  1.481167157e-13
133.9195339  1.160601138e-14  1.467229093e-13
134  1.155731386e-14  1.461072765e-13
134.0804661  1.150884972e-14  1.45494594e-13
134.2612261  1.140082378e-14  1.441289327e-13
134.5220751  1.124697141e-14  1.421839349e-13
134.834721  1.106568515e-14  1.398921185e-13
135.165279  1.087763497e-14  1.375147927e-13
135.4779249  1.070312859e-14  1.353086874e-13
135.7387739  1.055997872e-14  1.334989903e-13
135.9195339  1.04620637e-14  1.32261151e-13
136  1.041881047e-14  1.317143446e-13
136.0804661  1.037576148e-14  1.311701204e-13
136.2612261  1.027979486e-14  1.299569128e-13
136.5220751  1.014309123e-14  1.282287088e-13
136.834721  9.981971329e-15  1.261918351e-13
137.165279  9.814793321e-15  1.240783748e-13
137.4779249  9.659612778e-15  1.221165862e-13
137.7387739  9.532284764e-15  1.205069086e-13
137.9195339  9.44517547e-15  1.194056751e-13
138  9.406691287e-15  1.18919159e-13
138.0804661  9.368386203e-15  1.184349071e-13
138.2612261  9.282985417e-15  1.173552724e-13
138.5220751  9.161309932e-15  1.15817054e-13
138.834721  9.017867548e-15  1.140036589e-13
139.165279  8.868991421e-15  1.121215706e-13
139.4779249  8.730762064e-15  1.103740784e-13
139.7387739  8.617315596e-15  1.08939891e-13
139.9195339  8.539688862e-15  1.079585357e-13
140  8.505390278e-15  1.075249339e-13
140.0804661  8.471249039e-15  1.070933212e-13
140.2612261  8.39512329e-15  1.061309413e-13
140.5220751  8.286642753e-15  1.047595331e-13
140.834721  8.158725677e-15  1.031424086e-13
141.165279  8.025928037e-15  1.014635841e-13
141.4779249  7.902595017e-15  9.990441108e-14
141.7387739  7.801350595e-15  9.862448159e-14
141.9195339  7.732060845e-15  9.774852229e-14
142  7.701442646e-15  9.736144777e-14
142.0804661  7.670962935e-15  9.697612401e-14
142.2612261  7.602994277e-15  9.611686592e-14
142.5220751  7.506120608e-15  9.489219139e-14
142.834721  7.391863859e-15  9.344776039e-14
143.165279  7.273217406e-15  9.194783486e-14
143.4779249  7.162998938e-15  9.05544557e-14
143.7387739  7.07249982e-15  8.941036809e-14
143.9195339  7.010553198e-15  8.862724043e-14
144  6.983177023e-15  8.82811515e-14
144.0804661  6.955922956e-15  8.793660625e-14
144.2612261  6.895141172e-15  8.716820444e-14
144.5220751  6.808495839e-15  8.607283628e-14
144.834721  6.706280057e-15  8.478062689e-14
145.165279  6.600110782e-15  8.343843754e-14
145.4779249  6.501458754e-15  8.219128103e-14
145.7387739  6.420438887e-15  8.116702988e-14
145.9195339  6.364971447e-15  8.046581187e-14
146  6.340456184e-15  8.015589053e-14
146.0804661  6.316048774e-15  7.984733265e-14
146.2612261  6.261610183e-15  7.915912132e-14
146.5220751  6.183994184e-15  7.817790179e-14
146.834721  6.092410512e-15  7.702010326e-14
147.165279  5.99726156e-15  7.581723256e-14
147.4779249  5.908828265e-15  7.469926103e-14
147.7387739  5.836185185e-15  7.3780909e-14
147.9195339  5.786444451e-15  7.315208787e-14
148  5.764458122e-15  7.287413724e-14
148.0804661  5.742567215e-15  7.259739294e-14
148.2612261  5.693736754e-15  7.198007946e-14
148.5220751  5.624105235e-15  7.109979951e-14
148.834721  5.541925605e-15  7.006088666e-14
149.165279  5.456526688e-15  6.898127567e-14
149.4779249  5.377136654e-15  6.797762881e-14
149.7387739  5.311908531e-15  6.715301649e-14
149.9195339  5.267237883e-15  6.658829126e-14
150  5.247490763e-15  6.633864866e-14
150.0804661  5.227828207e-15  6.609007511e-14
150.2612261  5.183964247e-15  6.553554801e-14
150.5220751  5.121404975e-15  6.474467524e-14
150.834721  5.047556921e-15  6.381108996e-14
151.165279  4.970798371e-15  6.284071027e-14
151.4779249  4.899424455e-15  6.193840299e-14
151.7387739  4.840770612e-15  6.119690256e-14
151.9195339  4.800596023e-15  6.068901639e-14
152  4.782834801e-15  6.046447945e-14
152.0804661  4.765148639e-15  6.024089143e-14
152.2612261  4.725690085e-15  5.974205737e-14
152.5220751  4.669405171e-15  5.903050488e-14
152.834721  4.602950409e-15  5.819038541e-14
153.165279  4.533861118e-15  5.731696031e-14
153.4779249  4.469604179e-15  5.650462567e-14
153.7387739  4.416788515e-15  5.583693135e-14
153.9195339  4.380607265e-15  5.537952888e-14
154  4.36461007e-15  5.517729274e-14
154.0804661  4.348679605e-15  5.497590019e-14
154.2612261  4.313134916e-15  5.452654511e-14
154.5220751  4.262425243e-15  5.388547468e-14
154.834721  4.202541436e-15  5.312842507e-14
155.165279  4.140270064e-15  5.234119192e-14
155.4779249  4.082341629e-15  5.160886208e-14
155.7387739  4.034718485e-15  5.100681147e-14
155.9195339  4.002089541e-15  5.059431716e-14
156  3.987661706e-15  5.041192082e-14
156.0804661  3.973293284e-15  5.023027559e-14
156.2612261  3.941231106e-15  4.982494633e-14
156.5220751  3.895483046e-15  4.924660048e-14
156.834721  3.841448238e-15  4.856349377e-14
157.165279  3.785247159e-15  4.785300112e-14
157.4779249  3.732954627e-15  4.719192023e-14
157.7387739  3.689956715e-15  4.664834168e-14
157.9195339  3.660492501e-15  4.627585582e-14
158  3.647462936e-15  4.611113638e-14
158.0804661  3.634486349e-15  4.594708668e-14
158.2612261  3.605527508e-15  4.558098974e-14
158.5220751  3.56420156e-15  4.505854812e-14
158.834721  3.51538086e-15  4.444135804e-14
159.165279  3.464592437e-15  4.379929204e-14
159.4779249  3.417326409e-15  4.320175609e-14
159.7387739  3.37845447e-15  4.2710338e-14
159.9195339  3.351813832e-15  4.23735477e-14
160  3.340031922e-15  4.222460109e-14
160.0804661  3.32829732e-15  4.207625254e-14
160.2612261  3.302107961e-15  4.174516731e-14
160.5220751  3.264729022e-15  4.127262369e-14
160.834721  3.220563193e-15  4.071428037e-14
161.165279  3.174608001e-15  4.013331597e-14
161.4779249  3.131831419e-15  3.959253547e-14
161.7387739  3.096645361e-15  3.91477142e-14
161.9195339  3.072527517e-15  3.8842817e-14
162  3.06186046e-15  3.870796433e-14
162.0804661  3.051235705e-15  3.857364645e-14
162.2612261  3.027521404e-15  3.827385084e-14
162.5220751  2.993670415e-15  3.784590747e-14
162.834721  2.953666074e-15  3.734017358e-14
163.165279  2.912032795e-15  3.681384669e-14
163.4779249  2.873271603e-15  3.632382866e-14
163.7387739  2.841382876e-15  3.592069216e-14
163.9195339  2.819522227e-15  3.564433038e-14
164  2.80985274e-15  3.552208896e-14
164.0804661  2.800221134e-15  3.540032643e-14
164.2612261  2.778721837e-15  3.512853285e-14
164.5220751  2.748028592e-15  3.474050961e-14
164.834721  2.711749782e-15  3.428187379e-14
165.165279  2.673986497e-15  3.380447127e-14
165.4779249  2.63882161e-15  3.335991764e-14
165.7387739  2.609886644e-15  3.299412251e-14
165.9195339  2.590048299e-15  3.274332664e-14
166  2.58127265e-15  3.263238511e-14
166.0804661  2.572530967e-15  3.252187296e-14
166.2612261  2.553016627e-15  3.227517316e-14
166.5220751  2.525153585e-15  3.192292927e-14
166.834721  2.492214506e-15  3.150651425e-14
167.165279  2.457921194e-15  3.107297905e-14
167.4779249  2.425981567e-15  3.066919907e-14
167.7387739  2.39969611e-15  3.033689897e-14
167.9195339  2.381672025e-15  3.010903893e-14
168  2.373698329e-15  3.000823567e-14
168.0804661  2.365755128e-15  2.990781792e-14
168.2612261  2.348021941e-15  2.96836354e-14
168.5220751  2.322698876e-15  2.936350184e-14
168.834721  2.292757612e-15  2.898498512e-14
169.165279  2.26157967e-15  2.859083435e-14
169.4779249  2.232536307e-15  2.822366887e-14
169.7387739  2.208630532e-15  2.792145265e-14
169.9195339  2.192236172e-15  2.771419555e-14
170  2.18498292e-15  2.762250013e-14
170.0804661  2.177757083e-15  2.753115127e-14
170.2612261  2.16162423e-15  2.732720014e-14
170.5220751  2.138583611e-15  2.70359212e-14
170.834721  2.111336697e-15  2.66914664e-14
171.165279  2.082959331e-15  2.633272043e-14
171.4779249  2.056520106e-15  2.59984764e-14
171.7387739  2.034754374e-15  2.572331456e-14
171.9195339  2.019825825e-15  2.553458821e-14
172  2.01322061e-15  2.545108525e-14
172.0804661  2.00664007e-15  2.536789422e-14
172.2612261  1.9919469e-15  2.518214353e-14
172.5220751  1.970959882e-15  2.491682617e-14
172.834721  1.946137607e-15  2.460302358e-14
173.165279  1.920280971e-15  2.427614462e-14
173.4779249  1.896186129e-15  2.397153822e-14
173.7387739  1.876347317e-15  2.372073646e-14
173.9195339  1.86273878e-15  2.354869766e-14
174  1.85671719e-15  2.347257287e-14
174.0804661  1.850717836e-15  2.339672919e-14
174.2612261  1.837321418e-15  2.3227372e-14
174.5220751  1.818184369e-15  2.29854419e-14
174.834721  1.795546686e-15  2.269925687e-14
175.165279  1.77196166e-15  2.240109555e-14
175.4779249  1.749979918e-15  2.212320292e-14
175.7387739  1.731878227e-15  2.189436178e-14
175.9195339  1.719459838e-15  2.173736881e-14
176  1.713964496e-15  2.166789684e-14
176.0804661  1.708489217e-15  2.15986785e-14
176.2612261  1.696262214e-15  2.144410503e-14
176.5220751  1.67879369e-15  2.122326837e-14
176.834721  1.65812667e-15  2.096199642e-14
177.165279  1.636591192e-15  2.068974544e-14
177.4779249  1.616516343e-15  2.043595969e-14
177.7387739  1.599982517e-15  2.022693948e-14
177.9195339  1.588638454e-15  2.008352812e-14
178  1.583618184e-15  2.002006199e-14
178.0804661  1.578616037e-15  1.995682496e-14
178.2612261  1.567444854e-15  1.981559914e-14
178.5220751  1.551482969e-15  1.961380939e-14
178.834721  1.532595708e-15  1.93750371e-14
179.165279  1.512911575e-15  1.912619077e-14
179.4779249  1.494559529e-15  1.889418466e-14
179.7387739  1.479442441e-15  1.870307481e-14
179.9195339  1.469069271e-15  1.857193745e-14
180  1.464478366e-15  1.851389934e-14
180.0804661  1.45990385e-15  1.845606842e-14
180.2612261  1.44968702e-15  1.832690752e-14
180.5220751  1.435087156e-15  1.814233639e-14
180.834721  1.417809077e-15  1.792390734e-14
181.165279  1.399799154e-15  1.769622634e-14
181.4779249  1.383005357e-15  1.748391958e-14
181.7387739  1.369169892e-15  1.730901197e-14
181.9195339  1.359675129e-15  1.718897941e-14
182  1.355472716e-15  1.713585261e-14
182.0804661  1.351285141e-15  1.708291339e-14
182.2612261  1.341931919e-15  1.696467018e-14
182.5220751  1.328564714e-15  1.679568231e-14
182.834721  1.312743214e-15  1.659566729e-14
183.165279  1.296248999e-15  1.638714784e-14
183.4779249  1.280866176e-15  1.619267858e-14
183.7387739  1.268191386e-15  1.603244419e-14
183.9195339  1.25949223e-15  1.592246967e-14
184  1.255641714e-15  1.587379155e-14
184.0804661  1.251804646e-15  1.582528343e-14
184.2612261  1.243233771e-15  1.571693064e-14
184.5220751  1.230983374e-15  1.556206142e-14
184.834721  1.21648176e-15  1.537873237e-14
185.165279  1.20136125e-15  1.518757926e-14
185.4779249  1.187257431e-15  1.500927912e-14
185.7387739  1.175634917e-15  1.486234759e-14
185.9195339  1.167657149e-15  1.476149284e-14
186  1.164125726e-15  1.471684868e-14
186.0804661  1.160606503e-15  1.467235876e-14
186.2612261  1.152745123e-15  1.457297538e-14
186.5220751  1.141507654e-15  1.443091158e-14
186.834721  1.128203339e-15  1.426271875e-14
187.165279  1.114329159e-15  1.408732172e-14
187.4779249  1.101385945e-15  1.392369393e-14
187.7387739  1.090718442e-15  1.378883561e-14
187.9195339  1.083395457e-15  1.369625861e-14
188  1.080153684e-15  1.365527621e-14
188.0804661  1.076922993e-15  1.361443389e-14
188.2612261  1.069705715e-15  1.352319323e-14
188.5220751  1.05938792e-15  1.339275593e-14
188.834721  1.047170837e-15  1.323830787e-14
189.165279  1.034428601e-15  1.307722083e-14
189.4779249  1.022539648e-15  1.292692099e-14
189.7387739  1.012739777e-15  1.280303126e-14
189.9195339  1.006011733e-15  1.271797548e-14
190  1.003033157e-15  1.26803204e-14
190.0804661  1.000064655e-15  1.264279268e-14
190.2612261  9.934327147e-16  1.255895185e-14
190.5220751  9.839507829e-16  1.24390815e-14
190.834721  9.727219933e-16  1.229712742e-14
191.165279  9.610088606e-16  1.214905029e-14
191.4779249  9.500785422e-16  1.201086947e-14
191.7387739  9.410677174e-16  1.189695485e-14
191.9195339  9.348807868e-16  1.181873982e-14
192  9.321416107e-16  1.178411123e-14
192.0804661  9.294116029e-16  1.174959854e-14
192.2612261  9.233121329e-16  1.167248919e-14
192.5220751  9.145906526e-16  1.156223245e-14
192.834721  9.042611213e-16  1.143164677e-14
193.165279  8.934845291e-16  1.129540936e-14
193.4779249  8.834267585e-16  1.116825927e-14
193.7387739  8.751342242e-16  1.106342525e-14
193.9195339  8.694399378e-16  1.099143823e-14
194  8.669187312e-16  1.095956519e-14
194.0804661  8.644058765e-16  1.092779775e-14
194.2612261  8.587912623e-16  1.085681793e-14
194.5220751  8.507623067e-16  1.075531608e-14
194.834721  8.41251822e-16  1.063508476e-14
195.165279  8.31328366e-16  1.050963268e-14
195.4779249  8.22065561e-16  1.039253252e-14
195.7387739  8.144275412e-16  1.029597287e-14
195.9195339  8.091822053e-16  1.022966146e-14
196  8.068596485e-16  1.020029975e-14
196.0804661  8.045447072e-16  1.017103432e-14
196.2612261  7.993720183e-16  1.010564132e-14
196.5220751  7.919743355e-16  1.001211999e-14
196.834721  7.832105569e-16  9.901328522e-15
197.165279  7.740650042e-16  9.785710671e-15
197.4779249  7.655271721e-16  9.677775608e-15
197.7387739  7.584861206e-16  9.588762809e-15
197.9195339  7.536503053e-16  9.527628551e-15
198  7.515089625e-16  9.500557748e-15
198.0804661  7.493745703e-16  9.473574814e-15
198.2612261  7.446050583e-16  9.413278761e-15
198.5220751  7.37783357e-16  9.327038982e-15
198.834721  7.297009739e-16  9.224861695e-15
199.165279  7.212653913e-16  9.118219268e-15
199.4779249  7.133893197e-16  9.018650165e-15
199.7387739  7.068932576e-16  8.936527108e-15
199.9195339  7.024313431e-16  8.880119696e-15
200  7.004554626e-16  8.855140663e-15
200.0804661  6.984859315e-16  8.8302419e-15
200.2612261  6.940845863e-16  8.774600202e-15
200.5220751  6.87788904e-16  8.695010342e-15
200.834721  6.803288915e-16  8.600701048e-15
201.165279  6.725418738e-16  8.502257762e-15
201.4779249  6.652704154e-16  8.410332165e-15
201.7387739  6.592723438e-16  8.334504692e-15
201.9195339  6.551521199e-16  8.282416923e-15
202  6.533274565e-16  8.259349573e-15
202.0804661  6.515085986e-16  8.236355617e-15
202.2612261  6.474437555e-16  8.184967971e-15
202.5220751  6.416288991e-16  8.1114567e-15
202.834721  6.347378586e-16  8.024340337e-15
203.165279  6.275438451e-16  7.933393795e-15
203.4779249  6.208252836e-16  7.848457906e-15
203.7387739  6.152826644e-16  7.778388251e-15
203.9195339  6.114749744e-16  7.730251528e-15
204  6.097886326e-16  7.708932837e-15
204.0804661  6.081076038e-16  7.687681312e-15
204.2612261  6.043505954e-16  7.640185305e-15
204.5220751  5.989756447e-16  7.572235311e-15
204.834721  5.926052203e-16  7.491700562e-15
205.165279  5.859538887e-16  7.407614593e-15
205.4779249  5.797413763e-16  7.329076165e-15
205.7387739  5.746156703e-16  7.264277115e-15
205.9195339  5.710940959e-16  7.219757459e-15
206  5.695343907e-16  7.200039705e-15
206.0804661  5.679795519e-16  7.18038347e-15
206.2612261  5.645043987e-16  7.13645067e-15
206.5220751  5.595322666e-16  7.073593099e-15
206.834721  5.536386255e-16  6.999085833e-15
207.165279  5.474843539e-16  6.921283684e-15
207.4779249  5.41735412e-16  6.848605703e-15
207.7387739  5.369916696e-16  6.788635428e-15
207.9195339  5.337322505e-16  6.747429932e-15
208  5.322885834e-16  6.729179128e-15
208.0804661  5.308493773e-16  6.71098472e-15
208.2612261  5.276325133e-16  6.670317206e-15
208.5220751  5.230295544e-16  6.612126713e-15
208.834721  5.175729261e-16  6.543144152e-15
209.165279  5.118743144e-16  6.471102444e-15
209.4779249  5.065503896e-16  6.403797518e-15
209.7387739  5.021568862e-16  6.348254957e-15
209.9195339  4.99137871e-16  6.310088641e-15
210  4.978006199e-16  6.293183145e-15
210.0804661  4.964674616e-16  6.276329391e-15
210.2612261  4.934874898e-16  6.238656661e-15
210.5220751  4.892231523e-16  6.184747012e-15
210.834721  4.841674184e-16  6.120832548e-15
211.165279  4.788868624e-16  6.05407589e-15
211.4779249  4.739529311e-16  5.991701252e-15
211.7387739  4.698808431e-16  5.940222016e-15
211.9195339  4.67082467e-16  5.904845016e-15
212  4.658428882e-16  5.88917429e-15
212.0804661  4.646070675e-16  5.873551076e-15
212.2612261  4.618445423e-16  5.8386273e-15
212.5220751  4.57891058e-16  5.78864745e-15
212.834721  4.532033865e-16  5.729386022e-15
213.165279  4.483066988e-16  5.667482216e-15
213.4779249  4.437309148e-16  5.609635269e-15
213.7387739  4.399540302e-16  5.561887986e-15
213.9195339  4.373583178e-16  5.529073055e-15
214  4.362084585e-16  5.514536562e-15
214.0804661  4.350620529e-16  5.500043731e-15
214.2612261  4.324992862e-16  5.467645297e-15
214.5220751  4.28831394e-16  5.421275895e-15
214.834721  4.244819134e-16  5.366289868e-15
215.165279  4.199379848e-16  5.308845635e-15
215.4779249  4.156913655e-16  5.255159979e-15
215.7387739  4.121858259e-16  5.210843033e-15
215.9195339  4.097764142e-16  5.18038331e-15
216  4.087090347e-16  5.166889526e-15
216.0804661  4.076448316e-16  5.153435896e-15
216.2612261  4.052657195e-16  5.12335922e-15
216.5220751  4.018604188e-16  5.080309492e-15
216.834721  3.978219272e-16  5.029254981e-15
217.165279  3.936024247e-16  4.975912134e-15
217.4779249  3.896585699e-16  4.926054019e-15
217.7387739  3.864026403e-16  4.884892638e-15
217.9195339  3.84164621e-16  4.856599653e-15
218  3.83173125e-16  4.844065186e-15
218.0804661  3.821845525e-16  4.831567676e-15
218.2612261  3.799744209e-16  4.803627247e-15
218.5220751  3.768107508e-16  4.763632208e-15
218.834721  3.730584557e-16  4.716195785e-15
219.165279  3.691375522e-16  4.666627821e-15
219.4779249  3.654723936e-16  4.620292976e-15
219.7387739  3.624462563e-16  4.582036623e-15
219.9195339  3.60366035e-16  4.555738516e-15
220  3.594444071e-16  4.544087319e-15
220.0804661  3.58525472e-16  4.532470164e-15
220.2612261  3.564709378e-16  4.506496794e-15
220.5220751  3.535297802e-16  4.469314753e-15
220.834721  3.500410657e-16  4.42521051e-15
221.165279  3.463951987e-16  4.379119549e-15
221.4779249  3.429867751e-16  4.336030342e-15
221.7387739  3.401723453e-16  4.30045039e-15
221.9195339  3.382375151e-16  4.275990314e-15
222  3.37380265e-16  4.26515298e-15
222.0804661  3.365254971e-16  4.254347025e-15
222.2612261  3.346143448e-16  4.230186285e-15
222.5220751  3.318782475e-16  4.195596611e-15
222.834721  3.286324662e-16  4.154563523e-15
223.165279  3.252401208e-16  4.111677577e-15
223.4779249  3.220683772e-16  4.071580472e-15
223.7387739  3.194491376e-16  4.038468111e-15
223.9195339  3.176483662e-16  4.015702802e-15
224  3.168504789e-16  4.005615931e-15
224.0804661  3.160548812e-16  3.995558005e-15
224.2612261  3.142759516e-16  3.97306882e-15
224.5220751  3.117289701e-16  3.940869943e-15
224.834721  3.08707256e-16  3.902669508e-15
225.165279  3.055487714e-16  3.862740024e-15
225.4779249  3.025953782e-16  3.8254033e-15
225.7387739  3.001562312e-16  3.794567664e-15
225.9195339  2.984791591e-16  3.773366159e-15
226  2.977360498e-16  3.763971791e-15
226.0804661  2.969950542e-16  3.754604142e-15
226.2612261  2.953381446e-16  3.733657532e-15
226.5220751  2.929657001e-16  3.703665147e-15
226.834721  2.901508012e-16  3.668079265e-15
227.165279  2.87208196e-16  3.630878922e-15
227.4779249  2.844563875e-16  3.596090628e-15
227.7387739  2.821835219e-16  3.567357116e-15
227.9195339  2.806206714e-16  3.5475996e-15
228  2.799281456e-16  3.538844705e-15
228.0804661  2.792375723e-16  3.530114494e-15
228.2612261  2.776933473e-16  3.51059244e-15
228.5220751  2.754820992e-16  3.482637896e-15
228.834721  2.728582268e-16  3.449466966e-15
229.165279  2.701150427e-16  3.4147877e-15
229.4779249  2.675494714e-16  3.382353811e-15
229.7387739  2.654302426e-16  3.355562574e-15
229.9195339  2.639729364e-16  3.337139344e-15
230  2.633271532e-16  3.328975369e-15
230.0804661  2.626831749e-16  3.320834212e-15
230.2612261  2.612430862e-16  3.302628645e-15
230.5220751  2.59180817e-16  3.276557489e-15
230.834721  2.567335104e-16  3.245618699e-15
231.165279  2.541746716e-16  3.213269922e-15
231.4779249  2.517812773e-16  3.183012691e-15
231.7387739  2.498041004e-16  3.158017269e-15
231.9195339  2.48444387e-16  3.140827806e-15
232  2.47841827e-16  3.133210258e-15
232.0804661  2.472409366e-16  3.125613816e-15
232.2612261  2.458971501e-16  3.1086257e-15
232.5220751  2.439726628e-16  3.084296379e-15
232.834721  2.416886674e-16  3.055422165e-15
233.165279  2.393003538e-16  3.025229164e-15
233.4779249  2.370662459e-16  2.996985627e-15
233.7387739  2.352204983e-16  2.973651731e-15
233.9195339  2.339510866e-16  2.95760386e-15
234  2.333885223e-16  2.950491936e-15
234.0804661  2.328275035e-16  2.943399551e-15
234.2612261  2.315728346e-16  2.927538057e-15
234.5220751  2.297758594e-16  2.904820741e-15
234.834721  2.276430168e-16  2.877857398e-15
235.165279  2.254125499e-16  2.849659891e-15
235.4779249  2.233259013e-16  2.82328053e-15
235.7387739  2.216018358e-16  2.801484937e-15
235.9195339  2.204160349e-16  2.78649407e-15
236  2.198905044e-16  2.779850327e-15
236.0804661  2.193664054e-16  2.77322468e-15
236.2612261  2.181942601e-16  2.758406448e-15
236.5220751  2.165153706e-16  2.73718197e-15
236.834721  2.145225202e-16  2.711988404e-15
237.165279  2.124382603e-16  2.685639242e-15
237.4779249  2.104882115e-16  2.660986772e-15
237.7387739  2.088768775e-16  2.640616328e-15
237.9195339  2.077685426e-16  2.626604786e-15
238  2.072773257e-16  2.620394834e-15
238.0804661  2.067874356e-16  2.614201655e-15
238.2612261  2.056917577e-16  2.600350122e-15
238.5220751  2.041222957e-16  2.580509022e-15
238.834721  2.022591847e-16  2.556955619e-15
239.165279  2.00310438e-16  2.532319612e-15
239.4779249  1.984870109e-16  2.509267891e-15
239.7387739  1.969801834e-16  2.490218615e-15
239.9195339  1.959436676e-16  2.477115008e-15
240  1.954842643e-16  2.471307243e-15
240.0804661  1.950260915e-16  2.465515034e-15
240.2612261  1.940013145e-16  2.452559827e-15
240.5220751  1.925333212e-16  2.434001492e-15
240.834721  1.907905246e-16  2.411969101e-15
241.165279  1.889674593e-16  2.388921955e-15
241.4779249  1.872614791e-16  2.367354995e-15
241.7387739  1.858515945e-16  2.349531268e-15
241.9195339  1.848817045e-16  2.337269944e-15
242  1.844518156e-16  2.331835298e-15
242.0804661  1.840230686e-16  2.326415089e-15
242.2612261  1.830640725e-16  2.314291484e-15
242.5220751  1.816902272e-16  2.296923366e-15
242.834721  1.800590745e-16  2.276302374e-15
243.165279  1.783526452e-16  2.254729736e-15
243.4779249  1.767556698e-16  2.234540813e-15
243.7387739  1.754357677e-16  2.217854644e-15
243.9195339  1.745277243e-16  2.206375181e-15
244  1.741252335e-16  2.201286903e-15
244.0804661  1.737238032e-16  2.196212031e-15
244.2612261  1.728258758e-16  2.184860455e-15
244.5220751  1.7153944e-16  2.168597364e-15
244.834721  1.700119495e-16  2.149286868e-15
245.165279  1.68413828e-16  2.129083455e-15
245.4779249  1.669180843e-16  2.1101743e-15
245.7387739  1.656817554e-16  2.094544661e-15
245.9195339  1.648311569e-16  2.083791416e-15
246  1.644541156e-16  2.079024868e-15
246.0804661  1.640780596e-16  2.074270778e-15
246.2612261  1.632368606e-16  2.063636361e-15
246.5220751  1.620316273e-16  2.048399831e-15
246.834721  1.606004463e-16  2.030306877e-15
247.165279  1.591029602e-16  2.011375695e-15
247.4779249  1.57701286e-16  1.993655764e-15
247.7387739  1.565426241e-16  1.979007989e-15
247.9195339  1.557454145e-16  1.968929685e-15
248  1.553920265e-16  1.964462162e-15
248.0804661  1.550395546e-16  1.960006221e-15
248.2612261  1.542510838e-16  1.950038393e-15
248.5220751  1.53121332e-16  1.935756098e-15
248.834721  1.517796828e-16  1.918795002e-15
249.165279  1.503757587e-16  1.901046629e-15
249.4779249  1.490615505e-16  1.884432441e-15
249.7387739  1.479751096e-16  1.870697681e-15
249.9195339  1.472275484e-16  1.861247032e-15
250  1.468961574e-16  1.857057595e-15
250.0804661  1.465656186e-16  1.852878932e-15
250.2612261  1.458261869e-16  1.843531055e-15
250.5220751  1.447666399e-16  1.830136287e-15
250.834721  1.435082705e-16  1.814228012e-15
251.165279  1.421913833e-16  1.797579957e-15
251.4779249  1.409585486e-16  1.78199449e-15
251.7387739  1.399393036e-16  1.76910922e-15
251.9195339  1.392379394e-16  1.760242592e-15
252  1.38927017e-16  1.756311918e-15
252.0804661  1.386168878e-16  1.752391273e-15
252.2612261  1.379230905e-16  1.743620304e-15
252.5220751  1.369288783e-16  1.731051498e-15
252.834721  1.357480181e-16  1.716123093e-15
253.165279  1.345121442e-16  1.700499206e-15
253.4779249  1.333550584e-16  1.685871355e-15
253.7387739  1.323983698e-16  1.673776922e-15
253.9195339  1.317400156e-16  1.665454025e-15
254  1.314481505e-16  1.661764273e-15
254.0804661  1.311570241e-16  1.65808386e-15
254.2612261  1.305057171e-16  1.649850053e-15
254.5220751  1.295723422e-16  1.638050351e-15
254.834721  1.284636615e-16  1.624034437e-15
255.165279  1.273032371e-16  1.60936438e-15
255.4779249  1.262167042e-16  1.595628459e-15
255.7387739  1.253182858e-16  1.584270675e-15
255.9195339  1.246999971e-16  1.576454284e-15
256  1.244258852e-16  1.572988968e-15
256.0804661  1.241524617e-16  1.569532355e-15
256.2612261  1.235407398e-16  1.561798982e-15
256.5220751  1.226640461e-16  1.550715842e-15
256.834721  1.216226192e-16  1.537550149e-15
257.165279  1.205325018e-16  1.523768912e-15
257.4779249  1.19511719e-16  1.510864201e-15
257.7387739  1.186676083e-16  1.500192974e-15
257.9195339  1.180866627e-16  1.492848674e-15
258  1.178290984e-16  1.489592552e-15
258.0804661  1.175721758e-16  1.486344544e-15
258.2612261  1.16997353e-16  1.479077648e-15
258.5220751  1.161734974e-16  1.468662486e-15
258.834721  1.151947694e-16  1.456289431e-15
259.165279  1.14170203e-16  1.443336888e-15
259.4779249  1.132107279e-16  1.431207227e-15
259.7387739  1.124172595e-16  1.421176219e-15
259.9195339  1.118711389e-16  1.414272175e-15
260  1.116290067e-16  1.411211147e-15
260.0804661  1.113874733e-16  1.408157687e-15
260.2612261  1.108470643e-16  1.40132585e-15
260.5220751  1.100724912e-16  1.391533716e-15
260.834721  1.091522473e-16  1.379900015e-15
261.165279  1.081888307e-16  1.367720526e-15
261.4779249  1.072865519e-16  1.35631394e-15
261.7387739  1.065403333e-16  1.346880263e-15
261.9195339  1.060267066e-16  1.340387007e-15
262  1.057989742e-16  1.33750802e-15
262.0804661  1.055718007e-16  1.334636097e-15
262.2612261  1.05063505e-16  1.328210236e-15
262.5220751  1.043349224e-16  1.318999513e-15
262.834721  1.034692604e-16  1.308055835e-15
263.165279  1.025629183e-16  1.29659788e-15
263.4779249  1.017140284e-16  1.285866236e-15
263.7387739  1.010119178e-16  1.276990171e-15
263.9195339  1.005286261e-16  1.270880409e-15
264  1.003143372e-16  1.268171374e-15
264.0804661  1.001005702e-16  1.265468937e-15
264.2612261  9.962225687e-17  1.259422112e-15
264.5220751  9.89366156e-17  1.250754252e-15
264.834721  9.812192024e-17  1.240454893e-15
265.165279  9.726887683e-17  1.229670739e-15
265.4779249  9.646984823e-17  1.219569439e-15
265.7387739  9.580893409e-17  1.211214179e-15
265.9195339  9.535397672e-17  1.205462619e-15
266  9.515224508e-17  1.202912333e-15
266.0804661  9.495100105e-17  1.200368211e-15
266.2612261  9.45006951e-17  1.194675454e-15
266.5220751  9.385516878e-17  1.186514726e-15
266.834721  9.308808908e-17  1.176817324e-15
267.165279  9.228484413e-17  1.166662721e-15
267.4779249  9.153240609e-17  1.157150418e-15
267.7387739  9.090998896e-17  1.149281836e-15
267.9195339  9.048151072e-17  1.143865024e-15
268  9.029151456e-17  1.141463098e-15
268.0804661  9.010197421e-17  1.139066933e-15
268.2612261  8.967784414e-17  1.133705091e-15
268.5220751  8.906981164e-17  1.12601836e-15
268.834721  8.834723958e-17  1.116883621e-15
269.165279  8.75905464e-17  1.107317525e-15
269.4779249  8.688166489e-17  1.098355862e-15
269.7387739  8.629524041e-17  1.090942299e-15
269.9195339  8.589152011e-17  1.085838477e-15
270  8.571249696e-17  1.08357527e-15
270.0804661  8.553390012e-17  1.081317453e-15
270.2612261  8.513424656e-17  1.076265043e-15
270.5220751  8.456127565e-17  1.069021559e-15
270.834721  8.388032701e-17  1.060413023e-15
271.165279  8.316717237e-17  1.05139734e-15
271.4779249  8.249903133e-17  1.042950717e-15
271.7387739  8.194627485e-17  1.035962783e-15
271.9195339  8.156571472e-17  1.031151752e-15
272  8.139695676e-17  1.029018318e-15
272.0804661  8.122859772e-17  1.026889927e-15
272.2612261  8.085184298e-17  1.022127003e-15
272.5220751  8.03116755e-17  1.015298219e-15
272.834721  7.966967222e-17  1.007182029e-15
273.165279  7.899725809e-17  9.986813863e-16
273.4779249  7.836724229e-17  9.90716742e-16
273.7387739  7.784599478e-17  9.841271439e-16
273.9195339  7.748711081e-17  9.795901416e-16
274  7.732796059e-17  9.775781684e-16
274.0804661  7.716918383e-17  9.755709166e-16
274.2612261  7.681386243e-17  9.710789522e-16
274.5220751  7.630440065e-17  9.64638349e-16
274.834721  7.569885478e-17  9.569830531e-16
275.165279  7.506458149e-17  9.489645857e-16
275.4779249  7.447026089e-17  9.414511994e-16
275.7387739  7.397851609e-17  9.352345738e-16
275.9195339  7.363992916e-17  9.309541661e-16
276  7.348977568e-17  9.290559296e-16
276.0804661  7.3339972e-17  9.271621152e-16
276.2612261  7.300472192e-17  9.22923892e-16
276.5220751  7.252401611e-17  9.168468209e-16
276.834721  7.195261504e-17  9.096231828e-16
277.165279  7.135406592e-17  9.020563395e-16
277.4779249  7.07931814e-17  8.949656512e-16
277.7387739  7.032907396e-17  8.890984164e-16
277.9195339  7.000950176e-17  8.850583926e-16
278  6.986777689e-17  8.832667104e-16
278.0804661  6.972637983e-17  8.814791721e-16
278.2612261  6.940993454e-17  8.774786786e-16
278.5220751  6.895617155e-17  8.717422182e-16
278.834721  6.841676453e-17  8.649230479e-16
279.165279  6.785169186e-17  8.577794132e-16
279.4779249  6.732214202e-17  8.510848572e-16
279.7387739  6.688393673e-17  8.455450767e-16
279.9195339  6.658218634e-17  8.417303557e-16
280  6.644836155e-17  8.40038546e-16
280.0804661  6.631484407e-17  8.383506214e-16
280.2612261  6.601602523e-17  8.345729609e-16
280.5220751  6.558751807e-17  8.29155784e-16
280.834721  6.50781038e-17  8.227157814e-16
281.165279  6.454441592e-17  8.159689124e-16
281.4779249  6.40442451e-17  8.096457652e-16
281.7387739  6.363032694e-17  8.044130221e-16
281.9195339  6.334528802e-17  8.00809567e-16
282  6.321887133e-17  7.992114104e-16
282.0804661  6.309274289e-17  7.976168977e-16
282.2612261  6.281045361e-17  7.940482037e-16
282.5220751  6.240563183e-17  7.889304567e-16
282.834721  6.192434717e-17  7.828460679e-16
283.165279  6.142009661e-17  7.764713447e-16
283.4779249  6.094748381e-17  7.704965854e-16
283.7387739  6.05563489e-17  7.655518676e-16
283.9195339  6.028698743e-17  7.621466065e-16
284  6.016752067e-17  7.606363107e-16
284.0804661  6.00483244e-17  7.591294344e-16
284.2612261  5.978154313e-17  7.557567922e-16
284.5220751  5.939894404e-17  7.509199839e-16
284.834721  5.894405354e-17  7.451692695e-16
285.165279  5.846742618e-17  7.391437581e-16
285.4779249  5.802067497e-17  7.334959404e-16
285.7387739  5.765092218e-17  7.288215347e-16
285.9195339  5.739627475e-17  7.256022881e-16
286  5.728333103e-17  7.241744565e-16
286.0804661  5.717064124e-17  7.227498349e-16
286.2612261  5.691841609e-17  7.195612108e-16
286.5220751  5.655667667e-17  7.149881101e-16
286.834721  5.612656305e-17  7.095506242e-16
287.165279  5.567586814e-17  7.038529503e-16
287.4779249  5.525339733e-17  6.985120847e-16
287.7387739  5.49037206e-17  6.940914802e-16
287.9195339  5.466288913e-17  6.910468947e-16
288  5.455607049e-17  6.896964961e-16
288.0804661  5.444949035e-17  6.883491125e-16
288.2612261  5.42109339e-17  6.853332878e-16
288.5220751  5.38687834e-17  6.810078297e-16
288.834721  5.346193873e-17  6.758645094e-16
289.165279  5.303559973e-17  6.704747423e-16
289.4779249  5.263593481e-17  6.654221882e-16
289.7387739  5.230511615e-17  6.612399868e-16
289.9195339  5.207726305e-17  6.583594737e-16
290  5.197619833e-17  6.570818159e-16
290.0804661  5.187535769e-17  6.55806991e-16
290.2612261  5.164964225e-17  6.52953502e-16
290.5220751  5.132589535e-17  6.488607017e-16
290.834721  5.094091297e-17  6.43993764e-16
291.165279  5.053745912e-17  6.388933104e-16
291.4779249  5.015922441e-17  6.341116764e-16
291.7387739  4.984612736e-17  6.301535113e-16
291.9195339  4.96304711e-17  6.274271902e-16
292  4.953481394e-17  6.262178947e-16
292.0804661  4.943936743e-17  6.250112623e-16
292.2612261  4.92257206e-17  6.223103444e-16
292.5220751  4.891927113e-17  6.184362178e-16
292.834721  4.855483827e-17  6.138290665e-16
293.165279  4.817289682e-17  6.090005721e-16
293.4779249  4.781480822e-17  6.044736249e-16
293.7387739  4.751837192e-17  6.007260845e-16
293.9195339  4.731418289e-17  5.981447319e-16
294  4.722360997e-17  5.969997112e-16
294.0804661  4.713323514e-17  5.958571949e-16
294.2612261  4.693093582e-17  5.932997319e-16
294.5220751  4.664075101e-17  5.896312226e-16
294.834721  4.629564186e-17  5.852683613e-16
295.165279  4.593393095e-17  5.806956209e-16
295.4779249  4.55947893e-17  5.764082005e-16
295.7387739  4.531402297e-17  5.728587596e-16
295.9195339  4.512061976e-17  5.704137609e-16
296  4.503482908e-17  5.693291972e-16
296.0804661  4.494922476e-17  5.682469896e-16
296.2612261  4.475759939e-17  5.658244664e-16
296.5220751  4.448271451e-17  5.623493785e-16
296.834721  4.4155784e-17  5.582163311e-16
297.165279  4.381310609e-17  5.538842054e-16
297.4779249  4.349179099e-17  5.498221478e-16
297.7387739  4.322576891e-17  5.464591033e-16
297.9195339  4.304251478e-17  5.44142409e-16
298  4.296122414e-17  5.431147348e-16
298.0804661  4.288010891e-17  5.420892781e-16
298.2612261  4.269852807e-17  5.397937375e-16
298.5220751  4.243804156e-17  5.365006735e-16
298.834721  4.212821951e-17  5.325839108e-16
299.165279  4.180345528e-17  5.284782495e-16
299.4779249  4.14989195e-17  5.246283156e-16
299.7387739  4.12467763e-17  5.214407275e-16
299.9195339  4.107307599e-17  5.192448126e-16
300  4.099602159e-17  5.182706927e-16
300.0804661  4.091913234e-17  5.172986608e-16
300.2612261  4.074700758e-17  5.151226637e-16
300.5220751  4.050007653e-17  5.120009675e-16
300.834721  4.02063623e-17  5.082878394e-16
301.165279  3.989846512e-17  5.04395411e-16
301.4779249  3.960972931e-17  5.007452199e-16
301.7387739  3.937065568e-17  4.97722857e-16
301.9195339  3.920595251e-17  4.956406836e-16
302  3.91328876e-17  4.947169988e-16
302.0804661  3.905997826e-17  4.937952807e-16
302.2612261  3.889675917e-17  4.91731869e-16
302.5220751  3.866259514e-17  4.887715732e-16
302.834721  3.83840527e-17  4.852502465e-16
303.165279  3.809204344e-17  4.815586727e-16
303.4779249  3.781819136e-17  4.780966413e-16
303.7387739  3.75914301e-17  4.752299312e-16
303.9195339  3.743520318e-17  4.732549143e-16
304  3.736589688e-17  4.723787457e-16
304.0804661  3.729673718e-17  4.715044306e-16
304.2612261  3.714190874e-17  4.695470932e-16
304.5220751  3.691977392e-17  4.667388703e-16
304.834721  3.665552728e-17  4.633982708e-16
305.165279  3.637848956e-17  4.598959668e-16
305.4779249  3.611866362e-17  4.566112536e-16
305.7387739  3.590350596e-17  4.538912359e-16
305.9195339  3.575526769e-17  4.520172112e-16
306  3.568950388e-17  4.511858268e-16
306.0804661  3.562387827e-17  4.503561895e-16
306.2612261  3.547695832e-17  4.484988312e-16
306.5220751  3.526616197e-17  4.458339488e-16
306.834721  3.501539099e-17  4.426637083e-16
307.165279  3.475246676e-17  4.393398268e-16
307.4779249  3.450586394e-17  4.3622228e-16
307.7387739  3.430164616e-17  4.336405638e-16
307.9195339  3.41609399e-17  4.318617587e-16
308  3.409851617e-17  4.310725995e-16
308.0804661  3.403622278e-17  4.30285088e-16
308.2612261  3.389675978e-17  4.285220001e-16
308.5220751  3.369665493e-17  4.259922796e-16
308.834721  3.345859141e-17  4.229826865e-16
309.165279  3.320897695e-17  4.198270666e-16
309.4779249  3.297484497e-17  4.16867176e-16
309.7387739  3.278094525e-17  4.144159005e-16
309.9195339  3.264734319e-17  4.127269065e-16
310  3.258806991e-17  4.119775752e-16
310.0804661  3.252891959e-17  4.112297983e-16
310.2612261  3.239649044e-17  4.095556322e-16
310.5220751  3.22064709e-17  4.071534099e-16
310.834721  3.1980395e-17  4.04295364e-16
311.165279  3.174333709e-17  4.012984837e-16
311.4779249  3.152097095e-17  3.984873364e-16
311.7387739  3.13368065e-17  3.96159134e-16
311.9195339  3.120990765e-17  3.945548819e-16
312  3.115360707e-17  3.938431314e-16
312.0804661  3.109742254e-17  3.931328479e-16
312.2612261  3.097163064e-17  3.915425898e-16
312.5220751  3.079112818e-17  3.892606821e-16
312.834721  3.057636507e-17  3.865456522e-16
313.165279  3.035115757e-17  3.836985846e-16
313.4779249  3.013989625e-17  3.810278242e-16
313.7387739  2.996492063e-17  3.788157867e-16
313.9195339  2.9844349e-17  3.772915232e-16
314  2.979085445e-17  3.766152464e-16
314.0804661  2.973746946e-17  3.759403546e-16
314.2612261  2.961794292e-17  3.74429303e-16
314.5220751  2.944642463e-17  3.72260973e-16
314.834721  2.924234143e-17  3.696809583e-16
315.165279  2.902832205e-17  3.669753306e-16
315.4779249  2.882754555e-17  3.64437119e-16
315.7387739  2.866124618e-17  3.623347666e-16
315.9195339  2.854664907e-17  3.608860327e-16
316  2.849580419e-17  3.60243253e-16
316.0804661  2.844506278e-17  3.596017813e-16
316.2612261  2.833145271e-17  3.581655256e-16
316.5220751  2.816841865e-17  3.56104453e-16
316.834721  2.797442159e-17  3.53651947e-16
317.165279  2.77709689e-17  3.510799032e-16
317.4779249  2.758009544e-17  3.486668855e-16
317.7387739  2.742199133e-17  3.466681373e-16
317.9195339  2.731303774e-17  3.452907487e-16
318  2.726469579e-17  3.446796109e-16
318.0804661  2.72164516e-17  3.440697091e-16
318.2612261  2.710843056e-17  3.427041098e-16
318.5220751  2.695341151e-17  3.407443628e-16
318.834721  2.676894325e-17  3.384123196e-16
319.165279  2.657547396e-17  3.359664856e-16
319.4779249  2.63939574e-17  3.336717577e-16
319.7387739  2.624359699e-17  3.317709051e-16
319.9195339  2.613997617e-17  3.304609333e-16
320  2.609399939e-17  3.29879696e-16
320.0804661  2.604811501e-17  3.292996268e-16
320.2612261  2.594537559e-17  3.280007975e-16
320.5220751  2.579793097e-17  3.261368064e-16
320.834721  2.56224682e-17  3.239186103e-16
321.165279  2.543843455e-17  3.215920615e-16
321.4779249  2.526576203e-17  3.194091397e-16
321.7387739  2.512272123e-17  3.176008215e-16
321.9195339  2.502414135e-17  3.16354577e-16
322  2.498040035e-17  3.158016044e-16
322.0804661  2.493674671e-17  3.152497362e-16
322.2612261  2.483900015e-17  3.140140266e-16
322.5220751  2.469871615e-17  3.122405597e-16
322.834721  2.453176728e-17  3.101299962e-16
323.165279  2.435665472e-17  3.079162276e-16
323.4779249  2.41923444e-17  3.058390206e-16
323.7387739  2.40562248e-17  3.041181999e-16
323.9195339  2.396241163e-17  3.029322161e-16
324  2.392078484e-17  3.024059713e-16
324.0804661  2.387924067e-17  3.01880771e-16
324.2612261  2.378621566e-17  3.007047511e-16
324.5220751  2.365270342e-17  2.990168927e-16
324.834721  2.349380651e-17  2.970081218e-16
325.165279  2.332713148e-17  2.949010202e-16
325.4779249  2.317073053e-17  2.929238032e-16
325.7387739  2.304115764e-17  2.912857459e-16
325.9195339  2.295185344e-17  2.901567645e-16
326  2.29122266e-17  2.896558029e-16
326.0804661  2.287267792e-17  2.891558295e-16
326.2612261  2.278411942e-17  2.880362751e-16
326.5220751  2.265701341e-17  2.864294041e-16
326.834721  2.25057342e-17  2.84516936e-16
327.165279  2.234704206e-17  2.82510754e-16
327.4779249  2.219812473e-17  2.806281447e-16
327.7387739  2.207474645e-17  2.790683996e-16
327.9195339  2.198970889e-17  2.779933569e-16
328  2.195197453e-17  2.7751632e-16
328.0804661  2.191431416e-17  2.770402185e-16
328.2612261  2.182998236e-17  2.759740979e-16
328.5220751  2.170893884e-17  2.744438687e-16
328.834721  2.156486893e-17  2.726225405e-16
329.165279  2.141373212e-17  2.707118728e-16
329.4779249  2.127189797e-17  2.689188089e-16
329.7387739  2.115438312e-17  2.674331891e-16
329.9195339  2.107338423e-17  2.664092032e-16
330  2.103744129e-17  2.659548134e-16
330.0804661  2.10015684e-17  2.655013091e-16
330.2612261  2.092123769e-17  2.644857703e-16
330.5220751  2.080593329e-17  2.63028095e-16
330.834721  2.066868847e-17  2.612930493e-16
331.165279  2.052470473e-17  2.594728104e-16
331.4779249  2.038957698e-17  2.577645288e-16
331.7387739  2.027761393e-17  2.563490947e-16
331.9195339  2.020043922e-17  2.553734538e-16
332  2.016619258e-17  2.549405087e-16
332.0804661  2.013201228e-17  2.545084022e-16
332.2612261  2.005547038e-17  2.535407614e-16
332.5220751  1.994560079e-17  2.521517926e-16
332.834721  1.981481946e-17  2.504984583e-16
333.165279  1.967761017e-17  2.487638619e-16
333.4779249  1.954883419e-17  2.471358791e-16
333.7387739  1.944212961e-17  2.457869224e-16
333.9195339  1.936857714e-17  2.448570739e-16
334  1.933593727e-17  2.444444416e-16
334.0804661  1.930336026e-17  2.440326037e-16
334.2612261  1.92304073e-17  2.431103343e-16
334.5220751  1.912568602e-17  2.417864504e-16
334.834721  1.900102775e-17  2.402105236e-16
335.165279  1.887023643e-17  2.385570631e-16
335.4779249  1.87474783e-17  2.370051578e-16
335.7387739  1.864575597e-17  2.357191866e-16
335.9195339  1.85756356e-17  2.348327266e-16
336  1.85445182e-17  2.344393412e-16
336.0804661  1.851346035e-17  2.340467087e-16
336.2612261  1.844390814e-17  2.331674313e-16
336.5220751  1.834406535e-17  2.319052212e-16
336.834721  1.822520952e-17  2.304026487e-16
337.165279  1.810050042e-17  2.288260793e-16
337.4779249  1.79834456e-17  2.273462752e-16
337.7387739  1.788644533e-17  2.261200003e-16
337.9195339  1.781957795e-17  2.252746644e-16
338  1.778990358e-17  2.248995218e-16
338.0804661  1.776028567e-17  2.245250929e-16
338.2612261  1.769395689e-17  2.236865661e-16
338.5220751  1.759873841e-17  2.224828165e-16
338.834721  1.748538293e-17  2.210497792e-16
339.165279  1.736643969e-17  2.195461018e-16
339.4779249  1.725479182e-17  2.181346522e-16
339.7387739  1.716226845e-17  2.169649739e-16
339.9195339  1.709848525e-17  2.161586284e-16
340  1.707017907e-17  2.158007823e-16
340.0804661  1.704192642e-17  2.154436131e-16
340.2612261  1.697865398e-17  2.146437244e-16
340.5220751  1.688782025e-17  2.134954066e-16
340.834721  1.677968041e-17  2.121283054e-16
341.165279  1.666620486e-17  2.106937503e-16
341.4779249  1.655968458e-17  2.093471236e-16
341.7387739  1.647140698e-17  2.082311204e-16
341.9195339  1.641054886e-17  2.074617535e-16
342  1.63835403e-17  2.07120312e-16
342.0804661  1.635658253e-17  2.067795125e-16
342.2612261  1.62962089e-17  2.060162705e-16
342.5220751  1.620953407e-17  2.049205295e-16
342.834721  1.610634144e-17  2.036159708e-16
343.165279  1.599805244e-17  2.02246984e-16
343.4779249  1.589639634e-17  2.009618501e-16
343.7387739  1.581214659e-17  1.998967667e-16
343.9195339  1.575406349e-17  1.991624817e-16
344  1.572828602e-17  1.988366035e-16
344.0804661  1.570255674e-17  1.985113346e-16
344.2612261  1.564493336e-17  1.977828613e-16
344.5220751  1.556220443e-17  1.967370042e-16
344.834721  1.546370586e-17  1.954917876e-16
345.165279  1.536033823e-17  1.941850167e-16
345.4779249  1.526329785e-17  1.929582346e-16
345.7387739  1.518287036e-17  1.919414722e-16
345.9195339  1.512742075e-17  1.912404796e-16
346  1.510281159e-17  1.909293713e-16
346.0804661  1.507824818e-17  1.906188412e-16
346.2612261  1.502323491e-17  1.899233648e-16
346.5220751  1.494425094e-17  1.889248514e-16
346.834721  1.485020756e-17  1.877359573e-16
347.165279  1.475151112e-17  1.864882394e-16
347.4779249  1.465885202e-17  1.853168453e-16
347.7387739  1.458205282e-17  1.843459517e-16
347.9195339  1.452910312e-17  1.836765629e-16
348  1.450560305e-17  1.833794755e-16
348.0804661  1.44821464e-17  1.830829372e-16
348.2612261  1.442961099e-17  1.824187859e-16
348.5220751  1.435418233e-17  1.814652186e-16
348.834721  1.426436873e-17  1.803297973e-16
349.165279  1.417010734e-17  1.791381471e-16
349.4779249  1.408160823e-17  1.780193435e-16
349.7387739  1.400825421e-17  1.770920038e-16
349.9195339  1.395767834e-17  1.76452625e-16
350  1.393523143e-17  1.761688517e-16
350.0804661  1.391282577e-17  1.758855998e-16
350.2612261  1.386264337e-17  1.752511952e-16
350.5220751  1.379059099e-17  1.743403108e-16
350.834721  1.370479434e-17  1.732556717e-16
351.165279  1.361474505e-17  1.721172707e-16
351.4779249  1.3530197e-17  1.710484164e-16
351.7387739  1.346011526e-17  1.701624448e-16
351.9195339  1.341179417e-17  1.695515708e-16
352  1.339034763e-17  1.692804441e-16
352.0804661  1.336894027e-17  1.690098127e-16
352.2612261  1.332099297e-17  1.684036642e-16
352.5220751  1.325214781e-17  1.675333254e-16
352.834721  1.317016713e-17  1.664969276e-16
353.165279  1.308411936e-17  1.654091139e-16
353.4779249  1.300332503e-17  1.643877139e-16
353.7387739  1.293635227e-17  1.63541046e-16
353.9195339  1.289017349e-17  1.62957255e-16
354  1.286967744e-17  1.626981444e-16
354.0804661  1.284921862e-17  1.624395045e-16
354.2612261  1.280339506e-17  1.618602042e-16
354.5220751  1.27375974e-17  1.610283918e-16
354.834721  1.26592428e-17  1.600378349e-16
355.165279  1.257699763e-17  1.589980935e-16
355.4779249  1.249977057e-17  1.580217909e-16
355.7387739  1.243575248e-17  1.572124758e-16
355.9195339  1.239160976e-17  1.566544246e-16
356  1.237201707e-17  1.564067343e-16
356.0804661  1.235245977e-17  1.561594914e-16
356.2612261  1.23086547e-17  1.556057088e-16
356.5220751  1.224575362e-17  1.548105149e-16
356.834721  1.217084566e-17  1.538635303e-16
357.165279  1.209221508e-17  1.528694845e-16
357.4779249  1.201837907e-17  1.519360515e-16
357.7387739  1.195716982e-17  1.511622456e-16
357.9195339  1.191496272e-17  1.506286645e-16
358  1.189622884e-17  1.503918312e-16
358.0804661  1.187752861e-17  1.501554234e-16
358.2612261  1.183564256e-17  1.49625901e-16
358.5220751  1.177549539e-17  1.488655219e-16
358.834721  1.170386445e-17  1.479599654e-16
359.165279  1.162867072e-17  1.470093682e-16
359.4779249  1.155805917e-17  1.461166986e-16
359.7387739  1.149952087e-17  1.453766589e-16
359.9195339  1.145915442e-17  1.448663473e-16
360  1.144123723e-17  1.446398386e-16
360.0804661  1.142335206e-17  1.444137347e-16
360.2612261  1.138329096e-17  1.439072832e-16
360.5220751  1.13257628e-17  1.431800137e-16
360.834721  1.125724848e-17  1.423138574e-16
361.165279  1.118532353e-17  1.414045839e-16
361.4779249  1.111777888e-17  1.405506861e-16
361.7387739  1.106178112e-17  1.398427638e-16
361.9195339  1.102316552e-17  1.393545863e-16
362  1.100602519e-17  1.391378987e-16
362.0804661  1.098891532e-17  1.389215961e-16
362.2612261  1.095059021e-17  1.38437091e-16
362.5220751  1.089555346e-17  1.377413178e-16
362.834721  1.083000404e-17  1.369126436e-16
363.165279  1.076118887e-17  1.360426839e-16
363.4779249  1.069656207e-17  1.352256736e-16
363.7387739  1.064298149e-17  1.345483092e-16
363.9195339  1.060603175e-17  1.340811915e-16
364  1.05896306e-17  1.338738485e-16
364.0804661  1.057325842e-17  1.336668719e-16
364.2612261  1.053658513e-17  1.33203249e-16
364.5220751  1.048391906e-17  1.325374459e-16
364.834721  1.042119097e-17  1.317444389e-16
365.165279  1.035533514e-17  1.309118911e-16
365.4779249  1.029348516e-17  1.301299853e-16
365.7387739  1.0242205e-17  1.294817027e-16
365.9195339  1.020684072e-17  1.290346284e-16
366  1.019114307e-17  1.28836179e-16
366.0804661  1.0175473e-17  1.286380784e-16
366.2612261  1.014037186e-17  1.281943307e-16
366.5220751  1.008996221e-17  1.275570531e-16
366.834721  1.002991958e-17  1.267979956e-16
367.165279  9.966880673e-18  1.260010594e-16
367.4779249  9.90767401e-18  1.252525702e-16
367.7387739  9.858583754e-18  1.246319724e-16
367.9195339  9.82472881e-18  1.24203979e-16
368  9.809700892e-18  1.240139965e-16
368.0804661  9.794699238e-18  1.238243459e-16
368.2612261  9.76109484e-18  1.2339952e-16
368.5220751  9.712833431e-18  1.227894004e-16
368.834721  9.655347601e-18  1.22062666e-16
369.165279  9.5949908e-18  1.212996368e-16
369.4779249  9.538301036e-18  1.205829662e-16
369.7387739  9.491296039e-18  1.199887302e-16
369.9195339  9.458878344e-18  1.195789065e-16
370  9.444488187e-18  1.193969865e-16
370.0804661  9.430123044e-18  1.192153827e-16
370.2612261  9.397943967e-18  1.188085756e-16
370.5220751  9.351728354e-18  1.182243189e-16
370.834721  9.296677494e-18  1.175283673e-16
371.165279  9.238875096e-18  1.167976308e-16
371.4779249  9.184582501e-18  1.161112652e-16
371.7387739  9.13956364e-18  1.155421379e-16
371.9195339  9.108514914e-18  1.151496206e-16
372  9.094732231e-18  1.149753803e-16
372.0804661  9.080973378e-18  1.148014412e-16
372.2612261  9.050151969e-18  1.144117977e-16
372.5220751  9.005885108e-18  1.138521772e-16
372.834721  8.953153798e-18  1.131855493e-16
373.165279  8.897784826e-18  1.124855761e-16
373.4779249  8.845775964e-18  1.118280813e-16
373.7387739  8.802649324e-18  1.112828754e-16
373.9195339  8.772904875e-18  1.109068468e-16
374  8.759700968e-18  1.107399233e-16
374.0804661  8.746519767e-18  1.105732869e-16
374.2612261  8.716991925e-18  1.101999967e-16
374.5220751  8.674581858e-18  1.096638497e-16
374.834721  8.624060726e-18  1.090251628e-16
375.165279  8.571010533e-18  1.083545035e-16
375.4779249  8.521177902e-18  1.077245206e-16
375.7387739  8.479854478e-18  1.072021109e-16
375.9195339  8.45135299e-18  1.068417958e-16
376  8.438700659e-18  1.066818454e-16
376.0804661  8.426069971e-18  1.065221685e-16
376.2612261  8.397774939e-18  1.061644634e-16
376.5220751  8.357134503e-18  1.05650688e-16
376.834721  8.308719877e-18  1.050386315e-16
377.165279  8.257879789e-18  1.043959124e-16
377.4779249  8.21012148e-18  1.03792153e-16
377.7387739  8.170516894e-18  1.032914728e-16
377.9195339  8.143200237e-18  1.029461363e-16
378  8.131073696e-18  1.027928329e-16
378.0804661  8.118967789e-18  1.026397903e-16
378.2612261  8.091847963e-18  1.022969421e-16
378.5220751  8.052894522e-18  1.018044937e-16
378.834721  8.006488104e-18  1.012178249e-16
379.165279  7.957755075e-18  1.006017432e-16
379.4779249  7.911974454e-18  1.000229857e-16
379.7387739  7.874008691e-18  9.954302345e-17
379.9195339  7.847821742e-18  9.921196869e-17
380  7.836196537e-18  9.906500314e-17
380.0804661  7.824591009e-18  9.891828634e-17
380.2612261  7.798591761e-18  9.858960449e-17
380.5220751  7.761246941e-18  9.811749219e-17
380.834721  7.716755505e-18  9.755503256e-17
381.165279  7.6700318e-18  9.696435264e-17
381.4779249  7.626137209e-18  9.64094383e-17
381.7387739  7.589734372e-18  9.594923453e-17
381.9195339  7.564624842e-18  9.563180047e-17
382  7.553477777e-18  9.549087955e-17
382.0804661  7.54234948e-18  9.53501959e-17
382.2612261  7.517418989e-18  9.503502525e-17
382.5220751  7.481608441e-18  9.458230918e-17
382.834721  7.438943545e-18  9.404294062e-17
383.165279  7.394136441e-18  9.347649031e-17
383.4779249  7.352040917e-18  9.294431975e-17
383.7387739  7.317128995e-18  9.250296408e-17
383.9195339  7.29304727e-18  9.219852351e-17
384  7.282356334e-18  9.206336896e-17
384.0804661  7.271683304e-18  9.192844078e-17
384.2612261  7.247772398e-18  9.16261597e-17
384.5220751  7.213425573e-18  9.119194798e-17
384.834721  7.172503288e-18  9.067460947e-17
385.165279  7.129524791e-18  9.013127637e-17
385.4779249  7.089145806e-18  8.962080624e-17
385.7387739  7.055656455e-18  8.919743468e-17
385.9195339  7.032555446e-18  8.890539231e-17
386  7.022299748e-18  8.877574003e-17
386.0804661  7.01206114e-18  8.864630379e-17
386.2612261  6.989123148e-18  8.835632227e-17
386.5220751  6.956173081e-18  8.793976834e-17
386.834721  6.916913744e-18  8.744345276e-17
387.165279  6.875680327e-18  8.692218092e-17
387.4779249  6.836939535e-18  8.643242078e-17
387.7387739  6.804807874e-18  8.602621312e-17
387.9195339  6.782642879e-18  8.57460038e-17
388  6.772802587e-18  8.562160308e-17
388.0804661  6.762978608e-18  8.549740857e-17
388.2612261  6.740969221e-18  8.521916645e-17
388.5220751  6.709352336e-18  8.481946657e-17
388.834721  6.671680307e-18  8.434321771e-17
389.165279  6.63211266e-18  8.384300449e-17
389.4779249  6.594935669e-18  8.33730139e-17
389.7387739  6.56410009e-18  8.298319126e-17
389.9195339  6.542828658e-18  8.271427834e-17
390  6.533384938e-18  8.259489107e-17
390.0804661  6.523956794e-18  8.24757007e-17
390.2612261  6.502833933e-18  8.220866602e-17
390.5220751  6.472489852e-18  8.18250569e-17
390.834721  6.436333297e-18  8.136796662e-17
391.165279  6.398356094e-18  8.088785976e-17
391.4779249  6.362672249e-18  8.043674547e-17
391.7387739  6.333074232e-18  8.006256807e-17
391.9195339  6.312656041e-18  7.98044418e-17
392  6.303591004e-18  7.968984183e-17
392.0804661  6.294540841e-18  7.957542989e-17
392.2612261  6.274264536e-18  7.931909735e-17
392.5220751  6.245135905e-18  7.895085391e-17
392.834721  6.210426582e-18  7.85120595e-17
393.165279  6.173968265e-18  7.805115436e-17
393.4779249  6.139710436e-18  7.761806774e-17
393.7387739  6.111294385e-18  7.725883272e-17
393.9195339  6.091691123e-18  7.701100876e-17
394  6.082987771e-18  7.690098121e-17
394.0804661  6.074298628e-18  7.679113327e-17
394.2612261  6.054830901e-18  7.654502275e-17
394.5220751  6.026863221e-18  7.619145603e-17
394.834721  5.993536287e-18  7.577013775e-17
395.165279  5.958528855e-18  7.532757467e-17
395.4779249  5.925633253e-18  7.491170927e-17
395.7387739  5.898346331e-18  7.456674868e-17
395.9195339  5.87952159e-18  7.432876676e-17
396  5.87116377e-18  7.422310741e-17
396.0804661  5.862819525e-18  7.411761967e-17
396.2612261  5.844124281e-18  7.388127486e-17
396.5220751  5.817265756e-18  7.354173005e-17
396.834721  5.785259579e-18  7.313710875e-17
397.165279  5.751638399e-18  7.271207063e-17
397.4779249  5.720044387e-18  7.23126599e-17
397.7387739  5.69383637e-18  7.198133879e-17
397.9195339  5.675755538e-18  7.175276137e-17
398  5.667727893e-18  7.165127608e-17
398.0804661  5.659713222e-18  7.154995481e-17
398.2612261  5.641756148e-18  7.132294192e-17
398.5220751  5.615957538e-18  7.099679653e-17
398.834721  5.585213524e-18  7.060813146e-17
399.165279  5.552917145e-18  7.019984144e-17
399.4779249  5.522567071e-18  6.981615655e-17
399.7387739  5.497390203e-18  6.949787121e-17
399.9195339  5.480020373e-18  6.927828225e-17
