#L=6 M=-2
#R     Re(V)   Im(V)

0.08046609183  -3.248397358e-10  8.098556426e-13
0.2612261349  -3.804566825e-07  9.466808374e-10
0.5220750502  -2.428275065e-05  6.066863509e-08
0.8347210423  -0.0004069320982  1.025314823e-06
1.165278958  -0.003025559926  7.724273003e-06
1.47792495  -0.01265469691  3.284423434e-05
1.738773865  -0.03369411068  8.893147026e-05
1.919533908  -0.06114672168  0.0001635520773
2  -0.07807585054  0.0002110097909
2.080466092  -0.05930239752  0.0002691154333
2.261226135  -0.03290455773  0.0004515231513
2.52207505  -0.01513015368  0.0008926828701
2.834721042  -0.006525838596  0.001860019938
3.165278958  -0.00291267474  0.003733724891
3.47792495  -0.001441800651  0.006784405236
3.738773865  -0.0008302678806  0.01073437247
3.919533908  -0.0005749987092  0.01447557177
4  -0.0004899205158  0.01645891197
4.080466092  -0.0004182251302  0.01416571672
4.261226135  -0.0002949551988  0.01017025418
4.52207505  -0.000180492695  0.006379023425
4.834721042  -0.0001016707167  0.003697012745
5.165278958  -5.598568678e-05  0.002097131766
5.47792495  -3.190070224e-05  0.001230052602
5.738773865  -1.984845929e-05  0.0007855920854
5.919533908  -1.419229494e-05  0.0005731131188
6  -1.219135638e-05  0.0004971110685
6.080466092  -1.045053086e-05  0.0004305456027
6.261226135  -7.320633493e-06  0.0003095766059
6.52207505  -4.227374984e-06  0.0001877458509
6.834721042  -1.976574412e-06  9.668736852e-05
7.165278958  -6.420125684e-07  4.074537284e-05
7.47792495  4.094974959e-08  1.075688193e-05
7.738773865  3.528286425e-07  -3.787590261e-06
7.919533908  4.801757053e-07  -1.01710199e-05
8  5.197515152e-07  -1.228626512e-05
8.080466092  5.507466469e-07  -1.403222286e-05
8.261226135  5.948660436e-07  -1.684044573e-05
8.52207505  6.132440335e-07  -1.886502642e-05
8.834721042  5.920709992e-07  -1.926467697e-05
9.165278958  5.433334897e-07  -1.833827588e-05
9.47792495  4.871137536e-07  -1.683465781e-05
9.738773865  4.386692763e-07  -1.53874991e-05
9.919533908  4.058354054e-07  -1.435709958e-05
10  3.915922453e-07  -1.390034426e-05
10.08046609  3.776287802e-07  -1.344750527e-05
10.26122613  3.474093138e-07  -1.245206026e-05
10.52207505  3.069042095e-07  -1.108884109e-05
10.83472104  2.634688052e-07  -9.595361848e-06
11.16527896  2.235299066e-07  -8.196863941e-06
11.47792495  1.910358588e-07  -7.042922504e-06
11.73877387  1.674845661e-07  -6.198088736e-06
11.91953391  1.528846926e-07  -5.670920685e-06
12  1.468057625e-07  -5.450663058e-06
12.08046609  1.409727675e-07  -5.238899717e-06
12.26122613  1.287201685e-07  -4.792757996e-06
12.52207505  1.129493254e-07  -4.215903809e-06
12.83472104  9.667418838e-08  -3.617554734e-06
13.16527896  8.213834215e-08  -3.080544541e-06
13.47792495  7.052812757e-08  -2.649853822e-06
13.73877387  6.219494552e-08  -2.339759436e-06
13.91953391  5.705054758e-08  -2.147921202e-06
14  5.491141233e-08  -2.068060168e-06
14.08046609  5.28596534e-08  -1.991410805e-06
14.26122613  4.855013248e-08  -1.830255444e-06
14.52207505  4.299659401e-08  -1.622258068e-06
14.83472104  3.724451411e-08  -1.406442216e-06
15.16527896  3.207405785e-08  -1.212116528e-06
15.47792495  2.79094764e-08  -1.055367429e-06
15.73877387  2.489393902e-08  -9.417403929e-07
15.91953391  2.301837167e-08  -8.710148385e-07
16  2.223483364e-08  -8.41456484e-07
16.08046609  2.148109615e-08  -8.130156827e-07
16.26122613  1.989027613e-08  -7.529679221e-07
16.52207505  1.782284951e-08  -6.748871472e-07
16.83472104  1.565694584e-08  -5.930359961e-07
17.16527896  1.368407684e-08  -5.184351156e-07
17.47792495  1.207325026e-08  -4.574935188e-07
17.73877387  1.089239299e-08  -4.128016565e-07
17.91953391  1.015086952e-08  -3.847300544e-07
18  9.839323686e-09  -3.729343478e-07
18.08046609  9.53858277e-09  -3.61546838e-07
18.26122613  8.900280955e-09  -3.373747542e-07
18.52207505  8.062851828e-09  -3.056560376e-07
18.83472104  7.174700047e-09  -2.720091777e-07
19.16527896  6.354553988e-09  -2.409325771e-07
19.47792495  5.675767127e-09  -2.15208105e-07
19.73877387  5.172176703e-09  -1.961208536e-07
19.91953391  4.853050587e-09  -1.840242525e-07
20  4.718253328e-09  -1.789144893e-07
20.08046609  4.587707607e-09  -1.739657676e-07
20.26122613  4.309188239e-09  -1.634072762e-07
20.52207505  3.940582682e-09  -1.494328852e-07
20.83472104  3.545264182e-09  -1.344448194e-07
21.16527896  3.175700186e-09  -1.204323797e-07
21.47792495  2.866126447e-09  -1.086939686e-07
21.73877387  2.634023182e-09  -9.989276542e-08
21.91953391  2.485761996e-09  -9.427066611e-08
22  2.422844858e-09  -9.188480353e-08
22.08046609  2.361739694e-09  -8.956763579e-08
22.26122613  2.230781382e-09  -8.460151524e-08
22.52207505  2.05615211e-09  -7.79792242e-08
22.83472104  1.867055651e-09  -7.080817992e-08
23.16527896  1.688400964e-09  -6.403300315e-08
23.47792495  1.537194066e-09  -5.82986599e-08
23.73877387  1.422801595e-09  -5.396041751e-08
23.91953391  1.349232141e-09  -5.117033723e-08
24  1.317887469e-09  -4.998160407e-08
24.08046609  1.287372049e-09  -4.882431772e-08
24.26122613  1.221720002e-09  -4.633448024e-08
24.52207505  1.133609802e-09  -4.299290842e-08
24.83472104  1.037414304e-09  -3.934468492e-08
25.16527896  9.457091699e-10  -3.586674363e-08
25.47792495  8.674079748e-10  -3.289713978e-08
25.73877387  8.077149496e-10  -3.063325233e-08
25.91953391  7.691013236e-10  -2.916880909e-08
26  7.525939943e-10  -2.854275888e-08
26.08046609  7.364903109e-10  -2.79320169e-08
26.26122613  7.017300587e-10  -2.661371222e-08
26.52207505  6.548220738e-10  -2.48346951e-08
26.83472104  6.032494333e-10  -2.287876538e-08
27.16527896  5.537043332e-10  -2.099972955e-08
27.47792495  5.110813246e-10  -1.938321791e-08
27.73877387  4.783733918e-10  -1.814274266e-08
27.91953391  4.571101452e-10  -1.733631622e-08
28  4.479936487e-10  -1.699056537e-08
28.08046609  4.390843483e-10  -1.665267258e-08
28.26122613  4.19798877e-10  -1.592125455e-08
28.52207505  3.93650318e-10  -1.492954776e-08
28.83472104  3.647273327e-10  -1.383261813e-08
29.16527896  3.36756336e-10  -1.277179323e-08
29.47792495  3.125362893e-10  -1.185322624e-08
29.73877387  2.938444327e-10  -1.114432072e-08
29.91953391  2.816405264e-10  -1.068147652e-08
30  2.763949764e-10  -1.048253427e-08
30.08046609  2.712607844e-10  -1.028781537e-08
30.26122613  2.601197475e-10  -9.865281412e-09
30.52207505  2.449517879e-10  -9.290022696e-09
30.83472104  2.280861273e-10  -8.650377087e-09
31.16527896  2.116810276e-10  -8.028198623e-09
31.47792495  1.973951218e-10  -7.486392516e-09
31.73877387  1.863151124e-10  -7.066172959e-09
31.91953391  1.790537076e-10  -6.790777488e-09
32  1.759256892e-10  -6.672144504e-09
32.08046609  1.728599671e-10  -6.555874167e-09
32.26122613  1.661931167e-10  -6.303027717e-09
32.52207505  1.570837972e-10  -5.957548372e-09
32.83472104  1.469081247e-10  -5.571626593e-09
33.16527896  1.369599394e-10  -5.194332474e-09
33.47792495  1.282535578e-10  -4.864134899e-09
33.73877387  1.21471411e-10  -4.606915711e-09
33.91953391  1.170118954e-10  -4.437784455e-09
34  1.150871212e-10  -4.364785618e-09
34.08046609  1.131984467e-10  -4.293155886e-09
34.26122613  1.090834434e-10  -4.137090578e-09
34.52207505  1.034429513e-10  -3.923169699e-09
34.83472104  9.711644837e-11  -3.683231221e-09
35.16527896  9.090351645e-11  -3.447600027e-09
35.47792495  8.544205362e-11  -3.240468992e-09
35.73877387  8.117113411e-11  -3.078490415e-09
35.91953391  7.835456531e-11  -2.971669436e-09
36  7.713680537e-11  -2.925484764e-09
36.08046609  7.594062727e-11  -2.8801186e-09
36.26122613  7.33300122e-11  -2.781108612e-09
36.52207505  6.974146109e-11  -2.645009491e-09
36.83472104  6.570182875e-11  -2.491802693e-09
37.16527896  6.171878633e-11  -2.340742115e-09
37.47792495  5.820367338e-11  -2.207428205e-09
37.73877387  5.544528933e-11  -2.102813938e-09
37.91953391  5.362140893e-11  -2.033641586e-09
38  5.283162625e-11  -2.003688343e-09
38.08046609  5.205510997e-11  -1.974238243e-09
38.26122613  5.035782581e-11  -1.90986717e-09
38.52207505  4.801881569e-11  -1.821158046e-09
38.83472104  4.537721384e-11  -1.72097285e-09
39.16527896  4.276323841e-11  -1.621835412e-09
39.47792495  4.044817546e-11  -1.534034506e-09
39.73877387  3.862583808e-11  -1.464920674e-09
39.91953391  3.74180303e-11  -1.419113445e-09
40  3.689429504e-11  -1.399250301e-09
40.08046609  3.637892094e-11  -1.379704261e-09
40.26122613  3.525089736e-11  -1.336922922e-09
40.52207505  3.36928245e-11  -1.277831566e-09
40.83472104  3.192802127e-11  -1.21089977e-09
41.16527896  3.017600315e-11  -1.14445286e-09
41.47792495  2.86193658e-11  -1.085415947e-09
41.73877387  2.739058749e-11  -1.038813392e-09
41.91953391  2.657443498e-11  -1.007860052e-09
42  2.622008667e-11  -9.94421065e-10
42.08046609  2.587112803e-11  -9.811864854e-10
42.26122613  2.510640345e-11  -9.521835975e-10
42.52207505  2.404794711e-11  -9.120406609e-10
42.83472104  2.284586232e-11  -8.664504821e-10
43.16527896  2.164897268e-11  -8.210573344e-10
43.47792495  2.058247023e-11  -7.806092414e-10
43.73877387  1.973844456e-11  -7.485987862e-10
43.91953391  1.917675403e-11  -7.272961529e-10
44  1.893260702e-11  -7.180366513e-10
44.08046609  1.869200593e-11  -7.089116323e-10
44.26122613  1.816414964e-11  -6.888921936e-10
44.52207505  1.743216685e-11  -6.611310686e-10
44.83472104  1.659884433e-11  -6.295265406e-10
45.16527896  1.576689869e-11  -5.979742319e-10
45.47792495  1.50236228e-11  -5.697848056e-10
45.73877387  1.443402751e-11  -5.474238582e-10
45.91953391  1.404096178e-11  -5.325164763e-10
46  1.386993207e-11  -5.260300162e-10
46.08046609  1.37012791e-11  -5.196336964e-10
46.26122613  1.333089108e-11  -5.055863877e-10
46.52207505  1.2816387e-11  -4.86073344e-10
46.83472104  1.22293561e-11  -4.638096534e-10
47.16527896  1.164185817e-11  -4.415282505e-10
47.47792495  1.111570592e-11  -4.215734394e-10
47.73877387  1.069745169e-11  -4.057107603e-10
47.91953391  1.041816087e-11  -3.951183975e-10
48  1.029652063e-11  -3.905050789e-10
48.08046609  1.017650083e-11  -3.859532166e-10
48.26122613  9.912671071e-12  -3.759472288e-10
48.52207505  9.545608077e-12  -3.620260249e-10
48.83472104  9.125951934e-12  -3.46110177e-10
49.16527896  8.705016574e-12  -3.301458138e-10
49.47792495  8.327196505e-12  -3.158166378e-10
49.73877387  8.02626751e-12  -3.04403627e-10
49.91953391  7.825020853e-12  -2.967711612e-10
50  7.737294464e-12  -2.934440567e-10
50.08046609  7.650690278e-12  -2.901595128e-10
50.26122613  7.460150725e-12  -2.829331238e-10
50.52207505  7.194670321e-12  -2.728645336e-10
50.83472104  6.890584184e-12  -2.613317853e-10
51.16527896  6.58493863e-12  -2.497398947e-10
51.47792495  6.310037338e-12  -2.393140087e-10
51.73877387  6.090686266e-12  -2.309949162e-10
51.91953391  5.943792783e-12  -2.254238448e-10
52  5.879707889e-12  -2.229933659e-10
52.08046609  5.816411438e-12  -2.205927894e-10
52.26122613  5.677040498e-12  -2.153070174e-10
52.52207505  5.482593215e-12  -2.079324241e-10
52.83472104  5.259485043e-12  -1.994708401e-10
53.16527896  5.034802939e-12  -1.909495633e-10
53.47792495  4.832338225e-12  -1.832709016e-10
53.73877387  4.670516214e-12  -1.77133652e-10
53.91953391  4.562010178e-12  -1.730184601e-10
54  4.514637005e-12  -1.712217886e-10
54.08046609  4.467825211e-12  -1.69446408e-10
54.26122613  4.364675222e-12  -1.655343491e-10
54.52207505  4.220583746e-12  -1.600695465e-10
54.83472104  4.054989058e-12  -1.537892146e-10
55.16527896  3.887929894e-12  -1.474533412e-10
55.47792495  3.737125605e-12  -1.417339489e-10
55.73877387  3.616406818e-12  -1.371555771e-10
55.91953391  3.535365793e-12  -1.340820212e-10
56  3.499959079e-12  -1.327391888e-10
56.08046609  3.464957042e-12  -1.314117041e-10
56.26122613  3.387776931e-12  -1.284845769e-10
56.52207505  3.279838611e-12  -1.243909162e-10
56.83472104  3.155607843e-12  -1.196793493e-10
57.16527896  3.030071426e-12  -1.149182644e-10
57.47792495  2.916564524e-12  -1.106134101e-10
57.73877387  2.825571209e-12  -1.071624044e-10
57.91953391  2.764418225e-12  -1.048431208e-10
58  2.737683263e-12  -1.038291726e-10
58.08046609  2.711243386e-12  -1.028264158e-10
58.26122613  2.652905704e-12  -1.006139052e-10
58.52207505  2.571231255e-12  -9.75163261e-11
58.83472104  2.477098437e-12  -9.394625184e-11
59.16527896  2.381829886e-12  -9.033310382e-11
59.47792495  2.295559193e-12  -8.70612079e-11
59.73877387  2.226306859e-12  -8.443474903e-11
59.91953391  2.179717296e-12  -8.266779671e-11
60  2.159336884e-12  -8.189485071e-11
60.08046609  2.139173961e-12  -8.113015319e-11
60.26122613  2.094659365e-12  -7.94418959e-11
60.52207505  2.03227506e-12  -7.707591337e-11
60.83472104  1.960281807e-12  -7.434550259e-11
61.16527896  1.887315169e-12  -7.157817528e-11
61.47792495  1.821145952e-12  -6.906864646e-11
61.73877387  1.767962931e-12  -6.705163116e-11
61.91953391  1.732149631e-12  -6.56933786e-11
62  1.716474395e-12  -6.509888075e-11
62.08046609  1.700961068e-12  -6.451052348e-11
62.26122613  1.666692464e-12  -6.321085491e-11
62.52207505  1.618622123e-12  -6.138774272e-11
62.83472104  1.563080396e-12  -5.928127133e-11
63.16527896  1.506711928e-12  -5.714344499e-11
63.47792495  1.455526461e-12  -5.520218873e-11
63.73877387  1.414338041e-12  -5.364007977e-11
63.91953391  1.386576895e-12  -5.258721262e-11
64  1.374419594e-12  -5.212613571e-11
64.08046609  1.362383961e-12  -5.166967319e-11
64.26122613  1.335783581e-12  -5.066082914e-11
64.52207505  1.298436974e-12  -4.924442449e-11
64.83472104  1.255236703e-12  -4.760601423e-11
65.16527896  1.21133801e-12  -4.594111562e-11
65.47792495  1.171425844e-12  -4.442740978e-11
65.73877387  1.139273404e-12  -4.320799874e-11
65.91953391  1.117584217e-12  -4.238541624e-11
66  1.108081252e-12  -4.202500749e-11
66.08046609  1.098670523e-12  -4.166809688e-11
66.26122613  1.077861301e-12  -4.087888785e-11
66.52207505  1.048621217e-12  -3.97699306e-11
66.83472104  1.014761958e-12  -3.848578685e-11
67.16527896  9.80314431e-13  -3.71793325e-11
67.47792495  9.489582887e-13  -3.599012176e-11
67.73877387  9.236721241e-13  -3.503112056e-11
67.91953391  9.066011742e-13  -3.438368898e-11
68  8.991181546e-13  -3.409988853e-11
68.08046609  8.917056396e-13  -3.381876203e-11
68.26122613  8.753073211e-13  -3.319684062e-11
68.52207505  8.522472574e-13  -3.232226636e-11
68.83472104  8.255174512e-13  -3.130851371e-11
69.16527896  7.982928246e-13  -3.027599453e-11
69.47792495  7.734839056e-13  -2.933509331e-11
69.73877387  7.534579226e-13  -2.857558936e-11
69.91953391  7.39928037e-13  -2.806245592e-11
70  7.339946183e-13  -2.783742553e-11
70.08046609  7.281155141e-13  -2.761445505e-11
70.26122613  7.151037982e-13  -2.712097368e-11
70.52207505  6.967926773e-13  -2.642650746e-11
70.83472104  6.755474209e-13  -2.562076145e-11
71.16527896  6.538860366e-13  -2.479923339e-11
71.47792495  6.341260619e-13  -2.404981805e-11
71.73877387  6.181608674e-13  -2.344432327e-11
71.91953391  6.073668808e-13  -2.303495133e-11
72  6.026312945e-13  -2.285534984e-11
72.08046609  5.97937859e-13  -2.267734695e-11
72.26122613  5.875459956e-13  -2.228322591e-11
72.52207505  5.729115823e-13  -2.172820223e-11
72.83472104  5.559169645e-13  -2.108366562e-11
73.16527896  5.385721927e-13  -2.042584909e-11
73.47792495  5.22734271e-13  -1.982518124e-11
73.73877387  5.09926724e-13  -1.933944316e-11
73.91953391  5.012618089e-13  -1.901081823e-11
74  4.974587997e-13  -1.886658559e-11
74.08046609  4.936887296e-13  -1.872360219e-11
74.26122613  4.853380561e-13  -1.840689517e-11
74.52207505  4.735704346e-13  -1.796059722e-11
74.83472104  4.598933683e-13  -1.744188182e-11
75.16527896  4.459213239e-13  -1.69119791e-11
75.47792495  4.331511702e-13  -1.642765919e-11
75.73877387  4.22815856e-13  -1.603568284e-11
75.91953391  4.158190899e-13  -1.5770324e-11
76  4.127470803e-13  -1.565381519e-11
76.08046609  4.09700981e-13  -1.553828906e-11
76.26122613  4.029514013e-13  -1.5282305e-11
76.52207505  3.934340901e-13  -1.492135216e-11
76.83472104  3.823635841e-13  -1.450149297e-11
77.16527896  3.710441956e-13  -1.407219468e-11
77.47792495  3.606893264e-13  -1.367947667e-11
77.73877387  3.523021964e-13  -1.3361387e-11
77.91953391  3.466208903e-13  -1.314591821e-11
78  3.441255646e-13  -1.305128067e-11
78.08046609  3.41650748e-13  -1.295742096e-11
78.26122613  3.361650979e-13  -1.27493726e-11
78.52207505  3.284254325e-13  -1.245583863e-11
78.83472104  3.194158107e-13  -1.211414037e-11
79.16527896  3.101958124e-13  -1.176446341e-11
79.47792495  3.017543345e-13  -1.144431254e-11
79.73877387  2.949118903e-13  -1.118480651e-11
79.91953391  2.902742816e-13  -1.10089209e-11
80  2.8823668e-13  -1.093164298e-11
80.08046609  2.862154085e-13  -1.085498438e-11
80.26122613  2.817335873e-13  -1.068500716e-11
80.52207505  2.754066668e-13  -1.044505284e-11
80.83472104  2.680362593e-13  -1.016552332e-11
81.16527896  2.604876612e-13  -9.879235743e-12
81.47792495  2.535709138e-13  -9.616911693e-12
81.73877387  2.47960398e-13  -9.404127686e-12
81.91953391  2.441556885e-13  -9.259830555e-12
82  2.424834984e-13  -9.196411198e-12
82.08046609  2.408243842e-13  -9.133487756e-12
82.26122613  2.371444177e-13  -8.993921619e-12
82.52207505  2.319466883e-13  -8.79679292e-12
82.83472104  2.258875305e-13  -8.566993749e-12
83.16527896  2.196771146e-13  -8.331457977e-12
83.47792495  2.139821961e-13  -8.115472918e-12
83.73877387  2.09359645e-13  -7.940158389e-12
83.91953391  2.062232914e-13  -7.821209273e-12
84  2.048444271e-13  -7.76891457e-12
84.08046609  2.034760894e-13  -7.717019094e-12
84.26122613  2.00440157e-13  -7.601878546e-12
84.52207505  1.961499047e-13  -7.439166757e-12
84.83472104  1.911453349e-13  -7.249363811e-12
85.16527896  1.860120773e-13  -7.054680265e-12
85.47792495  1.813014847e-13  -6.876026678e-12
85.73877387  1.774754462e-13  -6.730920625e-12
85.91953391  1.74878238e-13  -6.6324191e-12
86  1.737360715e-13  -6.589101378e-12
86.08046609  1.726024225e-13  -6.546106689e-12
86.26122613  1.700864696e-13  -6.450686846e-12
86.52207505  1.665293052e-13  -6.315778093e-12
86.83472104  1.623772798e-13  -6.158308685e-12
87.16527896  1.581155143e-13  -5.996677284e-12
87.47792495  1.542019434e-13  -5.848251484e-12
87.73877387  1.510213087e-13  -5.727622966e-12
87.91953391  1.488612002e-13  -5.645698853e-12
88  1.479109923e-13  -5.609661338e-12
88.08046609  1.469677099e-13  -5.573886481e-12
88.26122613  1.448736696e-13  -5.494468062e-12
88.52207505  1.419116521e-13  -5.382130804e-12
88.83472104  1.384522301e-13  -5.250929022e-12
89.16527896  1.348990053e-13  -5.116169684e-12
89.47792495  1.316339241e-13  -4.992338453e-12
89.73877387  1.289787717e-13  -4.89163934e-12
89.91953391  1.271747305e-13  -4.82321941e-12
90  1.263809425e-13  -4.793114262e-12
90.08046609  1.255928117e-13  -4.763223674e-12
90.26122613  1.238427406e-13  -4.696850605e-12
90.52207505  1.213661709e-13  -4.602924408e-12
90.83472104  1.184720622e-13  -4.493162657e-12
91.16527896  1.154975839e-13  -4.380352812e-12
91.47792495  1.12762585e-13  -4.276625444e-12
91.73877387  1.105372452e-13  -4.192227373e-12
91.91953391  1.090245897e-13  -4.134858514e-12
92  1.083588443e-13  -4.109609502e-12
92.08046609  1.076977408e-13  -4.084536541e-12
92.26122613  1.06229369e-13  -4.028847179e-12
92.52207505  1.041505589e-13  -3.950006383e-12
92.83472104  1.017199408e-13  -3.857822938e-12
93.16527896  9.922029982e-14  -3.763021741e-12
93.47792495  9.6920515e-14  -3.675800273e-12
93.73877387  9.504828307e-14  -3.604794143e-12
93.91953391  9.377512576e-14  -3.556508473e-12
94  9.321465158e-14  -3.535251971e-12
94.08046609  9.265800251e-14  -3.51414054e-12
94.26122613  9.142133585e-14  -3.467238812e-12
94.52207505  8.966984636e-14  -3.400811951e-12
94.83472104  8.762086947e-14  -3.323102605e-12
95.16527896  8.551247587e-14  -3.243139826e-12
95.47792495  8.357153002e-14  -3.169527657e-12
95.73877387  8.199061195e-14  -3.109569875e-12
95.91953391  8.091513021e-14  -3.068781235e-12
96  8.044156745e-14  -3.050820929e-12
96.08046609  7.997116955e-14  -3.032980653e-12
96.26122613  7.892587969e-14  -2.993337067e-12
96.52207505  7.744486135e-14  -2.937168075e-12
96.83472104  7.571142411e-14  -2.871425863e-12
97.16527896  7.392672087e-14  -2.80373934e-12
97.47792495  7.228284312e-14  -2.741393754e-12
97.73877387  7.094322879e-14  -2.69058764e-12
97.91953391  7.003155871e-14  -2.656011708e-12
98  6.9630037e-14  -2.640783625e-12
98.08046609  6.92311441e-14  -2.625655243e-12
98.26122613  6.834455216e-14  -2.592030423e-12
98.52207505  6.708791639e-14  -2.544371348e-12
98.83472104  6.561639556e-14  -2.488562557e-12
99.16527896  6.410054033e-14  -2.431072344e-12
99.47792495  6.270355049e-14  -2.378090211e-12
99.73877387  6.156458854e-14  -2.334894025e-12
99.91953391  6.078919035e-14  -2.30548633e-12
100  6.0447613e-14  -2.292531693e-12
100.0804661  6.010822741e-14  -2.27966018e-12
100.2612261  5.935373802e-14  -2.251045472e-12
100.5220751  5.828395853e-14  -2.210473094e-12
100.834721  5.703066657e-14  -2.162940836e-12
101.165279  5.573894854e-14  -2.113951234e-12
101.4779249  5.454790926e-14  -2.068779966e-12
101.7387739  5.357641632e-14  -2.031935197e-12
101.9195339  5.291479932e-14  -2.006842759e-12
102  5.262328477e-14  -1.9957868e-12
102.0804661  5.233360419e-14  -1.984800396e-12
102.2612261  5.16894827e-14  -1.960371492e-12
102.5220751  5.077587798e-14  -1.925722187e-12
102.834721  4.970507526e-14  -1.885111002e-12
103.165279  4.860089398e-14  -1.843233905e-12
103.4779249  4.758227224e-14  -1.804601732e-12
103.7387739  4.675105135e-14  -1.77307691e-12
103.9195339  4.618477416e-14  -1.751600324e-12
104  4.593521788e-14  -1.742135671e-12
104.0804661  4.568720151e-14  -1.73272942e-12
104.2612261  4.513561451e-14  -1.711809973e-12
104.5220751  4.435299936e-14  -1.682128568e-12
104.834721  4.34353323e-14  -1.647325196e-12
105.165279  4.248860854e-14  -1.61141982e-12
105.4779249  4.161482896e-14  -1.578280921e-12
105.7387739  4.090150282e-14  -1.551227366e-12
105.9195339  4.041538578e-14  -1.532790927e-12
106  4.020111503e-14  -1.524664511e-12
106.0804661  3.998814158e-14  -1.516587295e-12
106.2612261  3.951440035e-14  -1.498620221e-12
106.5220751  3.884202205e-14  -1.473119651e-12
106.834721  3.805329021e-14  -1.443206266e-12
107.165279  3.723921043e-14  -1.412331536e-12
107.4779249  3.648751148e-14  -1.383822658e-12
107.7387739  3.587359947e-14  -1.360539476e-12
107.9195339  3.545510115e-14  -1.34466754e-12
108  3.52706016e-14  -1.337670224e-12
108.0804661  3.508719848e-14  -1.33071449e-12
108.2612261  3.467915968e-14  -1.315239241e-12
108.5220751  3.409985487e-14  -1.29326857e-12
108.834721  3.342003317e-14  -1.267485703e-12
109.165279  3.271805315e-14  -1.24086246e-12
109.4779249  3.206957877e-14  -1.216268469e-12
109.7387739  3.153976345e-14  -1.196174732e-12
109.9195339  3.1178485e-14  -1.182472913e-12
110  3.101918334e-14  -1.17643125e-12
110.0804661  3.08608112e-14  -1.170424839e-12
110.2612261  3.050840003e-14  -1.15705932e-12
110.5220751  3.000792353e-14  -1.138078285e-12
110.834721  2.942038339e-14  -1.115795281e-12
111.165279  2.8813434e-14  -1.092776164e-12
111.4779249  2.825250905e-14  -1.071502565e-12
111.7387739  2.779405072e-14  -1.054115109e-12
111.9195339  2.748134003e-14  -1.042255266e-12
112  2.734343031e-14  -1.037024912e-12
112.0804661  2.720631096e-14  -1.031824534e-12
112.2612261  2.690114011e-14  -1.020250647e-12
112.5220751  2.646762838e-14  -1.003809313e-12
112.834721  2.595851468e-14  -9.845007049e-13
113.165279  2.543236615e-14  -9.645460349e-13
113.4779249  2.494591601e-14  -9.460969627e-13
113.7387739  2.454818349e-14  -9.310125887e-13
113.9195339  2.427681785e-14  -9.207207956e-13
114  2.415712221e-14  -9.161812276e-13
114.0804661  2.403810056e-14  -9.116672211e-13
114.2612261  2.377316446e-14  -9.016192742e-13
114.5220751  2.339670484e-14  -8.873416947e-13
114.834721  2.295443553e-14  -8.705682216e-13
115.165279  2.249718649e-14  -8.532266285e-13
115.4779249  2.207427031e-14  -8.371871407e-13
115.7387739  2.172836338e-14  -8.240683002e-13
115.9195339  2.149229396e-14  -8.151151488e-13
116  2.138815049e-14  -8.111654112e-13
116.0804661  2.128458335e-14  -8.072375314e-13
116.2612261  2.105401188e-14  -7.98492895e-13
116.5220751  2.072629549e-14  -7.860639475e-13
116.834721  2.034115804e-14  -7.71457253e-13
117.165279  1.994282323e-14  -7.563500365e-13
117.4779249  1.957425708e-14  -7.423718242e-13
117.7387739  1.927270148e-14  -7.309350487e-13
117.9195339  1.906684686e-14  -7.231278215e-13
118  1.897601892e-14  -7.196830878e-13
118.0804661  1.888568512e-14  -7.162570951e-13
118.2612261  1.868454444e-14  -7.086286485e-13
118.5220751  1.839858532e-14  -6.977833841e-13
118.834721  1.80624101e-14  -6.850336275e-13
119.165279  1.771458644e-14  -6.718420932e-13
119.4779249  1.739263794e-14  -6.596318983e-13
119.7387739  1.712913805e-14  -6.496384207e-13
119.9195339  1.694921672e-14  -6.428147377e-13
120  1.686981941e-14  -6.398035212e-13
120.0804661  1.679084688e-14  -6.368084149e-13
120.2612261  1.661497774e-14  -6.301384151e-13
120.5220751  1.636488482e-14  -6.206534095e-13
120.834721  1.607077975e-14  -6.094992024e-13
121.165279  1.576637493e-14  -5.979543679e-13
121.4779249  1.548451482e-14  -5.87264562e-13
121.7387739  1.52537524e-14  -5.785126838e-13
121.9195339  1.509614643e-14  -5.725353313e-13
122  1.502658669e-14  -5.698972135e-13
122.0804661  1.4957393e-14  -5.672729791e-13
122.2612261  1.48032791e-14  -5.614280664e-13
122.5220751  1.458407038e-14  -5.53114373e-13
122.834721  1.432620458e-14  -5.433345736e-13
123.165279  1.405921563e-14  -5.332087707e-13
123.4779249  1.381191503e-14  -5.238296664e-13
123.7387739  1.360938493e-14  -5.161485249e-13
123.9195339  1.347102856e-14  -5.109012313e-13
124  1.340995621e-14  -5.085850059e-13
124.0804661  1.334920008e-14  -5.062807736e-13
124.2612261  1.321386037e-14  -5.011478894e-13
124.5220751  1.302131099e-14  -4.938452761e-13
124.834721  1.279473779e-14  -4.852522775e-13
125.165279  1.256006984e-14  -4.763522785e-13
125.4779249  1.234263424e-14  -4.681058318e-13
125.7387739  1.216450969e-14  -4.613502933e-13
125.9195339  1.204279805e-14  -4.567342667e-13
126  1.19890657e-14  -4.546964175e-13
126.0804661  1.193560716e-14  -4.52668953e-13
126.2612261  1.181650759e-14  -4.481519917e-13
126.5220751  1.164702516e-14  -4.417242134e-13
126.834721  1.144753683e-14  -4.341584337e-13
127.165279  1.124085427e-14  -4.263198066e-13
127.4779249  1.104928707e-14  -4.190544429e-13
127.7387739  1.089230901e-14  -4.131009048e-13
127.9195339  1.078502305e-14  -4.090319851e-13
128  1.073765308e-14  -4.072354352e-13
128.0804661  1.069052074e-14  -4.054478977e-13
128.2612261  1.058550166e-14  -4.014649518e-13
128.5220751  1.043602363e-14  -3.957958593e-13
128.834721  1.026003177e-14  -3.89121205e-13
129.165279  1.007763564e-14  -3.822036627e-13
129.4779249  9.908525723e-15  -3.757900126e-13
129.7387739  9.76991154e-15  -3.705329414e-13
129.9195339  9.675156058e-15  -3.66939252e-13
130  9.633313405e-15  -3.653523306e-13
130.0804661  9.591677435e-15  -3.637732479e-13
130.2612261  9.498893599e-15  -3.60254335e-13
130.5220751  9.366802614e-15  -3.552446621e-13
130.834721  9.211239329e-15  -3.493447805e-13
131.165279  9.049965949e-15  -3.432283382e-13
131.4779249  8.900394717e-15  -3.375557108e-13
131.7387739  8.777762718e-15  -3.329047786e-13
131.9195339  8.69391517e-15  -3.297247828e-13
132  8.656884782e-15  -3.28320371e-13
132.0804661  8.620034541e-15  -3.269227915e-13
132.2612261  8.537905508e-15  -3.238079719e-13
132.5220751  8.420959201e-15  -3.193726749e-13
132.834721  8.283195265e-15  -3.1414785e-13
133.165279  8.140332294e-15  -3.087296396e-13
133.4779249  8.007796544e-15  -3.037030986e-13
133.7387739  7.899103336e-15  -2.99580808e-13
133.9195339  7.824771279e-15  -2.967616959e-13
134  7.791939417e-15  -2.955165172e-13
134.0804661  7.7592649e-15  -2.942773058e-13
134.2612261  7.686433824e-15  -2.915151198e-13
134.5220751  7.58270658e-15  -2.875811681e-13
134.834721  7.460483409e-15  -2.829457412e-13
135.165279  7.333700002e-15  -2.78137363e-13
135.4779249  7.216047823e-15  -2.736752952e-13
135.7387739  7.119536202e-15  -2.700150026e-13
135.9195339  7.053521909e-15  -2.675113494e-13
136  7.024360583e-15  -2.664053791e-13
136.0804661  6.99533696e-15  -2.653046314e-13
136.2612261  6.930636281e-15  -2.628507982e-13
136.5220751  6.83847071e-15  -2.593553336e-13
136.834721  6.729843697e-15  -2.552355535e-13
137.165279  6.617132307e-15  -2.509608697e-13
137.4779249  6.512509607e-15  -2.469929569e-13
137.7387739  6.426665077e-15  -2.437372236e-13
137.9195339  6.367936003e-15  -2.415098691e-13
138  6.341989972e-15  -2.405258419e-13
138.0804661  6.31616469e-15  -2.395463942e-13
138.2612261  6.258587492e-15  -2.373627256e-13
138.5220751  6.176553896e-15  -2.342515255e-13
138.834721  6.079845061e-15  -2.305837534e-13
139.165279  5.979472796e-15  -2.267770423e-13
139.4779249  5.886278583e-15  -2.232425655e-13
139.7387739  5.809792989e-15  -2.203417786e-13
139.9195339  5.757457056e-15  -2.183568898e-13
140  5.734332956e-15  -2.174798869e-13
140.0804661  5.711314937e-15  -2.166069072e-13
140.2612261  5.659990968e-15  -2.146603982e-13
140.5220751  5.586853404e-15  -2.118865884e-13
140.834721  5.500611729e-15  -2.08615793e-13
141.165279  5.411079579e-15  -2.052202033e-13
141.4779249  5.327928474e-15  -2.020666206e-13
141.7387739  5.259669498e-15  -1.994778358e-13
141.9195339  5.212954358e-15  -1.977061209e-13
142  5.192311573e-15  -1.969232241e-13
142.0804661  5.171762155e-15  -1.961438684e-13
142.2612261  5.125937696e-15  -1.944059333e-13
142.5220751  5.060625481e-15  -1.919289071e-13
142.834721  4.983593597e-15  -1.890074016e-13
143.165279  4.903602175e-15  -1.859736529e-13
143.4779249  4.829292899e-15  -1.831554047e-13
143.7387739  4.768278406e-15  -1.808413736e-13
143.9195339  4.726514002e-15  -1.792574199e-13
144  4.708056989e-15  -1.785574206e-13
144.0804661  4.6896823e-15  -1.778605435e-13
144.2612261  4.64870323e-15  -1.763063743e-13
144.5220751  4.590286958e-15  -1.740908831e-13
144.834721  4.521373092e-15  -1.71477261e-13
145.165279  4.449793781e-15  -1.687625493e-13
145.4779249  4.383282598e-15  -1.662400511e-13
145.7387739  4.328659015e-15  -1.641684012e-13
145.9195339  4.291262874e-15  -1.627501179e-13
146  4.274734687e-15  -1.621232711e-13
146.0804661  4.258279215e-15  -1.614991821e-13
146.2612261  4.221576724e-15  -1.601072061e-13
146.5220751  4.169248029e-15  -1.581225919e-13
146.834721  4.107502329e-15  -1.557808291e-13
147.165279  4.043352919e-15  -1.533479033e-13
147.4779249  3.983731203e-15  -1.510866945e-13
147.7387739  3.934755249e-15  -1.492292361e-13
147.9195339  3.901220053e-15  -1.479573827e-13
148  3.886396873e-15  -1.473951999e-13
148.0804661  3.871638027e-15  -1.46835457e-13
148.2612261  3.838716537e-15  -1.45586879e-13
148.5220751  3.791770976e-15  -1.438064252e-13
148.834721  3.736365481e-15  -1.417051205e-13
149.165279  3.678789543e-15  -1.395214997e-13
149.4779249  3.625264793e-15  -1.37491524e-13
149.7387739  3.581288001e-15  -1.358236635e-13
149.9195339  3.551171056e-15  -1.346814504e-13
150  3.537857551e-15  -1.341765234e-13
150.0804661  3.524601058e-15  -1.336737586e-13
150.2612261  3.495027982e-15  -1.325521724e-13
150.5220751  3.45285053e-15  -1.309525534e-13
150.834721  3.403062182e-15  -1.290642842e-13
151.165279  3.351311578e-15  -1.271015947e-13
151.4779249  3.303191294e-15  -1.252765883e-13
151.7387739  3.263646881e-15  -1.237768299e-13
151.9195339  3.236561179e-15  -1.227495795e-13
152  3.224586565e-15  -1.222954312e-13
152.0804661  3.212662557e-15  -1.218432022e-13
152.2612261  3.186059605e-15  -1.208342606e-13
152.5220751  3.148112324e-15  -1.193950748e-13
152.834721  3.103308532e-15  -1.176958495e-13
153.165279  3.056728542e-15  -1.159292603e-13
153.4779249  3.013406523e-15  -1.142862326e-13
153.7387739  2.977798209e-15  -1.129357543e-13
153.9195339  2.953404816e-15  -1.120106123e-13
154  2.942619509e-15  -1.116015695e-13
154.0804661  2.931879191e-15  -1.11194233e-13
154.2612261  2.907914967e-15  -1.102853676e-13
154.5220751  2.873726513e-15  -1.089887388e-13
154.834721  2.833352858e-15  -1.074575306e-13
155.165279  2.791369508e-15  -1.058652732e-13
155.4779249  2.752314165e-15  -1.043840631e-13
155.7387739  2.720206648e-15  -1.031663558e-13
155.9195339  2.698208218e-15  -1.02332045e-13
156  2.688480973e-15  -1.019631303e-13
156.0804661  2.678793785e-15  -1.015957347e-13
156.2612261  2.65717747e-15  -1.007759159e-13
156.5220751  2.626334134e-15  -9.960615381e-14
156.834721  2.589903874e-15  -9.822450247e-14
157.165279  2.552013114e-15  -9.678746032e-14
157.4779249  2.516757496e-15  -9.545035838e-14
157.7387739  2.48776831e-15  -9.435091663e-14
157.9195339  2.467903541e-15  -9.359752688e-14
158  2.45911901e-15  -9.326436542e-14
158.0804661  2.450370197e-15  -9.293255857e-14
158.2612261  2.43084615e-15  -9.219209103e-14
158.5220751  2.402984202e-15  -9.113540083e-14
158.834721  2.370069292e-15  -8.988707243e-14
159.165279  2.335827744e-15  -8.858843e-14
159.4779249  2.303960995e-15  -8.737985403e-14
159.7387739  2.277753539e-15  -8.638591201e-14
159.9195339  2.259792424e-15  -8.570472009e-14
160  2.251849063e-15  -8.540346075e-14
160.0804661  2.243937595e-15  -8.510341103e-14
160.2612261  2.226280733e-15  -8.443375817e-14
160.5220751  2.201079858e-15  -8.347799165e-14
160.834721  2.171303262e-15  -8.234868667e-14
161.165279  2.140320278e-15  -8.117362832e-14
161.4779249  2.111480312e-15  -8.00798459e-14
161.7387739  2.087757877e-15  -7.918015058e-14
161.9195339  2.071497629e-15  -7.856346564e-14
162  2.064305901e-15  -7.829071268e-14
162.0804661  2.057142693e-15  -7.801904139e-14
162.2612261  2.041154514e-15  -7.741267491e-14
162.5220751  2.018332182e-15  -7.654711683e-14
162.834721  1.991361261e-15  -7.552421968e-14
163.165279  1.96329211e-15  -7.445967113e-14
163.4779249  1.937159319e-15  -7.346856085e-14
163.7387739  1.915659944e-15  -7.265317714e-14
163.9195339  1.900921498e-15  -7.209420791e-14
164  1.894402331e-15  -7.184696248e-14
164.0804661  1.887908703e-15  -7.160068563e-14
164.2612261  1.87341388e-15  -7.105095604e-14
164.5220751  1.852720499e-15  -7.026614039e-14
164.834721  1.82826133e-15  -6.933850378e-14
165.165279  1.802801328e-15  -6.837290963e-14
165.4779249  1.779093166e-15  -6.747375565e-14
165.7387739  1.759585216e-15  -6.673389858e-14
165.9195339  1.746210207e-15  -6.622663896e-14
166  1.740293666e-15  -6.600224866e-14
166.0804661  1.734400024e-15  -6.577872684e-14
166.2612261  1.721243459e-15  -6.527975192e-14
166.5220751  1.7024582e-15  -6.456730357e-14
166.834721  1.680250677e-15  -6.372506273e-14
167.165279  1.657130131e-15  -6.28481946e-14
167.4779249  1.635596439e-15  -6.203150939e-14
167.7387739  1.617874787e-15  -6.135939935e-14
167.9195339  1.605722951e-15  -6.089852971e-14
168  1.600347087e-15  -6.069464508e-14
168.0804661  1.594991782e-15  -6.049154018e-14
168.2612261  1.58303607e-15  -6.003810872e-14
168.5220751  1.565963263e-15  -5.939060671e-14
168.834721  1.545776867e-15  -5.862501894e-14
169.165279  1.524756702e-15  -5.782780975e-14
169.4779249  1.505175671e-15  -5.708518102e-14
169.7387739  1.489058401e-15  -5.647391862e-14
169.9195339  1.478005325e-15  -5.605472049e-14
170  1.473115184e-15  -5.586925737e-14
170.0804661  1.468243526e-15  -5.56844952e-14
170.2612261  1.457366758e-15  -5.527198373e-14
170.5220751  1.441832776e-15  -5.468284307e-14
170.834721  1.423462911e-15  -5.398614892e-14
171.165279  1.404330895e-15  -5.326054949e-14
171.4779249  1.386505573e-15  -5.258450764e-14
171.7387739  1.371831119e-15  -5.202796541e-14
171.9195339  1.361766294e-15  -5.164624758e-14
172  1.357313059e-15  -5.147735452e-14
172.0804661  1.352876459e-15  -5.130909238e-14
172.2612261  1.342970326e-15  -5.093339311e-14
172.5220751  1.328820882e-15  -5.039676233e-14
172.834721  1.312085707e-15  -4.976206534e-14
173.165279  1.294653166e-15  -4.910092009e-14
173.4779249  1.278408427e-15  -4.848482331e-14
173.7387739  1.265033103e-15  -4.797755177e-14
173.9195339  1.255858229e-15  -4.762958617e-14
174  1.251798474e-15  -4.74756162e-14
174.0804661  1.247753711e-15  -4.73222148e-14
174.2612261  1.238721847e-15  -4.697967303e-14
174.5220751  1.225819651e-15  -4.64903453e-14
174.834721  1.210557329e-15  -4.591150758e-14
175.165279  1.194656307e-15  -4.530844662e-14
175.4779249  1.17983622e-15  -4.474638109e-14
175.7387739  1.167632062e-15  -4.42835271e-14
175.9195339  1.159259586e-15  -4.396599319e-14
176  1.155554628e-15  -4.382547921e-14
176.0804661  1.151863195e-15  -4.368547822e-14
176.2612261  1.143619751e-15  -4.337283798e-14
176.5220751  1.131842475e-15  -4.292617385e-14
176.834721  1.117908773e-15  -4.23977253e-14
177.165279  1.103389556e-15  -4.184707058e-14
177.4779249  1.089855096e-15  -4.133376365e-14
177.7387739  1.078707993e-15  -4.091099944e-14
177.9195339  1.071059828e-15  -4.062093568e-14
178  1.067675162e-15  -4.049256911e-14
178.0804661  1.064302715e-15  -4.036466593e-14
178.2612261  1.056771105e-15  -4.007902264e-14
178.5220751  1.046009604e-15  -3.967088278e-14
178.834721  1.033275815e-15  -3.918794204e-14
179.165279  1.020004776e-15  -3.868462557e-14
179.4779249  1.007631829e-15  -3.821537011e-14
179.7387739  9.974398902e-16  -3.782883139e-14
179.9195339  9.904463006e-16  -3.756359303e-14
180  9.87351113e-16  -3.744620517e-14
180.0804661  9.842669747e-16  -3.732923638e-14
180.2612261  9.773787898e-16  -3.706799558e-14
180.5220751  9.675355629e-16  -3.669468209e-14
180.834721  9.558866845e-16  -3.625288759e-14
181.165279  9.437443972e-16  -3.57923801e-14
181.4779249  9.324220217e-16  -3.536296853e-14
181.7387739  9.230941529e-16  -3.500920046e-14
181.9195339  9.166927851e-16  -3.476642267e-14
182  9.138595189e-16  -3.465896842e-14
182.0804661  9.110362562e-16  -3.455189357e-14
182.2612261  9.047303151e-16  -3.431273491e-14
182.5220751  8.957181473e-16  -3.397094011e-14
182.834721  8.85051294e-16  -3.356638982e-14
183.165279  8.739308971e-16  -3.314463847e-14
183.4779249  8.635597999e-16  -3.275130501e-14
183.7387739  8.550144579e-16  -3.2427215e-14
183.9195339  8.491494881e-16  -3.220478058e-14
184  8.46553471e-16  -3.210632423e-14
184.0804661  8.439665202e-16  -3.200821173e-14
184.2612261  8.381880375e-16  -3.178905742e-14
184.5220751  8.299288215e-16  -3.147581901e-14
184.834721  8.201518352e-16  -3.110501775e-14
185.165279  8.099575897e-16  -3.071839155e-14
185.4779249  8.004487965e-16  -3.035776176e-14
185.7387739  7.926128992e-16  -3.00605781e-14
185.9195339  7.87234289e-16  -2.985658933e-14
186  7.848534041e-16  -2.976629207e-14
186.0804661  7.82480745e-16  -2.967630677e-14
186.2612261  7.771806033e-16  -2.947529399e-14
186.5220751  7.696043035e-16  -2.918795581e-14
186.834721  7.606345359e-16  -2.884776906e-14
187.165279  7.512805658e-16  -2.849301109e-14
187.4779249  7.425542528e-16  -2.816205759e-14
187.7387739  7.353622235e-16  -2.788929322e-14
187.9195339  7.304250678e-16  -2.770204702e-14
188  7.282394654e-16  -2.761915602e-14
188.0804661  7.260613339e-16  -2.753654837e-14
188.2612261  7.211954457e-16  -2.735200505e-14
188.5220751  7.142391903e-16  -2.708818262e-14
188.834721  7.060024343e-16  -2.677579603e-14
189.165279  6.974116205e-16  -2.644998146e-14
189.4779249  6.893960904e-16  -2.614598506e-14
189.7387739  6.827890184e-16  -2.589540574e-14
189.9195339  6.782529717e-16  -2.572337196e-14
190  6.762448163e-16  -2.564721081e-14
190.0804661  6.742434532e-16  -2.557130726e-14
190.2612261  6.697721996e-16  -2.540173083e-14
190.5220751  6.633794825e-16  -2.515928112e-14
190.834721  6.558090341e-16  -2.487216485e-14
191.165279  6.479120416e-16  -2.45726641e-14
191.4779249  6.405428225e-16  -2.429317964e-14
191.7387739  6.344677256e-16  -2.406277596e-14
191.9195339  6.302964979e-16  -2.390457829e-14
192  6.284497457e-16  -2.38345385e-14
192.0804661  6.266091749e-16  -2.376473315e-14
192.2612261  6.22496913e-16  -2.360877181e-14
192.5220751  6.166168922e-16  -2.338576658e-14
192.834721  6.096527236e-16  -2.312164404e-14
193.165279  6.023871466e-16  -2.28460903e-14
193.4779249  5.956061991e-16  -2.258891659e-14
193.7387739  5.900153736e-16  -2.237687935e-14
193.9195339  5.861762865e-16  -2.223127842e-14
194  5.844764893e-16  -2.216681204e-14
194.0804661  5.827823231e-16  -2.210255922e-14
194.2612261  5.78996951e-16  -2.195899547e-14
194.5220751  5.735838302e-16  -2.175369786e-14
194.834721  5.671718627e-16  -2.151051805e-14
195.165279  5.6048147e-16  -2.125677871e-14
195.4779249  5.542364882e-16  -2.1019932e-14
195.7387739  5.490869363e-16  -2.082463047e-14
195.9195339  5.455505315e-16  -2.069050905e-14
196  5.43984664e-16  -2.063112207e-14
196.0804661  5.424239309e-16  -2.057192982e-14
196.2612261  5.389365048e-16  -2.043966596e-14
196.5220751  5.339489881e-16  -2.025050977e-14
196.834721  5.280404497e-16  -2.002642298e-14
197.165279  5.218745194e-16  -1.979257436e-14
197.4779249  5.161183141e-16  -1.957426495e-14
197.7387739  5.113712382e-16  -1.93942277e-14
197.9195339  5.081109322e-16  -1.927057758e-14
198  5.066672392e-16  -1.921582418e-14
198.0804661  5.052282322e-16  -1.916124851e-14
198.2612261  5.020126279e-16  -1.903929374e-14
198.5220751  4.974134378e-16  -1.88648652e-14
198.834721  4.919642962e-16  -1.865820146e-14
199.165279  4.862770276e-16  -1.844250653e-14
199.4779249  4.809669812e-16  -1.82411181e-14
199.7387739  4.765873371e-16  -1.807501604e-14
199.9195339  4.735791149e-16  -1.796092643e-14
200  4.722469765e-16  -1.791040385e-14
200.0804661  4.70919119e-16  -1.786004362e-14
200.2612261  4.679517326e-16  -1.774750275e-14
200.5220751  4.637071845e-16  -1.758652433e-14
200.834721  4.586776451e-16  -1.739577439e-14
201.165279  4.534276388e-16  -1.719666304e-14
201.4779249  4.485252225e-16  -1.701073437e-14
201.7387739  4.444813235e-16  -1.685736575e-14
201.9195339  4.417034691e-16  -1.675201305e-14
202  4.404732813e-16  -1.670535704e-14
202.0804661  4.392470076e-16  -1.665884947e-14
202.2612261  4.365064909e-16  -1.655491284e-14
202.5220751  4.325861155e-16  -1.640622897e-14
202.834721  4.27940177e-16  -1.623002745e-14
203.165279  4.230899741e-16  -1.604607902e-14
203.4779249  4.185603208e-16  -1.587428772e-14
203.7387739  4.148234877e-16  -1.573256487e-14
203.9195339  4.122563436e-16  -1.563520355e-14
204  4.111194122e-16  -1.559208438e-14
204.0804661  4.099860628e-16  -1.554910105e-14
204.2612261  4.074530883e-16  -1.545303565e-14
204.5220751  4.038292973e-16  -1.531560002e-14
204.834721  3.99534358e-16  -1.515271047e-14
205.165279  3.950500312e-16  -1.498263822e-14
205.4779249  3.908615562e-16  -1.482378643e-14
205.7387739  3.874058059e-16  -1.46927239e-14
205.9195339  3.850315609e-16  -1.460267846e-14
206  3.839800079e-16  -1.456279734e-14
206.0804661  3.829317357e-16  -1.452304064e-14
206.2612261  3.80588788e-16  -1.443418218e-14
206.5220751  3.772365772e-16  -1.430704648e-14
206.834721  3.732630851e-16  -1.415634812e-14
207.165279  3.691138761e-16  -1.399898552e-14
207.4779249  3.652379403e-16  -1.385198707e-14
207.7387739  3.620397098e-16  -1.373069121e-14
207.9195339  3.598422099e-16  -1.3647349e-14
208  3.588688897e-16  -1.361043493e-14
208.0804661  3.578985772e-16  -1.357363493e-14
208.2612261  3.557297679e-16  -1.349138083e-14
208.5220751  3.526264537e-16  -1.337368476e-14
208.834721  3.489475956e-16  -1.323416066e-14
209.165279  3.451055924e-16  -1.308844913e-14
209.4779249  3.41516203e-16  -1.295231822e-14
209.7387739  3.385541036e-16  -1.283997786e-14
209.9195339  3.36518684e-16  -1.276278268e-14
210  3.356171094e-16  -1.272858963e-14
210.0804661  3.347182943e-16  -1.269450124e-14
210.2612261  3.327091978e-16  -1.261830439e-14
210.5220751  3.29834182e-16  -1.250926675e-14
210.834721  3.264256069e-16  -1.237999339e-14
211.165279  3.228654567e-16  -1.22449714e-14
211.4779249  3.195390009e-16  -1.211881248e-14
211.7387739  3.167935998e-16  -1.20146906e-14
211.9195339  3.14906935e-16  -1.194313709e-14
212  3.140712111e-16  -1.191144149e-14
212.0804661  3.13238021e-16  -1.187984198e-14
212.2612261  3.113755269e-16  -1.180920517e-14
212.5220751  3.087100883e-16  -1.170811594e-14
212.834721  3.055496608e-16  -1.15882538e-14
213.165279  3.022483146e-16  -1.146304719e-14
213.4779249  2.991633217e-16  -1.134604598e-14
213.7387739  2.966169466e-16  -1.124947235e-14
213.9195339  2.948669177e-16  -1.118310088e-14
214  2.940916827e-16  -1.115369938e-14
214.0804661  2.933187762e-16  -1.112438618e-14
214.2612261  2.915909592e-16  -1.105885712e-14
214.5220751  2.891180669e-16  -1.096507039e-14
214.834721  2.861856476e-16  -1.085385567e-14
215.165279  2.831221316e-16  -1.073766899e-14
215.4779249  2.802590614e-16  -1.06290844e-14
215.7387739  2.778956271e-16  -1.053944897e-14
215.9195339  2.762712021e-16  -1.047784114e-14
216  2.75551575e-16  -1.045054862e-14
216.0804661  2.748340894e-16  -1.042333732e-14
216.2612261  2.732300924e-16  -1.036250424e-14
216.5220751  2.709342391e-16  -1.027543188e-14
216.834721  2.682114886e-16  -1.017216905e-14
217.165279  2.653667006e-16  -1.006427783e-14
217.4779249  2.627077542e-16  -9.963434827e-15
217.7387739  2.605126069e-16  -9.880181834e-15
217.9195339  2.590037346e-16  -9.822956454e-15
218  2.583352682e-16  -9.797604246e-15
218.0804661  2.576687728e-16  -9.772326789e-15
218.2612261  2.561787023e-16  -9.715814488e-15
218.5220751  2.540457564e-16  -9.634920539e-15
218.834721  2.515159595e-16  -9.538975649e-15
219.165279  2.488724869e-16  -9.438719505e-15
219.4779249  2.464014375e-16  -9.345002667e-15
219.7387739  2.443612162e-16  -9.267625383e-15
219.9195339  2.429587312e-16  -9.214434843e-15
220  2.423373698e-16  -9.190869137e-15
220.0804661  2.417178239e-16  -9.167372284e-15
220.2612261  2.403326573e-16  -9.114838557e-15
220.5220751  2.383497292e-16  -9.039634175e-15
220.834721  2.359976384e-16  -8.950428951e-15
221.165279  2.335395953e-16  -8.857205393e-15
221.4779249  2.312416366e-16  -8.770053181e-15
221.7387739  2.293441484e-16  -8.698089184e-15
221.9195339  2.280396862e-16  -8.648616245e-15
222  2.274617283e-16  -8.626696657e-15
222.0804661  2.268854438e-16  -8.604840537e-15
222.2612261  2.255969453e-16  -8.555973036e-15
222.5220751  2.237522688e-16  -8.486011974e-15
222.834721  2.215639635e-16  -8.403018467e-15
223.165279  2.192768447e-16  -8.316277371e-15
223.4779249  2.171384556e-16  -8.235176983e-15
223.7387739  2.153725647e-16  -8.168203934e-15
223.9195339  2.141584848e-16  -8.122158831e-15
224  2.136205493e-16  -8.101757128e-15
224.0804661  2.130841575e-16  -8.081413972e-15
224.2612261  2.118848033e-16  -8.035927357e-15
224.5220751  2.101676288e-16  -7.970801921e-15
224.834721  2.081303895e-16  -7.893537736e-15
225.165279  2.060009396e-16  -7.812776378e-15
225.4779249  2.040097624e-16  -7.737259136e-15
225.7387739  2.023652898e-16  -7.674890992e-15
225.9195339  2.01234608e-16  -7.632008837e-15
226  2.007336039e-16  -7.613007791e-15
226.0804661  2.002340247e-16  -7.594060789e-15
226.2612261  1.991169365e-16  -7.551694183e-15
226.5220751  1.975174347e-16  -7.491031599e-15
226.834721  1.956196303e-16  -7.419055608e-15
227.165279  1.936357262e-16  -7.34381421e-15
227.4779249  1.917804574e-16  -7.27345142e-15
227.7387739  1.902480916e-16  -7.215335031e-15
227.9195339  1.891944181e-16  -7.175373486e-15
228  1.887275173e-16  -7.15766584e-15
228.0804661  1.882619328e-16  -7.14000812e-15
228.2612261  1.872208166e-16  -7.100522822e-15
228.5220751  1.857299934e-16  -7.043981971e-15
228.834721  1.83960979e-16  -6.976890462e-15
229.165279  1.821115246e-16  -6.906748194e-15
229.4779249  1.803818168e-16  -6.841147423e-15
229.7387739  1.789530331e-16  -6.786959477e-15
229.9195339  1.779705174e-16  -6.74969666e-15
230  1.775351305e-16  -6.733184208e-15
230.0804661  1.771009604e-16  -6.716717906e-15
230.2612261  1.761300528e-16  -6.679895335e-15
230.5220751  1.747396712e-16  -6.627163825e-15
230.834721  1.730896974e-16  -6.564587042e-15
231.165279  1.713645286e-16  -6.499158419e-15
231.4779249  1.697509025e-16  -6.437960155e-15
231.7387739  1.684178901e-16  -6.387404425e-15
231.9195339  1.675011716e-16  -6.352637025e-15
232  1.670949257e-16  -6.337229775e-15
232.0804661  1.666898055e-16  -6.321865215e-15
232.2612261  1.657838248e-16  -6.287505058e-15
232.5220751  1.644863357e-16  -6.238296584e-15
232.834721  1.629464663e-16  -6.179895611e-15
233.165279  1.613362656e-16  -6.118827258e-15
233.4779249  1.598300304e-16  -6.061701892e-15
233.7387739  1.585856276e-16  -6.014506765e-15
233.9195339  1.577297904e-16  -5.982048348e-15
234  1.573505096e-16  -5.967663773e-15
234.0804661  1.569722708e-16  -5.953318716e-15
234.2612261  1.561263732e-16  -5.921237266e-15
234.5220751  1.549148528e-16  -5.875289231e-15
234.834721  1.534768906e-16  -5.820753185e-15
235.165279  1.519731102e-16  -5.763720919e-15
235.4779249  1.505662919e-16  -5.710366035e-15
235.7387739  1.494039272e-16  -5.666282277e-15
235.9195339  1.486044604e-16  -5.635961757e-15
236  1.482501478e-16  -5.622524124e-15
236.0804661  1.478968003e-16  -5.609123094e-15
236.2612261  1.471065401e-16  -5.579151744e-15
236.5220751  1.459746331e-16  -5.536223122e-15
236.834721  1.446310536e-16  -5.485266626e-15
237.165279  1.432258459e-16  -5.431972823e-15
237.4779249  1.419111232e-16  -5.382110748e-15
237.7387739  1.408247621e-16  -5.340909496e-15
237.9195339  1.400775229e-16  -5.312569756e-15
238  1.397463445e-16  -5.30000951e-15
238.0804661  1.394160607e-16  -5.28748319e-15
238.2612261  1.386773547e-16  -5.259467083e-15
238.5220751  1.376192237e-16  -5.219336483e-15
238.834721  1.363631145e-16  -5.17169738e-15
239.165279  1.350492698e-16  -5.121868602e-15
239.4779249  1.338199155e-16  -5.075244201e-15
239.7387739  1.328040126e-16  -5.036715143e-15
239.9195339  1.321051938e-16  -5.010211794e-15
240  1.317954641e-16  -4.998465009e-15
240.0804661  1.314865641e-16  -4.98674969e-15
240.2612261  1.307956595e-16  -4.960546495e-15
240.5220751  1.298059387e-16  -4.923010414e-15
240.834721  1.286309454e-16  -4.878447708e-15
241.165279  1.274018351e-16  -4.831832561e-15
241.4779249  1.262516635e-16  -4.788211237e-15
241.7387739  1.253011194e-16  -4.752160974e-15
241.9195339  1.246472198e-16  -4.727361224e-15
242  1.243573887e-16  -4.716369111e-15
242.0804661  1.240683275e-16  -4.705406199e-15
242.2612261  1.234217725e-16  -4.680885001e-15
242.5220751  1.224955262e-16  -4.645756252e-15
242.834721  1.213958033e-16  -4.604048243e-15
243.165279  1.202453288e-16  -4.560415434e-15
243.4779249  1.191686483e-16  -4.519581327e-15
243.7387739  1.182787705e-16  -4.485831887e-15
243.9195339  1.176665677e-16  -4.46261353e-15
244  1.173952085e-16  -4.452321981e-15
244.0804661  1.171245642e-16  -4.442057547e-15
244.2612261  1.165191817e-16  -4.419097854e-15
244.5220751  1.156518668e-16  -4.386204134e-15
244.834721  1.14622033e-16  -4.347146732e-15
245.165279  1.135445797e-16  -4.306283318e-15
245.4779249  1.125361495e-16  -4.268037669e-15
245.7387739  1.117026167e-16  -4.236425167e-15
245.9195339  1.111291433e-16  -4.214675658e-15
246  1.108749421e-16  -4.205034841e-15
246.0804661  1.106214052e-16  -4.195419219e-15
246.2612261  1.10054269e-16  -4.173910052e-15
246.5220751  1.092417008e-16  -4.143092653e-15
246.834721  1.082767988e-16  -4.106497852e-15
247.165279  1.072671939e-16  -4.06820765e-15
247.4779249  1.063221853e-16  -4.032367326e-15
247.7387739  1.055410156e-16  -4.002740741e-15
247.9195339  1.05003537e-16  -3.982356368e-15
248  1.047652829e-16  -3.973320358e-15
248.0804661  1.045276464e-16  -3.964307773e-15
248.2612261  1.039960595e-16  -3.944146849e-15
248.5220751  1.03234381e-16  -3.915259485e-15
248.834721  1.023298413e-16  -3.88095398e-15
249.165279  1.013833159e-16  -3.845056127e-15
249.4779249  1.004972768e-16  -3.811452278e-15
249.7387739  9.976479851e-17  -3.783672358e-15
249.9195339  9.926079289e-17  -3.764557479e-15
250  9.903736914e-17  -3.756083926e-15
250.0804661  9.881451994e-17  -3.747632163e-15
250.2612261  9.831599518e-17  -3.72872515e-15
250.5220751  9.760164871e-17  -3.701632899e-15
250.834721  9.675325624e-17  -3.669456829e-15
251.165279  9.586541106e-17  -3.635784479e-15
251.4779249  9.503423405e-17  -3.604261321e-15
251.7387739  9.434705922e-17  -3.578199579e-15
251.9195339  9.387419957e-17  -3.560265939e-15
252  9.366457574e-17  -3.552315761e-15
252.0804661  9.345548671e-17  -3.544385866e-15
252.2612261  9.298772863e-17  -3.526645708e-15
252.5220751  9.231743089e-17  -3.501224046e-15
252.834721  9.152129512e-17  -3.47102986e-15
253.165279  9.068806913e-17  -3.439428992e-15
253.4779249  8.990796201e-17  -3.409842707e-15
253.7387739  8.926296273e-17  -3.385380512e-15
253.9195339  8.881910041e-17  -3.368546623e-15
254  8.862232498e-17  -3.361083733e-15
254.0804661  8.842604762e-17  -3.353639732e-15
254.2612261  8.798693652e-17  -3.336986037e-15
254.5220751  8.735765529e-17  -3.313119964e-15
254.834721  8.661018291e-17  -3.284771382e-15
255.165279  8.582782496e-17  -3.255099732e-15
255.4779249  8.509528465e-17  -3.227317462e-15
255.7387739  8.448957108e-17  -3.204345214e-15
255.9195339  8.407272089e-17  -3.188535785e-15
256  8.388791467e-17  -3.181526838e-15
256.0804661  8.370357257e-17  -3.174535493e-15
256.2612261  8.329114978e-17  -3.158893977e-15
256.5220751  8.270008299e-17  -3.136477222e-15
256.834721  8.199795315e-17  -3.109848297e-15
257.165279  8.126299616e-17  -3.081974373e-15
257.4779249  8.057478452e-17  -3.055873309e-15
257.7387739  8.000568517e-17  -3.034289689e-15
257.9195339  7.961401177e-17  -3.019435113e-15
258  7.944036191e-17  -3.012849281e-15
258.0804661  7.926714479e-17  -3.006279862e-15
258.2612261  7.88795993e-17  -2.99158184e-15
258.5220751  7.832415598e-17  -2.970516138e-15
258.834721  7.766429771e-17  -2.945490402e-15
259.165279  7.697353519e-17  -2.919292594e-15
259.4779249  7.632665717e-17  -2.894759146e-15
259.7387739  7.579170088e-17  -2.874470434e-15
259.9195339  7.542350644e-17  -2.860506318e-15
260  7.526026098e-17  -2.854315083e-15
260.0804661  7.509741919e-17  -2.848139158e-15
260.2612261  7.473307552e-17  -2.834321087e-15
260.5220751  7.421085841e-17  -2.814515519e-15
260.834721  7.359043012e-17  -2.790985202e-15
261.165279  7.294089478e-17  -2.766350972e-15
261.4779249  7.233257851e-17  -2.743280015e-15
261.7387739  7.182947804e-17  -2.724199464e-15
261.9195339  7.148319101e-17  -2.711066207e-15
262  7.132965386e-17  -2.705243169e-15
262.0804661  7.117649349e-17  -2.69943442e-15
262.2612261  7.083380061e-17  -2.686437475e-15
262.5220751  7.034259035e-17  -2.667807871e-15
262.834721  6.975896112e-17  -2.645673192e-15
263.165279  6.914790538e-17  -2.622498337e-15
263.4779249  6.857558397e-17  -2.600792518e-15
263.7387739  6.810222108e-17  -2.582839792e-15
263.9195339  6.77763859e-17  -2.570482191e-15
264  6.763191236e-17  -2.565002898e-15
264.0804661  6.748779066e-17  -2.559536949e-15
264.2612261  6.716531188e-17  -2.547306643e-15
264.5220751  6.670305263e-17  -2.529775033e-15
264.834721  6.615378513e-17  -2.508943555e-15
265.165279  6.557866338e-17  -2.48713153e-15
265.4779249  6.503995841e-17  -2.466700645e-15
265.7387739  6.459437019e-17  -2.449801299e-15
265.9195339  6.428763799e-17  -2.438168196e-15
266  6.415163055e-17  -2.433009988e-15
266.0804661  6.401595185e-17  -2.427864248e-15
266.2612261  6.371235564e-17  -2.41635008e-15
266.5220751  6.327714188e-17  -2.399844196e-15
266.834721  6.275997685e-17  -2.380230233e-15
267.165279  6.221842922e-17  -2.359691538e-15
267.4779249  6.17111356e-17  -2.340451957e-15
267.7387739  6.129150206e-17  -2.324536967e-15
267.9195339  6.100262208e-17  -2.313580926e-15
268  6.08745267e-17  -2.30872279e-15
268.0804661  6.074673862e-17  -2.303876309e-15
268.2612261  6.046079019e-17  -2.29303145e-15
268.5220751  6.005085476e-17  -2.277484269e-15
268.834721  5.956369678e-17  -2.259008352e-15
269.165279  5.905353433e-17  -2.239659969e-15
269.4779249  5.857560652e-17  -2.221534114e-15
269.7387739  5.818023922e-17  -2.206539443e-15
269.9195339  5.790805105e-17  -2.196216455e-15
270  5.778735366e-17  -2.191638894e-15
270.0804661  5.76669437e-17  -2.187072235e-15
270.2612261  5.739749732e-17  -2.176853232e-15
270.5220751  5.701120041e-17  -2.162202564e-15
270.834721  5.655210493e-17  -2.144790943e-15
271.165279  5.607129618e-17  -2.126555825e-15
271.4779249  5.562083558e-17  -2.10947169e-15
271.7387739  5.524816723e-17  -2.095337898e-15
271.9195339  5.499159365e-17  -2.085607107e-15
272  5.487781705e-17  -2.081292025e-15
272.0804661  5.476430941e-17  -2.076987142e-15
272.2612261  5.451030142e-17  -2.067353654e-15
272.5220751  5.414612058e-17  -2.053541758e-15
272.834721  5.371328206e-17  -2.037125956e-15
273.165279  5.325994054e-17  -2.01993256e-15
273.4779249  5.283518397e-17  -2.003823274e-15
273.7387739  5.248375898e-17  -1.990495155e-15
273.9195339  5.224179945e-17  -1.981318616e-15
274  5.213450039e-17  -1.9772492e-15
274.0804661  5.202745312e-17  -1.973189333e-15
274.2612261  5.178789549e-17  -1.964103888e-15
274.5220751  5.144441642e-17  -1.951077127e-15
274.834721  5.103615748e-17  -1.935593528e-15
275.165279  5.060853051e-17  -1.919375379e-15
275.4779249  5.020783965e-17  -1.904178807e-15
275.7387739  4.987630537e-17  -1.891605063e-15
275.9195339  4.964803011e-17  -1.882947512e-15
276  4.954679665e-17  -1.87910814e-15
276.0804661  4.944579904e-17  -1.875277712e-15
276.2612261  4.921977348e-17  -1.866705483e-15
276.5220751  4.889568169e-17  -1.854414002e-15
276.834721  4.851044317e-17  -1.839803474e-15
277.165279  4.810690143e-17  -1.82449878e-15
277.4779249  4.772875316e-17  -1.810157157e-15
277.7387739  4.741585199e-17  -1.79829009e-15
277.9195339  4.720039645e-17  -1.79011874e-15
278  4.710484557e-17  -1.786494884e-15
278.0804661  4.700951569e-17  -1.78287941e-15
278.2612261  4.679616832e-17  -1.774788013e-15
278.5220751  4.649024138e-17  -1.763185451e-15
278.834721  4.612657323e-17  -1.749393e-15
279.165279  4.574560132e-17  -1.734944287e-15
279.4779249  4.538857889e-17  -1.721403881e-15
279.7387739  4.509314094e-17  -1.710199123e-15
279.9195339  4.488970087e-17  -1.70248347e-15
280  4.479947622e-17  -1.699061617e-15
280.0804661  4.470945875e-17  -1.695647621e-15
280.2612261  4.450799513e-17  -1.688006926e-15
280.5220751  4.421909566e-17  -1.677050147e-15
280.834721  4.387564863e-17  -1.6640246e-15
281.165279  4.351583634e-17  -1.650378386e-15
281.4779249  4.317862124e-17  -1.637589191e-15
281.7387739  4.289955767e-17  -1.627005447e-15
281.9195339  4.270738447e-17  -1.6197171e-15
282  4.262215436e-17  -1.616484669e-15
282.0804661  4.253711858e-17  -1.613259608e-15
282.2612261  4.234679918e-17  -1.606041569e-15
282.5220751  4.20738684e-17  -1.595690416e-15
282.834721  4.174938634e-17  -1.583384134e-15
283.165279  4.140942068e-17  -1.570490621e-15
283.4779249  4.10907852e-17  -1.558406076e-15
283.7387739  4.08270821e-17  -1.548404891e-15
283.9195339  4.064547863e-17  -1.541517412e-15
284  4.056493416e-17  -1.538462688e-15
284.0804661  4.048457205e-17  -1.535414881e-15
284.2612261  4.030470816e-17  -1.528593376e-15
284.5220751  4.00467599e-17  -1.51881045e-15
284.834721  3.974007279e-17  -1.507179057e-15
285.165279  3.941873069e-17  -1.49499186e-15
285.4779249  3.911753109e-17  -1.483568586e-15
285.7387739  3.88682438e-17  -1.474114135e-15
285.9195339  3.869656054e-17  -1.467602889e-15
286  3.86204139e-17  -1.464714957e-15
286.0804661  3.854443846e-17  -1.461833518e-15
286.2612261  3.83743883e-17  -1.455384208e-15
286.5220751  3.813050364e-17  -1.446134656e-15
286.834721  3.784052109e-17  -1.4351368e-15
287.165279  3.753666264e-17  -1.423612687e-15
287.4779249  3.725183288e-17  -1.412810254e-15
287.7387739  3.701608088e-17  -1.403869141e-15
287.9195339  3.685371233e-17  -1.397711164e-15
288  3.678169522e-17  -1.394979848e-15
288.0804661  3.67098389e-17  -1.392254631e-15
288.2612261  3.654900418e-17  -1.386154825e-15
288.5220751  3.631832636e-17  -1.377406155e-15
288.834721  3.604403174e-17  -1.367003278e-15
289.165279  3.575659404e-17  -1.356101937e-15
289.4779249  3.548714001e-17  -1.345882643e-15
289.7387739  3.526410211e-17  -1.337423725e-15
289.9195339  3.511048359e-17  -1.3315976e-15
290  3.504234576e-17  -1.32901341e-15
290.0804661  3.497435902e-17  -1.326434949e-15
290.2612261  3.48221817e-17  -1.320663484e-15
290.5220751  3.460391158e-17  -1.312385387e-15
290.834721  3.434435652e-17  -1.302541521e-15
291.165279  3.407234799e-17  -1.292225346e-15
291.4779249  3.38173422e-17  -1.282554015e-15
291.7387739  3.360625221e-17  -1.274548232e-15
291.9195339  3.346085679e-17  -1.269033976e-15
292  3.339636474e-17  -1.266588056e-15
292.0804661  3.333201472e-17  -1.264147521e-15
292.2612261  3.318797406e-17  -1.258684646e-15
292.5220751  3.298136587e-17  -1.250848839e-15
292.834721  3.273566528e-17  -1.241530417e-15
293.165279  3.247816041e-17  -1.231764306e-15
293.4779249  3.223673712e-17  -1.222608104e-15
293.7387739  3.203687981e-17  -1.215028331e-15
293.9195339  3.18992156e-17  -1.209807288e-15
294  3.183815135e-17  -1.20749137e-15
294.0804661  3.177722065e-17  -1.205180517e-15
294.2612261  3.164083048e-17  -1.200007793e-15
294.5220751  3.144518791e-17  -1.192587868e-15
294.834721  3.121251538e-17  -1.183763546e-15
295.165279  3.096864993e-17  -1.174514723e-15
295.4779249  3.074000067e-17  -1.165842988e-15
295.7387739  3.055070806e-17  -1.158663891e-15
295.9195339  3.042031564e-17  -1.153718637e-15
296  3.036247557e-17  -1.151524999e-15
296.0804661  3.030476115e-17  -1.149336127e-15
296.2612261  3.017556735e-17  -1.144436332e-15
296.5220751  2.999024e-17  -1.137407621e-15
296.834721  2.97698235e-17  -1.129048121e-15
297.165279  2.95387901e-17  -1.120285965e-15
297.4779249  2.932215951e-17  -1.112070049e-15
297.7387739  2.914280746e-17  -1.105267957e-15
297.9195339  2.901925754e-17  -1.100582212e-15
298  2.89644514e-17  -1.098503638e-15
298.0804661  2.890976353e-17  -1.09642955e-15
298.2612261  2.878734175e-17  -1.091786591e-15
298.5220751  2.861172178e-17  -1.085126041e-15
298.834721  2.84028398e-17  -1.077203998e-15
299.165279  2.81838838e-17  -1.068899889e-15
299.4779249  2.797856582e-17  -1.061113015e-15
299.7387739  2.780857091e-17  -1.0546658e-15
299.9195339  2.769146219e-17  -1.050224344e-15
300  2.763951212e-17  -1.048254089e-15
300.0804661  2.75876734e-17  -1.046288058e-15
300.2612261  2.74716269e-17  -1.041886887e-15
300.5220751  2.730514603e-17  -1.035572946e-15
300.834721  2.710712393e-17  -1.028062774e-15
301.165279  2.68995397e-17  -1.02018995e-15
301.4779249  2.670487405e-17  -1.012807075e-15
301.7387739  2.654369065e-17  -1.006694045e-15
301.9195339  2.643264779e-17  -1.002482642e-15
302  2.638338744e-17  -1.000614398e-15
302.0804661  2.633423197e-17  -9.98750131e-16
302.2612261  2.622418968e-17  -9.945766754e-16
302.5220751  2.606631633e-17  -9.885891822e-16
302.834721  2.587852305e-17  -9.814669484e-16
303.165279  2.568165045e-17  -9.740003727e-16
303.4779249  2.549701941e-17  -9.669980695e-16
303.7387739  2.534413701e-17  -9.611998627e-16
303.9195339  2.523880883e-17  -9.572051943e-16
304  2.519208254e-17  -9.554330562e-16
304.0804661  2.514545508e-17  -9.536646667e-16
304.2612261  2.504106976e-17  -9.49705757e-16
304.5220751  2.48913065e-17  -9.440258464e-16
304.834721  2.471315145e-17  -9.372691514e-16
305.165279  2.452637266e-17  -9.301853926e-16
305.4779249  2.435119804e-17  -9.235417332e-16
305.7387739  2.420613878e-17  -9.180402264e-16
305.9195339  2.410619656e-17  -9.142498249e-16
306  2.40618586e-17  -9.125682671e-16
306.0804661  2.401761383e-17  -9.10890243e-16
306.2612261  2.391856042e-17  -9.071335509e-16
306.5220751  2.377644155e-17  -9.017435609e-16
306.834721  2.360737179e-17  -8.953314338e-16
307.165279  2.343010831e-17  -8.886085523e-16
307.4779249  2.326384872e-17  -8.823030034e-16
307.7387739  2.312616512e-17  -8.770812254e-16
307.9195339  2.303130098e-17  -8.734834149e-16
308  2.298921491e-17  -8.718872619e-16
308.0804661  2.294721672e-17  -8.702944414e-16
308.2612261  2.285319078e-17  -8.667284206e-16
308.5220751  2.271828012e-17  -8.616118089e-16
308.834721  2.255777773e-17  -8.555246072e-16
309.165279  2.238948769e-17  -8.491420517e-16
309.4779249  2.223163595e-17  -8.431553781e-16
309.7387739  2.210090878e-17  -8.381974293e-16
309.9195339  2.201083429e-17  -8.347812707e-16
310  2.197087225e-17  -8.332656736e-16
310.0804661  2.193099312e-17  -8.317532204e-16
310.2612261  2.18417094e-17  -8.283670526e-16
310.5220751  2.171359825e-17  -8.235083189e-16
310.834721  2.156117791e-17  -8.177276364e-16
311.165279  2.14013535e-17  -8.116661476e-16
311.4779249  2.125143428e-17  -8.059803222e-16
311.7387739  2.112727063e-17  -8.01271301e-16
311.9195339  2.104171545e-17  -7.980265413e-16
312  2.100375761e-17  -7.965869551e-16
312.0804661  2.0965878e-17  -7.95150336e-16
312.2612261  2.088106912e-17  -7.919338806e-16
312.5220751  2.075937438e-17  -7.873184951e-16
312.834721  2.061458112e-17  -7.818270767e-16
313.165279  2.046274626e-17  -7.760685988e-16
313.4779249  2.03203139e-17  -7.706667199e-16
313.7387739  2.020234537e-17  -7.661926539e-16
313.9195339  2.012105599e-17  -7.631096791e-16
314  2.008498997e-17  -7.61741842e-16
314.0804661  2.004899782e-17  -7.603768061e-16
314.2612261  1.996841304e-17  -7.573205538e-16
314.5220751  1.985277543e-17  -7.529348905e-16
314.834721  1.971518257e-17  -7.477165538e-16
315.165279  1.957089073e-17  -7.422441523e-16
315.4779249  1.943552724e-17  -7.371103666e-16
315.7387739  1.932340823e-17  -7.328581493e-16
315.9195339  1.924614688e-17  -7.299279409e-16
316  1.921186727e-17  -7.286278548e-16
316.0804661  1.917765741e-17  -7.273304145e-16
316.2612261  1.910106152e-17  -7.244254443e-16
316.5220751  1.899114398e-17  -7.202567198e-16
316.834721  1.886035119e-17  -7.15296282e-16
317.165279  1.872318342e-17  -7.100940673e-16
317.4779249  1.859449655e-17  -7.052134988e-16
317.7387739  1.848790278e-17  -7.011708314e-16
317.9195339  1.841444629e-17  -6.983849258e-16
318  1.838185415e-17  -6.971488389e-16
318.0804661  1.834932792e-17  -6.959152516e-16
318.2612261  1.827650016e-17  -6.931531911e-16
318.5220751  1.817198633e-17  -6.891894076e-16
318.834721  1.804761786e-17  -6.844726179e-16
319.165279  1.791718089e-17  -6.795256752e-16
319.4779249  1.779480245e-17  -6.748843595e-16
319.7387739  1.769342948e-17  -6.710396958e-16
319.9195339  1.762356834e-17  -6.683901474e-16
320  1.75925708e-17  -6.672145371e-16
320.0804661  1.756163556e-17  -6.660412893e-16
320.2612261  1.749236865e-17  -6.634142778e-16
320.5220751  1.739296151e-17  -6.5964417e-16
320.834721  1.727466453e-17  -6.551576475e-16
321.165279  1.715058908e-17  -6.50451971e-16
321.4779249  1.703417328e-17  -6.460367941e-16
321.7387739  1.69377352e-17  -6.423792906e-16
321.9195339  1.687127265e-17  -6.39858637e-16
322  1.684178248e-17  -6.387401948e-16
322.0804661  1.68123512e-17  -6.376239863e-16
322.2612261  1.674645048e-17  -6.351246406e-16
322.5220751  1.665187103e-17  -6.315376272e-16
322.834721  1.653931412e-17  -6.272688024e-16
323.165279  1.642125326e-17  -6.227912349e-16
323.4779249  1.631047527e-17  -6.185898769e-16
323.7387739  1.621870345e-17  -6.151093457e-16
323.9195339  1.615545462e-17  -6.127105754e-16
324  1.612738985e-17  -6.116461928e-16
324.0804661  1.609938078e-17  -6.105839229e-16
324.2612261  1.603666333e-17  -6.082053055e-16
324.5220751  1.59466494e-17  -6.047914437e-16
324.834721  1.583952112e-17  -6.007285047e-16
325.165279  1.572714883e-17  -5.964666817e-16
325.4779249  1.562170333e-17  -5.924675635e-16
325.7387739  1.553434531e-17  -5.891544295e-16
325.9195339  1.547413644e-17  -5.868709522e-16
326  1.544742002e-17  -5.858577074e-16
326.0804661  1.542075631e-17  -5.848464614e-16
326.2612261  1.536105018e-17  -5.825820512e-16
326.5220751  1.527535533e-17  -5.793319946e-16
326.834721  1.51733629e-17  -5.754638374e-16
327.165279  1.506637268e-17  -5.714061344e-16
327.4779249  1.496597264e-17  -5.675983697e-16
327.7387739  1.488279102e-17  -5.644436298e-16
327.9195339  1.482545871e-17  -5.622692489e-16
328  1.480001821e-17  -5.613043944e-16
328.0804661  1.477462759e-17  -5.603414317e-16
328.2612261  1.47177711e-17  -5.581850966e-16
328.5220751  1.463616358e-17  -5.550900557e-16
328.834721  1.453903166e-17  -5.514062379e-16
329.165279  1.443713525e-17  -5.475417222e-16
329.4779249  1.434151069e-17  -5.439150719e-16
329.7387739  1.426228219e-17  -5.409102578e-16
329.9195339  1.420767275e-17  -5.388391444e-16
330  1.418344003e-17  -5.379200958e-16
330.0804661  1.415925452e-17  -5.370028383e-16
330.2612261  1.410509557e-17  -5.349488099e-16
330.5220751  1.402735736e-17  -5.320005163e-16
330.834721  1.393482692e-17  -5.284912137e-16
331.165279  1.383775311e-17  -5.248095993e-16
331.4779249  1.374665e-17  -5.213544296e-16
331.7387739  1.367116452e-17  -5.184915731e-16
331.9195339  1.361913334e-17  -5.165182423e-16
332  1.359604426e-17  -5.156425677e-16
332.0804661  1.357299991e-17  -5.147685893e-16
332.2612261  1.352139537e-17  -5.128114393e-16
332.5220751  1.344732131e-17  -5.100021118e-16
332.834721  1.335914855e-17  -5.066580785e-16
333.165279  1.326664207e-17  -5.031496844e-16
333.4779249  1.317982132e-17  -4.998569272e-16
333.7387739  1.310788111e-17  -4.971285279e-16
333.9195339  1.305829204e-17  -4.952478167e-16
334  1.303628625e-17  -4.944132266e-16
334.0804661  1.301432283e-17  -4.935802436e-16
334.2612261  1.296513796e-17  -4.917148618e-16
334.5220751  1.289453488e-17  -4.890371748e-16
334.834721  1.28104903e-17  -4.85849706e-16
335.165279  1.272231081e-17  -4.825054173e-16
335.4779249  1.263954729e-17  -4.793665343e-16
335.7387739  1.257096611e-17  -4.767655295e-16
335.9195339  1.252369097e-17  -4.749725759e-16
336  1.250271162e-17  -4.741769147e-16
336.0804661  1.248177242e-17  -4.733827764e-16
336.2612261  1.243488033e-17  -4.716043503e-16
336.5220751  1.236756634e-17  -4.690514048e-16
336.834721  1.228743375e-17  -4.660123022e-16
337.165279  1.220335489e-17  -4.628235336e-16
337.4779249  1.212443655e-17  -4.598304825e-16
337.7387739  1.205903898e-17  -4.573502193e-16
337.9195339  1.2013957e-17  -4.556404434e-16
338  1.199395055e-17  -4.5488168e-16
338.0804661  1.197398216e-17  -4.541243603e-16
338.2612261  1.19292633e-17  -4.524283563e-16
338.5220751  1.186506702e-17  -4.499936528e-16
338.834721  1.178864276e-17  -4.470951922e-16
339.165279  1.170845125e-17  -4.440538548e-16
339.4779249  1.163317827e-17  -4.411990574e-16
339.7387739  1.157079903e-17  -4.388332667e-16
339.9195339  1.15277964e-17  -4.372023525e-16
340  1.150871238e-17  -4.364785732e-16
340.0804661  1.148966445e-17  -4.357561629e-16
340.2612261  1.144700618e-17  -4.341383083e-16
340.5220751  1.138576609e-17  -4.318157213e-16
340.834721  1.131285822e-17  -4.29050623e-16
341.165279  1.123635302e-17  -4.261490925e-16
341.4779249  1.116453707e-17  -4.234254058e-16
341.7387739  1.110502032e-17  -4.211681781e-16
341.9195339  1.106398978e-17  -4.19612057e-16
342  1.104578062e-17  -4.189214575e-16
342.0804661  1.102760569e-17  -4.182321567e-16
342.2612261  1.09869018e-17  -4.166884238e-16
342.5220751  1.092846564e-17  -4.144721783e-16
342.834721  1.085889319e-17  -4.118335786e-16
343.165279  1.078588476e-17  -4.090646663e-16
343.4779249  1.071734823e-17  -4.06465355e-16
343.7387739  1.066054705e-17  -4.043111179e-16
343.9195339  1.062138744e-17  -4.028259533e-16
344  1.060400827e-17  -4.021668322e-16
344.0804661  1.058666159e-17  -4.015089434e-16
344.2612261  1.054781192e-17  -4.000355336e-16
344.5220751  1.049203609e-17  -3.979201835e-16
344.834721  1.042562836e-17  -3.95401609e-16
345.165279  1.035593792e-17  -3.927585346e-16
345.4779249  1.029051331e-17  -3.902772456e-16
345.7387739  1.023628911e-17  -3.882207426e-16
345.9195339  1.019890499e-17  -3.868029152e-16
346  1.01823135e-17  -3.861736675e-16
346.0804661  1.016575285e-17  -3.855455895e-16
346.2612261  1.012866291e-17  -3.841389194e-16
346.5220751  1.007541193e-17  -3.821193265e-16
346.834721  1.00120079e-17  -3.797146699e-16
347.165279  9.945466771e-18  -3.771910361e-16
347.4779249  9.882996016e-18  -3.748217748e-16
347.7387739  9.831218005e-18  -3.728580458e-16
347.9195339  9.795519326e-18  -3.715041404e-16
348  9.779675578e-18  -3.709032516e-16
348.0804661  9.763861111e-18  -3.703034732e-16
348.2612261  9.728441747e-18  -3.689601611e-16
348.5220751  9.677587754e-18  -3.670314763e-16
348.834721  9.617035436e-18  -3.647349736e-16
349.165279  9.553484419e-18  -3.623247424e-16
349.4779249  9.493818331e-18  -3.600618508e-16
349.7387739  9.44436306e-18  -3.581862138e-16
349.9195339  9.410264818e-18  -3.568930064e-16
350  9.395131115e-18  -3.563190467e-16
350.0804661  9.38002522e-18  -3.557461417e-16
350.2612261  9.346192252e-18  -3.54462995e-16
350.5220751  9.297614551e-18  -3.526206407e-16
350.834721  9.239770462e-18  -3.504268501e-16
351.165279  9.179059239e-18  -3.481243208e-16
351.4779249  9.122056955e-18  -3.459624564e-16
351.7387739  9.074807858e-18  -3.441704906e-16
351.9195339  9.042229785e-18  -3.42934937e-16
352  9.027770528e-18  -3.423865563e-16
352.0804661  9.013337688e-18  -3.418391775e-16
352.2612261  8.981011629e-18  -3.406131818e-16
352.5220751  8.934596232e-18  -3.388528349e-16
352.834721  8.879324865e-18  -3.367566171e-16
353.165279  8.821311473e-18  -3.345564055e-16
353.4779249  8.766839945e-18  -3.324905224e-16
353.7387739  8.72168692e-18  -3.307780521e-16
353.9195339  8.690553197e-18  -3.295972768e-16
354  8.676734759e-18  -3.290731997e-16
354.0804661  8.662941425e-18  -3.285500748e-16
354.2612261  8.632047187e-18  -3.273783822e-16
354.5220751  8.587686416e-18  -3.256959589e-16
354.834721  8.534859754e-18  -3.236924588e-16
355.165279  8.479410072e-18  -3.215894783e-16
355.4779249  8.427343596e-18  -3.19614809e-16
355.7387739  8.384182612e-18  -3.179778887e-16
355.9195339  8.354421597e-18  -3.168491746e-16
356  8.341212204e-18  -3.163481962e-16
356.0804661  8.328026675e-18  -3.158481228e-16
356.2612261  8.298493304e-18  -3.147280423e-16
356.5220751  8.256085404e-18  -3.131196835e-16
356.834721  8.205582471e-18  -3.11204313e-16
357.165279  8.152569744e-18  -3.091937562e-16
357.4779249  8.102789516e-18  -3.07305795e-16
357.7387739  8.061522248e-18  -3.057406956e-16
357.9195339  8.033066225e-18  -3.046614746e-16
358  8.020435845e-18  -3.041824557e-16
358.0804661  8.007828155e-18  -3.037042974e-16
358.2612261  7.979588584e-18  -3.026332855e-16
358.5220751  7.93903737e-18  -3.010953432e-16
358.834721  7.890743804e-18  -2.99263765e-16
359.165279  7.840048203e-18  -2.973410874e-16
359.4779249  7.792441903e-18  -2.955355744e-16
359.7387739  7.752975387e-18  -2.940387702e-16
359.9195339  7.725760335e-18  -2.930066142e-16
360  7.71368057e-18  -2.925484779e-16
360.0804661  7.701622386e-18  -2.920911601e-16
360.2612261  7.674613199e-18  -2.910668117e-16
360.5220751  7.635827722e-18  -2.895958365e-16
360.834721  7.589635379e-18  -2.878439492e-16
361.165279  7.541143587e-18  -2.860048531e-16
361.4779249  7.495604993e-18  -2.842777597e-16
361.7387739  7.457851311e-18  -2.828459164e-16
361.9195339  7.431816675e-18  -2.818585287e-16
362  7.420260669e-18  -2.814202565e-16
362.0804661  7.408725194e-18  -2.809827629e-16
362.2612261  7.382886411e-18  -2.800028031e-16
362.5220751  7.345780642e-18  -2.785955325e-16
362.834721  7.301587231e-18  -2.769194565e-16
363.165279  7.255192054e-18  -2.751598764e-16
363.4779249  7.211620679e-18  -2.735073917e-16
363.7387739  7.175496655e-18  -2.721373546e-16
363.9195339  7.150585149e-18  -2.711925627e-16
364  7.139527492e-18  -2.707731908e-16
364.0804661  7.128489372e-18  -2.703545599e-16
364.2612261  7.103764244e-18  -2.694168365e-16
364.5220751  7.068256787e-18  -2.680701833e-16
364.834721  7.025965519e-18  -2.664662478e-16
365.165279  6.981565525e-18  -2.64782337e-16
365.4779249  6.93986628e-18  -2.632008545e-16
365.7387739  6.905293202e-18  -2.618896385e-16
365.9195339  6.881450611e-18  -2.609853861e-16
366  6.870867254e-18  -2.605840025e-16
366.0804661  6.860302496e-18  -2.601833243e-16
366.2612261  6.836637314e-18  -2.592858004e-16
366.5220751  6.802651135e-18  -2.57996843e-16
366.834721  6.762170398e-18  -2.564615736e-16
367.165279  6.719669579e-18  -2.548496907e-16
367.4779249  6.679752455e-18  -2.533357968e-16
367.7387739  6.646655811e-18  -2.520805759e-16
367.9195339  6.623830812e-18  -2.512149167e-16
368  6.613698992e-18  -2.508306581e-16
368.0804661  6.603584879e-18  -2.50447071e-16
368.2612261  6.580928799e-18  -2.495878181e-16
368.5220751  6.548390963e-18  -2.483537906e-16
368.834721  6.509634025e-18  -2.468838978e-16
369.165279  6.468941478e-18  -2.453405953e-16
369.4779249  6.430721247e-18  -2.438910577e-16
369.7387739  6.399030484e-18  -2.426891561e-16
369.9195339  6.377174478e-18  -2.418602469e-16
370  6.367472636e-18  -2.414922955e-16
370.0804661  6.357787659e-18  -2.411249838e-16
370.2612261  6.33609253e-18  -2.403021759e-16
370.5220751  6.30493397e-18  -2.391204587e-16
370.834721  6.267818688e-18  -2.377128273e-16
371.165279  6.228848319e-18  -2.3623484e-16
371.4779249  6.192244259e-18  -2.348465971e-16
371.7387739  6.161892549e-18  -2.336954804e-16
371.9195339  6.140959503e-18  -2.329015752e-16
372  6.131667219e-18  -2.325491568e-16
372.0804661  6.122391002e-18  -2.321973476e-16
372.2612261  6.101611213e-18  -2.314092549e-16
372.5220751  6.071766501e-18  -2.302773666e-16
372.834721  6.036215059e-18  -2.289290452e-16
373.165279  5.998885306e-18  -2.275132797e-16
373.4779249  5.963820938e-18  -2.261834311e-16
373.7387739  5.934744964e-18  -2.250806979e-16
373.9195339  5.91469126e-18  -2.243201426e-16
374  5.905789188e-18  -2.239825233e-16
374.0804661  5.896902424e-18  -2.236454845e-16
374.2612261  5.876994757e-18  -2.228904678e-16
374.5220751  5.848401895e-18  -2.218060571e-16
374.834721  5.814340555e-18  -2.205142492e-16
375.165279  5.778574123e-18  -2.191577741e-16
375.4779249  5.74497697e-18  -2.17883571e-16
375.7387739  5.717116723e-18  -2.168269453e-16
375.9195339  5.697901023e-18  -2.160981721e-16
376  5.689370824e-18  -2.157746564e-16
376.0804661  5.680855216e-18  -2.154516941e-16
376.2612261  5.661778709e-18  -2.147281999e-16
376.5220751  5.634378933e-18  -2.13689038e-16
376.834721  5.601737799e-18  -2.124510928e-16
377.165279  5.567461418e-18  -2.111511293e-16
377.4779249  5.535262773e-18  -2.099299659e-16
377.7387739  5.508561366e-18  -2.089172903e-16
377.9195339  5.49014448e-18  -2.082188129e-16
378  5.481968768e-18  -2.079087414e-16
378.0804661  5.473806967e-18  -2.075991976e-16
378.2612261  5.455522784e-18  -2.06905753e-16
378.5220751  5.429260379e-18  -2.05909727e-16
378.834721  5.397973179e-18  -2.047231309e-16
379.165279  5.365117377e-18  -2.034770442e-16
379.4779249  5.334252089e-18  -2.023064496e-16
379.7387739  5.308655576e-18  -2.013356782e-16
379.9195339  5.291000339e-18  -2.006660869e-16
380  5.283162628e-18  -2.003688345e-16
380.0804661  5.275338182e-18  -2.000720851e-16
380.2612261  5.257809493e-18  -1.994072934e-16
380.5220751  5.23263162e-18  -1.984523992e-16
380.834721  5.2026355e-18  -1.973147686e-16
381.165279  5.171134385e-18  -1.961200596e-16
381.4779249  5.141540658e-18  -1.949976901e-16
381.7387739  5.11699787e-18  -1.940668822e-16
381.9195339  5.100069028e-18  -1.934248402e-16
382  5.092553678e-18  -1.931398136e-16
382.0804661  5.085050982e-18  -1.928552669e-16
382.2612261  5.068242849e-18  -1.922178028e-16
382.5220751  5.044099382e-18  -1.913021395e-16
382.834721  5.015334715e-18  -1.902112129e-16
383.165279  4.985125771e-18  -1.890655107e-16
383.4779249  4.956744975e-18  -1.879891428e-16
383.7387739  4.933207362e-18  -1.87096457e-16
383.9195339  4.916971466e-18  -1.864806956e-16
384  4.909763638e-18  -1.862073321e-16
384.0804661  4.902567884e-18  -1.859344264e-16
384.2612261  4.886447154e-18  -1.853230328e-16
384.5220751  4.863290529e-18  -1.844447964e-16
384.834721  4.83570073e-18  -1.833984277e-16
385.165279  4.806724634e-18  -1.822994824e-16
385.4779249  4.779501127e-18  -1.812670057e-16
385.7387739  4.756922611e-18  -1.804106946e-16
385.9195339  4.741347915e-18  -1.798200098e-16
386  4.734433525e-18  -1.795577752e-16
386.0804661  4.727530656e-18  -1.792959775e-16
386.2612261  4.712065865e-18  -1.78709461e-16
386.5220751  4.689850935e-18  -1.778669392e-16
386.834721  4.663382295e-18  -1.768630915e-16
387.165279  4.635582731e-18  -1.758087673e-16
387.4779249  4.609463694e-18  -1.748181786e-16
387.7387739  4.587800533e-18  -1.739965832e-16
387.9195339  4.572856896e-18  -1.734298319e-16
388  4.566222573e-18  -1.731782191e-16
388.0804661  4.559599247e-18  -1.729270233e-16
388.2612261  4.544760522e-18  -1.723642509e-16
388.5220751  4.523444422e-18  -1.715558181e-16
388.834721  4.498045945e-18  -1.705925573e-16
389.165279  4.471369443e-18  -1.695808263e-16
389.4779249  4.446304721e-18  -1.686302235e-16
389.7387739  4.425515378e-18  -1.678417684e-16
389.9195339  4.411174181e-18  -1.672978652e-16
390  4.404807227e-18  -1.670563926e-16
390.0804661  4.398450773e-18  -1.668153182e-16
390.2612261  4.384209743e-18  -1.66275214e-16
390.5220751  4.363751768e-18  -1.654993263e-16
390.834721  4.339375024e-18  -1.645748157e-16
391.165279  4.313770799e-18  -1.636037518e-16
391.4779249  4.289712755e-18  -1.626913282e-16
391.7387739  4.269757776e-18  -1.619345172e-16
391.9195339  4.255991834e-18  -1.614124311e-16
392  4.249880188e-18  -1.611806412e-16
392.0804661  4.243778569e-18  -1.609492317e-16
392.2612261  4.230108287e-18  -1.604307736e-16
392.5220751  4.210469768e-18  -1.596859645e-16
392.834721  4.187068747e-18  -1.587984592e-16
393.165279  4.162488555e-18  -1.578662326e-16
393.4779249  4.139391932e-18  -1.569902718e-16
393.7387739  4.120233834e-18  -1.562636832e-16
393.9195339  4.107017317e-18  -1.557624346e-16
394  4.101149519e-18  -1.555398929e-16
394.0804661  4.0952913e-18  -1.553177145e-16
394.2612261  4.082166161e-18  -1.548199314e-16
394.5220751  4.063310355e-18  -1.541048075e-16
394.834721  4.04084134e-18  -1.532526493e-16
395.165279  4.017239335e-18  -1.523575214e-16
395.4779249  3.995061124e-18  -1.515163923e-16
395.7387739  3.976664285e-18  -1.508186751e-16
395.9195339  3.963972647e-18  -1.50337333e-16
396  3.958337806e-18  -1.501236264e-16
396.0804661  3.952712117e-18  -1.49910267e-16
396.2612261  3.940107786e-18  -1.49432236e-16
396.5220751  3.921999773e-18  -1.487454729e-16
396.834721  3.900421212e-18  -1.47927086e-16
397.165279  3.877753818e-18  -1.470674041e-16
397.4779249  3.856453139e-18  -1.462595561e-16
397.7387739  3.838783697e-18  -1.455894261e-16
397.9195339  3.826593603e-18  -1.451271055e-16
398  3.821181366e-18  -1.449218414e-16
398.0804661  3.815777876e-18  -1.447169091e-16
398.2612261  3.803671219e-18  -1.442577529e-16
398.5220751  3.7862778e-18  -1.435980914e-16
398.834721  3.76555019e-18  -1.428119776e-16
399.165279  3.743775976e-18  -1.419861703e-16
399.4779249  3.72331396e-18  -1.412101294e-16
399.7387739  3.706339719e-18  -1.405663656e-16
399.9195339  3.694628982e-18  -1.401222251e-16
