#L=6 M=3
#R     Re(V)   Im(V)

0.08046609183  -2.680480856e-13  -2.686182567e-13
0.2612261349  -3.155599843e-10  -3.155601255e-10
0.5220750502  -2.022287822e-08  -2.022287844e-08
0.8347210423  -3.417716073e-07  -3.417716078e-07
1.165278958  -2.574757668e-06  -2.574757668e-06
1.47792495  -1.094807811e-05  -1.094807811e-05
1.738773865  -2.964382342e-05  -2.964382342e-05
1.919533908  -5.451736357e-05  -5.451736357e-05
2  -7.026629119e-05  -7.026629119e-05
2.080466092  -8.970514684e-05  -8.970514684e-05
2.261226135  -0.0001505077171  -0.0001505077171
2.52207505  -0.0002975609567  -0.0002975609567
2.834721042  -0.000620006646  -0.000620006646
3.165278958  -0.001244574964  -0.001244574964
3.47792495  -0.002261468412  -0.002261468412
3.738773865  -0.003578124158  -0.003578124158
3.919533908  -0.004825190591  -0.004825190591
4  -0.005486303991  -0.005486303991
4.080466092  -0.004721905572  -0.004721905572
4.261226135  -0.003390084725  -0.003390084725
4.52207505  -0.002126341142  -0.002126341142
4.834721042  -0.001232337582  -0.001232337582
5.165278958  -0.0006990439219  -0.0006990439219
5.47792495  -0.0004100175341  -0.0004100175341
5.738773865  -0.0002618640285  -0.0002618640285
5.919533908  -0.0001910377063  -0.0001910377063
6  -0.0001657036895  -0.0001657036895
6.080466092  -0.0001435152009  -0.0001435152009
6.261226135  -0.000103192202  -0.000103192202
6.52207505  -6.25819503e-05  -6.25819503e-05
6.834721042  -3.222912284e-05  -3.222912284e-05
7.165278958  -1.358179095e-05  -1.358179095e-05
7.47792495  -3.585627311e-06  -3.585627311e-06
7.738773865  1.262530087e-06  1.262530087e-06
7.919533908  3.390339965e-06  3.390339965e-06
8  4.095421708e-06  4.095421708e-06
8.080466092  4.677407621e-06  4.677407621e-06
8.261226135  5.613481911e-06  5.613481911e-06
8.52207505  6.288342139e-06  6.288342139e-06
8.834721042  6.42155899e-06  6.42155899e-06
9.165278958  6.112758625e-06  6.112758625e-06
9.47792495  5.611552603e-06  5.611552603e-06
9.738773865  5.129166366e-06  5.129166366e-06
9.919533908  4.785699861e-06  4.785699861e-06
10  4.633448087e-06  4.633448087e-06
10.08046609  4.482501758e-06  4.482501758e-06
10.26122613  4.150686753e-06  4.150686753e-06
10.52207505  3.696280365e-06  3.696280365e-06
10.83472104  3.198453949e-06  3.198453949e-06
11.16527896  2.73228798e-06  2.73228798e-06
11.47792495  2.347640835e-06  2.347640835e-06
11.73877387  2.066029579e-06  2.066029579e-06
11.91953391  1.890306895e-06  1.890306895e-06
12  1.816887686e-06  1.816887686e-06
12.08046609  1.746299906e-06  1.746299906e-06
12.26122613  1.597585999e-06  1.597585999e-06
12.52207505  1.40530127e-06  1.40530127e-06
12.83472104  1.205851578e-06  1.205851578e-06
13.16527896  1.02684818e-06  1.02684818e-06
13.47792495  8.832846073e-07  8.832846073e-07
13.73877387  7.799198121e-07  7.799198121e-07
13.91953391  7.159737339e-07  7.159737339e-07
14  6.893533894e-07  6.893533894e-07
14.08046609  6.638036017e-07  6.638036017e-07
14.26122613  6.100851481e-07  6.100851481e-07
14.52207505  5.407526892e-07  5.407526892e-07
14.83472104  4.68814072e-07  4.68814072e-07
15.16527896  4.040388428e-07  4.040388428e-07
15.47792495  3.517891432e-07  3.517891432e-07
15.73877387  3.139134643e-07  3.139134643e-07
15.91953391  2.903382795e-07  2.903382795e-07
16  2.804854947e-07  2.804854947e-07
16.08046609  2.710052276e-07  2.710052276e-07
16.26122613  2.509893074e-07  2.509893074e-07
16.52207505  2.249623824e-07  2.249623824e-07
16.83472104  1.976786654e-07  1.976786654e-07
17.16527896  1.728117052e-07  1.728117052e-07
17.47792495  1.524978396e-07  1.524978396e-07
17.73877387  1.376005522e-07  1.376005522e-07
17.91953391  1.282433515e-07  1.282433515e-07
18  1.243114493e-07  1.243114493e-07
18.08046609  1.205156127e-07  1.205156127e-07
18.26122613  1.124582514e-07  1.124582514e-07
18.52207505  1.018853459e-07  1.018853459e-07
18.83472104  9.066972589e-08  9.066972589e-08
19.16527896  8.031085905e-08  8.031085905e-08
19.47792495  7.173603501e-08  7.173603501e-08
19.73877387  6.537361787e-08  6.537361787e-08
19.91953391  6.134141749e-08  6.134141749e-08
20  5.96381631e-08  5.96381631e-08
20.08046609  5.798858921e-08  5.798858921e-08
20.26122613  5.446909206e-08  5.446909206e-08
20.52207505  4.981096173e-08  4.981096173e-08
20.83472104  4.481493982e-08  4.481493982e-08
21.16527896  4.014412656e-08  4.014412656e-08
21.47792495  3.623132286e-08  3.623132286e-08
21.73877387  3.329758847e-08  3.329758847e-08
21.91953391  3.142355537e-08  3.142355537e-08
22  3.062826784e-08  3.062826784e-08
22.08046609  2.98558786e-08  2.98558786e-08
22.26122613  2.820050508e-08  2.820050508e-08
22.52207505  2.599307473e-08  2.599307473e-08
22.83472104  2.360272664e-08  2.360272664e-08
23.16527896  2.134433438e-08  2.134433438e-08
23.47792495  1.943288663e-08  1.943288663e-08
23.73877387  1.798680584e-08  1.798680584e-08
23.91953391  1.705677908e-08  1.705677908e-08
24  1.666053469e-08  1.666053469e-08
24.08046609  1.627477257e-08  1.627477257e-08
24.26122613  1.544482675e-08  1.544482675e-08
24.52207505  1.433096947e-08  1.433096947e-08
24.83472104  1.311489497e-08  1.311489497e-08
25.16527896  1.195558121e-08  1.195558121e-08
25.47792495  1.096571326e-08  1.096571326e-08
25.73877387  1.021108411e-08  1.021108411e-08
25.91953391  9.722936363e-09  9.722936363e-09
26  9.514252961e-09  9.514252961e-09
26.08046609  9.310672299e-09  9.310672299e-09
26.26122613  8.871237407e-09  8.871237407e-09
26.52207505  8.2782317e-09  8.2782317e-09
26.83472104  7.626255128e-09  7.626255128e-09
27.16527896  6.99990985e-09  6.99990985e-09
27.47792495  6.461072637e-09  6.461072637e-09
27.73877387  6.047580886e-09  6.047580886e-09
27.91953391  5.778772072e-09  5.778772072e-09
28  5.66352179e-09  5.66352179e-09
28.08046609  5.550890858e-09  5.550890858e-09
28.26122613  5.30708485e-09  5.30708485e-09
28.52207505  4.97651592e-09  4.97651592e-09
28.83472104  4.610872709e-09  4.610872709e-09
29.16527896  4.257264409e-09  4.257264409e-09
29.47792495  3.951075414e-09  3.951075414e-09
29.73877387  3.714773573e-09  3.714773573e-09
29.91953391  3.560492172e-09  3.560492172e-09
30  3.49417809e-09  3.49417809e-09
30.08046609  3.429271791e-09  3.429271791e-09
30.26122613  3.288427137e-09  3.288427137e-09
30.52207505  3.096674232e-09  3.096674232e-09
30.83472104  2.883459029e-09  2.883459029e-09
31.16527896  2.676066208e-09  2.676066208e-09
31.47792495  2.495464172e-09  2.495464172e-09
31.73877387  2.355390986e-09  2.355390986e-09
31.91953391  2.263592496e-09  2.263592496e-09
32  2.224048168e-09  2.224048168e-09
32.08046609  2.185291389e-09  2.185291389e-09
32.26122613  2.101009239e-09  2.101009239e-09
32.52207505  1.985849457e-09  1.985849457e-09
32.83472104  1.857208864e-09  1.857208864e-09
33.16527896  1.731444158e-09  1.731444158e-09
33.47792495  1.6213783e-09  1.6213783e-09
33.73877387  1.53563857e-09  1.53563857e-09
33.91953391  1.479261485e-09  1.479261485e-09
34  1.454928539e-09  1.454928539e-09
34.08046609  1.431051962e-09  1.431051962e-09
34.26122613  1.379030193e-09  1.379030193e-09
34.52207505  1.307723233e-09  1.307723233e-09
34.83472104  1.22774374e-09  1.22774374e-09
35.16527896  1.149200009e-09  1.149200009e-09
35.47792495  1.080156331e-09  1.080156331e-09
35.73877387  1.026163472e-09  1.026163472e-09
35.91953391  9.905564786e-10  9.905564786e-10
36  9.751615881e-10  9.75161588e-10
36.08046609  9.600395335e-10  9.600395335e-10
36.26122613  9.270362041e-10  9.27036204e-10
36.52207505  8.816698303e-10  8.816698303e-10
36.83472104  8.306008975e-10  8.306008975e-10
37.16527896  7.802473716e-10  7.802473715e-10
37.47792495  7.358094015e-10  7.358094015e-10
37.73877387  7.009379795e-10  7.009379795e-10
37.91953391  6.778805285e-10  6.778805285e-10
38  6.678961142e-10  6.678961142e-10
38.08046609  6.580794142e-10  6.580794142e-10
38.26122613  6.366223901e-10  6.366223901e-10
38.52207505  6.070526819e-10  6.070526819e-10
38.83472104  5.736576166e-10  5.736576166e-10
39.16527896  5.40611804e-10  5.40611804e-10
39.47792495  5.113448353e-10  5.113448353e-10
39.73877387  4.883068912e-10  4.883068912e-10
39.91953391  4.730378151e-10  4.730378151e-10
40  4.664167669e-10  4.664167669e-10
40.08046609  4.599014202e-10  4.599014202e-10
40.26122613  4.45640974e-10  4.45640974e-10
40.52207505  4.259438554e-10  4.259438554e-10
40.83472104  4.036332565e-10  4.036332565e-10
41.16527896  3.814842868e-10  3.814842868e-10
41.47792495  3.618053158e-10  3.618053158e-10
41.73877387  3.462711308e-10  3.462711308e-10
41.91953391  3.359533508e-10  3.359533508e-10
42  3.314736883e-10  3.314736883e-10
42.08046609  3.270621618e-10  3.270621618e-10
42.26122613  3.173945325e-10  3.173945325e-10
42.52207505  3.040135536e-10  3.040135536e-10
42.83472104  2.888168274e-10  2.888168274e-10
43.16527896  2.736857781e-10  2.736857781e-10
43.47792495  2.602030805e-10  2.602030805e-10
43.73877387  2.495329287e-10  2.495329287e-10
43.91953391  2.42432051e-10  2.42432051e-10
44  2.393455504e-10  2.393455504e-10
44.08046609  2.363038774e-10  2.363038774e-10
44.26122613  2.296307312e-10  2.296307312e-10
44.52207505  2.203770229e-10  2.203770229e-10
44.83472104  2.098421802e-10  2.098421802e-10
45.16527896  1.99324744e-10  1.99324744e-10
45.47792495  1.899282685e-10  1.899282685e-10
45.73877387  1.824746194e-10  1.824746194e-10
45.91953391  1.775054921e-10  1.775054921e-10
46  1.753433387e-10  1.753433387e-10
46.08046609  1.732112321e-10  1.732112321e-10
46.26122613  1.685287959e-10  1.685287959e-10
46.52207505  1.62024448e-10  1.62024448e-10
46.83472104  1.546032178e-10  1.546032178e-10
47.16527896  1.471760835e-10  1.471760835e-10
47.47792495  1.405244798e-10  1.405244798e-10
47.73877387  1.352369201e-10  1.352369201e-10
47.91953391  1.317061325e-10  1.317061325e-10
48  1.301683596e-10  1.301683596e-10
48.08046609  1.286510722e-10  1.286510722e-10
48.26122613  1.253157429e-10  1.253157429e-10
48.52207505  1.206753416e-10  1.206753416e-10
48.83472104  1.15370059e-10  1.15370059e-10
49.16527896  1.100486046e-10  1.100486046e-10
49.47792495  1.052722126e-10  1.052722126e-10
49.73877387  1.014678757e-10  1.014678757e-10
49.91953391  9.892372041e-11  9.892372041e-11
50  9.781468557e-11  9.781468557e-11
50.08046609  9.671983758e-11  9.671983758e-11
50.26122613  9.431104126e-11  9.431104126e-11
50.52207505  9.095484455e-11  9.095484455e-11
50.83472104  8.711059511e-11  8.711059511e-11
51.16527896  8.324663157e-11  8.324663157e-11
51.47792495  7.977133622e-11  7.977133622e-11
51.73877387  7.699830539e-11  7.699830539e-11
51.91953391  7.514128161e-11  7.514128161e-11
52  7.433112195e-11  7.433112195e-11
52.08046609  7.353092979e-11  7.353092979e-11
52.26122613  7.17690058e-11  7.17690058e-11
52.52207505  6.931080805e-11  6.931080805e-11
52.83472104  6.649028005e-11  6.649028005e-11
53.16527896  6.364985444e-11  6.364985444e-11
53.47792495  6.109030052e-11  6.109030052e-11
53.73877387  5.904455066e-11  5.904455066e-11
53.91953391  5.767282003e-11  5.767282003e-11
54  5.707392954e-11  5.707392954e-11
54.08046609  5.6482136e-11  5.6482136e-11
54.26122613  5.517811638e-11  5.517811638e-11
54.52207505  5.33565155e-11  5.33565155e-11
54.83472104  5.126307155e-11  5.126307155e-11
55.16527896  4.915111372e-11  4.915111372e-11
55.47792495  4.724464963e-11  4.724464963e-11
55.73877387  4.57185257e-11  4.57185257e-11
55.91953391  4.469400707e-11  4.469400707e-11
56  4.424639626e-11  4.424639626e-11
56.08046609  4.380390137e-11  4.380390137e-11
56.26122613  4.282819231e-11  4.282819231e-11
56.52207505  4.146363873e-11  4.146363873e-11
56.83472104  3.989311643e-11  3.989311643e-11
57.16527896  3.830608815e-11  3.830608815e-11
57.47792495  3.68711367e-11  3.68711367e-11
57.73877387  3.572080146e-11  3.572080146e-11
57.91953391  3.494770694e-11  3.494770694e-11
58  3.460972421e-11  3.460972421e-11
58.08046609  3.427547194e-11  3.427547194e-11
58.26122613  3.353796841e-11  3.353796841e-11
58.52207505  3.250544203e-11  3.250544203e-11
58.83472104  3.131541728e-11  3.131541728e-11
59.16527896  3.011103461e-11  3.011103461e-11
59.47792495  2.902040263e-11  2.902040263e-11
59.73877387  2.814491634e-11  2.814491634e-11
59.91953391  2.755593224e-11  2.755593224e-11
60  2.729828357e-11  2.729828357e-11
60.08046609  2.70433844e-11  2.70433844e-11
60.26122613  2.648063197e-11  2.648063197e-11
60.52207505  2.569197112e-11  2.569197112e-11
60.83472104  2.47818342e-11  2.47818342e-11
61.16527896  2.385939176e-11  2.385939176e-11
61.47792495  2.302288215e-11  2.302288215e-11
61.73877387  2.235054372e-11  2.235054372e-11
61.91953391  2.189779287e-11  2.189779287e-11
62  2.169962692e-11  2.169962692e-11
62.08046609  2.150350783e-11  2.150350783e-11
62.26122613  2.107028497e-11  2.107028497e-11
62.52207505  2.046258091e-11  2.046258091e-11
62.83472104  1.976042378e-11  1.976042378e-11
63.16527896  1.9047815e-11  1.9047815e-11
63.47792495  1.840072958e-11  1.840072958e-11
63.73877387  1.788002659e-11  1.788002659e-11
63.91953391  1.752907087e-11  1.752907087e-11
64  1.737537857e-11  1.737537857e-11
64.08046609  1.72232244e-11  1.72232244e-11
64.26122613  1.688694305e-11  1.688694305e-11
64.52207505  1.641480816e-11  1.641480816e-11
64.83472104  1.586867141e-11  1.586867141e-11
65.16527896  1.531370521e-11  1.531370521e-11
65.47792495  1.480913659e-11  1.480913659e-11
65.73877387  1.440266625e-11  1.440266625e-11
65.91953391  1.412847208e-11  1.412847208e-11
66  1.400833583e-11  1.400833583e-11
66.08046609  1.388936563e-11  1.388936563e-11
66.26122613  1.362629595e-11  1.362629595e-11
66.52207505  1.325664353e-11  1.325664353e-11
66.83472104  1.282859562e-11  1.282859562e-11
67.16527896  1.239311083e-11  1.239311083e-11
67.47792495  1.199670725e-11  1.199670725e-11
67.73877387  1.167704019e-11  1.167704019e-11
67.91953391  1.146122966e-11  1.146122966e-11
68  1.136662951e-11  1.136662951e-11
68.08046609  1.127292068e-11  1.127292068e-11
68.26122613  1.106561354e-11  1.106561354e-11
68.52207505  1.077408879e-11  1.077408879e-11
68.83472104  1.043617124e-11  1.043617124e-11
69.16527896  1.009199818e-11  1.009199818e-11
69.47792495  9.778364436e-12  9.778364436e-12
69.73877387  9.525196454e-12  9.525196454e-12
69.91953391  9.354151974e-12  9.354151974e-12
70  9.279141842e-12  9.279141842e-12
70.08046609  9.20481835e-12  9.20481835e-12
70.26122613  9.04032456e-12  9.04032456e-12
70.52207505  8.808835821e-12  8.808835821e-12
70.83472104  8.540253815e-12  8.540253815e-12
71.16527896  8.266411129e-12  8.266411129e-12
71.47792495  8.016606017e-12  8.016606017e-12
71.73877387  7.814774423e-12  7.814774423e-12
71.91953391  7.67831711e-12  7.67831711e-12
72  7.618449946e-12  7.618449946e-12
72.08046609  7.55911565e-12  7.55911565e-12
72.26122613  7.427741969e-12  7.427741969e-12
72.52207505  7.242734078e-12  7.242734078e-12
72.83472104  7.027888539e-12  7.027888539e-12
73.16527896  6.808616362e-12  6.808616362e-12
73.47792495  6.608393747e-12  6.608393747e-12
73.73877387  6.446481054e-12  6.446481054e-12
73.91953391  6.336939411e-12  6.336939411e-12
74  6.288861863e-12  6.288861863e-12
74.08046609  6.24120073e-12  6.24120073e-12
74.26122613  6.135631722e-12  6.135631722e-12
74.52207505  5.986865741e-12  5.986865741e-12
74.83472104  5.813960607e-12  5.813960607e-12
75.16527896  5.637326366e-12  5.637326366e-12
75.47792495  5.475886398e-12  5.475886398e-12
75.73877387  5.345227612e-12  5.345227612e-12
75.91953391  5.256774668e-12  5.256774668e-12
76  5.217938398e-12  5.217938398e-12
76.08046609  5.179429686e-12  5.179429686e-12
76.26122613  5.094101666e-12  5.094101666e-12
76.52207505  4.973784053e-12  4.973784053e-12
76.83472104  4.833830989e-12  4.833830989e-12
77.16527896  4.690731559e-12  4.690731559e-12
77.47792495  4.559825558e-12  4.559825558e-12
77.73877387  4.453795667e-12  4.453795667e-12
77.91953391  4.381972736e-12  4.381972736e-12
78  4.350426891e-12  4.350426891e-12
78.08046609  4.31914032e-12  4.31914032e-12
78.26122613  4.249790868e-12  4.249790868e-12
78.52207505  4.151946209e-12  4.151946209e-12
78.83472104  4.038046792e-12  4.038046792e-12
79.16527896  3.921487802e-12  3.921487802e-12
79.47792495  3.814770846e-12  3.814770846e-12
79.73877387  3.728268835e-12  3.728268835e-12
79.91953391  3.669640301e-12  3.669640301e-12
80  3.643880992e-12  3.643880992e-12
80.08046609  3.618328127e-12  3.618328127e-12
80.26122613  3.561669055e-12  3.561669055e-12
80.52207505  3.481684281e-12  3.481684281e-12
80.83472104  3.388507772e-12  3.388507772e-12
81.16527896  3.293078581e-12  3.293078581e-12
81.47792495  3.205637231e-12  3.205637231e-12
81.73877387  3.134709229e-12  3.134709229e-12
81.91953391  3.086610185e-12  3.086610185e-12
82  3.065470399e-12  3.065470399e-12
82.08046609  3.044495919e-12  3.044495919e-12
82.26122613  2.997973873e-12  2.997973873e-12
82.52207505  2.932264307e-12  2.932264307e-12
82.83472104  2.855664583e-12  2.855664583e-12
83.16527896  2.777152659e-12  2.777152659e-12
83.47792495  2.705157639e-12  2.705157639e-12
83.73877387  2.646719463e-12  2.646719463e-12
83.91953391  2.607069758e-12  2.607069758e-12
84  2.58963819e-12  2.58963819e-12
84.08046609  2.572339698e-12  2.572339698e-12
84.26122613  2.533959515e-12  2.533959515e-12
84.52207505  2.479722252e-12  2.479722252e-12
84.83472104  2.416454604e-12  2.416454604e-12
85.16527896  2.351560088e-12  2.351560088e-12
85.47792495  2.292008893e-12  2.292008893e-12
85.73877387  2.243640208e-12  2.243640208e-12
85.91953391  2.210806367e-12  2.210806367e-12
86  2.196367126e-12  2.196367126e-12
86.08046609  2.182035563e-12  2.182035563e-12
86.26122613  2.150228949e-12  2.150228949e-12
86.52207505  2.105259364e-12  2.105259364e-12
86.83472104  2.052769562e-12  2.052769562e-12
87.16527896  1.998892428e-12  1.998892428e-12
87.47792495  1.949417161e-12  1.949417161e-12
87.73877387  1.909207655e-12  1.909207655e-12
87.91953391  1.881899618e-12  1.881899618e-12
88  1.869887113e-12  1.869887113e-12
88.08046609  1.85796216e-12  1.85796216e-12
88.26122613  1.831489354e-12  1.831489354e-12
88.52207505  1.794043601e-12  1.794043601e-12
88.83472104  1.750309674e-12  1.750309674e-12
89.16527896  1.705389895e-12  1.705389895e-12
89.47792495  1.664112818e-12  1.664112818e-12
89.73877387  1.630546447e-12  1.630546447e-12
89.91953391  1.607739803e-12  1.607739803e-12
90  1.597704754e-12  1.597704754e-12
90.08046609  1.587741225e-12  1.587741225e-12
90.26122613  1.565616868e-12  1.565616868e-12
90.52207505  1.534308136e-12  1.534308136e-12
90.83472104  1.497720886e-12  1.497720886e-12
91.16527896  1.460117604e-12  1.460117604e-12
91.47792495  1.425541815e-12  1.425541815e-12
91.73877387  1.397409124e-12  1.397409124e-12
91.91953391  1.378286171e-12  1.378286171e-12
92  1.369869834e-12  1.369869834e-12
92.08046609  1.36151218e-12  1.36151218e-12
92.26122613  1.34294906e-12  1.34294906e-12
92.52207505  1.316668794e-12  1.316668794e-12
92.83472104  1.285940979e-12  1.285940979e-12
93.16527896  1.25434058e-12  1.25434058e-12
93.47792495  1.225266758e-12  1.225266758e-12
93.73877387  1.201598048e-12  1.201598048e-12
93.91953391  1.185502824e-12  1.185502824e-12
94  1.178417324e-12  1.178417324e-12
94.08046609  1.17138018e-12  1.17138018e-12
94.26122613  1.155746271e-12  1.155746271e-12
94.52207505  1.133603984e-12  1.133603984e-12
94.83472104  1.107700868e-12  1.107700868e-12
95.16527896  1.081046609e-12  1.081046609e-12
95.47792495  1.056509219e-12  1.056509219e-12
95.73877387  1.036523292e-12  1.036523292e-12
95.91953391  1.022927078e-12  1.022927078e-12
96  1.01694031e-12  1.01694031e-12
96.08046609  1.010993551e-12  1.010993551e-12
96.26122613  9.977790222e-13  9.977790222e-13
96.52207505  9.79056025e-13  9.79056025e-13
96.83472104  9.571419542e-13  9.571419542e-13
97.16527896  9.345797798e-13  9.345797798e-13
97.47792495  9.13797918e-13  9.13797918e-13
97.73877387  8.968625467e-13  8.968625467e-13
97.91953391  8.853372361e-13  8.853372361e-13
98  8.802612084e-13  8.802612084e-13
98.08046609  8.752184143e-13  8.752184143e-13
98.26122613  8.640101409e-13  8.640101409e-13
98.52207505  8.481237826e-13  8.481237826e-13
98.83472104  8.295208525e-13  8.295208525e-13
99.16527896  8.103574481e-13  8.103574481e-13
99.47792495  7.926967371e-13  7.926967371e-13
99.73877387  7.782980082e-13  7.782980082e-13
99.91953391  7.684954434e-13  7.684954434e-13
100  7.64177231e-13  7.64177231e-13
100.0804661  7.598867268e-13  7.598867268e-13
100.2612261  7.503484906e-13  7.503484906e-13
100.5220751  7.368243646e-13  7.368243646e-13
100.834721  7.209802786e-13  7.209802786e-13
101.165279  7.046504112e-13  7.046504112e-13
101.4779249  6.89593322e-13  6.89593322e-13
101.7387739  6.773117323e-13  6.773117323e-13
101.9195339  6.689475865e-13  6.689475865e-13
102  6.652622667e-13  6.652622667e-13
102.0804661  6.61600132e-13  6.61600132e-13
102.2612261  6.53457164e-13  6.53457164e-13
102.5220751  6.419073957e-13  6.419073957e-13
102.834721  6.283703341e-13  6.283703341e-13
103.165279  6.144113017e-13  6.144113017e-13
103.4779249  6.015339107e-13  6.015339107e-13
103.7387739  5.910256368e-13  5.910256368e-13
103.9195339  5.838667746e-13  5.838667746e-13
104  5.807118903e-13  5.807118903e-13
104.0804661  5.775764734e-13  5.775764734e-13
104.2612261  5.706033242e-13  5.706033242e-13
104.5220751  5.607095228e-13  5.607095228e-13
104.834721  5.491083985e-13  5.491083985e-13
105.165279  5.371399401e-13  5.371399401e-13
105.4779249  5.260936402e-13  5.260936402e-13
105.7387739  5.170757887e-13  5.170757887e-13
105.9195339  5.109303091e-13  5.109303091e-13
106  5.082215035e-13  5.082215035e-13
106.0804661  5.055290984e-13  5.055290984e-13
106.2612261  4.995400735e-13  4.995400735e-13
106.5220751  4.910398837e-13  4.910398837e-13
106.834721  4.810687553e-13  4.810687553e-13
107.165279  4.707771788e-13  4.707771788e-13
107.4779249  4.612742192e-13  4.612742192e-13
107.7387739  4.535131587e-13  4.535131587e-13
107.9195339  4.482225134e-13  4.482225134e-13
108  4.458900746e-13  4.458900746e-13
108.0804661  4.435714968e-13  4.435714968e-13
108.2612261  4.384130804e-13  4.384130804e-13
108.5220751  4.310895233e-13  4.310895233e-13
108.834721  4.224952342e-13  4.224952342e-13
109.165279  4.1362082e-13  4.1362082e-13
109.4779249  4.05422823e-13  4.05422823e-13
109.7387739  3.987249108e-13  3.987249108e-13
109.9195339  3.941576376e-13  3.941576376e-13
110  3.921437498e-13  3.921437498e-13
110.0804661  3.901416131e-13  3.901416131e-13
110.2612261  3.856864399e-13  3.856864399e-13
110.5220751  3.793594283e-13  3.793594283e-13
110.834721  3.719317604e-13  3.719317604e-13
111.165279  3.642587212e-13  3.642587212e-13
111.4779249  3.571675218e-13  3.571675218e-13
111.7387739  3.513717029e-13  3.513717029e-13
111.9195339  3.474184221e-13  3.474184221e-13
112  3.456749708e-13  3.456749708e-13
112.0804661  3.439415114e-13  3.439415114e-13
112.2612261  3.40083549e-13  3.40083549e-13
112.5220751  3.346031044e-13  3.346031044e-13
112.834721  3.281669016e-13  3.281669016e-13
113.165279  3.21515345e-13  3.21515345e-13
113.4779249  3.153656542e-13  3.153656542e-13
113.7387739  3.103375296e-13  3.103375296e-13
113.9195339  3.069069319e-13  3.069069319e-13
114  3.053937425e-13  3.053937425e-13
114.0804661  3.038890737e-13  3.038890737e-13
114.2612261  3.005397581e-13  3.005397581e-13
114.5220751  2.957805649e-13  2.957805649e-13
114.834721  2.901894072e-13  2.901894072e-13
115.165279  2.844088762e-13  2.844088762e-13
115.4779249  2.790623802e-13  2.790623802e-13
115.7387739  2.746894334e-13  2.746894334e-13
115.9195339  2.717050496e-13  2.717050496e-13
116  2.703884704e-13  2.703884704e-13
116.0804661  2.690791771e-13  2.690791771e-13
116.2612261  2.661642983e-13  2.661642983e-13
116.5220751  2.620213158e-13  2.620213158e-13
116.834721  2.571524177e-13  2.571524177e-13
117.165279  2.521166788e-13  2.521166788e-13
117.4779249  2.474572747e-13  2.474572747e-13
117.7387739  2.436450162e-13  2.436450162e-13
117.9195339  2.410426072e-13  2.410426072e-13
118  2.398943626e-13  2.398943626e-13
118.0804661  2.38752365e-13  2.38752365e-13
118.2612261  2.362095495e-13  2.362095495e-13
118.5220751  2.325944614e-13  2.325944614e-13
118.834721  2.283445425e-13  2.283445425e-13
119.165279  2.239473644e-13  2.239473644e-13
119.4779249  2.198772994e-13  2.198772994e-13
119.7387739  2.165461402e-13  2.165461402e-13
119.9195339  2.142715792e-13  2.142715792e-13
120  2.132678404e-13  2.132678404e-13
120.0804661  2.122694716e-13  2.122694716e-13
120.2612261  2.100461384e-13  2.100461384e-13
120.5220751  2.068844698e-13  2.068844698e-13
120.834721  2.031664008e-13  2.031664008e-13
121.165279  1.993181226e-13  1.993181226e-13
121.4779249  1.95754854e-13  1.95754854e-13
121.7387739  1.928375613e-13  1.928375613e-13
121.9195339  1.908451104e-13  1.908451104e-13
122  1.899657378e-13  1.899657378e-13
122.0804661  1.89090993e-13  1.89090993e-13
122.2612261  1.871426888e-13  1.871426888e-13
122.5220751  1.843714577e-13  1.843714577e-13
122.834721  1.811115245e-13  1.811115245e-13
123.165279  1.777362569e-13  1.777362569e-13
123.4779249  1.746098888e-13  1.746098888e-13
123.7387739  1.720495083e-13  1.720495083e-13
123.9195339  1.703004104e-13  1.703004104e-13
124  1.695283353e-13  1.695283353e-13
124.0804661  1.687602579e-13  1.687602579e-13
124.2612261  1.670492965e-13  1.670492965e-13
124.5220751  1.64615092e-13  1.64615092e-13
124.834721  1.617507592e-13  1.617507592e-13
125.165279  1.587840928e-13  1.587840928e-13
125.4779249  1.560352773e-13  1.560352773e-13
125.7387739  1.537834311e-13  1.537834311e-13
125.9195339  1.522447556e-13  1.522447556e-13
126  1.515654725e-13  1.515654725e-13
126.0804661  1.50889651e-13  1.50889651e-13
126.2612261  1.493839972e-13  1.493839972e-13
126.5220751  1.472414045e-13  1.472414045e-13
126.834721  1.447194779e-13  1.447194779e-13
127.165279  1.421066022e-13  1.421066022e-13
127.4779249  1.396848143e-13  1.396848143e-13
127.7387739  1.377003016e-13  1.377003016e-13
127.9195339  1.36343995e-13  1.36343995e-13
128  1.357451451e-13  1.357451451e-13
128.0804661  1.351492992e-13  1.351492992e-13
128.2612261  1.338216506e-13  1.338216506e-13
128.5220751  1.319319531e-13  1.319319531e-13
128.834721  1.297070683e-13  1.297070683e-13
129.165279  1.274012209e-13  1.274012209e-13
129.4779249  1.252633375e-13  1.252633375e-13
129.7387739  1.235109805e-13  1.235109805e-13
129.9195339  1.22313084e-13  1.22313084e-13
130  1.217841102e-13  1.217841102e-13
130.0804661  1.212577493e-13  1.212577493e-13
130.2612261  1.200847783e-13  1.200847783e-13
130.5220751  1.184148874e-13  1.184148874e-13
130.834721  1.164482602e-13  1.164482602e-13
131.165279  1.144094461e-13  1.144094461e-13
131.4779249  1.125185703e-13  1.125185703e-13
131.7387739  1.109682595e-13  1.109682595e-13
131.9195339  1.099082609e-13  1.099082609e-13
132  1.094401237e-13  1.094401237e-13
132.0804661  1.089742638e-13  1.089742638e-13
132.2612261  1.079359906e-13  1.079359906e-13
132.5220751  1.064575583e-13  1.064575583e-13
132.834721  1.0471595e-13  1.0471595e-13
133.165279  1.029098799e-13  1.029098799e-13
133.4779249  1.012343662e-13  1.012343662e-13
133.7387739  9.986026933e-14  9.986026933e-14
133.9195339  9.89205653e-14  9.89205653e-14
134  9.850550572e-14  9.850550572e-14
134.0804661  9.809243528e-14  9.809243528e-14
134.2612261  9.717170661e-14  9.717170661e-14
134.5220751  9.586038936e-14  9.586038936e-14
134.834721  9.431524705e-14  9.431524705e-14
135.165279  9.271245434e-14  9.271245434e-14
135.4779249  9.122509841e-14  9.122509841e-14
135.7387739  9.000500087e-14  9.000500087e-14
135.9195339  8.917044981e-14  8.917044981e-14
136  8.880179305e-14  8.880179305e-14
136.0804661  8.843487712e-14  8.843487712e-14
136.2612261  8.761693273e-14  8.761693273e-14
136.5220751  8.645177787e-14  8.645177787e-14
136.834721  8.507851785e-14  8.507851785e-14
137.165279  8.365362324e-14  8.365362324e-14
137.4779249  8.233098564e-14  8.233098564e-14
137.7387739  8.124574121e-14  8.124574121e-14
137.9195339  8.050328971e-14  8.050328971e-14
138  8.017528063e-14  8.017528063e-14
138.0804661  7.984879805e-14  7.984879805e-14
138.2612261  7.912090854e-14  7.912090854e-14
138.5220751  7.808384185e-14  7.808384185e-14
138.834721  7.686125114e-14  7.686125114e-14
139.165279  7.559234745e-14  7.559234745e-14
139.4779249  7.44141885e-14  7.44141885e-14
139.7387739  7.344725952e-14  7.344725952e-14
139.9195339  7.278562995e-14  7.278562995e-14
140  7.249329564e-14  7.249329564e-14
140.0804661  7.220230242e-14  7.220230242e-14
140.2612261  7.155346606e-14  7.155346606e-14
140.5220751  7.062886279e-14  7.062886279e-14
140.834721  6.953859766e-14  6.953859766e-14
141.165279  6.840673443e-14  6.840673443e-14
141.4779249  6.735554021e-14  6.735554021e-14
141.7387739  6.649261193e-14  6.649261193e-14
141.9195339  6.590204028e-14  6.590204028e-14
142  6.56410747e-14  6.56410747e-14
142.0804661  6.538128947e-14  6.538128947e-14
142.2612261  6.480197778e-14  6.480197778e-14
142.5220751  6.397630238e-14  6.397630238e-14
142.834721  6.30024672e-14  6.30024672e-14
143.165279  6.199121762e-14  6.199121762e-14
143.4779249  6.105180158e-14  6.105180158e-14
143.7387739  6.028045787e-14  6.028045787e-14
143.9195339  5.975247331e-14  5.975247331e-14
144  5.95191402e-14  5.95191402e-14
144.0804661  5.928684784e-14  5.928684784e-14
144.2612261  5.876879145e-14  5.876879145e-14
144.5220751  5.803029438e-14  5.803029438e-14
144.834721  5.715908699e-14  5.715908699e-14
145.165279  5.625418311e-14  5.625418311e-14
145.4779249  5.541335037e-14  5.541335037e-14
145.7387739  5.472280038e-14  5.472280038e-14
145.9195339  5.42500393e-14  5.42500393e-14
146  5.404109037e-14  5.404109037e-14
146.0804661  5.383306069e-14  5.383306069e-14
146.2612261  5.336906871e-14  5.336906871e-14
146.5220751  5.270753063e-14  5.270753063e-14
146.834721  5.192694302e-14  5.192694302e-14
147.165279  5.111596777e-14  5.111596777e-14
147.4779249  5.036223151e-14  5.036223151e-14
147.7387739  4.97430787e-14  4.97430787e-14
147.9195339  4.931912758e-14  4.931912758e-14
148  4.913173331e-14  4.913173331e-14
148.0804661  4.894515234e-14  4.894515234e-14
148.2612261  4.852895967e-14  4.852895967e-14
148.5220751  4.793547505e-14  4.793547505e-14
148.834721  4.723504015e-14  4.723504015e-14
149.165279  4.650716657e-14  4.650716657e-14
149.4779249  4.5830508e-14  4.5830508e-14
149.7387739  4.527455448e-14  4.527455448e-14
149.9195339  4.489381681e-14  4.489381681e-14
150  4.47255078e-14  4.47255078e-14
150.0804661  4.455791955e-14  4.455791955e-14
150.2612261  4.418405745e-14  4.418405745e-14
150.5220751  4.365085114e-14  4.365085114e-14
150.834721  4.302142808e-14  4.302142808e-14
151.165279  4.236719822e-14  4.236719822e-14
151.4779249  4.175886278e-14  4.175886278e-14
151.7387739  4.125894329e-14  4.125894329e-14
151.9195339  4.091652651e-14  4.091652651e-14
152  4.076514373e-14  4.076514373e-14
152.0804661  4.061440072e-14  4.061440072e-14
152.2612261  4.027808686e-14  4.027808686e-14
152.5220751  3.979835827e-14  3.979835827e-14
152.834721  3.923194984e-14  3.923194984e-14
153.165279  3.864308676e-14  3.864308676e-14
153.4779249  3.809541086e-14  3.809541086e-14
153.7387739  3.764525143e-14  3.764525143e-14
153.9195339  3.733687076e-14  3.733687076e-14
154  3.720052317e-14  3.720052317e-14
154.0804661  3.706474434e-14  3.706474434e-14
154.2612261  3.676178921e-14  3.676178921e-14
154.5220751  3.632957962e-14  3.632957962e-14
154.834721  3.581917688e-14  3.581917688e-14
155.165279  3.528842439e-14  3.528842439e-14
155.4779249  3.479468772e-14  3.479468772e-14
155.7387739  3.438878528e-14  3.438878528e-14
155.9195339  3.411068167e-14  3.411068167e-14
156  3.398771008e-14  3.398771008e-14
156.0804661  3.386524489e-14  3.386524489e-14
156.2612261  3.359197197e-14  3.359197197e-14
156.5220751  3.320205127e-14  3.320205127e-14
156.834721  3.274150082e-14  3.274150082e-14
157.165279  3.226248677e-14  3.226248677e-14
157.4779249  3.181678613e-14  3.181678613e-14
157.7387739  3.145030554e-14  3.145030554e-14
157.9195339  3.119917563e-14  3.119917563e-14
158  3.108812181e-14  3.108812181e-14
158.0804661  3.097751952e-14  3.097751952e-14
158.2612261  3.073069701e-14  3.073069701e-14
158.5220751  3.037846694e-14  3.037846694e-14
158.834721  2.996235748e-14  2.996235748e-14
159.165279  2.952947667e-14  2.952947667e-14
159.4779249  2.912661801e-14  2.912661801e-14
159.7387739  2.8795304e-14  2.8795304e-14
159.9195339  2.856824003e-14  2.856824003e-14
160  2.846782025e-14  2.846782025e-14
160.0804661  2.836780368e-14  2.836780368e-14
160.2612261  2.814458606e-14  2.814458606e-14
160.5220751  2.782599722e-14  2.782599722e-14
160.834721  2.744956222e-14  2.744956222e-14
161.165279  2.705787611e-14  2.705787611e-14
161.4779249  2.669328197e-14  2.669328197e-14
161.7387739  2.639338353e-14  2.639338353e-14
161.9195339  2.618782188e-14  2.618782188e-14
162  2.609690423e-14  2.609690423e-14
162.0804661  2.600634713e-14  2.600634713e-14
162.2612261  2.580422497e-14  2.580422497e-14
162.5220751  2.551570561e-14  2.551570561e-14
162.834721  2.517473989e-14  2.517473989e-14
163.165279  2.481989038e-14  2.481989038e-14
163.4779249  2.448952028e-14  2.448952028e-14
163.7387739  2.421772571e-14  2.421772571e-14
163.9195339  2.403140264e-14  2.403140264e-14
164  2.394898749e-14  2.394898749e-14
164.0804661  2.386689521e-14  2.386689521e-14
164.2612261  2.368365201e-14  2.368365201e-14
164.5220751  2.34220468e-14  2.34220468e-14
164.834721  2.311283459e-14  2.311283459e-14
165.165279  2.279096988e-14  2.279096988e-14
165.4779249  2.249125188e-14  2.249125188e-14
165.7387739  2.224463286e-14  2.224463286e-14
165.9195339  2.207554632e-14  2.207554632e-14
166  2.200074955e-14  2.200074955e-14
166.0804661  2.192624228e-14  2.192624228e-14
166.2612261  2.175991731e-14  2.175991731e-14
166.5220751  2.152243452e-14  2.152243452e-14
166.834721  2.124168758e-14  2.124168758e-14
167.165279  2.09493982e-14  2.09493982e-14
167.4779249  2.06771698e-14  2.06771698e-14
167.7387739  2.045313312e-14  2.045313312e-14
167.9195339  2.02995099e-14  2.02995099e-14
168  2.023154836e-14  2.023154836e-14
168.0804661  2.016384673e-14  2.016384673e-14
168.2612261  2.001270291e-14  2.001270291e-14
168.5220751  1.97968689e-14  1.97968689e-14
168.834721  1.954167298e-14  1.954167298e-14
169.165279  1.927593658e-14  1.927593658e-14
169.4779249  1.902839367e-14  1.902839367e-14
169.7387739  1.882463954e-14  1.882463954e-14
169.9195339  1.868490683e-14  1.868490683e-14
170  1.862308579e-14  1.862308579e-14
170.0804661  1.85614984e-14  1.85614984e-14
170.2612261  1.842399458e-14  1.842399458e-14
170.5220751  1.822761436e-14  1.822761436e-14
170.834721  1.799538297e-14  1.799538297e-14
171.165279  1.77535165e-14  1.77535165e-14
171.4779249  1.752816921e-14  1.752816921e-14
171.7387739  1.734265514e-14  1.734265514e-14
171.9195339  1.721541586e-14  1.721541586e-14
172  1.715911817e-14  1.715911817e-14
172.0804661  1.710303079e-14  1.710303079e-14
172.2612261  1.69777977e-14  1.69777977e-14
172.5220751  1.679892078e-14  1.679892078e-14
172.834721  1.658735511e-14  1.658735511e-14
173.165279  1.636697336e-14  1.636697336e-14
173.4779249  1.616160777e-14  1.616160777e-14
173.7387739  1.599251726e-14  1.599251726e-14
173.9195339  1.587652872e-14  1.587652872e-14
174  1.58252054e-14  1.58252054e-14
174.0804661  1.57740716e-14  1.57740716e-14
174.2612261  1.565989101e-14  1.565989101e-14
174.5220751  1.549678177e-14  1.549678177e-14
174.834721  1.530383586e-14  1.530383586e-14
175.165279  1.510281554e-14  1.510281554e-14
175.4779249  1.491546036e-14  1.491546036e-14
175.7387739  1.47611757e-14  1.47611757e-14
175.9195339  1.465533106e-14  1.465533106e-14
176  1.460849307e-14  1.460849307e-14
176.0804661  1.456182607e-14  1.456182607e-14
176.2612261  1.445761266e-14  1.445761266e-14
176.5220751  1.430872462e-14  1.430872462e-14
176.834721  1.41325751e-14  1.41325751e-14
177.165279  1.394902353e-14  1.394902353e-14
177.4779249  1.377792122e-14  1.377792122e-14
177.7387739  1.363699981e-14  1.363699981e-14
177.9195339  1.354031189e-14  1.354031189e-14
178  1.349752304e-14  1.349752304e-14
178.0804661  1.345488864e-14  1.345488864e-14
178.2612261  1.335967421e-14  1.335967421e-14
178.5220751  1.322362759e-14  1.322362759e-14
178.834721  1.306264735e-14  1.306264735e-14
179.165279  1.289487519e-14  1.289487519e-14
179.4779249  1.27384567e-14  1.27384567e-14
179.7387739  1.260961046e-14  1.260961046e-14
179.9195339  1.252119768e-14  1.252119768e-14
180  1.248206839e-14  1.248206839e-14
180.0804661  1.244307879e-14  1.244307879e-14
180.2612261  1.235599853e-14  1.235599853e-14
180.5220751  1.22315607e-14  1.22315607e-14
180.834721  1.208429586e-14  1.208429586e-14
181.165279  1.193079337e-14  1.193079337e-14
181.4779249  1.178765618e-14  1.178765618e-14
181.7387739  1.166973349e-14  1.166973349e-14
181.9195339  1.158880756e-14  1.158880756e-14
182  1.155298947e-14  1.155298947e-14
182.0804661  1.151729786e-14  1.151729786e-14
182.2612261  1.14375783e-14  1.14375783e-14
182.5220751  1.13236467e-14  1.13236467e-14
182.834721  1.118879661e-14  1.118879661e-14
183.165279  1.104821282e-14  1.104821282e-14
183.4779249  1.091710167e-14  1.091710167e-14
183.7387739  1.080907167e-14  1.080907167e-14
183.9195339  1.073492686e-14  1.073492686e-14
184  1.070210808e-14  1.070210808e-14
184.0804661  1.066940391e-14  1.066940391e-14
184.2612261  1.059635247e-14  1.059635247e-14
184.5220751  1.049193967e-14  1.049193967e-14
184.834721  1.036833925e-14  1.036833925e-14
185.165279  1.023946385e-14  1.023946385e-14
185.4779249  1.011925392e-14  1.011925392e-14
185.7387739  1.00201927e-14  1.00201927e-14
185.9195339  9.952196444e-15  9.952196444e-15
186  9.922097355e-15  9.922097355e-15
186.0804661  9.892102257e-15  9.892102257e-15
186.2612261  9.825097997e-15  9.825097997e-15
186.5220751  9.729318603e-15  9.729318603e-15
186.834721  9.615923022e-15  9.615923022e-15
187.165279  9.497670363e-15  9.497670363e-15
187.4779249  9.38735253e-15  9.38735253e-15
187.7387739  9.296431073e-15  9.296431073e-15
187.9195339  9.234015672e-15  9.234015672e-15
188  9.206385341e-15  9.206385341e-15
188.0804661  9.178849456e-15  9.178849456e-15
188.2612261  9.117335017e-15  9.117335017e-15
188.5220751  9.029394208e-15  9.029394208e-15
188.834721  8.925265343e-15  8.925265343e-15
189.165279  8.816660486e-15  8.816660486e-15
189.4779249  8.715328352e-15  8.715328352e-15
189.7387739  8.631801912e-15  8.631801912e-15
189.9195339  8.574457322e-15  8.574457322e-15
190  8.549070271e-15  8.549070271e-15
190.0804661  8.523769087e-15  8.523769087e-15
190.2612261  8.46724361e-15  8.46724361e-15
190.5220751  8.386427038e-15  8.386427038e-15
190.834721  8.290721616e-15  8.290721616e-15
191.165279  8.190888033e-15  8.190888033e-15
191.4779249  8.097726546e-15  8.097726546e-15
191.7387739  8.020925321e-15  8.020925321e-15
191.9195339  7.968192764e-15  7.968192764e-15
192  7.944846168e-15  7.944846168e-15
192.0804661  7.921577717e-15  7.921577717e-15
192.2612261  7.869590604e-15  7.869590604e-15
192.5220751  7.795255526e-15  7.795255526e-15
192.834721  7.707214679e-15  7.707214679e-15
193.165279  7.615363434e-15  7.615363434e-15
193.4779249  7.529638862e-15  7.529638862e-15
193.7387739  7.458959784e-15  7.458959784e-15
193.9195339  7.41042614e-15  7.41042614e-15
194  7.388937346e-15  7.388937346e-15
194.0804661  7.367519738e-15  7.367519738e-15
194.2612261  7.319665158e-15  7.319665158e-15
194.5220751  7.251232619e-15  7.251232619e-15
194.834721  7.170172684e-15  7.170172684e-15
195.165279  7.085592905e-15  7.085592905e-15
195.4779249  7.006643999e-15  7.006643999e-15
195.7387739  6.94154349e-15  6.94154349e-15
195.9195339  6.896836349e-15  6.896836349e-15
196  6.877040691e-15  6.877040691e-15
196.0804661  6.857309942e-15  6.857309942e-15
196.2612261  6.813221987e-15  6.813221987e-15
196.5220751  6.750169923e-15  6.750169923e-15
196.834721  6.675474328e-15  6.675474328e-15
197.165279  6.597524788e-15  6.597524788e-15
197.4779249  6.524754984e-15  6.524754984e-15
197.7387739  6.464742567e-15  6.464742567e-15
197.9195339  6.423525858e-15  6.423525858e-15
198  6.405274727e-15  6.405274727e-15
198.0804661  6.387082837e-15  6.387082837e-15
198.2612261  6.346431246e-15  6.346431246e-15
198.5220751  6.288288399e-15  6.288288399e-15
198.834721  6.219400486e-15  6.219400486e-15
199.165279  6.147502176e-15  6.147502176e-15
199.4779249  6.080372701e-15  6.080372701e-15
199.7387739  6.025005347e-15  6.025005347e-15
199.9195339  5.986975478e-15  5.986975478e-15
200  5.970134617e-15  5.970134617e-15
200.0804661  5.953347874e-15  5.953347874e-15
200.2612261  5.915834249e-15  5.915834249e-15
200.5220751  5.862174777e-15  5.862174777e-15
200.834721  5.798591463e-15  5.798591463e-15
201.165279  5.732221014e-15  5.732221014e-15
201.4779249  5.670244789e-15  5.670244789e-15
201.7387739  5.619121917e-15  5.619121917e-15
201.9195339  5.58400435e-15  5.58400435e-15
202  5.568452346e-15  5.568452346e-15
202.0804661  5.552949824e-15  5.552949824e-15
202.2612261  5.51830428e-15  5.51830428e-15
202.5220751  5.468742991e-15  5.468742991e-15
202.834721  5.410009151e-15  5.410009151e-15
203.165279  5.348693006e-15  5.348693006e-15
203.4779249  5.291429241e-15  5.291429241e-15
203.7387739  5.244188289e-15  5.244188289e-15
203.9195339  5.211734517e-15  5.211734517e-15
204  5.197361459e-15  5.197361459e-15
204.0804661  5.183033683e-15  5.183033683e-15
204.2612261  5.151011882e-15  5.151011882e-15
204.5220751  5.105200005e-15  5.105200005e-15
204.834721  5.050903489e-15  5.050903489e-15
205.165279  4.99421274e-15  4.99421274e-15
205.4779249  4.941262142e-15  4.941262142e-15
205.7387739  4.897574632e-15  4.897574632e-15
205.9195339  4.867559486e-15  4.867559486e-15
206  4.854265779e-15  4.854265779e-15
206.0804661  4.841013548e-15  4.841013548e-15
206.2612261  4.81139406e-15  4.81139406e-15
206.5220751  4.769015494e-15  4.769015494e-15
206.834721  4.718782706e-15  4.718782706e-15
207.165279  4.666328508e-15  4.666328508e-15
207.4779249  4.617329023e-15  4.617329023e-15
207.7387739  4.576897072e-15  4.576897072e-15
207.9195339  4.549116332e-15  4.549116332e-15
208  4.536811643e-15  4.536811643e-15
208.0804661  4.524544975e-15  4.524544975e-15
208.2612261  4.497126943e-15  4.497126943e-15
208.5220751  4.45789492e-15  4.45789492e-15
208.834721  4.411386888e-15  4.411386888e-15
209.165279  4.362816377e-15  4.362816377e-15
209.4779249  4.317439406e-15  4.317439406e-15
209.7387739  4.279992619e-15  4.279992619e-15
209.9195339  4.254260894e-15  4.254260894e-15
210  4.242863211e-15  4.242863211e-15
210.0804661  4.231500412e-15  4.231500412e-15
210.2612261  4.206101463e-15  4.206101463e-15
210.5220751  4.169755585e-15  4.169755585e-15
210.834721  4.126664462e-15  4.126664462e-15
211.165279  4.081657132e-15  4.081657132e-15
211.4779249  4.03960416e-15  4.03960416e-15
211.7387739  4.004896866e-15  4.004896866e-15
211.9195339  3.981045697e-15  3.981045697e-15
212  3.970480496e-15  3.970480496e-15
212.0804661  3.959947327e-15  3.959947327e-15
212.2612261  3.936401723e-15  3.936401723e-15
212.5220751  3.902705314e-15  3.902705314e-15
212.834721  3.862751268e-15  3.862751268e-15
213.165279  3.821015731e-15  3.821015731e-15
213.4779249  3.782015327e-15  3.782015327e-15
213.7387739  3.749824115e-15  3.749824115e-15
213.9195339  3.727700293e-15  3.727700293e-15
214  3.717899792e-15  3.717899792e-15
214.0804661  3.708128727e-15  3.708128727e-15
214.2612261  3.686285707e-15  3.686285707e-15
214.5220751  3.655023463e-15  3.655023463e-15
214.834721  3.617951891e-15  3.617951891e-15
215.165279  3.579222997e-15  3.579222997e-15
215.4779249  3.543028135e-15  3.543028135e-15
215.7387739  3.513149656e-15  3.513149656e-15
215.9195339  3.492613715e-15  3.492613715e-15
216  3.483516207e-15  3.483516207e-15
216.0804661  3.474445772e-15  3.474445772e-15
216.2612261  3.454168081e-15  3.454168081e-15
216.5220751  3.425143961e-15  3.425143961e-15
216.834721  3.390723016e-15  3.390723016e-15
217.165279  3.354759277e-15  3.354759277e-15
217.4779249  3.321144942e-15  3.321144942e-15
217.7387739  3.293393945e-15  3.293393945e-15
217.9195339  3.274318818e-15  3.274318818e-15
218  3.265868082e-15  3.265868082e-15
218.0804661  3.257442263e-15  3.257442263e-15
218.2612261  3.238604829e-15  3.238604829e-15
218.5220751  3.21164018e-15  3.21164018e-15
218.834721  3.17965855e-15  3.17965855e-15
219.165279  3.146239835e-15  3.146239835e-15
219.4779249  3.115000889e-15  3.115000889e-15
219.7387739  3.089208461e-15  3.089208461e-15
219.9195339  3.071478281e-15  3.071478281e-15
220  3.063623046e-15  3.063623046e-15
220.0804661  3.055790761e-15  3.055790761e-15
220.2612261  3.038279519e-15  3.038279519e-15
220.5220751  3.013211392e-15  3.013211392e-15
220.834721  2.983476317e-15  2.983476317e-15
221.165279  2.952401798e-15  2.952401798e-15
221.4779249  2.92335106e-15  2.92335106e-15
221.7387739  2.899363061e-15  2.899363061e-15
221.9195339  2.882872082e-15  2.882872082e-15
222  2.875565552e-15  2.875565552e-15
222.0804661  2.868280179e-15  2.868280179e-15
222.2612261  2.851991012e-15  2.851991012e-15
222.5220751  2.828670658e-15  2.828670658e-15
222.834721  2.801006156e-15  2.801006156e-15
223.165279  2.772092457e-15  2.772092457e-15
223.4779249  2.745058994e-15  2.745058994e-15
223.7387739  2.722734645e-15  2.722734645e-15
223.9195339  2.707386277e-15  2.707386277e-15
224  2.700585709e-15  2.700585709e-15
224.0804661  2.693804657e-15  2.693804657e-15
224.2612261  2.678642452e-15  2.678642452e-15
224.5220751  2.656933974e-15  2.656933974e-15
224.834721  2.631179245e-15  2.631179245e-15
225.165279  2.604258793e-15  2.604258793e-15
225.4779249  2.579086379e-15  2.579086379e-15
225.7387739  2.558296997e-15  2.558296997e-15
225.9195339  2.544002946e-15  2.544002946e-15
226  2.537669264e-15  2.537669264e-15
226.0804661  2.531353596e-15  2.531353596e-15
226.2612261  2.517231394e-15  2.517231394e-15
226.5220751  2.497010533e-15  2.497010533e-15
226.834721  2.473018536e-15  2.473018536e-15
227.165279  2.44793807e-15  2.44793807e-15
227.4779249  2.424483807e-15  2.424483807e-15
227.7387739  2.405111677e-15  2.405111677e-15
227.9195339  2.391791162e-15  2.391791162e-15
228  2.385888613e-15  2.385888613e-15
228.0804661  2.380002707e-15  2.380002707e-15
228.2612261  2.366840941e-15  2.366840941e-15
228.5220751  2.34799399e-15  2.34799399e-15
228.834721  2.325630154e-15  2.325630154e-15
229.165279  2.302249398e-15  2.302249398e-15
229.4779249  2.280382474e-15  2.280382474e-15
229.7387739  2.262319826e-15  2.262319826e-15
229.9195339  2.249898887e-15  2.249898887e-15
230  2.244394736e-15  2.244394736e-15
230.0804661  2.238905969e-15  2.238905969e-15
230.2612261  2.226631778e-15  2.226631778e-15
230.5220751  2.209054608e-15  2.209054608e-15
230.834721  2.188195681e-15  2.188195681e-15
231.165279  2.16638614e-15  2.16638614e-15
231.4779249  2.145986718e-15  2.145986718e-15
231.7387739  2.129134808e-15  2.129134808e-15
231.9195339  2.117545675e-15  2.117545675e-15
232  2.112409925e-15  2.112409925e-15
232.0804661  2.107288405e-15  2.107288405e-15
232.2612261  2.095835019e-15  2.095835019e-15
232.5220751  2.079432195e-15  2.079432195e-15
232.834721  2.059965204e-15  2.059965204e-15
233.165279  2.039609086e-15  2.039609086e-15
233.4779249  2.020567297e-15  2.020567297e-15
233.7387739  2.004835588e-15  2.004835588e-15
233.9195339  1.994016116e-15  1.994016116e-15
234  1.989221258e-15  1.989221258e-15
234.0804661  1.984439572e-15  1.984439572e-15
234.2612261  1.973745755e-15  1.973745755e-15
234.5220751  1.958429744e-15  1.958429744e-15
234.834721  1.940251062e-15  1.940251062e-15
235.165279  1.921240306e-15  1.921240306e-15
235.4779249  1.903455345e-15  1.903455345e-15
235.7387739  1.888760759e-15  1.888760759e-15
235.9195339  1.878653919e-15  1.878653919e-15
236  1.874174708e-15  1.874174708e-15
236.0804661  1.869707698e-15  1.869707698e-15
236.2612261  1.859717248e-15  1.859717248e-15
236.5220751  1.845407707e-15  1.845407707e-15
236.834721  1.828422209e-15  1.828422209e-15
237.165279  1.810657608e-15  1.810657608e-15
237.4779249  1.794036916e-15  1.794036916e-15
237.7387739  1.780303165e-15  1.780303165e-15
237.9195339  1.770856585e-15  1.770856585e-15
238  1.766669837e-15  1.766669837e-15
238.0804661  1.762494397e-15  1.762494397e-15
238.2612261  1.753155694e-15  1.753155694e-15
238.5220751  1.739778828e-15  1.739778828e-15
238.834721  1.723899127e-15  1.723899127e-15
239.165279  1.707289534e-15  1.707289534e-15
239.4779249  1.691748067e-15  1.691748067e-15
239.7387739  1.678905048e-15  1.678905048e-15
239.9195339  1.670070598e-15  1.670070598e-15
240  1.666155003e-15  1.666155003e-15
240.0804661  1.662249897e-15  1.662249897e-15
240.2612261  1.653515498e-15  1.653515498e-15
240.5220751  1.641003471e-15  1.641003471e-15
240.834721  1.626149236e-15  1.626149236e-15
241.165279  1.610610854e-15  1.610610854e-15
241.4779249  1.596070412e-15  1.596070412e-15
241.7387739  1.584053658e-15  1.584053658e-15
241.9195339  1.575787075e-15  1.575787075e-15
242  1.572123037e-15  1.572123037e-15
242.0804661  1.568468733e-15  1.568468733e-15
242.2612261  1.560295e-15  1.560295e-15
242.5220751  1.548585417e-15  1.548585417e-15
242.834721  1.534682748e-15  1.534682748e-15
243.165279  1.520138478e-15  1.520138478e-15
243.4779249  1.506527109e-15  1.506527109e-15
243.7387739  1.495277296e-15  1.495277296e-15
243.9195339  1.487537843e-15  1.487537843e-15
244  1.484107327e-15  1.484107327e-15
244.0804661  1.480685849e-15  1.480685849e-15
244.2612261  1.473032618e-15  1.473032618e-15
244.5220751  1.462068045e-15  1.462068045e-15
244.834721  1.449048911e-15  1.449048911e-15
245.165279  1.435427773e-15  1.435427773e-15
245.4779249  1.422679223e-15  1.422679223e-15
245.7387739  1.412141722e-15  1.412141722e-15
245.9195339  1.404891886e-15  1.404891886e-15
246  1.40167828e-15  1.40167828e-15
246.0804661  1.398473073e-15  1.398473073e-15
246.2612261  1.391303351e-15  1.391303351e-15
246.5220751  1.381030884e-15  1.381030884e-15
246.834721  1.368832617e-15  1.368832617e-15
247.165279  1.356069217e-15  1.356069217e-15
247.4779249  1.344122442e-15  1.344122442e-15
247.7387739  1.334246914e-15  1.334246914e-15
247.9195339  1.327452123e-15  1.327452123e-15
248  1.324440119e-15  1.324440119e-15
248.0804661  1.321435924e-15  1.321435924e-15
248.2612261  1.314715616e-15  1.314715616e-15
248.5220751  1.305086495e-15  1.305086495e-15
248.834721  1.293651327e-15  1.293651327e-15
249.165279  1.281685376e-15  1.281685376e-15
249.4779249  1.270484093e-15  1.270484093e-15
249.7387739  1.261224119e-15  1.261224119e-15
249.9195339  1.254852493e-15  1.254852493e-15
250  1.252027975e-15  1.252027975e-15
250.0804661  1.249210721e-15  1.249210721e-15
250.2612261  1.242908383e-15  1.242908383e-15
250.5220751  1.233877633e-15  1.233877633e-15
250.834721  1.223152276e-15  1.223152276e-15
251.165279  1.21192816e-15  1.21192816e-15
251.4779249  1.20142044e-15  1.20142044e-15
251.7387739  1.192733193e-15  1.192733193e-15
251.9195339  1.186755313e-15  1.186755313e-15
252  1.184105254e-15  1.184105254e-15
252.0804661  1.181461955e-15  1.181461955e-15
252.2612261  1.175548569e-15  1.175548569e-15
252.5220751  1.167074682e-15  1.167074682e-15
252.834721  1.157009953e-15  1.157009953e-15
253.165279  1.146476331e-15  1.146476331e-15
253.4779249  1.136614236e-15  1.136614236e-15
253.7387739  1.128460171e-15  1.128460171e-15
253.9195339  1.122848874e-15  1.122848874e-15
254  1.120361244e-15  1.120361244e-15
254.0804661  1.117879911e-15  1.117879911e-15
254.2612261  1.112328679e-15  1.112328679e-15
254.5220751  1.104373321e-15  1.104373321e-15
254.834721  1.094923794e-15  1.094923794e-15
255.165279  1.085033244e-15  1.085033244e-15
255.4779249  1.075772487e-15  1.075772487e-15
255.7387739  1.068115071e-15  1.068115071e-15
255.9195339  1.062845262e-15  1.062845262e-15
256  1.060508946e-15  1.060508946e-15
256.0804661  1.058178498e-15  1.058178498e-15
256.2612261  1.052964659e-15  1.052964659e-15
256.5220751  1.045492407e-15  1.045492407e-15
256.834721  1.036616099e-15  1.036616099e-15
257.165279  1.027324791e-15  1.027324791e-15
257.4779249  1.018624436e-15  1.018624436e-15
257.7387739  1.011429896e-15  1.011429896e-15
257.9195339  1.006478371e-15  1.006478371e-15
258  1.004283094e-15  1.004283094e-15
258.0804661  1.002093287e-15  1.002093287e-15
258.2612261  9.971939467e-16  9.971939467e-16
258.5220751  9.901720459e-16  9.901720459e-16
258.834721  9.81830134e-16  9.81830134e-16
259.165279  9.730975312e-16  9.730975312e-16
259.4779249  9.649197154e-16  9.649197154e-16
259.7387739  9.581568112e-16  9.581568112e-16
259.9195339  9.535021061e-16  9.535021061e-16
260  9.51438361e-16  9.51438361e-16
260.0804661  9.493797192e-16  9.493797192e-16
260.2612261  9.447736955e-16  9.447736955e-16
260.5220751  9.381718396e-16  9.381718396e-16
260.834721  9.303284006e-16  9.303284006e-16
261.165279  9.221169908e-16  9.221169908e-16
261.4779249  9.144266716e-16  9.144266716e-16
261.7387739  9.080664879e-16  9.080664879e-16
261.9195339  9.036887357e-16  9.036887357e-16
262  9.017477229e-16  9.017477229e-16
262.0804661  8.998114732e-16  8.998114732e-16
262.2612261  8.954791583e-16  8.954791583e-16
262.5220751  8.892692903e-16  8.892692903e-16
262.834721  8.81891064e-16  8.81891064e-16
263.165279  8.741661125e-16  8.741661125e-16
263.4779249  8.669308394e-16  8.669308394e-16
263.7387739  8.609465973e-16  8.609465973e-16
263.9195339  8.568273971e-16  8.568273971e-16
264  8.550009661e-16  8.550009661e-16
264.0804661  8.531789832e-16  8.531789832e-16
264.2612261  8.491022144e-16  8.491022144e-16
264.5220751  8.432583443e-16  8.432583443e-16
264.834721  8.363145182e-16  8.363145182e-16
265.165279  8.290438432e-16  8.290438432e-16
265.4779249  8.222335483e-16  8.222335483e-16
265.7387739  8.16600433e-16  8.16600433e-16
265.9195339  8.127227321e-16  8.127227321e-16
266  8.110033294e-16  8.110033294e-16
266.0804661  8.092880827e-16  8.092880827e-16
266.2612261  8.054500268e-16  8.054500268e-16
266.5220751  7.999480653e-16  7.999480653e-16
266.834721  7.934100778e-16  7.934100778e-16
267.165279  7.865638459e-16  7.865638459e-16
267.4779249  7.801506525e-16  7.801506525e-16
267.7387739  7.748456556e-16  7.748456556e-16
267.9195339  7.711936422e-16  7.711936422e-16
268  7.695742634e-16  7.695742634e-16
268.0804661  7.679587698e-16  7.679587698e-16
268.2612261  7.643438167e-16  7.643438167e-16
268.5220751  7.591614231e-16  7.591614231e-16
268.834721  7.530027839e-16  7.530027839e-16
269.165279  7.465533229e-16  7.465533229e-16
269.4779249  7.405113713e-16  7.405113713e-16
269.7387739  7.355131476e-16  7.355131476e-16
269.9195339  7.320721515e-16  7.320721515e-16
270  7.305462982e-16  7.305462982e-16
270.0804661  7.290240784e-16  7.290240784e-16
270.2612261  7.256177439e-16  7.256177439e-16
270.5220751  7.20734188e-16  7.20734188e-16
270.834721  7.149303142e-16  7.149303142e-16
271.165279  7.088519418e-16  7.088519418e-16
271.4779249  7.0315723e-16  7.0315723e-16
271.7387739  6.98445966e-16  6.98445966e-16
271.9195339  6.952023691e-16  6.952023691e-16
272  6.937640082e-16  6.937640082e-16
272.0804661  6.923290473e-16  6.923290473e-16
272.2612261  6.891178846e-16  6.891178846e-16
272.5220751  6.845139194e-16  6.845139194e-16
272.834721  6.790419855e-16  6.790419855e-16
273.165279  6.733108533e-16  6.733108533e-16
273.4779249  6.679410912e-16  6.679410912e-16
273.7387739  6.634983851e-16  6.634983851e-16
273.9195339  6.604395387e-16  6.604395387e-16
274  6.590830667e-16  6.590830667e-16
274.0804661  6.577297778e-16  6.577297778e-16
274.2612261  6.54701296e-16  6.54701296e-16
274.5220751  6.503590422e-16  6.503590422e-16
274.834721  6.451978428e-16  6.451978428e-16
275.165279  6.397917932e-16  6.397917932e-16
275.4779249  6.347262692e-16  6.347262692e-16
275.7387739  6.30535021e-16  6.30535021e-16
275.9195339  6.276491708e-16  6.276491708e-16
276  6.263693799e-16  6.263693799e-16
276.0804661  6.250925705e-16  6.250925705e-16
276.2612261  6.22235161e-16  6.22235161e-16
276.5220751  6.181380006e-16  6.181380006e-16
276.834721  6.132678247e-16  6.132678247e-16
277.165279  6.0816626e-16  6.0816626e-16
277.4779249  6.03385719e-16  6.03385719e-16
277.7387739  5.994300301e-16  5.994300301e-16
277.9195339  5.967062465e-16  5.967062465e-16
278  5.954982946e-16  5.954982946e-16
278.0804661  5.942931366e-16  5.942931366e-16
278.2612261  5.915960044e-16  5.915960044e-16
278.5220751  5.877284836e-16  5.877284836e-16
278.834721  5.831309999e-16  5.831309999e-16
279.165279  5.783147624e-16  5.783147624e-16
279.4779249  5.738012936e-16  5.738012936e-16
279.7387739  5.700663744e-16  5.700663744e-16
279.9195339  5.6749449e-16  5.6749449e-16
280  5.663538722e-16  5.663538722e-16
280.0804661  5.652158736e-16  5.652158736e-16
280.2612261  5.626689755e-16  5.626689755e-16
280.5220751  5.590167156e-16  5.590167156e-16
280.834721  5.546748667e-16  5.546748667e-16
281.165279  5.501261285e-16  5.501261285e-16
281.4779249  5.458630635e-16  5.458630635e-16
281.7387739  5.423351489e-16  5.423351489e-16
281.9195339  5.399057e-16  5.399057e-16
282  5.38828223e-16  5.38828223e-16
282.0804661  5.377532028e-16  5.377532028e-16
282.2612261  5.353471897e-16  5.353471897e-16
282.5220751  5.318968054e-16  5.318968054e-16
282.834721  5.277947113e-16  5.277947113e-16
283.165279  5.234968738e-16  5.234968738e-16
283.4779249  5.194686919e-16  5.194686919e-16
283.7387739  5.161349638e-16  5.161349638e-16
283.9195339  5.138391373e-16  5.138391373e-16
284  5.128208961e-16  5.128208961e-16
284.0804661  5.118049603e-16  5.118049603e-16
284.2612261  5.095311253e-16  5.095311253e-16
284.5220751  5.062701499e-16  5.062701499e-16
284.834721  5.02393019e-16  5.02393019e-16
285.165279  4.983306201e-16  4.983306201e-16
285.4779249  4.945228621e-16  4.945228621e-16
285.7387739  4.913713785e-16  4.913713785e-16
285.9195339  4.892009629e-16  4.892009629e-16
286  4.882383189e-16  4.882383189e-16
286.0804661  4.872778393e-16  4.872778393e-16
286.2612261  4.851280694e-16  4.851280694e-16
286.5220751  4.820448855e-16  4.820448855e-16
286.834721  4.783789333e-16  4.783789333e-16
287.165279  4.745375623e-16  4.745375623e-16
287.4779249  4.709367515e-16  4.709367515e-16
287.7387739  4.679563805e-16  4.679563805e-16
287.9195339  4.659037214e-16  4.659037214e-16
288  4.649932828e-16  4.649932828e-16
288.0804661  4.64084877e-16  4.64084877e-16
288.2612261  4.620516084e-16  4.620516084e-16
288.5220751  4.591353851e-16  4.591353851e-16
288.834721  4.556677593e-16  4.556677593e-16
289.165279  4.52033979e-16  4.52033979e-16
289.4779249  4.486275478e-16  4.486275478e-16
289.7387739  4.458079082e-16  4.458079082e-16
289.9195339  4.438658666e-16  4.438658666e-16
290  4.430044699e-16  4.430044699e-16
290.0804661  4.421449831e-16  4.421449831e-16
290.2612261  4.402211612e-16  4.402211612e-16
290.5220751  4.374617958e-16  4.374617958e-16
290.834721  4.341805071e-16  4.341805071e-16
291.165279  4.30741782e-16  4.30741782e-16
291.4779249  4.27518005e-16  4.27518005e-16
291.7387739  4.248494106e-16  4.248494106e-16
291.9195339  4.230113253e-16  4.230113253e-16
292  4.221960185e-16  4.221960185e-16
292.0804661  4.213825071e-16  4.213825071e-16
292.2612261  4.195615486e-16  4.195615486e-16
292.5220751  4.16949613e-16  4.16949613e-16
292.834721  4.138434722e-16  4.138434722e-16
293.165279  4.10588102e-16  4.10588102e-16
293.4779249  4.075360348e-16  4.075360348e-16
293.7387739  4.050094435e-16  4.050094435e-16
293.9195339  4.03269096e-16  4.03269096e-16
294  4.024971232e-16  4.024971232e-16
294.0804661  4.017268389e-16  4.017268389e-16
294.2612261  4.000025976e-16  4.000025976e-16
294.5220751  3.975292892e-16  3.975292892e-16
294.834721  3.945878487e-16  3.945878487e-16
295.165279  3.915049078e-16  3.915049078e-16
295.4779249  3.886143295e-16  3.886143295e-16
295.7387739  3.862212969e-16  3.862212969e-16
295.9195339  3.845728792e-16  3.845728792e-16
296  3.838416665e-16  3.838416665e-16
296.0804661  3.831120422e-16  3.831120422e-16
296.2612261  3.814787774e-16  3.814787774e-16
296.5220751  3.791358736e-16  3.791358736e-16
296.834721  3.763493737e-16  3.763493737e-16
297.165279  3.734286551e-16  3.734286551e-16
297.4779249  3.706900165e-16  3.706900165e-16
297.7387739  3.684226523e-16  3.684226523e-16
297.9195339  3.668607373e-16  3.668607373e-16
298  3.661678795e-16  3.661678795e-16
298.0804661  3.654765167e-16  3.654765167e-16
298.2612261  3.639288636e-16  3.639288636e-16
298.5220751  3.617086803e-16  3.617086803e-16
298.834721  3.590679994e-16  3.590679994e-16
299.165279  3.562999631e-16  3.562999631e-16
299.4779249  3.537043382e-16  3.537043382e-16
299.7387739  3.515552668e-16  3.515552668e-16
299.9195339  3.500747812e-16  3.500747812e-16
300  3.494180297e-16  3.494180297e-16
300.0804661  3.487626859e-16  3.487626859e-16
300.2612261  3.47295629e-16  3.47295629e-16
300.5220751  3.451909819e-16  3.451909819e-16
300.834721  3.426875914e-16  3.426875914e-16
301.165279  3.400633167e-16  3.400633167e-16
301.4779249  3.376023584e-16  3.376023584e-16
301.7387739  3.355646817e-16  3.355646817e-16
301.9195339  3.341608807e-16  3.341608807e-16
302  3.335381325e-16  3.335381325e-16
302.0804661  3.329167103e-16  3.329167103e-16
302.2612261  3.315255585e-16  3.315255585e-16
302.5220751  3.295297274e-16  3.295297274e-16
302.834721  3.271556495e-16  3.271556495e-16
303.165279  3.246667909e-16  3.246667909e-16
303.4779249  3.223326898e-16  3.223326898e-16
303.7387739  3.203999542e-16  3.203999542e-16
303.9195339  3.190683981e-16  3.190683981e-16
304  3.184776854e-16  3.184776854e-16
304.0804661  3.178882222e-16  3.178882222e-16
304.2612261  3.165685857e-16  3.165685857e-16
304.5220751  3.146752821e-16  3.146752821e-16
304.834721  3.124230505e-16  3.124230505e-16
305.165279  3.100617975e-16  3.100617975e-16
305.4779249  3.078472444e-16  3.078472444e-16
305.7387739  3.060134088e-16  3.060134088e-16
305.9195339  3.047499416e-16  3.047499416e-16
306  3.041894224e-16  3.041894224e-16
306.0804661  3.03630081e-16  3.03630081e-16
306.2612261  3.023778503e-16  3.023778503e-16
306.5220751  3.00581187e-16  3.00581187e-16
306.834721  2.984438113e-16  2.984438113e-16
307.165279  2.962028508e-16  2.962028508e-16
307.4779249  2.941010011e-16  2.941010011e-16
307.7387739  2.923604085e-16  2.923604085e-16
307.9195339  2.911611383e-16  2.911611383e-16
308  2.906290873e-16  2.906290873e-16
308.0804661  2.900981471e-16  2.900981471e-16
308.2612261  2.889094735e-16  2.889094735e-16
308.5220751  2.872039363e-16  2.872039363e-16
308.834721  2.851748691e-16  2.851748691e-16
309.165279  2.830473506e-16  2.830473506e-16
309.4779249  2.810517927e-16  2.810517927e-16
309.7387739  2.793991431e-16  2.793991431e-16
309.9195339  2.782604236e-16  2.782604236e-16
310  2.777552245e-16  2.777552245e-16
310.0804661  2.772510735e-16  2.772510735e-16
310.2612261  2.761223509e-16  2.761223509e-16
310.5220751  2.74502773e-16  2.74502773e-16
310.834721  2.725758788e-16  2.725758788e-16
311.165279  2.705553825e-16  2.705553825e-16
311.4779249  2.686601074e-16  2.686601074e-16
311.7387739  2.670904337e-16  2.670904337e-16
311.9195339  2.660088471e-16  2.660088471e-16
312  2.65528985e-16  2.65528985e-16
312.0804661  2.65050112e-16  2.65050112e-16
312.2612261  2.639779602e-16  2.639779602e-16
312.5220751  2.624394984e-16  2.624394984e-16
312.834721  2.606090256e-16  2.606090256e-16
313.165279  2.586895329e-16  2.586895329e-16
313.4779249  2.568889066e-16  2.568889066e-16
313.7387739  2.553975513e-16  2.553975513e-16
313.9195339  2.54369893e-16  2.54369893e-16
314  2.539139473e-16  2.539139473e-16
314.0804661  2.534589354e-16  2.534589354e-16
314.2612261  2.524401846e-16  2.524401846e-16
314.5220751  2.509782968e-16  2.509782968e-16
314.834721  2.492388513e-16  2.492388513e-16
315.165279  2.474147174e-16  2.474147174e-16
315.4779249  2.457034555e-16  2.457034555e-16
315.7387739  2.442860498e-16  2.442860498e-16
315.9195339  2.433093136e-16  2.433093136e-16
316  2.428759516e-16  2.428759516e-16
316.0804661  2.424434715e-16  2.424434715e-16
316.2612261  2.414751481e-16  2.414751481e-16
316.5220751  2.400855733e-16  2.400855733e-16
316.834721  2.38432094e-16  2.38432094e-16
317.165279  2.366980224e-16  2.366980224e-16
317.4779249  2.350711663e-16  2.350711663e-16
317.7387739  2.337236105e-16  2.337236105e-16
317.9195339  2.327949753e-16  2.327949753e-16
318  2.323829463e-16  2.323829463e-16
318.0804661  2.319717505e-16  2.319717505e-16
318.2612261  2.310510637e-16  2.310510637e-16
318.5220751  2.297298025e-16  2.297298025e-16
318.834721  2.281575393e-16  2.281575393e-16
319.165279  2.265085584e-16  2.265085584e-16
319.4779249  2.249614532e-16  2.249614532e-16
319.7387739  2.236798986e-16  2.236798986e-16
319.9195339  2.227967158e-16  2.227967158e-16
320  2.224048457e-16  2.224048457e-16
320.0804661  2.220137631e-16  2.220137631e-16
320.2612261  2.211380926e-16  2.211380926e-16
320.5220751  2.1988139e-16  2.1988139e-16
320.834721  2.183858825e-16  2.183858825e-16
321.165279  2.168173237e-16  2.168173237e-16
321.4779249  2.15345598e-16  2.15345598e-16
321.7387739  2.141264302e-16  2.141264302e-16
321.9195339  2.132862123e-16  2.132862123e-16
322  2.129133983e-16  2.129133983e-16
322.0804661  2.125413288e-16  2.125413288e-16
322.2612261  2.117082135e-16  2.117082135e-16
322.5220751  2.105125424e-16  2.105125424e-16
322.834721  2.090896008e-16  2.090896008e-16
323.165279  2.075970783e-16  2.075970783e-16
323.4779249  2.061966256e-16  2.061966256e-16
323.7387739  2.050364486e-16  2.050364486e-16
323.9195339  2.042368585e-16  2.042368585e-16
324  2.038820643e-16  2.038820643e-16
324.0804661  2.035279743e-16  2.035279743e-16
324.2612261  2.027351018e-16  2.027351018e-16
324.5220751  2.015971479e-16  2.015971479e-16
324.834721  2.002428349e-16  2.002428349e-16
325.165279  1.988222272e-16  1.988222272e-16
325.4779249  1.974891878e-16  1.974891878e-16
325.7387739  1.963848098e-16  1.963848098e-16
325.9195339  1.956236507e-16  1.956236507e-16
326  1.952859025e-16  1.952859025e-16
326.0804661  1.949488205e-16  1.949488205e-16
326.2612261  1.941940171e-16  1.941940171e-16
326.5220751  1.931106649e-16  1.931106649e-16
326.834721  1.918212791e-16  1.918212791e-16
327.165279  1.904687115e-16  1.904687115e-16
327.4779249  1.891994566e-16  1.891994566e-16
327.7387739  1.881478766e-16  1.881478766e-16
327.9195339  1.87423083e-16  1.87423083e-16
328  1.871014648e-16  1.871014648e-16
328.0804661  1.867804772e-16  1.867804772e-16
328.2612261  1.860616989e-16  1.860616989e-16
328.5220751  1.850300186e-16  1.850300186e-16
328.834721  1.838020793e-16  1.838020793e-16
329.165279  1.825139074e-16  1.825139074e-16
329.4779249  1.81305024e-16  1.81305024e-16
329.7387739  1.803034193e-16  1.803034193e-16
329.9195339  1.796130481e-16  1.796130481e-16
330  1.793066986e-16  1.793066986e-16
330.0804661  1.790009461e-16  1.790009461e-16
330.2612261  1.7831627e-16  1.7831627e-16
330.5220751  1.773335054e-16  1.773335054e-16
330.834721  1.761637379e-16  1.761637379e-16
331.165279  1.749365331e-16  1.749365331e-16
331.4779249  1.737848099e-16  1.737848099e-16
331.7387739  1.728305244e-16  1.728305244e-16
331.9195339  1.721727474e-16  1.721727474e-16
332  1.718808559e-16  1.718808559e-16
332.0804661  1.715895298e-16  1.715895298e-16
332.2612261  1.709371464e-16  1.709371464e-16
332.5220751  1.700007039e-16  1.700007039e-16
332.834721  1.688860262e-16  1.688860262e-16
333.165279  1.677165615e-16  1.677165615e-16
333.4779249  1.666189757e-16  1.666189757e-16
333.7387739  1.657095093e-16  1.657095093e-16
333.9195339  1.650826056e-16  1.650826056e-16
334  1.648044089e-16  1.648044089e-16
334.0804661  1.645267479e-16  1.645267479e-16
334.2612261  1.639049539e-16  1.639049539e-16
334.5220751  1.630123916e-16  1.630123916e-16
334.834721  1.61949902e-16  1.61949902e-16
335.165279  1.608351391e-16  1.608351391e-16
335.4779249  1.597888448e-16  1.597888448e-16
335.7387739  1.589218432e-16  1.589218432e-16
335.9195339  1.58324192e-16  1.58324192e-16
336  1.580589716e-16  1.580589716e-16
336.0804661  1.577942588e-16  1.577942588e-16
336.2612261  1.572014501e-16  1.572014501e-16
336.5220751  1.563504683e-16  1.563504683e-16
336.834721  1.553374341e-16  1.553374341e-16
337.165279  1.542745112e-16  1.542745112e-16
337.4779249  1.532768275e-16  1.532768275e-16
337.7387739  1.524500731e-16  1.524500731e-16
337.9195339  1.518801478e-16  1.518801478e-16
338  1.516272267e-16  1.516272267e-16
338.0804661  1.513747868e-16  1.513747868e-16
338.2612261  1.508094521e-16  1.508094521e-16
338.5220751  1.499978843e-16  1.499978843e-16
338.834721  1.490317307e-16  1.490317307e-16
339.165279  1.480179516e-16  1.480179516e-16
339.4779249  1.470663525e-16  1.470663525e-16
339.7387739  1.462777556e-16  1.462777556e-16
339.9195339  1.457341175e-16  1.457341175e-16
340  1.454928577e-16  1.454928577e-16
340.0804661  1.452520543e-16  1.452520543e-16
340.2612261  1.447127694e-16  1.447127694e-16
340.5220751  1.439385738e-16  1.439385738e-16
340.834721  1.430168743e-16  1.430168743e-16
341.165279  1.420496975e-16  1.420496975e-16
341.4779249  1.411418019e-16  1.411418019e-16
341.7387739  1.403893927e-16  1.403893927e-16
341.9195339  1.398706857e-16  1.398706857e-16
342  1.396404858e-16  1.396404858e-16
342.0804661  1.394107189e-16  1.394107189e-16
342.2612261  1.388961413e-16  1.388961413e-16
342.5220751  1.381573928e-16  1.381573928e-16
342.834721  1.372778595e-16  1.372778595e-16
343.165279  1.363548888e-16  1.363548888e-16
343.4779249  1.354884517e-16  1.354884517e-16
343.7387739  1.347703726e-16  1.347703726e-16
343.9195339  1.342753178e-16  1.342753178e-16
344  1.340556107e-16  1.340556107e-16
344.0804661  1.338363145e-16  1.338363145e-16
344.2612261  1.333451779e-16  1.333451779e-16
344.5220751  1.326400612e-16  1.326400612e-16
344.834721  1.318005363e-16  1.318005363e-16
345.165279  1.309195115e-16  1.309195115e-16
345.4779249  1.300924152e-16  1.300924152e-16
345.7387739  1.294069142e-16  1.294069142e-16
345.9195339  1.289343051e-16  1.289343051e-16
346  1.287245558e-16  1.287245558e-16
346.0804661  1.285151965e-16  1.285151965e-16
346.2612261  1.280463065e-16  1.280463065e-16
346.5220751  1.273731088e-16  1.273731088e-16
346.834721  1.265715566e-16  1.265715566e-16
347.165279  1.257303454e-16  1.257303454e-16
347.4779249  1.249405916e-16  1.249405916e-16
347.7387739  1.242860153e-16  1.242860153e-16
347.9195339  1.238347135e-16  1.238347135e-16
348  1.236344172e-16  1.236344172e-16
348.0804661  1.234344911e-16  1.234344911e-16
348.2612261  1.229867204e-16  1.229867204e-16
348.5220751  1.223438254e-16  1.223438254e-16
348.834721  1.215783245e-16  1.215783245e-16
349.165279  1.207749141e-16  1.207749141e-16
349.4779249  1.200206169e-16  1.200206169e-16
349.7387739  1.193954046e-16  1.193954046e-16
349.9195339  1.189643355e-16  1.189643355e-16
350  1.187730156e-16  1.187730156e-16
350.0804661  1.185820472e-16  1.185820472e-16
350.2612261  1.181543317e-16  1.181543317e-16
350.5220751  1.175402136e-16  1.175402136e-16
350.834721  1.1680895e-16  1.1680895e-16
351.165279  1.160414403e-16  1.160414403e-16
351.4779249  1.153208188e-16  1.153208188e-16
351.7387739  1.147234969e-16  1.147234969e-16
351.9195339  1.143116457e-16  1.143116457e-16
352  1.141288521e-16  1.141288521e-16
352.0804661  1.139463925e-16  1.139463925e-16
352.2612261  1.135377273e-16  1.135377273e-16
352.5220751  1.12950945e-16  1.12950945e-16
352.834721  1.122522057e-16  1.122522057e-16
353.165279  1.115188018e-16  1.115188018e-16
353.4779249  1.108301741e-16  1.108301741e-16
353.7387739  1.102593507e-16  1.102593507e-16
353.9195339  1.098657589e-16  1.098657589e-16
354  1.096910666e-16  1.096910666e-16
354.0804661  1.095166916e-16  1.095166916e-16
354.2612261  1.091261274e-16  1.091261274e-16
354.5220751  1.085653196e-16  1.085653196e-16
354.834721  1.078974863e-16  1.078974863e-16
355.165279  1.071964928e-16  1.071964928e-16
355.4779249  1.065382697e-16  1.065382697e-16
355.7387739  1.059926296e-16  1.059926296e-16
355.9195339  1.056163915e-16  1.056163915e-16
356  1.054493987e-16  1.054493987e-16
356.0804661  1.052827076e-16  1.052827076e-16
356.2612261  1.049093474e-16  1.049093474e-16
356.5220751  1.043732278e-16  1.043732278e-16
356.834721  1.03734771e-16  1.03734771e-16
357.165279  1.030645854e-16  1.030645854e-16
357.4779249  1.02435265e-16  1.02435265e-16
357.7387739  1.019135652e-16  1.019135652e-16
357.9195339  1.015538249e-16  1.015538249e-16
358  1.013941519e-16  1.013941519e-16
358.0804661  1.012347658e-16  1.012347658e-16
358.2612261  1.008777618e-16  1.008777618e-16
358.5220751  1.003651144e-16  1.003651144e-16
358.834721  9.975458833e-17  9.975458833e-17
359.165279  9.91136958e-17  9.91136958e-17
359.4779249  9.851185813e-17  9.851185813e-17
359.7387739  9.801292342e-17  9.801292342e-17
359.9195339  9.766887139e-17  9.766887139e-17
360  9.751615931e-17  9.751615931e-17
360.0804661  9.736372004e-17  9.736372004e-17
360.2612261  9.702227057e-17  9.702227057e-17
360.5220751  9.653194552e-17  9.653194552e-17
360.834721  9.594798307e-17  9.594798307e-17
361.165279  9.533495103e-17  9.533495103e-17
361.4779249  9.475925324e-17  9.475925324e-17
361.7387739  9.428197213e-17  9.428197213e-17
361.9195339  9.395284291e-17  9.395284291e-17
362  9.380675216e-17  9.380675216e-17
362.0804661  9.366092097e-17  9.366092097e-17
362.2612261  9.333426772e-17  9.333426772e-17
362.5220751  9.28651775e-17  9.28651775e-17
362.834721  9.230648549e-17  9.230648549e-17
363.165279  9.171995881e-17  9.171995881e-17
363.4779249  9.116913056e-17  9.116913056e-17
363.7387739  9.071245154e-17  9.071245154e-17
363.9195339  9.03975209e-17  9.03975209e-17
364  9.025773026e-17  9.025773026e-17
364.0804661  9.011818663e-17  9.011818663e-17
364.2612261  8.980561217e-17  8.980561217e-17
364.5220751  8.935672778e-17  8.935672778e-17
364.834721  8.882208261e-17  8.882208261e-17
365.165279  8.826077898e-17  8.826077898e-17
365.4779249  8.773361816e-17  8.773361816e-17
365.7387739  8.729654616e-17  8.729654616e-17
365.9195339  8.699512871e-17  8.699512871e-17
366  8.686133418e-17  8.686133418e-17
366.0804661  8.672777476e-17  8.672777476e-17
366.2612261  8.642860012e-17  8.642860012e-17
366.5220751  8.599894768e-17  8.599894768e-17
366.834721  8.548719121e-17  8.548719121e-17
367.165279  8.49498969e-17  8.49498969e-17
367.4779249  8.44452656e-17  8.44452656e-17
367.7387739  8.402685865e-17  8.402685865e-17
367.9195339  8.373830558e-17  8.373830558e-17
368  8.361021935e-17  8.361021935e-17
368.0804661  8.348235699e-17  8.348235699e-17
368.2612261  8.319593938e-17  8.319593938e-17
368.5220751  8.278459687e-17  8.278459687e-17
368.834721  8.229463261e-17  8.229463261e-17
369.165279  8.178019844e-17  8.178019844e-17
369.4779249  8.129701922e-17  8.129701922e-17
369.7387739  8.089638538e-17  8.089638538e-17
369.9195339  8.062008229e-17  8.062008229e-17
370  8.049743185e-17  8.049743185e-17
370.0804661  8.037499461e-17  8.037499461e-17
370.2612261  8.010072531e-17  8.010072531e-17
370.5220751  7.970681957e-17  7.970681957e-17
370.834721  7.923760909e-17  7.923760909e-17
371.165279  7.874494665e-17  7.874494665e-17
371.4779249  7.828219903e-17  7.828219903e-17
371.7387739  7.789849346e-17  7.789849346e-17
371.9195339  7.76338584e-17  7.76338584e-17
372  7.751638559e-17  7.751638559e-17
372.0804661  7.739911588e-17  7.739911588e-17
372.2612261  7.71364183e-17  7.71364183e-17
372.5220751  7.675912219e-17  7.675912219e-17
372.834721  7.630968174e-17  7.630968174e-17
373.165279  7.583775991e-17  7.583775991e-17
373.4779249  7.539447705e-17  7.539447705e-17
373.7387739  7.502689929e-17  7.502689929e-17
373.9195339  7.477338087e-17  7.477338087e-17
374  7.466084109e-17  7.466084109e-17
374.0804661  7.454849484e-17  7.454849484e-17
374.2612261  7.429682261e-17  7.429682261e-17
374.5220751  7.393535236e-17  7.393535236e-17
374.834721  7.350474974e-17  7.350474974e-17
375.165279  7.305259138e-17  7.305259138e-17
375.4779249  7.2627857e-17  7.2627857e-17
375.7387739  7.227564845e-17  7.227564845e-17
375.9195339  7.203272405e-17  7.203272405e-17
376  7.192488548e-17  7.192488548e-17
376.0804661  7.181723137e-17  7.181723137e-17
376.2612261  7.157606664e-17  7.157606664e-17
376.5220751  7.122967935e-17  7.122967935e-17
376.834721  7.081703094e-17  7.081703094e-17
377.165279  7.038370978e-17  7.038370978e-17
377.4779249  6.99766553e-17  6.99766553e-17
377.7387739  6.963909677e-17  6.963909677e-17
377.9195339  6.940627095e-17  6.940627095e-17
378  6.93029138e-17  6.93029138e-17
378.0804661  6.919973252e-17  6.919973252e-17
378.2612261  6.896858433e-17  6.896858433e-17
378.5220751  6.863657565e-17  6.863657565e-17
378.834721  6.824104364e-17  6.824104364e-17
379.165279  6.782568141e-17  6.782568141e-17
379.4779249  6.74354832e-17  6.74354832e-17
379.7387739  6.711189272e-17  6.711189272e-17
379.9195339  6.688869564e-17  6.688869564e-17
380  6.678961149e-17  6.678961149e-17
380.0804661  6.669069505e-17  6.669069505e-17
380.2612261  6.646909779e-17  6.646909779e-17
380.5220751  6.615079974e-17  6.615079974e-17
380.834721  6.577158954e-17  6.577158954e-17
381.165279  6.537335321e-17  6.537335321e-17
381.4779249  6.499923004e-17  6.499923004e-17
381.7387739  6.468896072e-17  6.468896072e-17
381.9195339  6.447494673e-17  6.447494673e-17
382  6.437993786e-17  6.437993786e-17
382.0804661  6.428508896e-17  6.428508896e-17
382.2612261  6.407260095e-17  6.407260095e-17
382.5220751  6.376737984e-17  6.376737984e-17
382.834721  6.340373763e-17  6.340373763e-17
383.165279  6.302183691e-17  6.302183691e-17
383.4779249  6.266304759e-17  6.266304759e-17
383.7387739  6.236548566e-17  6.236548566e-17
383.9195339  6.216023187e-17  6.216023187e-17
384  6.206911069e-17  6.206911069e-17
384.0804661  6.197814213e-17  6.197814213e-17
384.2612261  6.177434427e-17  6.177434427e-17
384.5220751  6.148159879e-17  6.148159879e-17
384.834721  6.113280923e-17  6.113280923e-17
385.165279  6.076649413e-17  6.076649413e-17
385.4779249  6.042233524e-17  6.042233524e-17
385.7387739  6.01368982e-17  6.01368982e-17
385.9195339  5.994000327e-17  5.994000327e-17
386  5.985259172e-17  5.985259172e-17
386.0804661  5.976532582e-17  5.976532582e-17
386.2612261  5.956982032e-17  5.956982032e-17
386.5220751  5.928897972e-17  5.928897972e-17
386.834721  5.895436382e-17  5.895436382e-17
387.165279  5.860292242e-17  5.860292242e-17
387.4779249  5.82727262e-17  5.82727262e-17
387.7387739  5.799886105e-17  5.799886105e-17
387.9195339  5.780994397e-17  5.780994397e-17
388  5.772607302e-17  5.772607302e-17
388.0804661  5.76423411e-17  5.76423411e-17
388.2612261  5.74547503e-17  5.74547503e-17
388.5220751  5.71852727e-17  5.71852727e-17
388.834721  5.686418578e-17  5.686418578e-17
389.165279  5.65269421e-17  5.65269421e-17
389.4779249  5.62100745e-17  5.62100745e-17
389.7387739  5.594725614e-17  5.594725614e-17
389.9195339  5.576595508e-17  5.576595508e-17
390  5.56854642e-17  5.56854642e-17
390.0804661  5.560510607e-17  5.560510607e-17
390.2612261  5.542507132e-17  5.542507132e-17
390.5220751  5.516644211e-17  5.516644211e-17
390.834721  5.48582719e-17  5.48582719e-17
391.165279  5.453458393e-17  5.453458393e-17
391.4779249  5.423044273e-17  5.423044273e-17
391.7387739  5.397817238e-17  5.397817238e-17
391.9195339  5.380414368e-17  5.380414368e-17
392  5.37268804e-17  5.37268804e-17
392.0804661  5.364974389e-17  5.364974389e-17
392.2612261  5.347692452e-17  5.347692452e-17
392.5220751  5.322865484e-17  5.322865484e-17
392.834721  5.293281972e-17  5.293281972e-17
393.165279  5.262207753e-17  5.262207753e-17
393.4779249  5.233009059e-17  5.233009059e-17
393.7387739  5.208789439e-17  5.208789439e-17
393.9195339  5.192081152e-17  5.192081152e-17
394  5.184663095e-17  5.184663095e-17
394.0804661  5.177257149e-17  5.177257149e-17
394.2612261  5.160664381e-17  5.160664381e-17
394.5220751  5.136826917e-17  5.136826917e-17
394.834721  5.108421645e-17  5.108421645e-17
395.165279  5.078584048e-17  5.078584048e-17
395.4779249  5.050546409e-17  5.050546409e-17
395.7387739  5.02728917e-17  5.02728917e-17
395.9195339  5.011244433e-17  5.011244433e-17
396  5.004120881e-17  5.004120881e-17
396.0804661  4.997008899e-17  4.997008899e-17
396.2612261  4.981074535e-17  4.981074535e-17
396.5220751  4.958182429e-17  4.958182429e-17
396.834721  4.930902866e-17  4.930902866e-17
397.165279  4.902246802e-17  4.902246802e-17
397.4779249  4.875318536e-17  4.875318536e-17
397.7387739  4.852980872e-17  4.852980872e-17
397.9195339  4.837570185e-17  4.837570185e-17
398  4.830728048e-17  4.830728048e-17
398.0804661  4.823896969e-17  4.823896969e-17
398.2612261  4.808591763e-17  4.808591763e-17
398.5220751  4.786603045e-17  4.786603045e-17
398.834721  4.760399252e-17  4.760399252e-17
399.165279  4.732872345e-17  4.732872345e-17
399.4779249  4.707004314e-17  4.707004314e-17
399.7387739  4.685545521e-17  4.685545521e-17
399.9195339  4.670740836e-17  4.670740836e-17
