#L=4 M=1
#R     Re(V)   Im(V)

0.08046609183  -6.95159068e-10  6.951558607e-10
0.2612261349  -7.749107571e-08  7.749107541e-08
0.5220750502  -1.250862363e-06  1.250862363e-06
0.8347210423  -8.371628384e-06  8.371628384e-06
1.165278958  -3.296001219e-05  3.29600122e-05
1.47792495  -8.903093422e-05  8.903093421e-05
1.738773865  -0.000177799312  0.000177799312
1.919533908  -0.0002724762881  0.0002724762881
2  -0.000325808319  0.000325808319
2.080466092  -0.0003871838998  0.0003871838998
2.261226135  -0.0005591575011  0.0005591575011
2.52207505  -0.0009109398911  0.0009109398911
2.834721042  -0.001548696619  0.001548696619
3.165278958  -0.002574549518  0.002574549518
3.47792495  -0.003991467133  0.003991467133
3.738773865  -0.00559663788  0.00559663788
3.919533908  -0.006976693379  0.006976693379
4  -0.007668842941  0.007668842941
4.080466092  -0.006781354508  0.006781354508
4.261226135  -0.005144467827  0.005144467827
4.52207505  -0.003445158546  0.003445158546
4.834721042  -0.00210976874  0.00210976874
5.165278958  -0.001226987166  0.001226987166
5.47792495  -0.0007051899272  0.0007051899272
5.738773865  -0.0004202495497  0.0004202495497
5.919533908  -0.0002786445092  0.0002786445092
6  -0.0002270543583  0.0002270543583
6.080466092  -0.0001814604913  0.0001814604913
6.261226135  -9.77031547e-05  9.77031547e-05
6.52207505  -1.266614476e-05  1.266614476e-05
6.834721042  4.994775253e-05  -4.994775253e-05
7.165278958  8.574648878e-05  -8.574648878e-05
7.47792495  0.0001015677245  -0.0001015677245
7.738773865  0.0001063133754  -0.0001063133754
7.919533908  0.0001066041368  -0.0001066041368
8  0.0001061492732  -0.0001061492732
8.080466092  0.0001054011348  -0.0001054011348
8.261226135  0.0001028533332  -0.0001028533332
8.52207505  9.767174096e-05  -9.767174096e-05
8.834721042  9.014001886e-05  -9.014001886e-05
9.165278958  8.158207262e-05  -8.158207262e-05
9.47792495  7.352649813e-05  -7.352649813e-05
9.738773865  6.708309974e-05  -6.708309974e-05
9.919533908  6.283044481e-05  -6.283044481e-05
10  6.100039168e-05  -6.100039168e-05
10.08046609  5.921101748e-05  -5.921101748e-05
10.26122613  5.534388371e-05  -5.534388371e-05
10.52207505  5.014266842e-05  -5.014266842e-05
10.83472104  4.449552409e-05  -4.449552409e-05
11.16527896  3.919135e-05  -3.919135e-05
11.47792495  3.475974234e-05  -3.475974234e-05
11.73877387  3.146046479e-05  -3.146046479e-05
11.91953391  2.936937989e-05  -2.936937989e-05
12  2.848680092e-05  -2.848680092e-05
12.08046609  2.763272413e-05  -2.763272413e-05
12.26122613  2.581362922e-05  -2.581362922e-05
12.52207505  2.34154002e-05  -2.34154002e-05
12.83472104  2.086016254e-05  -2.086016254e-05
13.16527896  1.849274945e-05  -1.849274945e-05
13.47792495  1.652987242e-05  -1.652987242e-05
13.73877387  1.507272217e-05  -1.507272217e-05
13.91953391  1.414933187e-05  -1.414933187e-05
14  1.375936014e-05  -1.375936014e-05
14.08046609  1.338174584e-05  -1.338174584e-05
14.26122613  1.25763613e-05  -1.25763613e-05
14.52207505  1.151121041e-05  -1.151121041e-05
14.83472104  1.037012079e-05  -1.037012079e-05
15.16527896  9.304851017e-06  -9.304851017e-06
15.47792495  8.413784322e-06  -8.413784322e-06
15.73877387  7.746534669e-06  -7.746534669e-06
15.91953391  7.320694024e-06  -7.320694024e-06
16  7.140070194e-06  -7.140070194e-06
16.08046609  6.964698023e-06  -6.964698023e-06
16.26122613  6.589007667e-06  -6.589007667e-06
16.52207505  6.088354529e-06  -6.088354529e-06
16.83472104  5.546577535e-06  -5.546577535e-06
17.16527896  5.034955798e-06  -5.034955798e-06
17.47792495  4.60200915e-06  -4.60200915e-06
17.73877387  4.274432992e-06  -4.274432992e-06
17.91953391  4.063701593e-06  -4.063701593e-06
18  3.973897428e-06  -3.973897428e-06
18.08046609  3.886454083e-06  -3.886454083e-06
18.26122613  3.698264005e-06  -3.698264005e-06
18.52207505  3.445528521e-06  -3.445528521e-06
18.83472104  3.169297182e-06  -3.169297182e-06
19.16527896  2.905554228e-06  -2.905554228e-06
19.47792495  2.679941866e-06  -2.679941866e-06
19.73877387  2.507615328e-06  -2.507615328e-06
19.91953391  2.395959027e-06  -2.395959027e-06
20  2.348176321e-06  -2.348176321e-06
20.08046609  2.301531124e-06  -2.301531124e-06
20.26122613  2.200734229e-06  -2.200734229e-06
20.52207505  2.064441564e-06  -2.064441564e-06
20.83472104  1.914180064e-06  -1.914180064e-06
21.16527896  1.769340522e-06  -1.769340522e-06
21.47792495  1.644285859e-06  -1.644285859e-06
21.73877387  1.547992049e-06  -1.547992049e-06
21.91953391  1.485218358e-06  -1.485218358e-06
22  1.458258983e-06  -1.458258983e-06
22.08046609  1.431884508e-06  -1.431884508e-06
22.26122613  1.374693941e-06  -1.374693941e-06
22.52207505  1.296916924e-06  -1.296916924e-06
22.83472104  1.210537476e-06  -1.210537476e-06
23.16527896  1.126603975e-06  -1.126603975e-06
23.47792495  1.053566582e-06  -1.053566582e-06
23.73877387  9.969426472e-07  -9.969426472e-07
23.91953391  9.598395492e-07  -9.598395492e-07
24  9.43857089e-07  -9.43857089e-07
24.08046609  9.281928909e-07  -9.281928909e-07
24.26122613  8.941274325e-07  -8.941274325e-07
24.52207505  8.475740057e-07  -8.475740057e-07
24.83472104  7.955506319e-07  -7.955506319e-07
25.16527896  7.446564453e-07  -7.446564453e-07
25.47792495  7.000752921e-07  -7.000752921e-07
25.73877387  6.653129276e-07  -6.653129276e-07
25.91953391  6.424353338e-07  -6.424353338e-07
26  6.325555449e-07  -6.325555449e-07
26.08046609  6.228575177e-07  -6.228575177e-07
26.26122613  6.01714601e-07  -6.01714601e-07
26.52207505  5.72701291e-07  -5.72701291e-07
26.83472104  5.40107668e-07  -5.40107668e-07
27.16527896  5.080366107e-07  -5.080366107e-07
27.47792495  4.79784545e-07  -4.79784545e-07
27.73877387  4.576459895e-07  -4.576459895e-07
27.91953391  4.430218703e-07  -4.430218703e-07
28  4.366926058e-07  -4.366926058e-07
28.08046609  4.304715396e-07  -4.304715396e-07
28.26122613  4.168799632e-07  -4.168799632e-07
28.52207505  3.981625902e-07  -3.981625902e-07
28.83472104  3.770398849e-07  -3.770398849e-07
29.16527896  3.561520174e-07  -3.561520174e-07
29.47792495  3.376615039e-07  -3.376615039e-07
29.73877387  3.231103055e-07  -3.231103055e-07
29.91953391  3.134671162e-07  -3.134671162e-07
30  3.092856963e-07  -3.092856963e-07
30.08046609  3.051710305e-07  -3.051710305e-07
30.26122613  2.961648473e-07  -2.961648473e-07
30.52207505  2.837238464e-07  -2.837238464e-07
30.83472104  2.69628629e-07  -2.69628629e-07
31.16527896  2.556295365e-07  -2.556295365e-07
31.47792495  2.431843652e-07  -2.431843652e-07
31.73877387  2.333540829e-07  -2.333540829e-07
31.91953391  2.268210855e-07  -2.268210855e-07
32  2.239836094e-07  -2.239836094e-07
32.08046609  2.211886223e-07  -2.211886223e-07
32.26122613  2.150610613e-07  -2.150610613e-07
32.52207505  2.06573636e-07  -2.06573636e-07
32.83472104  1.969243761e-07  -1.969243761e-07
33.16527896  1.873043487e-07  -1.873043487e-07
33.47792495  1.787201321e-07  -1.787201321e-07
33.73877387  1.719173298e-07  -1.719173298e-07
33.91953391  1.67385084e-07  -1.67385084e-07
34  1.654137278e-07  -1.654137278e-07
34.08046609  1.63470167e-07  -1.63470167e-07
34.26122613  1.592031395e-07  -1.592031395e-07
34.52207505  1.532786522e-07  -1.532786522e-07
34.83472104  1.465225437e-07  -1.465225437e-07
35.16527896  1.397641541e-07  -1.397641541e-07
35.47792495  1.337134461e-07  -1.337134461e-07
35.73877387  1.289044447e-07  -1.289044447e-07
35.91953391  1.256934573e-07  -1.256934573e-07
36  1.242949922e-07  -1.242949922e-07
36.08046609  1.229151567e-07  -1.229151567e-07
36.26122613  1.198819253e-07  -1.198819253e-07
36.52207505  1.156615245e-07  -1.156615245e-07
36.83472104  1.108355828e-07  -1.108355828e-07
37.16527896  1.059934799e-07  -1.059934799e-07
37.47792495  1.016455685e-07  -1.016455685e-07
37.73877387  9.818094463e-08  -9.818094463e-08
37.91953391  9.58630368e-08  -9.58630368e-08
38  9.485236246e-08  -9.485236246e-08
38.08046609  9.385444773e-08  -9.385444773e-08
38.26122613  9.165828307e-08  -9.165828307e-08
38.52207505  8.859674578e-08  -8.859674578e-08
38.83472104  8.508738682e-08  -8.508738682e-08
39.16527896  8.155676942e-08  -8.155676942e-08
39.47792495  7.837806726e-08  -7.837806726e-08
39.73877387  7.583921358e-08  -7.583921358e-08
39.91953391  7.413765171e-08  -7.413765171e-08
40  7.339494995e-08  -7.339494995e-08
40.08046609  7.266115869e-08  -7.266115869e-08
40.26122613  7.104461261e-08  -7.104461261e-08
40.52207505  6.878721913e-08  -6.878721913e-08
40.83472104  6.619393053e-08  -6.619393053e-08
41.16527896  6.357857965e-08  -6.357857965e-08
41.47792495  6.121826656e-08  -6.121826656e-08
41.73877387  5.932909187e-08  -5.932909187e-08
41.91953391  5.806091949e-08  -5.806091949e-08
42  5.750686378e-08  -5.750686378e-08
42.08046609  5.695914057e-08  -5.695914057e-08
42.26122613  5.575138611e-08  -5.575138611e-08
42.52207505  5.406222143e-08  -5.406222143e-08
42.83472104  5.211784148e-08  -5.211784148e-08
43.16527896  5.015259114e-08  -5.015259114e-08
43.47792495  4.837512415e-08  -4.837512415e-08
43.73877387  4.694973163e-08  -4.694973163e-08
43.91953391  4.599149453e-08  -4.599149453e-08
44  4.557248943e-08  -4.557248943e-08
44.08046609  4.515805681e-08  -4.515805681e-08
44.26122613  4.42434446e-08  -4.42434446e-08
44.52207505  4.296246075e-08  -4.296246075e-08
44.83472104  4.148525611e-08  -4.148525611e-08
45.16527896  3.998919398e-08  -3.998919398e-08
45.47792495  3.863340013e-08  -3.863340013e-08
45.73877387  3.754425964e-08  -3.754425964e-08
45.91953391  3.681109862e-08  -3.681109862e-08
46  3.649026161e-08  -3.649026161e-08
46.08046609  3.617277436e-08  -3.617277436e-08
46.26122613  3.547157223e-08  -3.547157223e-08
46.52207505  3.44882174e-08  -3.44882174e-08
46.83472104  3.335235051e-08  -3.335235051e-08
47.16527896  3.219986852e-08  -3.219986852e-08
47.47792495  3.115354605e-08  -3.115354605e-08
47.73877387  3.031166789e-08  -3.031166789e-08
47.91953391  2.974426278e-08  -2.974426278e-08
48  2.949578429e-08  -2.949578429e-08
48.08046609  2.924979253e-08  -2.924979253e-08
48.26122613  2.870611219e-08  -2.870611219e-08
48.52207505  2.794276055e-08  -2.794276055e-08
48.83472104  2.705967518e-08  -2.705967518e-08
49.16527896  2.616215999e-08  -2.616215999e-08
49.47792495  2.534596016e-08  -2.534596016e-08
49.73877387  2.468827578e-08  -2.468827578e-08
49.91953391  2.424451645e-08  -2.424451645e-08
50  2.40500572e-08  -2.40500572e-08
50.08046609  2.385746661e-08  -2.385746661e-08
50.26122613  2.343153498e-08  -2.343153498e-08
50.52207505  2.283285597e-08  -2.283285597e-08
50.83472104  2.213930136e-08  -2.213930136e-08
51.16527896  2.143331782e-08  -2.143331782e-08
51.47792495  2.07903104e-08  -2.07903104e-08
51.73877387  2.027148076e-08  -2.027148076e-08
51.91953391  1.992104929e-08  -1.992104929e-08
52  1.976739393e-08  -1.976739393e-08
52.08046609  1.96151586e-08  -1.96151586e-08
52.26122613  1.927827457e-08  -1.927827457e-08
52.52207505  1.880428201e-08  -1.880428201e-08
52.83472104  1.825446215e-08  -1.825446215e-08
53.16527896  1.769398483e-08  -1.769398483e-08
53.47792495  1.718277876e-08  -1.718277876e-08
53.73877387  1.676978018e-08  -1.676978018e-08
53.91953391  1.64905632e-08  -1.64905632e-08
54  1.636806482e-08  -1.636806482e-08
54.08046609  1.624665678e-08  -1.624665678e-08
54.26122613  1.597784189e-08  -1.597784189e-08
54.52207505  1.559926924e-08  -1.559926924e-08
54.83472104  1.515960701e-08  -1.515960701e-08
55.16527896  1.471082544e-08  -1.471082544e-08
55.47792495  1.43009567e-08  -1.43009567e-08
55.73877387  1.39694427e-08  -1.39694427e-08
55.91953391  1.374511636e-08  -1.374511636e-08
56  1.364664834e-08  -1.364664834e-08
56.08046609  1.354902559e-08  -1.354902559e-08
56.26122613  1.333276337e-08  -1.333276337e-08
56.52207505  1.302793696e-08  -1.302793696e-08
56.83472104  1.267352634e-08  -1.267352634e-08
57.16527896  1.23113166e-08  -1.23113166e-08
57.47792495  1.198010792e-08  -1.198010792e-08
57.73877387  1.171192682e-08  -1.171192682e-08
57.91953391  1.153030628e-08  -1.153030628e-08
58  1.145054526e-08  -1.145054526e-08
58.08046609  1.137144541e-08  -1.137144541e-08
58.26122613  1.119613261e-08  -1.119613261e-08
58.52207505  1.094882594e-08  -1.094882594e-08
58.83472104  1.066099261e-08  -1.066099261e-08
59.16527896  1.03664857e-08  -1.03664857e-08
59.47792495  1.009687762e-08  -1.009687762e-08
59.73877387  9.878354624e-09  -9.878354624e-09
59.91953391  9.730250092e-09  -9.730250092e-09
60  9.665178595e-09  -9.665178595e-09
60.08046609  9.600628602e-09  -9.600628602e-09
60.26122613  9.457499244e-09  -9.457499244e-09
60.52207505  9.255440357e-09  -9.255440357e-09
60.83472104  9.020041396e-09  -9.020041396e-09
61.16527896  8.778924852e-09  -8.778924852e-09
61.47792495  8.557957653e-09  -8.557957653e-09
61.73877387  8.378690237e-09  -8.378690237e-09
61.91953391  8.257103767e-09  -8.257103767e-09
62  8.203660662e-09  -8.203660662e-09
62.08046609  8.150632106e-09  -8.150632106e-09
62.26122613  8.033000417e-09  -8.033000417e-09
62.52207505  7.866820091e-09  -7.866820091e-09
62.83472104  7.673043823e-09  -7.673043823e-09
63.16527896  7.47436054e-09  -7.47436054e-09
63.47792495  7.292098523e-09  -7.292098523e-09
63.73877387  7.144101425e-09  -7.144101425e-09
63.91953391  7.043656003e-09  -7.043656003e-09
64  6.999487873e-09  -6.999487873e-09
64.08046609  6.95565168e-09  -6.95565168e-09
64.26122613  6.858372923e-09  -6.858372923e-09
64.52207505  6.720854685e-09  -6.720854685e-09
64.83472104  6.560363481e-09  -6.560363481e-09
65.16527896  6.395652248e-09  -6.395652248e-09
65.47792495  6.244412671e-09  -6.244412671e-09
65.73877387  6.121504001e-09  -6.121504001e-09
65.91953391  6.038033184e-09  -6.038033184e-09
66  6.001315481e-09  -6.001315481e-09
66.08046609  5.964865392e-09  -5.964865392e-09
66.26122613  5.883947582e-09  -5.883947582e-09
66.52207505  5.769486957e-09  -5.769486957e-09
66.83472104  5.635798236e-09  -5.635798236e-09
67.16527896  5.498472041e-09  -5.498472041e-09
67.47792495  5.372266406e-09  -5.372266406e-09
67.73877387  5.269622189e-09  -5.269622189e-09
67.91953391  5.19987197e-09  -5.19987197e-09
68  5.169179006e-09  -5.169179006e-09
68.08046609  5.138703189e-09  -5.138703189e-09
68.26122613  5.071024519e-09  -5.071024519e-09
68.52207505  4.97523506e-09  -4.97523506e-09
68.83472104  4.863269665e-09  -4.863269665e-09
69.16527896  4.748161376e-09  -4.748161376e-09
69.47792495  4.642286498e-09  -4.642286498e-09
69.73877387  4.556114169e-09  -4.556114169e-09
69.91953391  4.497524237e-09  -4.497524237e-09
70  4.471733727e-09  -4.471733727e-09
70.08046609  4.446120485e-09  -4.446120485e-09
70.26122613  4.389221655e-09  -4.389221655e-09
70.52207505  4.308645096e-09  -4.308645096e-09
70.83472104  4.214394589e-09  -4.214394589e-09
71.16527896  4.117421756e-09  -4.117421756e-09
71.47792495  4.028157606e-09  -4.028157606e-09
71.73877387  3.955454448e-09  -3.955454448e-09
71.91953391  3.905996182e-09  -3.905996182e-09
72  3.884218507e-09  -3.884218507e-09
72.08046609  3.862586374e-09  -3.862586374e-09
72.26122613  3.814516547e-09  -3.814516547e-09
72.52207505  3.746407599e-09  -3.746407599e-09
72.83472104  3.66668692e-09  -3.66668692e-09
73.16527896  3.584602237e-09  -3.584602237e-09
73.47792495  3.50898668e-09  -3.50898668e-09
73.73877387  3.447359507e-09  -3.447359507e-09
73.91953391  3.405414934e-09  -3.405414934e-09
74  3.386940262e-09  -3.386940262e-09
74.08046609  3.368585731e-09  -3.368585731e-09
74.26122613  3.327787278e-09  -3.327787278e-09
74.52207505  3.269952464e-09  -3.269952464e-09
74.83472104  3.202214464e-09  -3.202214464e-09
75.16527896  3.132418408e-09  -3.132418408e-09
75.47792495  3.068077851e-09  -3.068077851e-09
75.73877387  3.015607294e-09  -3.015607294e-09
75.91953391  2.979877901e-09  -2.979877901e-09
76  2.964136327e-09  -2.964136327e-09
76.08046609  2.948494436e-09  -2.948494436e-09
76.26122613  2.913715989e-09  -2.913715989e-09
76.52207505  2.864391946e-09  -2.864391946e-09
76.83472104  2.806587206e-09  -2.806587206e-09
77.16527896  2.746986232e-09  -2.746986232e-09
77.47792495  2.692007291e-09  -2.692007291e-09
77.73877387  2.647144831e-09  -2.647144831e-09
77.91953391  2.616582335e-09  -2.616582335e-09
78  2.603113604e-09  -2.603113604e-09
78.08046609  2.589727984e-09  -2.589727984e-09
78.26122613  2.559958331e-09  -2.559958331e-09
78.52207505  2.517719224e-09  -2.517719224e-09
78.83472104  2.468189266e-09  -2.468189266e-09
79.16527896  2.417087671e-09  -2.417087671e-09
79.47792495  2.369919183e-09  -2.369919183e-09
79.73877387  2.331408465e-09  -2.331408465e-09
79.91953391  2.305161849e-09  -2.305161849e-09
80  2.293592186e-09  -2.293592186e-09
80.08046609  2.282092136e-09  -2.282092136e-09
80.26122613  2.256509597e-09  -2.256509597e-09
80.52207505  2.220196148e-09  -2.220196148e-09
80.83472104  2.177591516e-09  -2.177591516e-09
81.16527896  2.133608374e-09  -2.133608374e-09
81.47792495  2.092986057e-09  -2.092986057e-09
81.73877387  2.059802314e-09  -2.059802314e-09
81.91953391  2.037177036e-09  -2.037177036e-09
82  2.027201288e-09  -2.027201288e-09
82.08046609  2.017284102e-09  -2.017284102e-09
82.26122613  1.995217487e-09  -1.995217487e-09
82.52207505  1.963882208e-09  -1.963882208e-09
82.83472104  1.927099174e-09  -1.927099174e-09
83.16527896  1.889104108e-09  -1.889104108e-09
83.47792495  1.853992231e-09  -1.853992231e-09
83.73877387  1.825295352e-09  -1.825295352e-09
83.91953391  1.805721711e-09  -1.805721711e-09
84  1.797089493e-09  -1.797089493e-09
84.08046609  1.788506747e-09  -1.788506747e-09
84.26122613  1.769405051e-09  -1.769405051e-09
84.52207505  1.742269694e-09  -1.742269694e-09
84.83472104  1.710401051e-09  -1.710401051e-09
85.16527896  1.677464233e-09  -1.677464233e-09
85.47792495  1.647010173e-09  -1.647010173e-09
85.73877387  1.6221081e-09  -1.6221081e-09
85.91953391  1.605116552e-09  -1.605116552e-09
86  1.597621436e-09  -1.597621436e-09
86.08046609  1.59016828e-09  -1.59016828e-09
86.26122613  1.573577004e-09  -1.573577004e-09
86.52207505  1.549999302e-09  -1.549999302e-09
86.83472104  1.522295866e-09  -1.522295866e-09
87.16527896  1.493648866e-09  -1.493648866e-09
87.47792495  1.46714748e-09  -1.46714748e-09
87.73877387  1.445467498e-09  -1.445467498e-09
87.91953391  1.430669274e-09  -1.430669274e-09
88  1.424140295e-09  -1.424140295e-09
88.08046609  1.417647038e-09  -1.417647038e-09
88.26122613  1.403189587e-09  -1.403189587e-09
88.52207505  1.382637103e-09  -1.382637103e-09
88.83472104  1.358477409e-09  -1.358477409e-09
89.16527896  1.333482352e-09  -1.333482352e-09
89.47792495  1.310347895e-09  -1.310347895e-09
89.73877387  1.291413966e-09  -1.291413966e-09
89.91953391  1.278485774e-09  -1.278485774e-09
90  1.27278072e-09  -1.27278072e-09
90.08046609  1.267106189e-09  -1.267106189e-09
90.26122613  1.254469167e-09  -1.254469167e-09
90.52207505  1.236498607e-09  -1.236498607e-09
90.83472104  1.215364933e-09  -1.215364933e-09
91.16527896  1.193490068e-09  -1.193490068e-09
91.47792495  1.173233924e-09  -1.173233924e-09
91.73877387  1.156648713e-09  -1.156648713e-09
91.91953391  1.145320588e-09  -1.145320588e-09
92  1.140320675e-09  -1.140320675e-09
92.08046609  1.135346932e-09  -1.135346932e-09
92.26122613  1.124268455e-09  -1.124268455e-09
92.52207505  1.108509229e-09  -1.108509229e-09
92.83472104  1.089968511e-09  -1.089968511e-09
93.16527896  1.07076876e-09  -1.07076876e-09
93.47792495  1.052981689e-09  -1.052981689e-09
93.73877387  1.038412226e-09  -1.038412226e-09
93.91953391  1.028457837e-09  -1.028457837e-09
94  1.024063453e-09  -1.024063453e-09
94.08046609  1.019691581e-09  -1.019691581e-09
94.26122613  1.00995195e-09  -1.00995195e-09
94.52207505  9.960930261e-10  -9.960930261e-10
94.83472104  9.797816018e-10  -9.797816018e-10
95.16527896  9.628829806e-10  -9.628829806e-10
95.47792495  9.472209096e-10  -9.472209096e-10
95.73877387  9.343870906e-10  -9.343870906e-10
95.91953391  9.256159645e-10  -9.256159645e-10
96  9.21743259e-10  -9.21743259e-10
96.08046609  9.178899809e-10  -9.178899809e-10
96.26122613  9.093041834e-10  -9.093041834e-10
96.52207505  8.970835354e-10  -8.970835354e-10
96.83472104  8.826948777e-10  -8.826948777e-10
97.16527896  8.677819771e-10  -8.677819771e-10
97.47792495  8.539545508e-10  -8.539545508e-10
97.73877387  8.426198831e-10  -8.426198831e-10
97.91953391  8.348711378e-10  -8.348711378e-10
98  8.31449271e-10  -8.31449271e-10
98.08046609  8.280442206e-10  -8.280442206e-10
98.26122613  8.204558951e-10  -8.204558951e-10
98.52207505  8.096519831e-10  -8.096519831e-10
98.83472104  7.969267985e-10  -7.969267985e-10
99.16527896  7.83732661e-10  -7.83732661e-10
99.47792495  7.714939905e-10  -7.714939905e-10
99.73877387  7.614580997e-10  -7.614580997e-10
99.91953391  7.545953727e-10  -7.545953727e-10
100  7.515642875e-10  -7.515642875e-10
100.0804661  7.485478011e-10  -7.485478011e-10
100.2612261  7.418243385e-10  -7.418243385e-10
100.5220751  7.322492072e-10  -7.322492072e-10
100.834721  7.209674031e-10  -7.209674031e-10
101.165279  7.092653086e-10  -7.092653086e-10
101.4779249  6.984064556e-10  -6.984064556e-10
101.7387739  6.894989971e-10  -6.894989971e-10
101.9195339  6.834063201e-10  -6.834063201e-10
102  6.807149308e-10  -6.807149308e-10
102.0804661  6.780362506e-10  -6.780362506e-10
102.2612261  6.720648114e-10  -6.720648114e-10
102.5220751  6.635584693e-10  -6.635584693e-10
102.834721  6.535326114e-10  -6.535326114e-10
103.165279  6.431293819e-10  -6.431293819e-10
103.4779249  6.334722274e-10  -6.334722274e-10
103.7387739  6.255479173e-10  -6.255479173e-10
103.9195339  6.201263483e-10  -6.201263483e-10
104  6.177310604e-10  -6.177310604e-10
104.0804661  6.153468663e-10  -6.153468663e-10
104.2612261  6.100311265e-10  -6.100311265e-10
104.5220751  6.024569516e-10  -6.024569516e-10
104.834721  5.935269121e-10  -5.935269121e-10
105.165279  5.842574307e-10  -5.842574307e-10
105.4779249  5.756496545e-10  -5.756496545e-10
105.7387739  5.685841971e-10  -5.685841971e-10
105.9195339  5.637490594e-10  -5.637490594e-10
106  5.616125563e-10  -5.616125563e-10
106.0804661  5.594857622e-10  -5.594857622e-10
106.2612261  5.547432429e-10  -5.547432429e-10
106.5220751  5.479842115e-10  -5.479842115e-10
106.834721  5.400127745e-10  -5.400127745e-10
107.165279  5.317354822e-10  -5.317354822e-10
107.4779249  5.240464342e-10  -5.240464342e-10
107.7387739  5.17733172e-10  -5.17733172e-10
107.9195339  5.134117814e-10  -5.134117814e-10
108  5.115020256e-10  -5.115020256e-10
108.0804661  5.09600788e-10  -5.09600788e-10
108.2612261  5.053606564e-10  -5.053606564e-10
108.5220751  4.993162369e-10  -4.993162369e-10
108.834721  4.921854751e-10  -4.921854751e-10
109.165279  4.847786566e-10  -4.847786566e-10
109.4779249  4.778959493e-10  -4.778959493e-10
109.7387739  4.722430969e-10  -4.722430969e-10
109.9195339  4.683728844e-10  -4.683728844e-10
110  4.666622918e-10  -4.666622918e-10
110.0804661  4.649591906e-10  -4.649591906e-10
110.2612261  4.611604424e-10  -4.611604424e-10
110.5220751  4.557440258e-10  -4.557440258e-10
110.834721  4.493523038e-10  -4.493523038e-10
111.165279  4.427110119e-10  -4.427110119e-10
111.4779249  4.365376986e-10  -4.365376986e-10
111.7387739  4.314660493e-10  -4.314660493e-10
111.9195339  4.27993005e-10  -4.27993005e-10
112  4.264577606e-10  -4.264577606e-10
112.0804661  4.249291198e-10  -4.249291198e-10
112.2612261  4.215190712e-10  -4.215190712e-10
112.5220751  4.166558394e-10  -4.166558394e-10
112.834721  4.109153242e-10  -4.109153242e-10
113.165279  4.049488255e-10  -4.049488255e-10
113.4779249  3.994010541e-10  -3.994010541e-10
113.7387739  3.948420742e-10  -3.948420742e-10
113.9195339  3.91719452e-10  -3.91719452e-10
114  3.903389402e-10  -3.903389402e-10
114.0804661  3.889642626e-10  -3.889642626e-10
114.2612261  3.858972952e-10  -3.858972952e-10
114.5220751  3.815224452e-10  -3.815224452e-10
114.834721  3.763570334e-10  -3.763570334e-10
115.165279  3.709866791e-10  -3.709866791e-10
115.4779249  3.659917355e-10  -3.659917355e-10
115.7387739  3.618859728e-10  -3.618859728e-10
115.9195339  3.590732099e-10  -3.590732099e-10
116  3.578295392e-10  -3.578295392e-10
116.0804661  3.565910339e-10  -3.565910339e-10
116.2612261  3.538275465e-10  -3.538275465e-10
116.5220751  3.498848075e-10  -3.498848075e-10
116.834721  3.452283921e-10  -3.452283921e-10
117.165279  3.403858367e-10  -3.403858367e-10
117.4779249  3.358805078e-10  -3.358805078e-10
117.7387739  3.321762604e-10  -3.321762604e-10
117.9195339  3.296380723e-10  -3.296380723e-10
118  3.285156767e-10  -3.285156767e-10
118.0804661  3.273978639e-10  -3.273978639e-10
118.2612261  3.24903394e-10  -3.24903394e-10
118.5220751  3.21343784e-10  -3.21343784e-10
118.834721  3.171388012e-10  -3.171388012e-10
119.165279  3.127645089e-10  -3.127645089e-10
119.4779249  3.086937089e-10  -3.086937089e-10
119.7387739  3.053459065e-10  -3.053459065e-10
119.9195339  3.030515265e-10  -3.030515265e-10
120  3.020368311e-10  -3.020368311e-10
120.0804661  3.010262099e-10  -3.010262099e-10
120.2612261  2.987706956e-10  -2.987706956e-10
120.5220751  2.955514765e-10  -2.955514765e-10
120.834721  2.917476834e-10  -2.917476834e-10
121.165279  2.87789671e-10  -2.87789671e-10
121.4779249  2.841052841e-10  -2.841052841e-10
121.7387739  2.810745467e-10  -2.810745467e-10
121.9195339  2.789970857e-10  -2.789970857e-10
122  2.780782246e-10  -2.780782246e-10
122.0804661  2.771629925e-10  -2.771629925e-10
122.2612261  2.751201507e-10  -2.751201507e-10
122.5220751  2.722039468e-10  -2.722039468e-10
122.834721  2.687573906e-10  -2.687573906e-10
123.165279  2.651701664e-10  -2.651701664e-10
123.4779249  2.618300705e-10  -2.618300705e-10
123.7387739  2.590819124e-10  -2.590819124e-10
123.9195339  2.571978175e-10  -2.571978175e-10
124  2.563643957e-10  -2.563643957e-10
124.0804661  2.555342125e-10  -2.555342125e-10
124.2612261  2.536810123e-10  -2.536810123e-10
124.5220751  2.510350654e-10  -2.510350654e-10
124.834721  2.479072111e-10  -2.479072111e-10
125.165279  2.446508772e-10  -2.446508772e-10
125.4779249  2.416181167e-10  -2.416181167e-10
125.7387739  2.391222729e-10  -2.391222729e-10
125.9195339  2.374108692e-10  -2.374108692e-10
126  2.366537604e-10  -2.366537604e-10
126.0804661  2.358995471e-10  -2.358995471e-10
126.2612261  2.342157644e-10  -2.342157644e-10
126.5220751  2.318113014e-10  -2.318113014e-10
126.834721  2.289682923e-10  -2.289682923e-10
127.165279  2.260077823e-10  -2.260077823e-10
127.4779249  2.232498664e-10  -2.232498664e-10
127.7387739  2.209797203e-10  -2.209797203e-10
127.9195339  2.194228207e-10  -2.194228207e-10
128  2.18733996e-10  -2.18733996e-10
128.0804661  2.180477646e-10  -2.180477646e-10
128.2612261  2.16515603e-10  -2.16515603e-10
128.5220751  2.143272991e-10  -2.143272991e-10
128.834721  2.117393269e-10  -2.117393269e-10
129.165279  2.09043758e-10  -2.09043758e-10
129.4779249  2.065320625e-10  -2.065320625e-10
129.7387739  2.044641585e-10  -2.044641585e-10
129.9195339  2.030457325e-10  -2.030457325e-10
130  2.024181139e-10  -2.024181139e-10
130.0804661  2.017928218e-10  -2.017928218e-10
130.2612261  2.003965895e-10  -2.003965895e-10
130.5220751  1.984021103e-10  -1.984021103e-10
130.834721  1.960428789e-10  -1.960428789e-10
131.165279  1.935849984e-10  -1.935849984e-10
131.4779249  1.912942558e-10  -1.912942558e-10
131.7387739  1.894078831e-10  -1.894078831e-10
131.9195339  1.881137731e-10  -1.881137731e-10
132  1.875411088e-10  -1.875411088e-10
132.0804661  1.869705352e-10  -1.869705352e-10
132.2612261  1.856963693e-10  -1.856963693e-10
132.5220751  1.838759789e-10  -1.838759789e-10
132.834721  1.817222457e-10  -1.817222457e-10
133.165279  1.794779579e-10  -1.794779579e-10
133.4779249  1.773858212e-10  -1.773858212e-10
133.7387739  1.756626577e-10  -1.756626577e-10
133.9195339  1.744803363e-10  -1.744803363e-10
134  1.739570938e-10  -1.739570938e-10
134.0804661  1.734357331e-10  -1.734357331e-10
134.2612261  1.722713631e-10  -1.722713631e-10
134.5220751  1.706075892e-10  -1.706075892e-10
134.834721  1.686387718e-10  -1.686387718e-10
135.165279  1.665867326e-10  -1.665867326e-10
135.4779249  1.646734008e-10  -1.646734008e-10
135.7387739  1.630972078e-10  -1.630972078e-10
135.9195339  1.620155697e-10  -1.620155697e-10
136  1.615368439e-10  -1.615368439e-10
136.0804661  1.610598146e-10  -1.610598146e-10
136.2612261  1.599943596e-10  -1.599943596e-10
136.5220751  1.584717055e-10  -1.584717055e-10
136.834721  1.566695441e-10  -1.566695441e-10
137.165279  1.547908125e-10  -1.547908125e-10
137.4779249  1.53038709e-10  -1.53038709e-10
137.7387739  1.51595068e-10  -1.51595068e-10
137.9195339  1.506042513e-10  -1.506042513e-10
138  1.501656856e-10  -1.501656856e-10
138.0804661  1.497286516e-10  -1.497286516e-10
138.2612261  1.487524459e-10  -1.487524459e-10
138.5220751  1.473571428e-10  -1.473571428e-10
138.834721  1.457054094e-10  -1.457054094e-10
139.165279  1.439831474e-10  -1.439831474e-10
139.4779249  1.423766425e-10  -1.423766425e-10
139.7387739  1.410527294e-10  -1.410527294e-10
139.9195339  1.401439605e-10  -1.401439605e-10
140  1.39741679e-10  -1.39741679e-10
140.0804661  1.393407824e-10  -1.393407824e-10
140.2612261  1.384452245e-10  -1.384452245e-10
140.5220751  1.371650177e-10  -1.371650177e-10
140.834721  1.356492653e-10  -1.356492653e-10
141.165279  1.340684789e-10  -1.340684789e-10
141.4779249  1.325936507e-10  -1.325936507e-10
141.7387739  1.313780398e-10  -1.313780398e-10
141.9195339  1.305435006e-10  -1.305435006e-10
142  1.30174049e-10  -1.30174049e-10
142.0804661  1.298058513e-10  -1.298058513e-10
142.2612261  1.289832744e-10  -1.289832744e-10
142.5220751  1.278072385e-10  -1.278072385e-10
142.834721  1.264145842e-10  -1.264145842e-10
143.165279  1.249618989e-10  -1.249618989e-10
143.4779249  1.236063266e-10  -1.236063266e-10
143.7387739  1.224888214e-10  -1.224888214e-10
143.9195339  1.217215338e-10  -1.217215338e-10
144  1.213818283e-10  -1.213818283e-10
144.0804661  1.2104326e-10  -1.2104326e-10
144.2612261  1.202868189e-10  -1.202868189e-10
144.5220751  1.192051978e-10  -1.192051978e-10
144.834721  1.17924135e-10  -1.17924135e-10
145.165279  1.165876022e-10  -1.165876022e-10
145.4779249  1.153401857e-10  -1.153401857e-10
145.7387739  1.143116724e-10  -1.143116724e-10
145.9195339  1.136053977e-10  -1.136053977e-10
146  1.132926816e-10  -1.132926816e-10
146.0804661  1.129809978e-10  -1.129809978e-10
146.2612261  1.122845715e-10  -1.122845715e-10
146.5220751  1.112886394e-10  -1.112886394e-10
146.834721  1.101088744e-10  -1.101088744e-10
147.165279  1.088778021e-10  -1.088778021e-10
147.4779249  1.077286069e-10  -1.077286069e-10
147.7387739  1.067809262e-10  -1.067809262e-10
147.9195339  1.061300788e-10  -1.061300788e-10
148  1.058418832e-10  -1.058418832e-10
148.0804661  1.055546261e-10  -1.055546261e-10
148.2612261  1.049127324e-10  -1.049127324e-10
148.5220751  1.039946731e-10  -1.039946731e-10
148.834721  1.029069831e-10  -1.029069831e-10
149.165279  1.017717898e-10  -1.017717898e-10
149.4779249  1.007119103e-10  -1.007119103e-10
149.7387739  9.983774711e-11  -9.983774711e-11
149.9195339  9.923731803e-11  -9.923731803e-11
150  9.897142881e-11  -9.897142881e-11
150.0804661  9.870639402e-11  -9.870639402e-11
150.2612261  9.81141156e-11  -9.81141156e-11
150.5220751  9.726691724e-11  -9.726691724e-11
150.834721  9.626302682e-11  -9.626302682e-11
151.165279  9.521511278e-11  -9.521511278e-11
151.4779249  9.423655456e-11  -9.423655456e-11
151.7387739  9.342934052e-11  -9.342934052e-11
151.9195339  9.287483149e-11  -9.287483149e-11
152  9.262926022e-11  -9.262926022e-11
152.0804661  9.238446773e-11  -9.238446773e-11
152.2612261  9.183738763e-11  -9.183738763e-11
152.5220751  9.105475065e-11  -9.105475065e-11
152.834721  9.012722351e-11  -9.012722351e-11
153.165279  8.915885945e-11  -8.915885945e-11
153.4779249  8.825443546e-11  -8.825443546e-11
153.7387739  8.750826435e-11  -8.750826435e-11
153.9195339  8.699562998e-11  -8.699562998e-11
154  8.67685882e-11  -8.67685882e-11
154.0804661  8.654225709e-11  -8.654225709e-11
154.2612261  8.603640204e-11  -8.603640204e-11
154.5220751  8.531265887e-11  -8.531265887e-11
154.834721  8.445480341e-11  -8.445480341e-11
155.165279  8.355903247e-11  -8.355903247e-11
155.4779249  8.272227246e-11  -8.272227246e-11
155.7387739  8.203182612e-11  -8.203182612e-11
155.9195339  8.155742323e-11  -8.155742323e-11
156  8.134730014e-11  -8.134730014e-11
156.0804661  8.113782634e-11  -8.113782634e-11
156.2612261  8.066961728e-11  -8.066961728e-11
156.5220751  7.999966185e-11  -7.999966185e-11
156.834721  7.920544829e-11  -7.920544829e-11
157.165279  7.837600031e-11  -7.837600031e-11
157.4779249  7.760107143e-11  -7.760107143e-11
157.7387739  7.696155467e-11  -7.696155467e-11
157.9195339  7.652209785e-11  -7.652209785e-11
158  7.632744071e-11  -7.632744071e-11
158.0804661  7.613337747e-11  -7.613337747e-11
158.2612261  7.569958607e-11  -7.569958607e-11
158.5220751  7.507881205e-11  -7.507881205e-11
158.834721  7.434279969e-11  -7.434279969e-11
159.165279  7.357401586e-11  -7.357401586e-11
159.4779249  7.285565288e-11  -7.285565288e-11
159.7387739  7.226273633e-11  -7.226273633e-11
159.9195339  7.185525892e-11  -7.185525892e-11
160  7.167475582e-11  -7.167475582e-11
160.0804661  7.149479656e-11  -7.149479656e-11
160.2612261  7.109250703e-11  -7.109250703e-11
160.5220751  7.051675346e-11  -7.051675346e-11
160.834721  6.98340267e-11  -6.98340267e-11
161.165279  6.912079334e-11  -6.912079334e-11
161.4779249  6.845423725e-11  -6.845423725e-11
161.7387739  6.790400709e-11  -6.790400709e-11
161.9195339  6.752582676e-11  -6.752582676e-11
162  6.735829144e-11  -6.735829144e-11
162.0804661  6.719125467e-11  -6.719125467e-11
162.2612261  6.681783015e-11  -6.681783015e-11
162.5220751  6.628333354e-11  -6.628333354e-11
162.834721  6.56494456e-11  -6.56494456e-11
163.165279  6.498713577e-11  -6.498713577e-11
163.4779249  6.436807967e-11  -6.436807967e-11
163.7387739  6.385699327e-11  -6.385699327e-11
163.9195339  6.350568177e-11  -6.350568177e-11
164  6.335004024e-11  -6.335004024e-11
164.0804661  6.319485623e-11  -6.319485623e-11
164.2612261  6.284790912e-11  -6.284790912e-11
164.5220751  6.235126128e-11  -6.235126128e-11
164.834721  6.176218445e-11  -6.176218445e-11
165.165279  6.114660645e-11  -6.114660645e-11
165.4779249  6.057114784e-11  -6.057114784e-11
165.7387739  6.009599461e-11  -6.009599461e-11
165.9195339  5.9769351e-11  -5.9769351e-11
166  5.962462974e-11  -5.962462974e-11
166.0804661  5.948032878e-11  -5.948032878e-11
166.2612261  5.915769451e-11  -5.915769451e-11
166.5220751  5.869580525e-11  -5.869580525e-11
166.834721  5.8147887e-11  -5.8147887e-11
167.165279  5.757523886e-11  -5.757523886e-11
167.4779249  5.703983737e-11  -5.703983737e-11
167.7387739  5.659770418e-11  -5.659770418e-11
167.9195339  5.629373116e-11  -5.629373116e-11
168  5.615904666e-11  -5.615904666e-11
168.0804661  5.602474865e-11  -5.602474865e-11
168.2612261  5.572446257e-11  -5.572446257e-11
168.5220751  5.529452671e-11  -5.529452671e-11
168.834721  5.47844508e-11  -5.47844508e-11
169.165279  5.425127997e-11  -5.425127997e-11
169.4779249  5.375272002e-11  -5.375272002e-11
169.7387739  5.334096055e-11  -5.334096055e-11
169.9195339  5.305784354e-11  -5.305784354e-11
170  5.293239302e-11  -5.293239302e-11
170.0804661  5.280729827e-11  -5.280729827e-11
170.2612261  5.252757508e-11  -5.252757508e-11
170.5220751  5.212704319e-11  -5.212704319e-11
170.834721  5.165179529e-11  -5.165179529e-11
171.165279  5.115496292e-11  -5.115496292e-11
171.4779249  5.069032059e-11  -5.069032059e-11
171.7387739  5.030652812e-11  -5.030652812e-11
171.9195339  5.004261663e-11  -5.004261663e-11
172  4.992566989e-11  -4.992566989e-11
172.0804661  4.980905095e-11  -4.980905095e-11
172.2612261  4.954826647e-11  -4.954826647e-11
172.5220751  4.917481898e-11  -4.917481898e-11
172.834721  4.873165605e-11  -4.873165605e-11
173.165279  4.826830531e-11  -4.826830531e-11
173.4779249  4.783491888e-11  -4.783491888e-11
173.7387739  4.747690221e-11  -4.747690221e-11
173.9195339  4.723069334e-11  -4.723069334e-11
174  4.712158541e-11  -4.712158541e-11
174.0804661  4.701277981e-11  -4.701277981e-11
174.2612261  4.676945487e-11  -4.676945487e-11
174.5220751  4.642097897e-11  -4.642097897e-11
174.834721  4.60074021e-11  -4.60074021e-11
175.165279  4.557492998e-11  -4.557492998e-11
175.4779249  4.51703738e-11  -4.51703738e-11
175.7387739  4.483613575e-11  -4.483613575e-11
175.9195339  4.460625952e-11  -4.460625952e-11
176  4.450438421e-11  -4.450438421e-11
176.0804661  4.440278798e-11  -4.440278798e-11
176.2612261  4.417557396e-11  -4.417557396e-11
176.5220751  4.385014313e-11  -4.385014313e-11
176.834721  4.34638734e-11  -4.34638734e-11
177.165279  4.30599056e-11  -4.30599056e-11
177.4779249  4.268196679e-11  -4.268196679e-11
177.7387739  4.236968508e-11  -4.236968508e-11
177.9195339  4.215489136e-11  -4.215489136e-11
178  4.205969546e-11  -4.205969546e-11
178.0804661  4.196475742e-11  -4.196475742e-11
178.2612261  4.175242344e-11  -4.175242344e-11
178.5220751  4.144827915e-11  -4.144827915e-11
178.834721  4.108723607e-11  -4.108723607e-11
179.165279  4.070960466e-11  -4.070960466e-11
179.4779249  4.035626234e-11  -4.035626234e-11
179.7387739  4.006427256e-11  -4.006427256e-11
179.9195339  3.986341937e-11  -3.986341937e-11
180  3.977439751e-11  -3.977439751e-11
180.0804661  3.96856141e-11  -3.96856141e-11
180.2612261  3.94870356e-11  -3.94870356e-11
180.5220751  3.920257104e-11  -3.920257104e-11
180.834721  3.886485329e-11  -3.886485329e-11
181.165279  3.851157675e-11  -3.851157675e-11
181.4779249  3.818098351e-11  -3.818098351e-11
181.7387739  3.790776389e-11  -3.790776389e-11
181.9195339  3.771980701e-11  -3.771980701e-11
182  3.763649705e-11  -3.763649705e-11
182.0804661  3.755340778e-11  -3.755340778e-11
182.2612261  3.736755628e-11  -3.736755628e-11
182.5220751  3.710130175e-11  -3.710130175e-11
182.834721  3.678517004e-11  -3.678517004e-11
183.165279  3.645443543e-11  -3.645443543e-11
183.4779249  3.614490072e-11  -3.614490072e-11
183.7387739  3.588905854e-11  -3.588905854e-11
183.9195339  3.57130422e-11  -3.57130422e-11
184  3.56350211e-11  -3.56350211e-11
184.0804661  3.555720445e-11  -3.555720445e-11
184.2612261  3.538313842e-11  -3.538313842e-11
184.5220751  3.513374834e-11  -3.513374834e-11
184.834721  3.483761003e-11  -3.483761003e-11
185.165279  3.452775699e-11  -3.452775699e-11
185.4779249  3.423773235e-11  -3.423773235e-11
185.7387739  3.399799173e-11  -3.399799173e-11
185.9195339  3.383304026e-11  -3.383304026e-11
186  3.375992042e-11  -3.375992042e-11
186.0804661  3.368699013e-11  -3.368699013e-11
186.2612261  3.352384683e-11  -3.352384683e-11
186.5220751  3.329008804e-11  -3.329008804e-11
186.834721  3.301248339e-11  -3.301248339e-11
187.165279  3.272198988e-11  -3.272198988e-11
187.4779249  3.245005561e-11  -3.245005561e-11
187.7387739  3.222524662e-11  -3.222524662e-11
187.9195339  3.207055696e-11  -3.207055696e-11
188  3.200198291e-11  -3.200198291e-11
188.0804661  3.193358474e-11  -3.193358474e-11
188.2612261  3.178057283e-11  -3.178057283e-11
188.5220751  3.156131418e-11  -3.156131418e-11
188.834721  3.130090397e-11  -3.130090397e-11
189.165279  3.102837342e-11  -3.102837342e-11
189.4779249  3.077322666e-11  -3.077322666e-11
189.7387739  3.056227552e-11  -3.056227552e-11
189.9195339  3.041711056e-11  -3.041711056e-11
190  3.035275599e-11  -3.035275599e-11
190.0804661  3.028856474e-11  -3.028856474e-11
190.2612261  3.014495773e-11  -3.014495773e-11
190.5220751  2.993916065e-11  -2.993916065e-11
190.834721  2.969471513e-11  -2.969471513e-11
191.165279  2.943886492e-11  -2.943886492e-11
191.4779249  2.919930896e-11  -2.919930896e-11
191.7387739  2.900122925e-11  -2.900122925e-11
191.9195339  2.886491175e-11  -2.886491175e-11
192  2.880447684e-11  -2.880447684e-11
192.0804661  2.874419371e-11  -2.874419371e-11
192.2612261  2.860932406e-11  -2.860932406e-11
192.5220751  2.841603412e-11  -2.841603412e-11
192.834721  2.818642303e-11  -2.818642303e-11
193.165279  2.794607417e-11  -2.794607417e-11
193.4779249  2.77210088e-11  -2.77210088e-11
193.7387739  2.75348935e-11  -2.75348935e-11
193.9195339  2.740680073e-11  -2.740680073e-11
194  2.735000976e-11  -2.735000976e-11
194.0804661  2.729335995e-11  -2.729335995e-11
194.2612261  2.716661371e-11  -2.716661371e-11
194.5220751  2.698495304e-11  -2.698495304e-11
194.834721  2.676913668e-11  -2.676913668e-11
195.165279  2.654320443e-11  -2.654320443e-11
195.4779249  2.633161728e-11  -2.633161728e-11
195.7387739  2.615663173e-11  -2.615663173e-11
195.9195339  2.603619051e-11  -2.603619051e-11
196  2.598278972e-11  -2.598278972e-11
196.0804661  2.592952031e-11  -2.592952031e-11
196.2612261  2.581033233e-11  -2.581033233e-11
196.5220751  2.563949279e-11  -2.563949279e-11
196.834721  2.543651387e-11  -2.543651387e-11
197.165279  2.522399941e-11  -2.522399941e-11
197.4779249  2.502495814e-11  -2.502495814e-11
197.7387739  2.486033354e-11  -2.486033354e-11
197.9195339  2.474701592e-11  -2.474701592e-11
198  2.469677153e-11  -2.469677153e-11
198.0804661  2.46466495e-11  -2.46466495e-11
198.2612261  2.453449915e-11  -2.453449915e-11
198.5220751  2.437373614e-11  -2.437373614e-11
198.834721  2.418271255e-11  -2.418271255e-11
199.165279  2.398269536e-11  -2.398269536e-11
199.4779249  2.379534063e-11  -2.379534063e-11
199.7387739  2.364036826e-11  -2.364036826e-11
199.9195339  2.35336875e-11  -2.35336875e-11
200  2.348638399e-11  -2.348638399e-11
200.0804661  2.343919452e-11  -2.343919452e-11
200.2612261  2.333360173e-11  -2.333360173e-11
200.5220751  2.318222863e-11  -2.318222863e-11
200.834721  2.300234688e-11  -2.300234688e-11
201.165279  2.281397789e-11  -2.281397789e-11
201.4779249  2.263751695e-11  -2.263751695e-11
201.7387739  2.2491543e-11  -2.2491543e-11
201.9195339  2.239105001e-11  -2.239105001e-11
202  2.234648849e-11  -2.234648849e-11
202.0804661  2.230203335e-11  -2.230203335e-11
202.2612261  2.220255512e-11  -2.220255512e-11
202.5220751  2.205993826e-11  -2.205993826e-11
202.834721  2.18904475e-11  -2.18904475e-11
203.165279  2.171294295e-11  -2.171294295e-11
203.4779249  2.154664394e-11  -2.154664394e-11
203.7387739  2.140906469e-11  -2.140906469e-11
203.9195339  2.131434476e-11  -2.131434476e-11
204  2.127234159e-11  -2.127234159e-11
204.0804661  2.12304377e-11  -2.12304377e-11
204.2612261  2.113666492e-11  -2.113666492e-11
204.5220751  2.100221904e-11  -2.100221904e-11
204.834721  2.084242568e-11  -2.084242568e-11
205.165279  2.06750615e-11  -2.06750615e-11
205.4779249  2.05182482e-11  -2.05182482e-11
205.7387739  2.03885058e-11  -2.03885058e-11
205.9195339  2.02991757e-11  -2.02991757e-11
206  2.025956114e-11  -2.025956114e-11
206.0804661  2.022003932e-11  -2.022003932e-11
206.2612261  2.013159384e-11  -2.013159384e-11
206.5220751  2.000477796e-11  -2.000477796e-11
206.834721  1.985404083e-11  -1.985404083e-11
207.165279  1.969614758e-11  -1.969614758e-11
207.4779249  1.954819471e-11  -1.954819471e-11
207.7387739  1.942577327e-11  -1.942577327e-11
207.9195339  1.934147856e-11  -1.934147856e-11
208  1.930409564e-11  -1.930409564e-11
208.0804661  1.926679939e-11  -1.926679939e-11
208.2612261  1.918333145e-11  -1.918333145e-11
208.5220751  1.906364514e-11  -1.906364514e-11
208.834721  1.892137107e-11  -1.892137107e-11
209.165279  1.877232934e-11  -1.877232934e-11
209.4779249  1.863265829e-11  -1.863265829e-11
209.7387739  1.851708036e-11  -1.851708036e-11
209.9195339  1.843749299e-11  -1.843749299e-11
210  1.840219641e-11  -1.840219641e-11
210.0804661  1.836698088e-11  -1.836698088e-11
210.2612261  1.828816671e-11  -1.828816671e-11
210.5220751  1.81751467e-11  -1.81751467e-11
210.834721  1.80407865e-11  -1.80407865e-11
211.165279  1.790002275e-11  -1.790002275e-11
211.4779249  1.776809769e-11  -1.776809769e-11
211.7387739  1.76589211e-11  -1.76589211e-11
211.9195339  1.758373722e-11  -1.758373722e-11
212  1.755039238e-11  -1.755039238e-11
212.0804661  1.75171234e-11  -1.75171234e-11
212.2612261  1.744266309e-11  -1.744266309e-11
212.5220751  1.733588019e-11  -1.733588019e-11
212.834721  1.720892503e-11  -1.720892503e-11
213.165279  1.70759078e-11  -1.70759078e-11
213.4779249  1.695123215e-11  -1.695123215e-11
213.7387739  1.684804706e-11  -1.684804706e-11
213.9195339  1.677698503e-11  -1.677698503e-11
214  1.674546719e-11  -1.674546719e-11
214.0804661  1.671402037e-11  -1.671402037e-11
214.2612261  1.664363588e-11  -1.664363588e-11
214.5220751  1.654269221e-11  -1.654269221e-11
214.834721  1.642267029e-11  -1.642267029e-11
215.165279  1.629690676e-11  -1.629690676e-11
215.4779249  1.617902001e-11  -1.617902001e-11
215.7387739  1.608144629e-11  -1.608144629e-11
215.9195339  1.601424487e-11  -1.601424487e-11
216  1.59844383e-11  -1.59844383e-11
216.0804661  1.595469827e-11  -1.595469827e-11
216.2612261  1.588813168e-11  -1.588813168e-11
216.5220751  1.579265808e-11  -1.579265808e-11
216.834721  1.567913167e-11  -1.567913167e-11
217.165279  1.556016452e-11  -1.556016452e-11
217.4779249  1.544863927e-11  -1.544863927e-11
217.7387739  1.535632413e-11  -1.535632413e-11
217.9195339  1.529274083e-11  -1.529274083e-11
218  1.52645381e-11  -1.52645381e-11
218.0804661  1.523639776e-11  -1.523639776e-11
218.2612261  1.517340962e-11  -1.517340962e-11
218.5220751  1.508306338e-11  -1.508306338e-11
218.834721  1.497562604e-11  -1.497562604e-11
219.165279  1.486303062e-11  -1.486303062e-11
219.4779249  1.475746996e-11  -1.475746996e-11
219.7387739  1.467008571e-11  -1.467008571e-11
219.9195339  1.460989529e-11  -1.460989529e-11
220  1.458319662e-11  -1.458319662e-11
220.0804661  1.455655647e-11  -1.455655647e-11
220.2612261  1.449692436e-11  -1.449692436e-11
220.5220751  1.441138708e-11  -1.441138708e-11
220.834721  1.430966117e-11  -1.430966117e-11
221.165279  1.420304287e-11  -1.420304287e-11
221.4779249  1.410307793e-11  -1.410307793e-11
221.7387739  1.402032002e-11  -1.402032002e-11
221.9195339  1.396331313e-11  -1.396331313e-11
222  1.393802577e-11  -1.393802577e-11
222.0804661  1.391279334e-11  -1.391279334e-11
222.2612261  1.385631048e-11  -1.385631048e-11
222.5220751  1.377528617e-11  -1.377528617e-11
222.834721  1.367892058e-11  -1.367892058e-11
223.165279  1.357791248e-11  -1.357791248e-11
223.4779249  1.348320025e-11  -1.348320025e-11
223.7387739  1.340478543e-11  -1.340478543e-11
223.9195339  1.335076735e-11  -1.335076735e-11
224  1.332680502e-11  -1.332680502e-11
224.0804661  1.330289428e-11  -1.330289428e-11
224.2612261  1.324936834e-11  -1.324936834e-11
224.5220751  1.317258163e-11  -1.317258163e-11
224.834721  1.308124972e-11  -1.308124972e-11
225.165279  1.298551042e-11  -1.298551042e-11
225.4779249  1.289573168e-11  -1.289573168e-11
225.7387739  1.282139637e-11  -1.282139637e-11
225.9195339  1.277018587e-11  -1.277018587e-11
226  1.274746827e-11  -1.274746827e-11
226.0804661  1.272479915e-11  -1.272479915e-11
226.2612261  1.26740511e-11  -1.26740511e-11
226.5220751  1.260124568e-11  -1.260124568e-11
226.834721  1.251464333e-11  -1.251464333e-11
227.165279  1.242385497e-11  -1.242385497e-11
227.4779249  1.233871251e-11  -1.233871251e-11
227.7387739  1.226821123e-11  -1.226821123e-11
227.9195339  1.221963953e-11  -1.221963953e-11
228  1.219809188e-11  -1.219809188e-11
228.0804661  1.217658981e-11  -1.217658981e-11
228.2612261  1.212845291e-11  -1.212845291e-11
228.5220751  1.205939001e-11  -1.205939001e-11
228.834721  1.197723395e-11  -1.197723395e-11
229.165279  1.189110039e-11  -1.189110039e-11
229.4779249  1.181031727e-11  -1.181031727e-11
229.7387739  1.174342128e-11  -1.174342128e-11
229.9195339  1.169733111e-11  -1.169733111e-11
230  1.167688371e-11  -1.167688371e-11
230.0804661  1.16564792e-11  -1.16564792e-11
230.2612261  1.161079803e-11  -1.161079803e-11
230.5220751  1.154525512e-11  -1.154525512e-11
230.834721  1.146728129e-11  -1.146728129e-11
231.165279  1.138552647e-11  -1.138552647e-11
231.4779249  1.130884451e-11  -1.130884451e-11
231.7387739  1.124534054e-11  -1.124534054e-11
231.9195339  1.120158523e-11  -1.120158523e-11
232  1.11821731e-11  -1.11821731e-11
232.0804661  1.116280133e-11  -1.116280133e-11
232.2612261  1.111943098e-11  -1.111943098e-11
232.5220751  1.105720052e-11  -1.105720052e-11
232.834721  1.098316263e-11  -1.098316263e-11
233.165279  1.090552904e-11  -1.090552904e-11
233.4779249  1.083270736e-11  -1.083270736e-11
233.7387739  1.077239644e-11  -1.077239644e-11
233.9195339  1.073083917e-11  -1.073083917e-11
234  1.071240166e-11  -1.071240166e-11
234.0804661  1.069400216e-11  -1.069400216e-11
234.2612261  1.06528074e-11  -1.06528074e-11
234.5220751  1.059369572e-11  -1.059369572e-11
234.834721  1.052336393e-11  -1.052336393e-11
235.165279  1.044961121e-11  -1.044961121e-11
235.4779249  1.038042499e-11  -1.038042499e-11
235.7387739  1.032312138e-11  -1.032312138e-11
235.9195339  1.028363438e-11  -1.028363438e-11
236  1.02661149e-11  -1.02661149e-11
236.0804661  1.024863121e-11  -1.024863121e-11
236.2612261  1.020948576e-11  -1.020948576e-11
236.5220751  1.015331203e-11  -1.015331203e-11
236.834721  1.008647169e-11  -1.008647169e-11
237.165279  1.001637539e-11  -1.001637539e-11
237.4779249  9.950614651e-12  -9.950614651e-12
237.7387739  9.896144835e-12  -9.896144835e-12
237.9195339  9.858608794e-12  -9.858608794e-12
238  9.841954435e-12  -9.841954435e-12
238.0804661  9.825333826e-12  -9.825333826e-12
238.2612261  9.788119735e-12  -9.788119735e-12
238.5220751  9.73471499e-12  -9.73471499e-12
238.834721  9.671165565e-12  -9.671165565e-12
239.165279  9.604515934e-12  -9.604515934e-12
239.4779249  9.541984427e-12  -9.541984427e-12
239.7387739  9.490186261e-12  -9.490186261e-12
239.9195339  9.454489636e-12  -9.454489636e-12
240  9.438650972e-12  -9.438650972e-12
240.0804661  9.422844138e-12  -9.422844138e-12
240.2612261  9.387451146e-12  -9.387451146e-12
240.5220751  9.336657452e-12  -9.336657452e-12
240.834721  9.276211446e-12  -9.276211446e-12
241.165279  9.212812377e-12  -9.212812377e-12
241.4779249  9.153326608e-12  -9.153326608e-12
241.7387739  9.104048454e-12  -9.104048454e-12
241.9195339  9.070086938e-12  -9.070086938e-12
242  9.055017739e-12  -9.055017739e-12
242.0804661  9.039978573e-12  -9.039978573e-12
242.2612261  9.006303554e-12  -9.006303554e-12
242.5220751  8.957973184e-12  -8.957973184e-12
242.834721  8.900455214e-12  -8.900455214e-12
243.165279  8.84012325e-12  -8.84012325e-12
243.4779249  8.783511542e-12  -8.783511542e-12
243.7387739  8.736611521e-12  -8.736611521e-12
243.9195339  8.704287514e-12  -8.704287514e-12
244  8.689944518e-12  -8.689944518e-12
244.0804661  8.675629874e-12  -8.675629874e-12
244.2612261  8.643576323e-12  -8.643576323e-12
244.5220751  8.597571025e-12  -8.597571025e-12
244.834721  8.542816946e-12  -8.542816946e-12
245.165279  8.485380365e-12  -8.485380365e-12
245.4779249  8.431482013e-12  -8.431482013e-12
245.7387739  8.386827303e-12  -8.386827303e-12
245.9195339  8.356049426e-12  -8.356049426e-12
246  8.342392131e-12  -8.342392131e-12
246.0804661  8.328761613e-12  -8.328761613e-12
246.2612261  8.298239171e-12  -8.298239171e-12
246.5220751  8.254429489e-12  -8.254429489e-12
246.834721  8.202285589e-12  -8.202285589e-12
247.165279  8.147583571e-12  -8.147583571e-12
247.4779249  8.096248057e-12  -8.096248057e-12
247.7387739  8.053714245e-12  -8.053714245e-12
247.9195339  8.024396902e-12  -8.024396902e-12
248  8.011387366e-12  -8.011387366e-12
248.0804661  7.998403131e-12  -7.998403131e-12
248.2612261  7.969327148e-12  -7.969327148e-12
248.5220751  7.927591799e-12  -7.927591799e-12
248.834721  7.877914058e-12  -7.877914058e-12
249.165279  7.825795912e-12  -7.825795912e-12
249.4779249  7.776882185e-12  -7.776882185e-12
249.7387739  7.736352675e-12  -7.736352675e-12
249.9195339  7.708415643e-12  -7.708415643e-12
250  7.696018304e-12  -7.696018304e-12
250.0804661  7.683644884e-12  -7.683644884e-12
250.2612261  7.655936016e-12  -7.655936016e-12
250.5220751  7.616161314e-12  -7.616161314e-12
250.834721  7.568814722e-12  -7.568814722e-12
251.165279  7.519139171e-12  -7.519139171e-12
251.4779249  7.472514985e-12  -7.472514985e-12
251.7387739  7.433880449e-12  -7.433880449e-12
251.9195339  7.407248501e-12  -7.407248501e-12
252  7.395430012e-12  -7.395430012e-12
252.0804661  7.383634145e-12  -7.383634145e-12
252.2612261  7.357217983e-12  -7.357217983e-12
252.5220751  7.319297306e-12  -7.319297306e-12
252.834721  7.274155235e-12  -7.274155235e-12
253.165279  7.226789763e-12  -7.226789763e-12
253.4779249  7.182331058e-12  -7.182331058e-12
253.7387739  7.145488931e-12  -7.145488931e-12
253.9195339  7.120091491e-12  -7.120091491e-12
254  7.108820565e-12  -7.108820565e-12
254.0804661  7.097571041e-12  -7.097571041e-12
254.2612261  7.072377771e-12  -7.072377771e-12
254.5220751  7.036211073e-12  -7.036211073e-12
254.834721  6.993154695e-12  -6.993154695e-12
255.165279  6.947974938e-12  -6.947974938e-12
255.4779249  6.905565279e-12  -6.905565279e-12
255.7387739  6.870419291e-12  -6.870419291e-12
255.9195339  6.846190109e-12  -6.846190109e-12
256  6.835437376e-12  -6.835437376e-12
256.0804661  6.824704902e-12  -6.824704902e-12
256.2612261  6.800668982e-12  -6.800668982e-12
256.5220751  6.766162341e-12  -6.766162341e-12
256.834721  6.725080092e-12  -6.725080092e-12
257.165279  6.681969278e-12  -6.681969278e-12
257.4779249  6.64149933e-12  -6.64149933e-12
257.7387739  6.607959076e-12  -6.607959076e-12
257.9195339  6.584835936e-12  -6.584835936e-12
258  6.574573812e-12  -6.574573812e-12
258.0804661  6.564330873e-12  -6.564330873e-12
258.2612261  6.54139075e-12  -6.54139075e-12
258.5220751  6.508455945e-12  -6.508455945e-12
258.834721  6.469243029e-12  -6.469243029e-12
259.165279  6.428091464e-12  -6.428091464e-12
259.4779249  6.389458508e-12  -6.389458508e-12
259.7387739  6.357439048e-12  -6.357439048e-12
259.9195339  6.335363491e-12  -6.335363491e-12
260  6.325566059e-12  -6.325566059e-12
260.0804661  6.315786802e-12  -6.315786802e-12
260.2612261  6.293884631e-12  -6.293884631e-12
260.5220751  6.262438761e-12  -6.262438761e-12
260.834721  6.224996692e-12  -6.224996692e-12
261.165279  6.185701278e-12  -6.185701278e-12
261.4779249  6.148808766e-12  -6.148808766e-12
261.7387739  6.118230256e-12  -6.118230256e-12
261.9195339  6.097147328e-12  -6.097147328e-12
262  6.087790222e-12  -6.087790222e-12
262.0804661  6.078450343e-12  -6.078450343e-12
262.2612261  6.057531745e-12  -6.057531745e-12
262.5220751  6.027496868e-12  -6.027496868e-12
262.834721  5.991733046e-12  -5.991733046e-12
263.165279  5.954196837e-12  -5.954196837e-12
263.4779249  5.918953977e-12  -5.918953977e-12
263.7387739  5.889741327e-12  -5.889741327e-12
263.9195339  5.869599344e-12  -5.869599344e-12
264  5.860659649e-12  -5.860659649e-12
264.0804661  5.851736288e-12  -5.851736288e-12
264.2612261  5.831750117e-12  -5.831750117e-12
264.5220751  5.803052918e-12  -5.803052918e-12
264.834721  5.768880235e-12  -5.768880235e-12
265.165279  5.73301203e-12  -5.73301203e-12
265.4779249  5.699333402e-12  -5.699333402e-12
265.7387739  5.671415963e-12  -5.671415963e-12
265.9195339  5.652166294e-12  -5.652166294e-12
266  5.643622447e-12  -5.643622447e-12
266.0804661  5.635094094e-12  -5.635094094e-12
266.2612261  5.615992218e-12  -5.615992218e-12
266.5220751  5.588563706e-12  -5.588563706e-12
266.834721  5.555900183e-12  -5.555900183e-12
267.165279  5.521614145e-12  -5.521614145e-12
267.4779249  5.489419346e-12  -5.489419346e-12
267.7387739  5.462730614e-12  -5.462730614e-12
267.9195339  5.444327479e-12  -5.444327479e-12
268  5.436159181e-12  -5.436159181e-12
268.0804661  5.428005585e-12  -5.428005585e-12
268.2612261  5.409742693e-12  -5.409742693e-12
268.5220751  5.383517911e-12  -5.383517911e-12
268.834721  5.352286361e-12  -5.352286361e-12
269.165279  5.319501665e-12  -5.319501665e-12
269.4779249  5.288714982e-12  -5.288714982e-12
269.7387739  5.263192326e-12  -5.263192326e-12
269.9195339  5.245592609e-12  -5.245592609e-12
270  5.237780742e-12  -5.237780742e-12
270.0804661  5.229982831e-12  -5.229982831e-12
270.2612261  5.212516245e-12  -5.212516245e-12
270.5220751  5.187434011e-12  -5.187434011e-12
270.834721  5.157561727e-12  -5.157561727e-12
271.165279  5.12620223e-12  -5.12620223e-12
271.4779249  5.096752333e-12  -5.096752333e-12
271.7387739  5.072336746e-12  -5.072336746e-12
271.9195339  5.055499823e-12  -5.055499823e-12
272  5.048026373e-12  -5.048026373e-12
272.0804661  5.040566176e-12  -5.040566176e-12
272.2612261  5.023855682e-12  -5.023855682e-12
272.5220751  4.999858341e-12  -4.999858341e-12
272.834721  4.971276802e-12  -4.971276802e-12
273.165279  4.941270745e-12  -4.941270745e-12
273.4779249  4.913090404e-12  -4.913090404e-12
273.7387739  4.889726264e-12  -4.889726264e-12
273.9195339  4.873613843e-12  -4.873613843e-12
274  4.866461829e-12  -4.866461829e-12
274.0804661  4.859322405e-12  -4.859322405e-12
274.2612261  4.843330093e-12  -4.843330093e-12
274.5220751  4.820363291e-12  -4.820363291e-12
274.834721  4.793007899e-12  -4.793007899e-12
275.165279  4.764287621e-12  -4.764287621e-12
275.4779249  4.73731344e-12  -4.73731344e-12
275.7387739  4.7149483e-12  -4.7149483e-12
275.9195339  4.699524268e-12  -4.699524268e-12
276  4.692677676e-12  -4.692677676e-12
276.0804661  4.685843049e-12  -4.685843049e-12
276.2612261  4.670533164e-12  -4.670533164e-12
276.5220751  4.64854564e-12  -4.64854564e-12
276.834721  4.622355461e-12  -4.622355461e-12
277.165279  4.594857141e-12  -4.594857141e-12
277.4779249  4.56902932e-12  -4.56902932e-12
277.7387739  4.547613697e-12  -4.547613697e-12
277.9195339  4.532843986e-12  -4.532843986e-12
278  4.526287706e-12  -4.526287706e-12
278.0804661  4.519742803e-12  -4.519742803e-12
278.2612261  4.505081613e-12  -4.505081613e-12
278.5220751  4.484024995e-12  -4.484024995e-12
278.834721  4.458942535e-12  -4.458942535e-12
279.165279  4.432605945e-12  -4.432605945e-12
279.4779249  4.407868046e-12  -4.407868046e-12
279.7387739  4.387355242e-12  -4.387355242e-12
279.9195339  4.373207695e-12  -4.373207695e-12
280  4.366927468e-12  -4.366927468e-12
280.0804661  4.36065806e-12  -4.36065806e-12
280.2612261  4.346613723e-12  -4.346613723e-12
280.5220751  4.326442354e-12  -4.326442354e-12
280.834721  4.302413337e-12  -4.302413337e-12
281.165279  4.277181618e-12  -4.277181618e-12
281.4779249  4.253480357e-12  -4.253480357e-12
281.7387739  4.23382628e-12  -4.23382628e-12
281.9195339  4.220270535e-12  -4.220270535e-12
282  4.214252894e-12  -4.214252894e-12
282.0804661  4.208245547e-12  -4.208245547e-12
282.2612261  4.194787996e-12  -4.194787996e-12
282.5220751  4.175458759e-12  -4.175458759e-12
282.834721  4.152431926e-12  -4.152431926e-12
283.165279  4.128251379e-12  -4.128251379e-12
283.4779249  4.105536428e-12  -4.105536428e-12
283.7387739  4.086699428e-12  -4.086699428e-12
283.9195339  4.073706804e-12  -4.073706804e-12
284  4.06793903e-12  -4.06793903e-12
284.0804661  4.062181052e-12  -4.062181052e-12
284.2612261  4.049281883e-12  -4.049281883e-12
284.5220751  4.030754044e-12  -4.030754044e-12
284.834721  4.008680969e-12  -4.008680969e-12
285.165279  3.985500855e-12  -3.985500855e-12
285.4779249  3.96372466e-12  -3.96372466e-12
285.7387739  3.945665381e-12  -3.945665381e-12
285.9195339  3.933208774e-12  -3.933208774e-12
286  3.927678846e-12  -3.927678846e-12
286.0804661  3.922158245e-12  -3.922158245e-12
286.2612261  3.909790613e-12  -3.909790613e-12
286.5220751  3.892025675e-12  -3.892025675e-12
286.834721  3.870860586e-12  -3.870860586e-12
287.165279  3.848632948e-12  -3.848632948e-12
287.4779249  3.827750556e-12  -3.827750556e-12
287.7387739  3.810431794e-12  -3.810431794e-12
287.9195339  3.798485583e-12  -3.798485583e-12
288  3.793182136e-12  -3.793182136e-12
288.0804661  3.787887572e-12  -3.787887572e-12
288.2612261  3.776026099e-12  -3.776026099e-12
288.5220751  3.758987664e-12  -3.758987664e-12
288.834721  3.738687283e-12  -3.738687283e-12
289.165279  3.717366771e-12  -3.717366771e-12
289.4779249  3.697335674e-12  -3.697335674e-12
289.7387739  3.680722244e-12  -3.680722244e-12
289.9195339  3.669262195e-12  -3.669262195e-12
290  3.664174482e-12  -3.664174482e-12
290.0804661  3.659095231e-12  -3.659095231e-12
290.2612261  3.647715914e-12  -3.647715914e-12
290.5220751  3.631369554e-12  -3.631369554e-12
290.834721  3.611892946e-12  -3.611892946e-12
291.165279  3.591436662e-12  -3.591436662e-12
291.4779249  3.572216646e-12  -3.572216646e-12
291.7387739  3.556275261e-12  -3.556275261e-12
291.9195339  3.545278448e-12  -3.545278448e-12
292  3.540396299e-12  -3.540396299e-12
292.0804661  3.535522215e-12  -3.535522215e-12
292.2612261  3.524602342e-12  -3.524602342e-12
292.5220751  3.508915484e-12  -3.508915484e-12
292.834721  3.49022391e-12  -3.49022391e-12
293.165279  3.470591259e-12  -3.470591259e-12
293.4779249  3.452144267e-12  -3.452144267e-12
293.7387739  3.436843423e-12  -3.436843423e-12
293.9195339  3.426288148e-12  -3.426288148e-12
294  3.421601938e-12  -3.421601938e-12
294.0804661  3.416923418e-12  -3.416923418e-12
294.2612261  3.406441492e-12  -3.406441492e-12
294.5220751  3.391383299e-12  -3.391383299e-12
294.834721  3.373440093e-12  -3.373440093e-12
295.165279  3.354592644e-12  -3.354592644e-12
295.4779249  3.336882644e-12  -3.336882644e-12
295.7387739  3.322192516e-12  -3.322192516e-12
295.9195339  3.312058233e-12  -3.312058233e-12
296  3.307558849e-12  -3.307558849e-12
296.0804661  3.303066798e-12  -3.303066798e-12
296.2612261  3.293002465e-12  -3.293002465e-12
296.5220751  3.27854374e-12  -3.27854374e-12
296.834721  3.261314176e-12  -3.261314176e-12
297.165279  3.243215536e-12  -3.243215536e-12
297.4779249  3.226208405e-12  -3.226208405e-12
297.7387739  3.212100741e-12  -3.212100741e-12
297.9195339  3.20236799e-12  -3.20236799e-12
298  3.1980468e-12  -3.1980468e-12
298.0804661  3.193732606e-12  -3.193732606e-12
298.2612261  3.184066584e-12  -3.184066584e-12
298.5220751  3.170179669e-12  -3.170179669e-12
298.834721  3.153630852e-12  -3.153630852e-12
299.165279  3.13624654e-12  -3.13624654e-12
299.4779249  3.119909948e-12  -3.119909948e-12
299.7387739  3.106357983e-12  -3.106357983e-12
299.9195339  3.097008326e-12  -3.097008326e-12
300  3.09285715e-12  -3.09285715e-12
300.0804661  3.08871265e-12  -3.08871265e-12
300.2612261  3.079426669e-12  -3.079426669e-12
300.5220751  3.066085355e-12  -3.066085355e-12
300.834721  3.050186112e-12  -3.050186112e-12
301.165279  3.033483452e-12  -3.033483452e-12
301.4779249  3.017786757e-12  -3.017786757e-12
301.7387739  3.00476512e-12  -3.00476512e-12
301.9195339  2.995781079e-12  -2.995781079e-12
302  2.991792165e-12  -2.991792165e-12
302.0804661  2.987809624e-12  -2.987809624e-12
302.2612261  2.978886365e-12  -2.978886365e-12
302.5220751  2.966065806e-12  -2.966065806e-12
302.834721  2.950786583e-12  -2.950786583e-12
303.165279  2.934734595e-12  -2.934734595e-12
303.4779249  2.919648746e-12  -2.919648746e-12
303.7387739  2.907133382e-12  -2.907133382e-12
303.9195339  2.898498385e-12  -2.898498385e-12
304  2.894664382e-12  -2.894664382e-12
304.0804661  2.890836463e-12  -2.890836463e-12
304.2612261  2.882259504e-12  -2.882259504e-12
304.5220751  2.869936139e-12  -2.869936139e-12
304.834721  2.855248911e-12  -2.855248911e-12
305.165279  2.839818214e-12  -2.839818214e-12
305.4779249  2.825315656e-12  -2.825315656e-12
305.7387739  2.81328375e-12  -2.81328375e-12
305.9195339  2.804982078e-12  -2.804982078e-12
306  2.801296012e-12  -2.801296012e-12
306.0804661  2.797615756e-12  -2.797615756e-12
306.2612261  2.789369519e-12  -2.789369519e-12
306.5220751  2.777520997e-12  -2.777520997e-12
306.834721  2.763399177e-12  -2.763399177e-12
307.165279  2.748561896e-12  -2.748561896e-12
307.4779249  2.734616486e-12  -2.734616486e-12
307.7387739  2.723046389e-12  -2.723046389e-12
307.9195339  2.715063128e-12  -2.715063128e-12
308  2.711518381e-12  -2.711518381e-12
308.0804661  2.707979187e-12  -2.707979187e-12
308.2612261  2.700048888e-12  -2.700048888e-12
308.5220751  2.688654e-12  -2.688654e-12
308.834721  2.675072356e-12  -2.675072356e-12
309.165279  2.660802037e-12  -2.660802037e-12
309.4779249  2.647388964e-12  -2.647388964e-12
309.7387739  2.636260128e-12  -2.636260128e-12
309.9195339  2.62858112e-12  -2.62858112e-12
310  2.625171412e-12  -2.625171412e-12
310.0804661  2.62176701e-12  -2.62176701e-12
310.2612261  2.614138619e-12  -2.614138619e-12
310.5220751  2.603177231e-12  -2.603177231e-12
310.834721  2.59011181e-12  -2.59011181e-12
311.165279  2.576383337e-12  -2.576383337e-12
311.4779249  2.563479043e-12  -2.563479043e-12
311.7387739  2.55277196e-12  -2.55277196e-12
311.9195339  2.545383762e-12  -2.545383762e-12
312  2.542103129e-12  -2.542103129e-12
312.0804661  2.538827569e-12  -2.538827569e-12
312.2612261  2.53148776e-12  -2.53148776e-12
312.5220751  2.520940754e-12  -2.520940754e-12
312.834721  2.508368808e-12  -2.508368808e-12
313.165279  2.495158331e-12  -2.495158331e-12
313.4779249  2.482740443e-12  -2.482740443e-12
313.7387739  2.472436581e-12  -2.472436581e-12
313.9195339  2.465326426e-12  -2.465326426e-12
314  2.462169204e-12  -2.462169204e-12
314.0804661  2.459016833e-12  -2.459016833e-12
314.2612261  2.451952949e-12  -2.451952949e-12
314.5220751  2.441802163e-12  -2.441802163e-12
314.834721  2.429702085e-12  -2.429702085e-12
315.165279  2.416986943e-12  -2.416986943e-12
315.4779249  2.405034205e-12  -2.405034205e-12
315.7387739  2.395115961e-12  -2.395115961e-12
315.9195339  2.388271716e-12  -2.388271716e-12
316  2.385232522e-12  -2.385232522e-12
316.0804661  2.382197968e-12  -2.382197968e-12
316.2612261  2.375397984e-12  -2.375397984e-12
316.5220751  2.365626161e-12  -2.365626161e-12
316.834721  2.353977417e-12  -2.353977417e-12
317.165279  2.341736077e-12  -2.341736077e-12
317.4779249  2.330228287e-12  -2.330228287e-12
317.7387739  2.320678928e-12  -2.320678928e-12
317.9195339  2.314089064e-12  -2.314089064e-12
318  2.311162783e-12  -2.311162783e-12
318.0804661  2.308240941e-12  -2.308240941e-12
318.2612261  2.301693426e-12  -2.301693426e-12
318.5220751  2.292284162e-12  -2.292284162e-12
318.834721  2.281067232e-12  -2.281067232e-12
319.165279  2.269279224e-12  -2.269279224e-12
319.4779249  2.258197179e-12  -2.258197179e-12
319.7387739  2.249000797e-12  -2.249000797e-12
319.9195339  2.242654352e-12  -2.242654352e-12
320  2.239836119e-12  -2.239836119e-12
320.0804661  2.237022135e-12  -2.237022135e-12
320.2612261  2.23071622e-12  -2.23071622e-12
320.5220751  2.221653918e-12  -2.221653918e-12
320.834721  2.210850243e-12  -2.210850243e-12
321.165279  2.199496102e-12  -2.199496102e-12
321.4779249  2.188821537e-12  -2.188821537e-12
321.7387739  2.179963004e-12  -2.179963004e-12
321.9195339  2.173849552e-12  -2.173849552e-12
322  2.171134742e-12  -2.171134742e-12
322.0804661  2.168423999e-12  -2.168423999e-12
322.2612261  2.162349347e-12  -2.162349347e-12
322.5220751  2.153619172e-12  -2.153619172e-12
322.834721  2.143211098e-12  -2.143211098e-12
323.165279  2.132272306e-12  -2.132272306e-12
323.4779249  2.121987849e-12  -2.121987849e-12
323.7387739  2.113452774e-12  -2.113452774e-12
323.9195339  2.107562396e-12  -2.107562396e-12
324  2.104946607e-12  -2.104946607e-12
324.0804661  2.102334714e-12  -2.102334714e-12
324.2612261  2.096481491e-12  -2.096481491e-12
324.5220751  2.088069328e-12  -2.088069328e-12
324.834721  2.078040057e-12  -2.078040057e-12
325.165279  2.067498997e-12  -2.067498997e-12
325.4779249  2.057588115e-12  -2.057588115e-12
325.7387739  2.049362801e-12  -2.049362801e-12
325.9195339  2.043686059e-12  -2.043686059e-12
326  2.041165104e-12  -2.041165104e-12
326.0804661  2.03864788e-12  -2.03864788e-12
326.2612261  2.033006726e-12  -2.033006726e-12
326.5220751  2.024899142e-12  -2.024899142e-12
326.834721  2.015232688e-12  -2.015232688e-12
327.165279  2.005072589e-12  -2.005072589e-12
327.4779249  1.995519547e-12  -1.995519547e-12
327.7387739  1.987590958e-12  -1.987590958e-12
327.9195339  1.982118866e-12  -1.982118866e-12
328  1.979688758e-12  -1.979688758e-12
328.0804661  1.977262223e-12  -1.977262223e-12
328.2612261  1.971824228e-12  -1.971824228e-12
328.5220751  1.964008436e-12  -1.964008436e-12
328.834721  1.954689577e-12  -1.954689577e-12
329.165279  1.944894472e-12  -1.944894472e-12
329.4779249  1.935684287e-12  -1.935684287e-12
329.7387739  1.92804001e-12  -1.92804001e-12
329.9195339  1.922764013e-12  -1.922764013e-12
330  1.920420954e-12  -1.920420954e-12
330.0804661  1.918081321e-12  -1.918081321e-12
330.2612261  1.912837999e-12  -1.912837999e-12
330.5220751  1.905301819e-12  -1.905301819e-12
330.834721  1.896316061e-12  -1.896316061e-12
331.165279  1.886870745e-12  -1.886870745e-12
331.4779249  1.877989146e-12  -1.877989146e-12
331.7387739  1.870617357e-12  -1.870617357e-12
331.9195339  1.865529304e-12  -1.865529304e-12
332  1.863269679e-12  -1.863269679e-12
332.0804661  1.861013338e-12  -1.861013338e-12
332.2612261  1.855956608e-12  -1.855956608e-12
332.5220751  1.848688439e-12  -1.848688439e-12
332.834721  1.840021973e-12  -1.840021973e-12
333.165279  1.830911959e-12  -1.830911959e-12
333.4779249  1.82234535e-12  -1.82234535e-12
333.7387739  1.815234784e-12  -1.815234784e-12
333.9195339  1.810326912e-12  -1.810326912e-12
334  1.808147275e-12  -1.808147275e-12
334.0804661  1.805970787e-12  -1.805970787e-12
334.2612261  1.801092948e-12  -1.801092948e-12
334.5220751  1.794081736e-12  -1.794081736e-12
334.834721  1.785721403e-12  -1.785721403e-12
335.165279  1.776932886e-12  -1.776932886e-12
335.4779249  1.768668312e-12  -1.768668312e-12
335.7387739  1.761808233e-12  -1.761808233e-12
335.9195339  1.757073141e-12  -1.757073141e-12
336  1.754970208e-12  -1.754970208e-12
336.0804661  1.752870294e-12  -1.752870294e-12
336.2612261  1.748164006e-12  -1.748164006e-12
336.5220751  1.741399215e-12  -1.741399215e-12
336.834721  1.733332474e-12  -1.733332474e-12
337.165279  1.724852294e-12  -1.724852294e-12
337.4779249  1.716877404e-12  -1.716877404e-12
337.7387739  1.710257578e-12  -1.710257578e-12
337.9195339  1.705688211e-12  -1.705688211e-12
338  1.703658851e-12  -1.703658851e-12
338.0804661  1.701632388e-12  -1.701632388e-12
338.2612261  1.697090653e-12  -1.697090653e-12
338.5220751  1.690562237e-12  -1.690562237e-12
338.834721  1.682777129e-12  -1.682777129e-12
339.165279  1.67459274e-12  -1.67459274e-12
339.4779249  1.666895756e-12  -1.666895756e-12
339.7387739  1.660506424e-12  -1.660506424e-12
339.9195339  1.656096054e-12  -1.656096054e-12
340  1.654137282e-12  -1.654137282e-12
340.0804661  1.652181289e-12  -1.652181289e-12
340.2612261  1.647797433e-12  -1.647797433e-12
340.5220751  1.641495813e-12  -1.641495813e-12
340.834721  1.633980933e-12  -1.633980933e-12
341.165279  1.626080368e-12  -1.626080368e-12
341.4779249  1.618650057e-12  -1.618650057e-12
341.7387739  1.612481909e-12  -1.612481909e-12
341.9195339  1.60822412e-12  -1.60822412e-12
342  1.606333087e-12  -1.606333087e-12
342.0804661  1.604444722e-12  -1.604444722e-12
342.2612261  1.60021238e-12  -1.60021238e-12
342.5220751  1.594128416e-12  -1.594128416e-12
342.834721  1.586872884e-12  -1.586872884e-12
343.165279  1.579244726e-12  -1.579244726e-12
343.4779249  1.572070371e-12  -1.572070371e-12
343.7387739  1.566114527e-12  -1.566114527e-12
343.9195339  1.562003194e-12  -1.562003194e-12
344  1.560177184e-12  -1.560177184e-12
344.0804661  1.558353735e-12  -1.558353735e-12
344.2612261  1.554266832e-12  -1.554266832e-12
344.5220751  1.548391804e-12  -1.548391804e-12
344.834721  1.541385238e-12  -1.541385238e-12
345.165279  1.534018591e-12  -1.534018591e-12
345.4779249  1.527089965e-12  -1.527089965e-12
345.7387739  1.521337947e-12  -1.521337947e-12
345.9195339  1.517367227e-12  -1.517367227e-12
346  1.515603646e-12  -1.515603646e-12
346.0804661  1.513842524e-12  -1.513842524e-12
346.2612261  1.509895263e-12  -1.509895263e-12
346.5220751  1.504220847e-12  -1.504220847e-12
346.834721  1.497453337e-12  -1.497453337e-12
347.165279  1.490337802e-12  -1.490337802e-12
347.4779249  1.483645141e-12  -1.483645141e-12
347.7387739  1.478088857e-12  -1.478088857e-12
347.9195339  1.474253173e-12  -1.474253173e-12
348  1.472549544e-12  -1.472549544e-12
348.0804661  1.470848277e-12  -1.470848277e-12
348.2612261  1.467035123e-12  -1.467035123e-12
348.5220751  1.461553374e-12  -1.461553374e-12
348.834721  1.455015458e-12  -1.455015458e-12
349.165279  1.448141105e-12  -1.448141105e-12
349.4779249  1.441675086e-12  -1.441675086e-12
349.7387739  1.43630681e-12  -1.43630681e-12
349.9195339  1.432600833e-12  -1.432600833e-12
350  1.430954793e-12  -1.430954793e-12
350.0804661  1.429311022e-12  -1.429311022e-12
350.2612261  1.425626689e-12  -1.425626689e-12
350.5220751  1.420330017e-12  -1.420330017e-12
350.834721  1.414012658e-12  -1.414012658e-12
351.165279  1.407370003e-12  -1.407370003e-12
351.4779249  1.401121723e-12  -1.401121723e-12
351.7387739  1.395934075e-12  -1.395934075e-12
351.9195339  1.392352716e-12  -1.392352716e-12
352  1.390762007e-12  -1.390762007e-12
352.0804661  1.389173477e-12  -1.389173477e-12
352.2612261  1.385612917e-12  -1.385612917e-12
352.5220751  1.380494072e-12  -1.380494072e-12
352.834721  1.374388639e-12  -1.374388639e-12
353.165279  1.367968623e-12  -1.367968623e-12
353.4779249  1.361929575e-12  -1.361929575e-12
353.7387739  1.356915504e-12  -1.356915504e-12
353.9195339  1.353453902e-12  -1.353453902e-12
354  1.351916365e-12  -1.351916365e-12
354.0804661  1.350380923e-12  -1.350380923e-12
354.2612261  1.346939311e-12  -1.346939311e-12
354.5220751  1.341991368e-12  -1.341991368e-12
354.834721  1.336089613e-12  -1.336089613e-12
355.165279  1.329883578e-12  -1.329883578e-12
355.4779249  1.324045634e-12  -1.324045634e-12
355.7387739  1.319198401e-12  -1.319198401e-12
355.9195339  1.31585191e-12  -1.31585191e-12
356  1.314365483e-12  -1.314365483e-12
356.0804661  1.312881071e-12  -1.312881071e-12
356.2612261  1.309553797e-12  -1.309553797e-12
356.5220751  1.304770135e-12  -1.304770135e-12
356.834721  1.299064175e-12  -1.299064175e-12
357.165279  1.293063846e-12  -1.293063846e-12
357.4779249  1.287419236e-12  -1.287419236e-12
357.7387739  1.2827324e-12  -1.2827324e-12
357.9195339  1.27949658e-12  -1.27949658e-12
358  1.278059292e-12  -1.278059292e-12
358.0804661  1.276623941e-12  -1.276623941e-12
358.2612261  1.273406598e-12  -1.273406598e-12
358.5220751  1.268780889e-12  -1.268780889e-12
358.834721  1.263263187e-12  -1.263263187e-12
359.165279  1.257460654e-12  -1.257460654e-12
359.4779249  1.252001949e-12  -1.252001949e-12
359.7387739  1.247469353e-12  -1.247469353e-12
359.9195339  1.244339956e-12  -1.244339956e-12
360  1.242949922e-12  -1.242949922e-12
360.0804661  1.241561751e-12  -1.241561751e-12
360.2612261  1.238450125e-12  -1.238450125e-12
360.5220751  1.233976318e-12  -1.233976318e-12
360.834721  1.228639667e-12  -1.228639667e-12
361.165279  1.223027364e-12  -1.223027364e-12
361.4779249  1.21774746e-12  -1.21774746e-12
361.7387739  1.213363215e-12  -1.213363215e-12
361.9195339  1.21033618e-12  -1.21033618e-12
362  1.208991598e-12  -1.208991598e-12
362.0804661  1.207648808e-12  -1.207648808e-12
362.2612261  1.204638868e-12  -1.204638868e-12
362.5220751  1.200311175e-12  -1.200311175e-12
362.834721  1.195148682e-12  -1.195148682e-12
363.165279  1.189719373e-12  -1.189719373e-12
363.4779249  1.184611475e-12  -1.184611475e-12
363.7387739  1.180369945e-12  -1.180369945e-12
363.9195339  1.177441387e-12  -1.177441387e-12
364  1.176140533e-12  -1.176140533e-12
364.0804661  1.174841402e-12  -1.174841402e-12
364.2612261  1.171929293e-12  -1.171929293e-12
364.5220751  1.167742176e-12  -1.167742176e-12
364.834721  1.162747247e-12  -1.162747247e-12
365.165279  1.157494008e-12  -1.157494008e-12
365.4779249  1.152551613e-12  -1.152551613e-12
365.7387739  1.148447409e-12  -1.148447409e-12
365.9195339  1.145613611e-12  -1.145613611e-12
366  1.144354834e-12  -1.144354834e-12
366.0804661  1.143097715e-12  -1.143097715e-12
366.2612261  1.140279747e-12  -1.140279747e-12
366.5220751  1.136227908e-12  -1.136227908e-12
366.834721  1.131394231e-12  -1.131394231e-12
367.165279  1.126310437e-12  -1.126310437e-12
367.4779249  1.121527323e-12  -1.121527323e-12
367.7387739  1.117555285e-12  -1.117555285e-12
367.9195339  1.114812689e-12  -1.114812689e-12
368  1.113594409e-12  -1.113594409e-12
368.0804661  1.112377727e-12  -1.112377727e-12
368.2612261  1.109650367e-12  -1.109650367e-12
368.5220751  1.105728735e-12  -1.105728735e-12
368.834721  1.10105027e-12  -1.10105027e-12
369.165279  1.096129578e-12  -1.096129578e-12
369.4779249  1.091499789e-12  -1.091499789e-12
369.7387739  1.087654978e-12  -1.087654978e-12
369.9195339  1.085000178e-12  -1.085000178e-12
370  1.083820884e-12  -1.083820884e-12
370.0804661  1.082643127e-12  -1.082643127e-12
370.2612261  1.080002996e-12  -1.080002996e-12
370.5220751  1.076206715e-12  -1.076206715e-12
370.834721  1.071677678e-12  -1.071677678e-12
371.165279  1.066914017e-12  -1.066914017e-12
371.4779249  1.062431847e-12  -1.062431847e-12
371.7387739  1.058709535e-12  -1.058709535e-12
371.9195339  1.056139269e-12  -1.056139269e-12
372  1.054997513e-12  -1.054997513e-12
372.0804661  1.053857238e-12  -1.053857238e-12
372.2612261  1.051301098e-12  -1.051301098e-12
372.5220751  1.047625517e-12  -1.047625517e-12
372.834721  1.04324037e-12  -1.04324037e-12
373.165279  1.038627924e-12  -1.038627924e-12
373.4779249  1.034287913e-12  -1.034287913e-12
373.7387739  1.03068357e-12  -1.03068357e-12
373.9195339  1.028194714e-12  -1.028194714e-12
374  1.02708911e-12  -1.02708911e-12
374.0804661  1.025984931e-12  -1.025984931e-12
374.2612261  1.023509681e-12  -1.023509681e-12
374.5220751  1.019950348e-12  -1.019950348e-12
374.834721  1.015703785e-12  -1.015703785e-12
375.165279  1.011236983e-12  -1.011236983e-12
375.4779249  1.007033898e-12  -1.007033898e-12
375.7387739  1.003543186e-12  -1.003543186e-12
375.9195339  1.001132748e-12  -1.001132748e-12
376  1.000061966e-12  -1.000061966e-12
376.0804661  9.989925586e-13  -9.989925586e-13
376.2612261  9.965952279e-13  -9.965952279e-13
376.5220751  9.931478757e-13  -9.931478757e-13
376.834721  9.890348139e-13  -9.890348139e-13
377.165279  9.847083191e-13  -9.847083191e-13
377.4779249  9.806371466e-13  -9.806371466e-13
377.7387739  9.772559065e-13  -9.772559065e-13
377.9195339  9.74921019e-13  -9.74921019e-13
378  9.738837876e-13  -9.738837876e-13
378.0804661  9.728478802e-13  -9.728478802e-13
378.2612261  9.705256222e-13  -9.705256222e-13
378.5220751  9.67186162e-13  -9.67186162e-13
378.834721  9.632017308e-13  -9.632017308e-13
379.165279  9.590104281e-13  -9.590104281e-13
379.4779249  9.550663631e-13  -9.550663631e-13
379.7387739  9.517906113e-13  -9.517906113e-13
379.9195339  9.49528526e-13  -9.49528526e-13
380  9.485236247e-13  -9.485236247e-13
380.0804661  9.475199993e-13  -9.475199993e-13
380.2612261  9.452700855e-13  -9.452700855e-13
380.5220751  9.420345983e-13  -9.420345983e-13
380.834721  9.381741289e-13  -9.381741289e-13
381.165279  9.341131155e-13  -9.341131155e-13
381.4779249  9.302915522e-13  -9.302915522e-13
381.7387739  9.271174689e-13  -9.271174689e-13
381.9195339  9.249255512e-13  -9.249255512e-13
382  9.239518104e-13  -9.239518104e-13
382.0804661  9.229792995e-13  -9.229792995e-13
382.2612261  9.207991142e-13  -9.207991142e-13
382.5220751  9.176638429e-13  -9.176638429e-13
382.834721  9.139228591e-13  -9.139228591e-13
383.165279  9.099874342e-13  -9.099874342e-13
383.4779249  9.062839564e-13  -9.062839564e-13
383.7387739  9.032078793e-13  -9.032078793e-13
383.9195339  9.010836031e-13  -9.010836031e-13
384  9.001399013e-13  -9.001399013e-13
384.0804661  8.991973853e-13  -8.991973853e-13
384.2612261  8.970844202e-13  -8.970844202e-13
384.5220751  8.94045762e-13  -8.94045762e-13
384.834721  8.904199715e-13  -8.904199715e-13
385.165279  8.866056273e-13  -8.866056273e-13
385.4779249  8.830159999e-13  -8.830159999e-13
385.7387739  8.800344166e-13  -8.800344166e-13
385.9195339  8.77975359e-13  -8.77975359e-13
386  8.770606207e-13  -8.770606207e-13
386.0804661  8.761470258e-13  -8.761470258e-13
386.2612261  8.740988754e-13  -8.740988754e-13
386.5220751  8.711533748e-13  -8.711533748e-13
386.834721  8.676386604e-13  -8.676386604e-13
387.165279  8.639410728e-13  -8.639410728e-13
387.4779249  8.604612336e-13  -8.604612336e-13
387.7387739  8.575707748e-13  -8.575707748e-13
387.9195339  8.555746117e-13  -8.555746117e-13
388  8.546878051e-13  -8.546878051e-13
388.0804661  8.538021012e-13  -8.538021012e-13
388.2612261  8.518164578e-13  -8.518164578e-13
388.5220751  8.489607997e-13  -8.489607997e-13
388.834721  8.455532118e-13  -8.455532118e-13
389.165279  8.419682326e-13  -8.419682326e-13
389.4779249  8.385942838e-13  -8.385942838e-13
389.7387739  8.357917169e-13  -8.357917169e-13
389.9195339  8.338562184e-13  -8.338562184e-13
390  8.329963534e-13  -8.329963534e-13
390.0804661  8.321375522e-13  -8.321375522e-13
390.2612261  8.302122015e-13  -8.302122015e-13
390.5220751  8.274432051e-13  -8.274432051e-13
390.834721  8.241389536e-13  -8.241389536e-13
391.165279  8.206626019e-13  -8.206626019e-13
391.4779249  8.173908034e-13  -8.173908034e-13
391.7387739  8.146730262e-13  -8.146730262e-13
391.9195339  8.127960521e-13  -8.127960521e-13
392  8.119621787e-13  -8.119621787e-13
392.0804661  8.111293317e-13  -8.111293317e-13
392.2612261  8.092621486e-13  -8.092621486e-13
392.5220751  8.065767611e-13  -8.065767611e-13
392.834721  8.033722083e-13  -8.033722083e-13
393.165279  8.000006635e-13  -8.000006635e-13
393.4779249  7.968274252e-13  -7.968274252e-13
393.7387739  7.941914599e-13  -7.941914599e-13
393.9195339  7.923709562e-13  -7.923709562e-13
394  7.915621623e-13  -7.915621623e-13
394.0804661  7.907543589e-13  -7.907543589e-13
394.2612261  7.889433035e-13  -7.889433035e-13
394.5220751  7.863385944e-13  -7.863385944e-13
394.834721  7.832302485e-13  -7.832302485e-13
395.165279  7.799598426e-13  -7.799598426e-13
395.4779249  7.768817179e-13  -7.768817179e-13
395.7387739  7.743247057e-13  -7.743247057e-13
395.9195339  7.725587001e-13  -7.725587001e-13
396  7.717741102e-13  -7.717741102e-13
396.0804661  7.709904762e-13  -7.709904762e-13
396.2612261  7.6923359e-13  -7.6923359e-13
396.5220751  7.667067455e-13  -7.667067455e-13
396.834721  7.636912535e-13  -7.636912535e-13
397.165279  7.605184645e-13  -7.605184645e-13
397.4779249  7.575321441e-13  -7.575321441e-13
397.7387739  7.550513397e-13  -7.550513397e-13
397.9195339  7.533379383e-13  -7.533379383e-13
398  7.525767115e-13  -7.525767115e-13
398.0804661  7.518164076e-13  -7.518164076e-13
398.2612261  7.501118095e-13  -7.501118095e-13
398.5220751  7.476601276e-13  -7.476601276e-13
398.834721  7.447342696e-13  -7.447342696e-13
399.165279  7.416557151e-13  -7.416557151e-13
399.4779249  7.387580203e-13  -7.387580203e-13
399.7387739  7.36350787e-13  -7.36350787e-13
399.9195339  7.346881709e-13  -7.346881709e-13
