#L=7 M=4
#R     Re(V)   Im(V)

0.08046609183  -1.364626167e-14  5.812203727e-17
0.2612261349  -5.090851833e-11  1.154548702e-18
0.5220750502  -6.511897345e-09  -2.341626477e-17
0.8347210423  -1.754970625e-07  6.998823539e-17
1.165278958  -1.838366674e-06  3.499399387e-17
1.47792495  -9.866839155e-06  1.145838631e-17
1.738773865  -3.128542676e-05  1.980033878e-17
1.919533908  -6.329364342e-05  5.246296698e-19
2  -8.485783985e-05  -9.651649294e-18
2.080466092  -0.0001125021917  1.229084619e-17
2.261226135  -0.0002043544733  -1.084850401e-18
2.52207505  -0.0004479650701  3.888097927e-18
2.834721042  -0.001041383835  -4.06472333e-19
3.165278958  -0.002315700212  -1.64515738e-18
3.47792495  -0.004588996728  -5.080514863e-18
3.738773865  -0.007758403043  -4.480263851e-19
3.919533908  -0.0109244841  -3.750438448e-18
4  -0.01265454771  -7.270723424e-18
4.080466092  -0.01070961516  -3.546816259e-18
4.261226135  -0.007419978332  -2.212110269e-18
4.52207505  -0.004443826064  -1.532689851e-18
4.834721042  -0.002455753499  -1.747923337e-18
5.165278958  -0.001337009152  -9.002625018e-19
5.47792495  -0.0007614866916  -3.250778718e-19
5.738773865  -0.0004784075266  -1.560484837e-19
5.919533908  -0.0003468651152  -2.958456974e-19
6  -0.000300529646  3.373865279e-19
6.080466092  -0.0002602937895  -7.163640038e-19
6.261226135  -0.0001880854038  4.897781354e-20
6.52207505  -0.0001167089181  -3.586679891e-20
6.834721042  -6.435371185e-05  -1.1556379e-19
7.165278958  -3.256365801e-05  -2.904103793e-19
7.47792495  -1.548083308e-05  1.744237297e-21
7.738773865  -7.018079359e-06  -5.878226575e-20
7.919533908  -3.163131347e-06  -9.534038276e-20
8  -1.838740993e-06  3.081552316e-20
8.080466092  -7.127160132e-07  -2.872478387e-19
8.261226135  1.219687908e-06  -4.599418122e-20
8.52207505  2.921256111e-06  -1.426333502e-20
8.834721042  3.865369446e-06  -5.545975661e-20
9.165278958  4.112628496e-06  9.847452449e-20
9.47792495  3.968379268e-06  -3.190712368e-20
9.738773865  3.706115309e-06  -1.089423971e-19
9.919533908  3.486997055e-06  4.788537915e-21
10  3.384350174e-06  8.010038994e-21
10.08046609  3.279986019e-06  -3.299737127e-20
10.26122613  3.043312002e-06  5.551150986e-20
10.52207505  2.707461809e-06  6.659994652e-20
10.83472104  2.32974665e-06  -1.99199716e-21
11.16527896  1.971199973e-06  2.110978987e-20
11.47792495  1.674273745e-06  -1.262171185e-20
11.73877387  1.457351037e-06  5.494842087e-20
11.91953391  1.322544183e-06  -4.36276935e-20
12  1.266399236e-06  -1.131779184e-20
12.08046609  1.212538312e-06  -6.457614784e-21
12.26122613  1.099506206e-06  -4.453370003e-20
12.52207505  9.544334611e-07  2.966997311e-20
12.83472104  8.05575093e-07  3.011052242e-20
13.16527896  6.737600711e-07  -1.741371073e-20
13.47792495  5.695640504e-07  -2.166208239e-20
13.73877387  4.95558842e-07  -3.65658174e-21
13.91953391  4.502700823e-07  9.076260957e-20
14  4.315396535e-07  -3.400716123e-20
14.08046609  4.136348929e-07  -1.153511691e-20
14.26122613  3.762358531e-07  9.080857861e-21
14.52207505  3.28504788e-07  5.819031954e-21
14.83472104  2.797073638e-07  5.674305388e-20
15.16527896  2.365035472e-07  2.451356078e-20
15.47792495  2.022436598e-07  -7.073721102e-20
15.73877387  1.777868831e-07  3.601929816e-21
15.91953391  1.627437881e-07  8.43270907e-21
16  1.565009385e-07  2.558191645e-20
16.08046609  1.505199109e-07  7.136118294e-20
16.26122613  1.37979169e-07  1.591692197e-20
16.52207505  1.218623305e-07  3.841712294e-20
16.83472104  1.052226668e-07  -1.224293447e-22
17.16527896  9.031371623e-08  -1.518449109e-20
17.47792495  7.834038538e-08  -5.073617835e-22
17.73877387  6.969169287e-08  -3.107597703e-20
17.91953391  6.432211036e-08  1.895623253e-20
18  6.20812281e-08  -3.975044508e-20
18.08046609  5.992691632e-08  3.413050345e-20
18.26122613  5.538458589e-08  2.01346561e-20
18.52207505  4.949116557e-08  -1.688640589e-20
18.83472104  4.333020606e-08  -1.005188701e-21
19.16527896  3.773178843e-08  2.246453665e-21
19.47792495  3.317182653e-08  -5.099572993e-21
19.73877387  2.983640017e-08  3.550923605e-20
19.91953391  2.774553728e-08  2.080239163e-20
20  2.686799146e-08  -3.008880268e-20
20.08046609  2.602142583e-08  -1.045366496e-20
20.26122613  2.422653261e-08  1.745846275e-20
20.52207505  2.187594711e-08  -1.918103151e-20
20.83472104  1.938899249e-08  -4.09666933e-20
21.16527896  1.709887975e-08  2.196733365e-20
21.47792495  1.520897626e-08  -6.199793116e-21
21.73877387  1.381060561e-08  -3.426386936e-20
21.91953391  1.292632934e-08  1.963118644e-20
22  1.255329167e-08  4.083524092e-21
22.08046609  1.219230473e-08  -2.284073874e-20
22.26122613  1.14231292e-08  -1.463943826e-21
22.52207505  1.040741759e-08  -2.664523347e-20
22.83472104  9.321302896e-09  1.43280616e-20
23.16527896  8.309394344e-09  4.866203591e-21
23.47792495  7.464706747e-09  6.700614588e-21
23.73877387  6.833424759e-09  -3.615225708e-21
23.91953391  6.431191851e-09  -2.431208716e-20
24  6.260754648e-09  5.443236013e-21
24.08046609  6.095379824e-09  -8.136031493e-21
24.26122613  5.741490103e-09  -1.14414302e-20
24.52207505  5.270807539e-09  -2.391150645e-20
24.83472104  4.762870482e-09  -3.383199803e-20
25.16527896  4.284853379e-09  2.632115849e-20
25.47792495  3.88188556e-09  -5.789048375e-21
25.73877387  3.578127971e-09  3.887941647e-20
25.91953391  3.383321748e-09  1.533939153e-21
26  3.300463004e-09  -1.726962909e-20
26.08046609  3.219879863e-09  1.809880386e-20
26.26122613  3.046801121e-09  -4.066866385e-21
26.52207505  2.81517978e-09  9.612959885e-21
26.83472104  2.563252762e-09  -1.52901467e-20
27.16527896  2.324108633e-09  -7.322888786e-21
27.47792495  2.120799239e-09  2.378120271e-20
27.73877387  1.966408697e-09  -2.275826531e-20
27.91953391  1.866839811e-09  -1.869631884e-21
28  1.824350647e-09  3.021159744e-20
28.08046609  1.782946281e-09  5.143983323e-21
28.26122613  1.693733752e-09  -2.404855105e-20
28.52207505  1.573709885e-09  2.384243209e-20
28.83472104  1.442274907e-09  1.130496245e-20
29.16527896  1.31657435e-09  3.769279867e-20
29.47792495  1.208925349e-09  -7.864104733e-21
29.73877387  1.126653785e-09  -3.019426715e-20
29.91953391  1.073337918e-09  -4.372161004e-20
30  1.050521802e-09  -2.810325196e-20
30.08046609  1.028249864e-09  1.152392921e-20
30.26122613  9.801286213e-10  -4.416453636e-20
30.52207505  9.150880829e-10  3.090279205e-21
30.83472104  8.434420726e-10  8.362042192e-21
31.16527896  7.744749741e-10  2.317305446e-20
31.47792495  7.150342366e-10  -1.321808452e-20
31.73877387  6.693518747e-10  -3.646284543e-21
31.91953391  6.396219229e-10  1.693442595e-20
32  6.268676426e-10  2.257445299e-21
32.08046609  6.143987644e-10  -1.035001155e-20
32.26122613  5.873929825e-10  2.181650433e-20
32.52207505  5.507439699e-10  -2.084983698e-20
32.83472104  5.101631757e-10  -5.575801567e-21
33.16527896  4.708759804e-10  2.115727124e-20
33.47792495  4.36825051e-10  2.734737442e-20
33.73877387  4.105267242e-10  -7.559272092e-21
33.91953391  3.933478628e-10  1.947732494e-21
34  3.85961929e-10  -1.246709101e-20
34.08046609  3.787316514e-10  1.454538776e-20
34.26122613  3.630384297e-10  -4.771978395e-21
34.52207505  3.416651454e-10  -2.694075097e-21
34.83472104  3.178901889e-10  -4.802732543e-21
35.16527896  2.94756431e-10  -2.470159e-20
35.47792495  2.746060759e-10  -1.357456695e-21
35.73877387  2.589754768e-10  -2.200189331e-20
35.91953391  2.487312141e-10  -1.133763097e-20
36  2.443182028e-10  -8.556426431e-21
36.08046609  2.399930794e-10  -1.634828902e-20
36.26122613  2.305876009e-10  -3.859265839e-21
36.52207505  2.17737021e-10  3.147446107e-21
36.83472104  2.033839852e-10  4.445277628e-21
37.16527896  1.893549489e-10  6.493887395e-23
37.47792495  1.770808258e-10  -1.933668645e-20
37.73877387  1.67522656e-10  -4.64430824e-21
37.91953391  1.612396743e-10  1.342172577e-20
38  1.585283954e-10  -2.509444086e-20
38.08046609  1.558682982e-10  4.004459747e-21
38.26122613  1.500737618e-10  2.680893785e-21
38.52207505  1.421341553e-10  8.973068265e-22
38.83472104  1.332337704e-10  3.987214623e-21
39.16527896  1.244990519e-10  -2.022223472e-21
39.47792495  1.168264826e-10  -8.545537211e-22
39.73877387  1.10830715e-10  3.286107616e-21
39.91953391  1.068789412e-10  2.722358041e-21
40  1.051709768e-10  1.504232792e-21
40.08046609  1.034936567e-10  6.337158771e-26
40.26122613  9.983431957e-11  6.113088995e-26
40.52207505  9.480744123e-11  5.805281472e-26
40.83472104  8.915364283e-11  5.459086166e-26
41.16527896  8.358480544e-11  5.118093222e-26
41.47792495  7.867552804e-11  4.817486679e-26
41.73877387  7.482700157e-11  4.581832398e-26
41.91953391  7.228434939e-11  4.426139856e-26
42  7.118385682e-11  4.35875412e-26
42.08046609  7.010217715e-11  4.292520343e-26
42.26122613  6.773904858e-11  4.147820451e-26
42.52207505  6.448522815e-11  3.948581412e-26
42.83472104  6.081466161e-11  3.723824034e-26
43.16527896  5.718727765e-11  3.501710826e-26
43.47792495  5.39790665e-11  3.30526455e-26
43.73877387  5.145682718e-11  3.150821935e-26
43.91953391  4.978678215e-11  3.04856117e-26
44  4.906303685e-11  3.004244551e-26
44.08046609  4.835110619e-11  2.960651372e-26
44.26122613  4.679379979e-11  2.865293856e-26
44.52207505  4.464498269e-11  2.733716757e-26
44.83472104  4.22143457e-11  2.584883167e-26
45.16527896  3.980505813e-11  2.437356852e-26
45.47792495  3.766783965e-11  2.306489963e-26
45.73877387  3.598319256e-11  2.203335079e-26
45.91953391  3.486551368e-11  2.134896986e-26
46  3.438057886e-11  2.105203293e-26
46.08046609  3.390321879e-11  2.075973419e-26
46.26122613  3.285781825e-11  2.011961097e-26
46.52207505  3.141255178e-11  1.92346405e-26
46.83472104  2.97736676e-11  1.823111336e-26
47.16527896  2.814469708e-11  1.72336566e-26
47.47792495  2.669574229e-11  1.634642767e-26
47.73877387  2.555087373e-11  1.564539787e-26
47.91953391  2.478992177e-11  1.517944918e-26
48  2.445940786e-11  1.497706778e-26
48.08046609  2.413384313e-11  1.477771687e-26
48.26122613  2.342011515e-11  1.434068453e-26
48.52207505  2.243163431e-11  1.373541458e-26
48.83472104  2.130816976e-11  1.304749094e-26
49.16527896  2.018867315e-11  1.236199698e-26
49.47792495  1.91903996e-11  1.175073072e-26
49.73877387  1.839989046e-11  1.126668348e-26
49.91953391  1.787358476e-11  1.094441418e-26
50  1.764476194e-11  1.080430062e-26
50.08046609  1.741922949e-11  1.066620182e-26
50.26122613  1.69243191e-11  1.036315661e-26
50.52207505  1.623777057e-11  9.942766877e-27
50.83472104  1.545582816e-11  9.463965241e-27
51.16527896  1.467482963e-11  8.985741564e-27
51.47792495  1.397679447e-11  8.558318307e-27
51.73877387  1.342291312e-11  8.219163795e-27
51.91953391  1.305357767e-11  7.993011054e-27
52  1.289285472e-11  7.894596633e-27
52.08046609  1.273435462e-11  7.797543314e-27
52.26122613  1.238622828e-11  7.584377407e-27
52.52207505  1.190257237e-11  7.288223575e-27
52.83472104  1.135064361e-11  6.950264684e-27
53.16527896  1.079819242e-11  6.611985895e-27
53.47792495  1.030337386e-11  6.30899691e-27
53.73877387  9.910003623e-12  6.068127108e-27
53.91953391  9.647322633e-12  5.907281391e-27
54  9.532915851e-12  5.837227442e-27
54.08046609  9.420033142e-12  5.768106718e-27
54.26122613  9.171893687e-12  5.616165123e-27
54.52207505  8.82666874e-12  5.40477581e-27
54.83472104  8.432002574e-12  5.163112481e-27
55.16527896  8.03617321e-12  4.9207369e-27
55.47792495  7.680936387e-12  4.70321708e-27
55.73877387  7.398037879e-12  4.529991704e-27
55.91953391  7.208874998e-12  4.414162846e-27
56  7.12642341e-12  4.363675809e-27
56.08046609  7.045031227e-12  4.313837471e-27
56.26122613  6.865976234e-12  4.204197909e-27
56.52207505  6.616541777e-12  4.051463355e-27
56.83472104  6.330907618e-12  3.876562875e-27
57.16527896  6.043899318e-12  3.700820977e-27
57.47792495  5.785850266e-12  3.542811504e-27
57.73877387  5.5800152e-12  3.416773877e-27
57.91953391  5.442210944e-12  3.332393107e-27
58  5.382101571e-12  3.295586731e-27
58.08046609  5.322738066e-12  3.259237068e-27
58.26122613  5.192050112e-12  3.179213775e-27
58.52207505  5.009773649e-12  3.067601632e-27
58.83472104  4.800718588e-12  2.939592326e-27
59.16527896  4.59029404e-12  2.810744452e-27
59.47792495  4.400777075e-12  2.694698779e-27
59.73877387  4.249378362e-12  2.601993805e-27
59.91953391  4.147901418e-12  2.539857098e-27
60  4.10360769e-12  2.512735011e-27
60.08046609  4.05984537e-12  2.485938319e-27
60.26122613  3.96343852e-12  2.426906149e-27
60.52207505  3.828823616e-12  2.344478293e-27
60.83472104  3.674207426e-12  2.249803182e-27
61.16527896  3.518326601e-12  2.154353705e-27
61.47792495  3.377709027e-12  2.068250274e-27
61.73877387  3.265215407e-12  1.999367798e-27
61.91953391  3.189733572e-12  1.953148504e-27
62  3.156765504e-12  1.932961385e-27
62.08046609  3.124180281e-12  1.913008691e-27
62.26122613  3.052351082e-12  1.869025991e-27
62.52207505  2.951948461e-12  1.807547117e-27
62.83472104  2.836470736e-12  1.736837404e-27
63.16527896  2.719872151e-12  1.665441362e-27
63.47792495  2.614532627e-12  1.600939507e-27
63.73877387  2.530149598e-12  1.549269803e-27
63.91953391  2.473472248e-12  1.514564936e-27
64  2.448702621e-12  1.499397914e-27
64.08046609  2.424211697e-12  1.484401548e-27
64.26122613  2.37019335e-12  1.45132485e-27
64.52207505  2.29461184e-12  1.405044522e-27
64.83472104  2.207570924e-12  1.351747333e-27
65.16527896  2.11956026e-12  1.297856344e-27
65.47792495  2.039936157e-12  1.249100642e-27
65.73877387  1.976073262e-12  1.209995898e-27
65.91953391  1.933137806e-12  1.183705513e-27
66  1.914363273e-12  1.172209427e-27
66.08046609  1.89579362e-12  1.160838794e-27
66.26122613  1.85481284e-12  1.135745304e-27
66.52207505  1.797419856e-12  1.100602237e-27
66.83472104  1.73124575e-12  1.060082283e-27
67.16527896  1.664244979e-12  1.019056143e-27
67.47792495  1.603548452e-12  9.818902394e-28
67.73877387  1.554809509e-12  9.520462443e-28
67.91953391  1.522012652e-12  9.319639611e-28
68  1.507663901e-12  9.231778853e-28
68.08046609  1.493467153e-12  9.144848842e-28
68.26122613  1.462120473e-12  8.952905785e-28
68.52207505  1.418181411e-12  8.683856625e-28
68.83472104  1.36746237e-12  8.37329207e-28
69.16527896  1.316045108e-12  8.058452143e-28
69.47792495  1.269407689e-12  7.772880315e-28
69.73877387  1.231916802e-12  7.543314844e-28
69.91953391  1.206667571e-12  7.388707894e-28
70  1.195615449e-12  7.32103316e-28
70.08046609  1.184677078e-12  7.254054957e-28
70.26122613  1.160513088e-12  7.106093191e-28
70.52207505  1.126614088e-12  6.898521683e-28
70.83472104  1.087442581e-12  6.65866538e-28
71.16527896  1.047684671e-12  6.415218392e-28
71.47792495  1.011580266e-12  6.194142677e-28
71.73877387  9.825264291e-13  6.016239232e-28
71.91953391  9.62943763e-13  5.896329985e-28
72  9.543679947e-13  5.84381855e-28
72.08046609  9.458780515e-13  5.791832641e-28
72.26122613  9.271141863e-13  5.676937103e-28
72.52207505  9.00770309e-13  5.515627379e-28
72.83472104  8.702983263e-13  5.329040298e-28
73.16527896  8.393354685e-13  5.139447475e-28
73.47792495  8.111866094e-13  4.967085424e-28
73.73877387  7.885124289e-13  4.828246111e-28
73.91953391  7.732182206e-13  4.734596094e-28
74  7.665175101e-13  4.693566076e-28
74.08046609  7.598820558e-13  4.652935637e-28
74.26122613  7.4521041e-13  4.563097716e-28
74.52207505  7.24596654e-13  4.436874865e-28
74.83472104  7.007299582e-13  4.290733502e-28
75.16527896  6.764530346e-13  4.142080218e-28
75.47792495  6.543592143e-13  4.006794587e-28
75.73877387  6.365458303e-13  3.897719068e-28
75.91953391  6.245217567e-13  3.824092852e-28
76  6.192515464e-13  3.791822121e-28
76.08046609  6.140313168e-13  3.759857434e-28
76.26122613  6.024840709e-13  3.689150945e-28
76.52207505  5.862487528e-13  3.589738293e-28
76.83472104  5.674344345e-13  3.47453382e-28
77.16527896  5.482774621e-13  3.357231195e-28
77.47792495  5.308257625e-13  3.250370355e-28
77.73877387  5.167426958e-13  3.164136442e-28
77.91953391  5.072301608e-13  3.105888965e-28
78  5.030591081e-13  3.080348633e-28
78.08046609  4.989266026e-13  3.055044334e-28
78.26122613  4.897818143e-13  2.999048656e-28
78.52207505  4.769157827e-13  2.920266934e-28
78.83472104  4.619931714e-13  2.828892293e-28
79.16527896  4.467842618e-13  2.735764581e-28
79.47792495  4.329160424e-13  2.650846228e-28
79.73877387  4.217153526e-13  2.582261783e-28
79.91953391  4.14144882e-13  2.535906021e-28
80  4.10824128e-13  2.515572267e-28
80.08046609  4.075332993e-13  2.495421753e-28
80.26122613  4.002483197e-13  2.450814118e-28
80.52207505  3.899924264e-13  2.388014883e-28
80.83472104  3.780874716e-13  2.315118059e-28
81.16527896  3.659430918e-13  2.24075518e-28
81.47792495  3.548592725e-13  2.172886361e-28
81.73877387  3.459002598e-13  2.11802823e-28
81.91953391  3.39841222e-13  2.080927324e-28
82  3.371824943e-13  2.064647312e-28
82.08046609  3.345471441e-13  2.048510446e-28
82.26122613  3.287111303e-13  2.012775168e-28
82.52207505  3.204901737e-13  1.962436327e-28
82.83472104  3.10939951e-13  1.903958078e-28
83.16527896  3.011892377e-13  1.844252179e-28
83.47792495  2.922824086e-13  1.789713581e-28
83.73877387  2.850775765e-13  1.745596708e-28
83.91953391  2.80202066e-13  1.715742816e-28
84  2.780619407e-13  1.702638328e-28
84.08046609  2.759401869e-13  1.689646333e-28
84.26122613  2.712399414e-13  1.66086563e-28
84.52207505  2.646151061e-13  1.620300213e-28
84.83472104  2.569133956e-13  1.573140838e-28
85.16527896  2.490435233e-13  1.524951768e-28
85.47792495  2.418488753e-13  1.480897255e-28
85.73877387  2.360248283e-13  1.445235253e-28
85.91953391  2.320815085e-13  1.421089383e-28
86  2.303500061e-13  1.410486988e-28
86.08046609  2.286330233e-13  1.399973501e-28
86.26122613  2.248282199e-13  1.3766758e-28
86.52207505  2.194625524e-13  1.343820561e-28
86.83472104  2.132202904e-13  1.305597731e-28
87.16527896  2.068367204e-13  1.266509638e-28
87.47792495  2.009962972e-13  1.23074736e-28
87.73877387  1.962652224e-13  1.201777882e-28
87.91953391  1.93060231e-13  1.182152969e-28
88  1.916524877e-13  1.173533028e-28
88.08046609  1.902562819e-13  1.164983733e-28
88.26122613  1.871613576e-13  1.146032787e-28
88.52207505  1.827945118e-13  1.119293569e-28
88.83472104  1.777108298e-13  1.088164994e-28
89.16527896  1.725081656e-13  1.056307864e-28
89.47792495  1.677446224e-13  1.027139574e-28
89.73877387  1.638833329e-13  1.003495995e-28
89.91953391  1.612662404e-13  9.874709254e-29
90  1.601163799e-13  9.804300607e-29
90.08046609  1.589757348e-13  9.734456238e-29
90.26122613  1.564465562e-13  9.579588713e-29
90.52207505  1.528761833e-13  9.36096643e-29
90.83472104  1.487170437e-13  9.106292579e-29
91.16527896  1.444575072e-13  8.845471192e-29
91.47792495  1.405547091e-13  8.60649373e-29
91.73877387  1.373891346e-13  8.412658195e-29
91.91953391  1.352425435e-13  8.281217398e-29
92  1.342991362e-13  8.223450363e-29
92.08046609  1.33363126e-13  8.166136267e-29
92.26122613  1.31287102e-13  8.039016463e-29
92.52207505  1.283550389e-13  7.85947938e-29
92.83472104  1.249373655e-13  7.65020724e-29
93.16527896  1.214347907e-13  7.435736387e-29
93.47792495  1.182233693e-13  7.239093537e-29
93.73877387  1.156169983e-13  7.079499348e-29
93.91953391  1.138487873e-13  6.971227646e-29
94  1.130714624e-13  6.923630227e-29
94.08046609  1.123001032e-13  6.876398099e-29
94.26122613  1.105888038e-13  6.77161123e-29
94.52207505  1.081707549e-13  6.62354844e-29
94.83472104  1.053505651e-13  6.450861618e-29
95.16527896  1.024584162e-13  6.27376857e-29
95.47792495  9.980494594e-14  6.111290379e-29
95.73877387  9.76501577e-14  5.979347653e-29
95.91953391  9.618766006e-14  5.8897955e-29
96  9.554456197e-14  5.8504171e-29
96.08046609  9.490629697e-14  5.81133464e-29
96.26122613  9.348990622e-14  5.72460572e-29
96.52207505  9.148768513e-14  5.602005038e-29
96.83472104  8.915115862e-14  5.458934052e-29
97.16527896  8.675350363e-14  5.312120027e-29
97.47792495  8.455234036e-14  5.177337649e-29
97.73877387  8.276386166e-14  5.067824913e-29
97.91953391  8.154946896e-14  4.993464807e-29
98  8.101533506e-14  4.960758538e-29
98.08046609  8.048513373e-14  4.92829307e-29
98.26122613  7.9308257e-14  4.856230154e-29
98.52207505  7.764391685e-14  4.754318712e-29
98.83472104  7.570063307e-14  4.635326899e-29
99.16527896  7.37053028e-14  4.513148158e-29
99.47792495  7.187239176e-14  4.400914726e-29
99.73877387  7.038232977e-14  4.309674743e-29
99.91953391  6.937015131e-14  4.247696688e-29
100  6.892485133e-14  4.220429928e-29
100.0804661  6.848276455e-14  4.19335992e-29
100.2612261  6.750123928e-14  4.133258831e-29
100.5220751  6.611260621e-14  4.048229579e-29
100.834721  6.449039378e-14  3.948897716e-29
101.165279  6.282376657e-14  3.846846232e-29
101.4779249  6.129191824e-14  3.753047574e-29
101.7387739  6.004596706e-14  3.676755068e-29
101.9195339  5.919927755e-14  3.624910288e-29
102  5.882669695e-14  3.602096306e-29
102.0804661  5.845675228e-14  3.579443729e-29
102.2612261  5.7635209e-14  3.529138711e-29
102.5220751  5.647246386e-14  3.457941105e-29
102.834721  5.51134558e-14  3.374725862e-29
103.165279  5.371645988e-14  3.289184533e-29
103.4779249  5.243172528e-14  3.210517227e-29
103.7387739  5.138625332e-14  3.146500532e-29
103.9195339  5.067553197e-14  3.102981401e-29
104  5.036271375e-14  3.08382681e-29
104.0804661  5.005206625e-14  3.064805136e-29
104.2612261  4.936205299e-14  3.02255401e-29
104.5220751  4.838510116e-14  2.962732963e-29
104.834721  4.724269744e-14  2.89278091e-29
105.165279  4.606772999e-14  2.820834904e-29
105.4779249  4.498660493e-14  2.754635086e-29
105.7387739  4.410640668e-14  2.700738488e-29
105.9195339  4.350782269e-14  2.664085789e-29
106  4.324430442e-14  2.647949949e-29
106.0804661  4.298258038e-14  2.631923974e-29
106.2612261  4.240111284e-14  2.596319356e-29
106.5220751  4.157755003e-14  2.545890678e-29
106.834721  4.061406646e-14  2.486894325e-29
107.165279  3.962260707e-14  2.426184946e-29
107.4779249  3.870986474e-14  2.370295598e-29
107.7387739  3.796641657e-14  2.324772526e-29
107.9195339  3.746065356e-14  2.293803474e-29
108  3.723795254e-14  2.28016697e-29
108.0804661  3.701673986e-14  2.266621599e-29
108.2612261  3.652517507e-14  2.236521937e-29
108.5220751  3.582870602e-14  2.193875507e-29
108.834721  3.501354554e-14  2.143961323e-29
109.165279  3.417429837e-14  2.092572256e-29
109.4779249  3.340130081e-14  2.045239806e-29
109.7387739  3.277140119e-14  2.006669578e-29
109.9195339  3.234274023e-14  1.980421665e-29
110  3.215395183e-14  1.968861709e-29
110.0804661  3.196640225e-14  1.95737761e-29
110.2612261  3.154955928e-14  1.931853339e-29
110.5220751  3.095876278e-14  1.895677487e-29
110.834721  3.026698612e-14  1.853318384e-29
111.165279  2.955442681e-14  1.80968671e-29
111.4779249  2.889780318e-14  1.769480108e-29
111.7387739  2.836250768e-14  1.736702712e-29
111.9195339  2.799810869e-14  1.71438971e-29
112  2.783759144e-14  1.704560863e-29
112.0804661  2.767810876e-14  1.694795365e-29
112.2612261  2.732357914e-14  1.673086687e-29
112.5220751  2.682093897e-14  1.642308853e-29
112.834721  2.623214243e-14  1.606255463e-29
113.165279  2.56253763e-14  1.569101753e-29
113.4779249  2.506598367e-14  1.534848833e-29
113.7387739  2.460976695e-14  1.506913616e-29
113.9195339  2.429910304e-14  1.487890938e-29
114  2.416223074e-14  1.479509927e-29
114.0804661  2.402622517e-14  1.471181988e-29
114.2612261  2.372382964e-14  1.452665602e-29
114.5220751  2.329497078e-14  1.42640557e-29
114.834721  2.279240116e-14  1.395632056e-29
115.165279  2.227426216e-14  1.363905193e-29
115.4779249  2.179636477e-14  1.334642417e-29
115.7387739  2.140645838e-14  1.310767537e-29
115.9195339  2.114086866e-14  1.294504857e-29
116  2.102383426e-14  1.287338567e-29
116.0804661  2.090752825e-14  1.280216877e-29
116.2612261  2.064888697e-14  1.264379667e-29
116.5220751  2.028197102e-14  1.241912544e-29
116.834721  1.985182464e-14  1.215573675e-29
117.165279  1.940816122e-14  1.188407126e-29
117.4779249  1.899877954e-14  1.163339728e-29
117.7387739  1.866464646e-14  1.142879977e-29
117.9195339  1.843698094e-14  1.128939485e-29
118  1.833664088e-14  1.122795428e-29
118.0804661  1.823691475e-14  1.116688964e-29
118.2612261  1.801510586e-14  1.103107086e-29
118.5220751  1.770035053e-14  1.083833881e-29
118.834721  1.733121579e-14  1.061230897e-29
119.165279  1.695032252e-14  1.037907911e-29
119.4779249  1.659871497e-14  1.016378158e-29
119.7387739  1.631163088e-14  9.987993272e-30
119.9195339  1.611596751e-14  9.868184011e-30
120  1.602971754e-14  9.815371137e-30
120.0804661  1.594398652e-14  9.762876027e-30
120.2612261  1.57532737e-14  9.646098108e-30
120.5220751  1.548256938e-14  9.480339518e-30
120.834721  1.51649816e-14  9.285873085e-30
121.165279  1.483714517e-14  9.085131169e-30
121.4779249  1.453439368e-14  8.899749351e-30
121.7387739  1.428711208e-14  8.748333039e-30
121.9195339  1.411853024e-14  8.645106433e-30
122  1.404420605e-14  8.599595994e-30
122.0804661  1.397032175e-14  8.554354905e-30
122.2612261  1.380593622e-14  8.453697798e-30
122.5220751  1.357253875e-14  8.310783069e-30
122.834721  1.329862338e-14  8.143058279e-30
123.165279  1.301575843e-14  7.969853448e-30
123.4779249  1.275443597e-14  7.80983959e-30
123.7387739  1.254091927e-14  7.679098318e-30
123.9195339  1.239531785e-14  7.589943168e-30
124  1.233111525e-14  7.550630409e-30
124.0804661  1.226728651e-14  7.511546579e-30
124.2612261  1.212525165e-14  7.424575311e-30
124.5220751  1.192353537e-14  7.301059714e-30
124.834721  1.168672102e-14  7.156052748e-30
125.165279  1.144207697e-14  7.006251471e-30
125.4779249  1.121597967e-14  6.8678068e-30
125.7387739  1.10311825e-14  6.754651172e-30
125.9195339  1.090513329e-14  6.67746829e-30
126  1.084954379e-14  6.643429539e-30
126.0804661  1.079427288e-14  6.609585867e-30
126.2612261  1.067126287e-14  6.534263957e-30
126.5220751  1.049652126e-14  6.427265582e-30
126.834721  1.029130794e-14  6.301608664e-30
127.165279  1.007923223e-14  6.171749744e-30
127.4779249  9.883162901e-15  6.051691906e-30
127.7387739  9.722856876e-15  5.953532776e-30
127.9195339  9.61348585e-15  5.886562337e-30
128  9.565244615e-15  5.8570231e-30
128.0804661  9.517275548e-15  5.827650518e-30
128.2612261  9.410500878e-15  5.762269889e-30
128.5220751  9.258785171e-15  5.669370812e-30
128.834721  9.080556531e-15  5.560237245e-30
129.165279  8.896302632e-15  5.447414271e-30
129.4779249  8.725895201e-15  5.343069814e-30
129.7387739  8.586526697e-15  5.257731218e-30
129.9195339  8.491417749e-15  5.199493783e-30
130  8.449461269e-15  5.173802849e-30
130.0804661  8.407737868e-15  5.148254634e-30
130.2612261  8.314852384e-15  5.091378678e-30
130.5220751  8.182840408e-15  5.010544657e-30
130.834721  8.027711121e-15  4.915555364e-30
131.165279  7.86728241e-15  4.817321111e-30
131.4779249  7.71885901e-15  4.72643799e-30
131.7387739  7.597433405e-15  4.652086251e-30
131.9195339  7.514549894e-15  4.601334737e-30
132  7.477981534e-15  4.578943075e-30
132.0804661  7.441613251e-15  4.556673924e-30
132.2612261  7.360638378e-15  4.507091115e-30
132.5220751  7.245527647e-15  4.436606121e-30
132.834721  7.110218935e-15  4.35375343e-30
133.165279  6.970241292e-15  4.268041844e-30
133.4779249  6.840695611e-15  4.188717992e-30
133.7387739  6.73468272e-15  4.123803818e-30
133.9195339  6.662303376e-15  4.079484252e-30
134  6.630365218e-15  4.05992777e-30
134.0804661  6.598599201e-15  4.040476695e-30
134.2612261  6.527862014e-15  3.99716266e-30
134.5220751  6.427282298e-15  3.935575347e-30
134.834721  6.309020088e-15  3.863160628e-30
135.165279  6.186637612e-15  3.788222975e-30
135.4779249  6.07333936e-15  3.718847804e-30
135.7387739  5.980595959e-15  3.662058849e-30
135.9195339  5.917262358e-15  3.623278203e-30
136  5.889312114e-15  3.606163615e-30
136.0804661  5.861510308e-15  3.589139919e-30
136.2612261  5.799592738e-15  3.551226341e-30
136.5220751  5.711534346e-15  3.497306128e-30
136.834721  5.607965701e-15  3.433888623e-30
137.165279  5.500755092e-15  3.368241058e-30
137.4779249  5.401471523e-15  3.307447406e-30
137.7387739  5.320177682e-15  3.257669285e-30
137.9195339  5.264651061e-15  3.223669035e-30
138  5.240143097e-15  3.208662236e-30
138.0804661  5.21576341e-15  3.193733983e-30
138.2612261  5.161460476e-15  3.160483026e-30
138.5220751  5.084215251e-15  3.113183967e-30
138.834721  4.993339582e-15  3.057538668e-30
139.165279  4.899239631e-15  2.999919066e-30
139.4779249  4.812070894e-15  2.946543609e-30
139.7387739  4.740677502e-15  2.902827764e-30
139.9195339  4.691903161e-15  2.872962094e-30
140  4.670372846e-15  2.859778578e-30
140.0804661  4.648953616e-15  2.846663083e-30
140.2612261  4.601238969e-15  2.817446288e-30
140.5220751  4.533351603e-15  2.775877265e-30
140.834721  4.453463886e-15  2.726960147e-30
141.165279  4.370717255e-15  2.676292448e-30
141.4779249  4.294042977e-15  2.629342993e-30
141.7387739  4.231228371e-15  2.59088014e-30
141.9195339  4.188306237e-15  2.564597914e-30
142  4.169356999e-15  2.552994852e-30
142.0804661  4.150504155e-15  2.541450814e-30
142.2612261  4.108501576e-15  2.515731652e-30
142.5220751  4.048729326e-15  2.479131705e-30
142.834721  3.978373107e-15  2.436050946e-30
143.165279  3.905478105e-15  2.39141563e-30
143.4779249  3.83791314e-15  2.350044021e-30
143.7387739  3.782547157e-15  2.316142134e-30
143.9195339  3.744707385e-15  2.292971957e-30
144  3.727999979e-15  2.282741621e-30
144.0804661  3.711376386e-15  2.272562606e-30
144.2612261  3.674336146e-15  2.249882e-30
144.5220751  3.621615412e-15  2.217599861e-30
144.834721  3.559543793e-15  2.179591956e-30
145.165279  3.495214344e-15  2.140201529e-30
145.4779249  3.435572009e-15  2.103681132e-30
145.7387739  3.386686113e-15  2.073747154e-30
145.9195339  3.353268798e-15  2.05328495e-30
146  3.338512386e-15  2.044249253e-30
146.0804661  3.323828988e-15  2.035258265e-30
146.2612261  3.291108188e-15  2.015222554e-30
146.5220751  3.24452671e-15  1.986699625e-30
146.834721  3.189669886e-15  1.953109508e-30
147.165279  3.132802193e-15  1.918288089e-30
147.4779249  3.080063649e-15  1.885995045e-30
147.7387739  3.036826044e-15  1.859519647e-30
147.9195339  3.007264312e-15  1.841418307e-30
148  2.994209024e-15  1.833424248e-30
148.0804661  2.981217462e-15  1.825469211e-30
148.2612261  2.952263644e-15  1.807740111e-30
148.5220751  2.911037311e-15  1.782496263e-30
148.834721  2.862475482e-15  1.752760719e-30
149.165279  2.812120206e-15  1.721927004e-30
149.4779249  2.765408894e-15  1.693324575e-30
149.7387739  2.72710373e-15  1.669869427e-30
149.9195339  2.700909617e-15  1.653830159e-30
150  2.689340336e-15  1.646746017e-30
150.0804661  2.677826775e-15  1.639695995e-30
150.2612261  2.652164216e-15  1.623982209e-30
150.5220751  2.615617679e-15  1.601603909e-30
150.834721  2.5725584e-15  1.575237705e-30
151.165279  2.527897377e-15  1.547890716e-30
151.4779249  2.486457614e-15  1.522516179e-30
151.7387739  2.452467579e-15  1.501703285e-30
151.9195339  2.429220199e-15  1.48746837e-30
152  2.418951353e-15  1.481180516e-30
152.0804661  2.408731317e-15  1.474922548e-30
152.2612261  2.385949547e-15  1.460972738e-30
152.5220751  2.353499967e-15  1.441103101e-30
152.834721  2.31525915e-15  1.417687353e-30
153.165279  2.275585869e-15  1.393394475e-30
153.4779249  2.23876489e-15  1.370848129e-30
153.7387739  2.2085566e-15  1.352350885e-30
153.9195339  2.187892207e-15  1.339697594e-30
154  2.178763401e-15  1.334107813e-30
154.0804661  2.169677423e-15  1.328544256e-30
154.2612261  2.149421586e-15  1.316141133e-30
154.5220751  2.120564982e-15  1.298471559e-30
154.834721  2.086550931e-15  1.27764396e-30
155.165279  2.051254117e-15  1.256030894e-30
155.4779249  2.018486977e-15  1.235966808e-30
155.7387739  1.991598675e-15  1.219502471e-30
155.9195339  1.973202309e-15  1.208237946e-30
156  1.965074641e-15  1.203261185e-30
156.0804661  1.956984616e-15  1.198307473e-30
156.2612261  1.938947348e-15  1.187262831e-30
156.5220751  1.913247099e-15  1.171525968e-30
156.834721  1.882947068e-15  1.15297255e-30
157.165279  1.851496845e-15  1.133714842e-30
157.4779249  1.822293683e-15  1.115833063e-30
157.7387739  1.79832488e-15  1.101156404e-30
157.9195339  1.781923313e-15  1.091113341e-30
158  1.774676271e-15  1.086675807e-30
158.0804661  1.767462369e-15  1.082258567e-30
158.2612261  1.751376948e-15  1.072409087e-30
158.5220751  1.728454092e-15  1.058372886e-30
158.834721  1.701422928e-15  1.041821072e-30
159.165279  1.673359139e-15  1.024636957e-30
159.4779249  1.647294424e-15  1.008676922e-30
159.7387739  1.625897135e-15  9.955748613e-31
159.9195339  1.611252912e-15  9.866078607e-31
160  1.60478175e-15  9.826454167e-31
160.0804661  1.598339812e-15  9.787008671e-31
160.2612261  1.583974366e-15  9.699045685e-31
160.5220751  1.563499392e-15  9.573672629e-31
160.834721  1.539349932e-15  9.425799836e-31
161.165279  1.514272252e-15  9.27224333e-31
161.4779249  1.490975677e-15  9.129592951e-31
161.7387739  1.471846999e-15  9.012463581e-31
161.9195339  1.458753388e-15  8.932288339e-31
162  1.452966903e-15  8.896856336e-31
162.0804661  1.447206228e-15  8.861582373e-31
162.2612261  1.434358828e-15  8.782914737e-31
162.5220751  1.416044719e-15  8.670773162e-31
162.834721  1.394439647e-15  8.538480249e-31
163.165279  1.371999192e-15  8.401072096e-31
163.4779249  1.351147948e-15  8.273395048e-31
163.7387739  1.334023766e-15  8.168539675e-31
163.9195339  1.322300475e-15  8.096755221e-31
164  1.317119118e-15  8.065028561e-31
164.0804661  1.311960591e-15  8.033441692e-31
164.2612261  1.30045508e-15  7.962990756e-31
164.5220751  1.284051405e-15  7.862547216e-31
164.834721  1.26469633e-15  7.744031563e-31
165.165279  1.244588536e-15  7.620906836e-31
165.4779249  1.225900741e-15  7.506477092e-31
165.7387739  1.210550371e-15  7.412483185e-31
165.9195339  1.200039899e-15  7.348125104e-31
166  1.195394171e-15  7.319678225e-31
166.0804661  1.190768666e-15  7.291355179e-31
166.2612261  1.180451113e-15  7.228178387e-31
166.5220751  1.165738999e-15  7.138092668e-31
166.834721  1.148376567e-15  7.031778434e-31
167.165279  1.130335113e-15  6.921306392e-31
167.4779249  1.113564218e-15  6.818614274e-31
167.7387739  1.099785844e-15  6.734246068e-31
167.9195339  1.090350375e-15  6.676470481e-31
168  1.086179456e-15  6.65093097e-31
168.0804661  1.082026478e-15  6.625501314e-31
168.2612261  1.072762153e-15  6.568773687e-31
168.5220751  1.059549995e-15  6.487872547e-31
168.834721  1.043954862e-15  6.3923799e-31
169.165279  1.027746494e-15  6.293132273e-31
169.4779249  1.012676506e-15  6.200855207e-31
169.7387739  1.000293284e-15  6.12502984e-31
169.9195339  9.918120331e-16  6.073097158e-31
170  9.880626142e-16  6.050138589e-31
170.0804661  9.843291338e-16  6.027277615e-31
170.2612261  9.759999265e-16  5.97627593e-31
170.5220751  9.641197228e-16  5.903530662e-31
170.834721  9.500942621e-16  5.817649485e-31
171.165279  9.355143644e-16  5.72837336e-31
171.4779249  9.219557605e-16  5.645350855e-31
171.7387739  9.108124842e-16  5.577117967e-31
171.9195339  9.031794291e-16  5.530378985e-31
172  8.998047113e-16  5.509714798e-31
172.0804661  8.964441727e-16  5.489137434e-31
172.2612261  8.889463782e-16  5.443226684e-31
172.5220751  8.782505963e-16  5.377733908e-31
172.834721  8.656212193e-16  5.300401277e-31
173.165279  8.524900196e-16  5.219995869e-31
173.4779249  8.402762496e-16  5.145208097e-31
173.7387739  8.302364957e-16  5.083732335e-31
173.9195339  8.233584275e-16  5.041616314e-31
174  8.203172643e-16  5.02299456e-31
174.0804661  8.172887323e-16  5.00445015e-31
174.2612261  8.105311575e-16  4.963071938e-31
174.5220751  8.008900415e-16  4.904037129e-31
174.834721  7.895040434e-16  4.834317998e-31
175.165279  7.776633603e-16  4.761814725e-31
175.4779249  7.666478404e-16  4.694364119e-31
175.7387739  7.575915153e-16  4.638910121e-31
175.9195339  7.513863693e-16  4.60091456e-31
176  7.4864253e-16  4.58411339e-31
176.0804661  7.459099577e-16  4.567381211e-31
176.2612261  7.39812292e-16  4.530043777e-31
176.5220751  7.311115517e-16  4.476767108e-31
176.834721  7.208344012e-16  4.413837711e-31
177.165279  7.101448452e-16  4.348383058e-31
177.4779249  7.001983761e-16  4.2874785e-31
177.7387739  6.920196065e-16  4.237397981e-31
177.9195339  6.864150238e-16  4.203079809e-31
178  6.839365598e-16  4.187903594e-31
178.0804661  6.81468159e-16  4.172788998e-31
178.2612261  6.759595728e-16  4.139058636e-31
178.5220751  6.680983948e-16  4.090922804e-31
178.834721  6.588113995e-16  4.034056358e-31
179.165279  6.491499639e-16  3.974897128e-31
179.4779249  6.401585053e-16  3.919840322e-31
179.7387739  6.327638216e-16  3.874560944e-31
179.9195339  6.276959104e-16  3.843528938e-31
180  6.25454609e-16  3.829804925e-31
180.0804661  6.232223069e-16  3.816136017e-31
180.2612261  6.182402437e-16  3.785629678e-31
180.5220751  6.111295761e-16  3.742089396e-31
180.834721  6.0272787e-16  3.690643784e-31
181.165279  5.939858531e-16  3.637114369e-31
181.4779249  5.858486041e-16  3.587288089e-31
181.7387739  5.791553715e-16  3.546303859e-31
181.9195339  5.745676377e-16  3.518212092e-31
182  5.725385505e-16  3.505787516e-31
182.0804661  5.705175212e-16  3.493412281e-31
182.2612261  5.660066546e-16  3.465791189e-31
182.5220751  5.59567726e-16  3.426364123e-31
182.834721  5.519585311e-16  3.379771242e-31
183.165279  5.440397398e-16  3.33128263e-31
183.4779249  5.3666748e-16  3.286140558e-31
183.7387739  5.306025428e-16  3.249003528e-31
183.9195339  5.264449654e-16  3.223545709e-31
184  5.246060007e-16  3.212285298e-31
184.0804661  5.227742597e-16  3.201069119e-31
184.2612261  5.186855914e-16  3.176033246e-31
184.5220751  5.128486296e-16  3.140292163e-31
184.834721  5.059497515e-16  3.098048718e-31
185.165279  4.987689482e-16  3.05407898e-31
185.4779249  4.920826011e-16  3.013136912e-31
185.7387739  4.86581109e-16  2.979449988e-31
185.9195339  4.828093394e-16  2.95635456e-31
186  4.811409089e-16  2.94613837e-31
186.0804661  4.79478962e-16  2.93596188e-31
186.2612261  4.757690403e-16  2.913245161e-31
186.5220751  4.704721624e-16  2.880811139e-31
186.834721  4.642106871e-16  2.84247066e-31
187.165279  4.576922419e-16  2.802556695e-31
187.4779249  4.516216302e-16  2.765384919e-31
187.7387739  4.466260199e-16  2.734795629e-31
187.9195339  4.432006873e-16  2.713821515e-31
188  4.416854001e-16  2.704543057e-31
188.0804661  4.401759388e-16  2.695300272e-31
188.2612261  4.368061807e-16  2.674666455e-31
188.5220751  4.319944299e-16  2.645202979e-31
188.834721  4.263055923e-16  2.610368895e-31
189.165279  4.203823141e-16  2.574099277e-31
189.4779249  4.148650776e-16  2.540315947e-31
189.7387739  4.103241893e-16  2.512511025e-31
189.9195339  4.072102974e-16  2.493443936e-31
190  4.058326935e-16  2.485008545e-31
190.0804661  4.044603303e-16  2.476605245e-31
190.2612261  4.013964325e-16  2.457844281e-31
190.5220751  3.970209412e-16  2.431052124e-31
190.834721  3.918471414e-16  2.399371737e-31
191.165279  3.864592608e-16  2.366380484e-31
191.4779249  3.814399168e-16  2.335645866e-31
191.7387739  3.773082241e-16  2.310346545e-31
191.9195339  3.744746263e-16  2.292995763e-31
192  3.732209452e-16  2.28531918e-31
192.0804661  3.719719838e-16  2.277671497e-31
192.2612261  3.691834098e-16  2.260596406e-31
192.5220751  3.652006706e-16  2.236209161e-31
192.834721  3.604906182e-16  2.207368409e-31
193.165279  3.555849024e-16  2.177329563e-31
193.4779249  3.51014026e-16  2.149341017e-31
193.7387739  3.472509666e-16  2.126298924e-31
193.9195339  3.446699085e-16  2.110494501e-31
194  3.435278874e-16  2.103501639e-31
194.0804661  3.423901215e-16  2.096534832e-31
194.2612261  3.39849655e-16  2.080978961e-31
194.5220751  3.36220886e-16  2.058759159e-31
194.834721  3.319288533e-16  2.032478039e-31
195.165279  3.274578338e-16  2.00510094e-31
195.4779249  3.232913436e-16  1.979588546e-31
195.7387739  3.198607343e-16  1.958582122e-31
195.9195339  3.175074548e-16  1.944172441e-31
196  3.164661526e-16  1.937796304e-31
196.0804661  3.154286908e-16  1.931443683e-31
196.2612261  3.13112046e-16  1.917258324e-31
196.5220751  3.098026361e-16  1.896994034e-31
196.834721  3.058878067e-16  1.873022617e-31
197.165279  3.018091051e-16  1.848047772e-31
197.4779249  2.980076393e-16  1.824770508e-31
197.7387739  2.948771654e-16  1.805601884e-31
197.9195339  2.927295477e-16  1.792451518e-31
198  2.917791911e-16  1.786632262e-31
198.0804661  2.908323041e-16  1.780834252e-31
198.2612261  2.887177844e-16  1.767886552e-31
198.5220751  2.856968092e-16  1.749388414e-31
198.834721  2.821227077e-16  1.727503355e-31
199.165279  2.78398446e-16  1.704698829e-31
199.4779249  2.749268165e-16  1.683441229e-31
199.7387739  2.72067585e-16  1.665933486e-31
199.9195339  2.701058518e-16  1.653921334e-31
200  2.692377005e-16  1.648605441e-31
200.0804661  2.683726871e-16  1.643308761e-31
200.2612261  2.664408871e-16  1.631479898e-31
200.5220751  2.636806842e-16  1.614578529e-31
200.834721  2.604146779e-16  1.594580009e-31
201.165279  2.570109622e-16  1.573738261e-31
201.4779249  2.538376762e-16  1.554307488e-31
201.7387739  2.512238244e-16  1.538302262e-31
201.9195339  2.494302703e-16  1.527319911e-31
202  2.486364993e-16  1.522459465e-31
202.0804661  2.478455689e-16  1.517616413e-31
202.2612261  2.46079113e-16  1.50679999e-31
202.5220751  2.435549103e-16  1.491343706e-31
202.834721  2.405677715e-16  1.473052757e-31
203.165279  2.374542393e-16  1.45398787e-31
203.4779249  2.345510802e-16  1.436211148e-31
203.7387739  2.321594321e-16  1.421566527e-31
203.9195339  2.305181893e-16  1.411516813e-31
204  2.29791785e-16  1.40706887e-31
204.0804661  2.290679548e-16  1.402636688e-31
204.2612261  2.274512676e-16  1.392737334e-31
204.5220751  2.251408571e-16  1.37859015e-31
204.834721  2.224063793e-16  1.361846302e-31
205.165279  2.195558017e-16  1.344391549e-31
205.4779249  2.168974608e-16  1.328113905e-31
205.7387739  2.147072255e-16  1.314702583e-31
205.9195339  2.132040576e-16  1.305498333e-31
206  2.12538727e-16  1.301424359e-31
206.0804661  2.118757314e-16  1.297364681e-31
206.2612261  2.103948365e-16  1.288296815e-31
206.5220751  2.082782874e-16  1.27533669e-31
206.834721  2.057729476e-16  1.259995908e-31
207.165279  2.031608799e-16  1.244001606e-31
207.4779249  2.007246325e-16  1.229083893e-31
207.7387739  1.987171392e-16  1.216791542e-31
207.9195339  1.973392596e-16  1.208354463e-31
208  1.967293506e-16  1.204619847e-31
208.0804661  1.961215614e-16  1.200898212e-31
208.2612261  1.947639036e-16  1.192584955e-31
208.5220751  1.9282331e-16  1.180702247e-31
208.834721  1.90525972e-16  1.166635109e-31
209.165279  1.88130446e-16  1.151966743e-31
209.4779249  1.858958662e-16  1.138283888e-31
209.7387739  1.840543303e-16  1.127007733e-31
209.9195339  1.827902432e-16  1.119267431e-31
210  1.822306735e-16  1.115841055e-31
210.0804661  1.816730301e-16  1.112426474e-31
210.2612261  1.804273193e-16  1.104798695e-31
210.5220751  1.786465779e-16  1.093894799e-31
210.834721  1.765382303e-16  1.080984894e-31
211.165279  1.743394832e-16  1.06752145e-31
211.4779249  1.722881925e-16  1.054960918e-31
211.7387739  1.705975097e-16  1.044608471e-31
211.9195339  1.694368688e-16  1.037501595e-31
212  1.689230641e-16  1.034355449e-31
212.0804661  1.684110116e-16  1.031220032e-31
212.2612261  1.672670853e-16  1.024215503e-31
212.5220751  1.656316989e-16  1.01420165e-31
212.834721  1.636952244e-16  1.002344163e-31
213.165279  1.616754593e-16  9.899766685e-32
213.4779249  1.597909049e-16  9.784371013e-32
213.7387739  1.582374693e-16  9.689250513e-32
213.9195339  1.571709538e-16  9.623945274e-32
214  1.56698793e-16  9.595033764e-32
214.0804661  1.562282273e-16  9.566219928e-32
214.2612261  1.551769283e-16  9.50184643e-32
214.5220751  1.536738332e-16  9.4098084e-32
214.834721  1.518938044e-16  9.30081307e-32
215.165279  1.500369789e-16  9.187115299e-32
215.4779249  1.483042377e-16  9.0810155e-32
215.7387739  1.46875781e-16  8.993547756e-32
215.9195339  1.458949856e-16  8.933491357e-32
216  1.454607521e-16  8.906902225e-32
216.0804661  1.450279721e-16  8.88040209e-32
216.2612261  1.440610415e-16  8.821194668e-32
216.5220751  1.426784537e-16  8.73653558e-32
216.834721  1.410409528e-16  8.63626757e-32
217.165279  1.393325922e-16  8.53166065e-32
217.4779249  1.377381969e-16  8.4340321e-32
217.7387739  1.364236466e-16  8.35353911e-32
217.9195339  1.355209843e-16  8.29826698e-32
218  1.351213231e-16  8.273794792e-32
218.0804661  1.347229874e-16  8.249403766e-32
218.2612261  1.338329691e-16  8.194905863e-32
218.5220751  1.32560249e-16  8.116974232e-32
218.834721  1.310527082e-16  8.024663983e-32
219.165279  1.294797396e-16  7.928347433e-32
219.4779249  1.280115258e-16  7.838445264e-32
219.7387739  1.268008788e-16  7.764314515e-32
219.9195339  1.259694946e-16  7.713406915e-32
220  1.256013743e-16  7.690866052e-32
220.0804661  1.252344639e-16  7.668399266e-32
220.2612261  1.244146202e-16  7.618198319e-32
220.5220751  1.232421524e-16  7.546405375e-32
220.834721  1.218532122e-16  7.461357315e-32
221.165279  1.204038179e-16  7.372607507e-32
221.4779249  1.19050787e-16  7.289758263e-32
221.7387739  1.179349981e-16  7.221435896e-32
221.9195339  1.17168693e-16  7.174513239e-32
222  1.168293721e-16  7.153735827e-32
222.0804661  1.164911563e-16  7.133026083e-32
222.2612261  1.157353931e-16  7.086748936e-32
222.5220751  1.1465448e-16  7.020562095e-32
222.834721  1.133738634e-16  6.942146948e-32
223.165279  1.120373504e-16  6.860309128e-32
223.4779249  1.107895496e-16  6.783903363e-32
223.7387739  1.097604321e-16  6.720888094e-32
223.9195339  1.090535949e-16  6.677606794e-32
224  1.087405916e-16  6.658440871e-32
224.0804661  1.084285986e-16  6.639336812e-32
224.2612261  1.07731399e-16  6.596645648e-32
224.5220751  1.067341656e-16  6.535582712e-32
224.834721  1.05552567e-16  6.463230663e-32
225.165279  1.043192513e-16  6.387711861e-32
225.4779249  1.031676654e-16  6.317197559e-32
225.7387739  1.022178034e-16  6.259035285e-32
225.9195339  1.015653504e-16  6.219084061e-32
226  1.012764162e-16  6.201391946e-32
226.0804661  1.009884064e-16  6.183756434e-32
226.2612261  1.003447714e-16  6.144345153e-32
226.5220751  9.942408148e-17  6.087969157e-32
226.834721  9.833306685e-17  6.021163778e-32
227.165279  9.71941707e-17  5.951426502e-32
227.4779249  9.613062685e-17  5.886303224e-32
227.7387739  9.525329621e-17  5.832582216e-32
227.9195339  9.465061784e-17  5.795678808e-32
228  9.438371383e-17  5.779335651e-32
228.0804661  9.411765624e-17  5.763044323e-32
228.2612261  9.352305213e-17  5.726635322e-32
228.5220751  9.267243333e-17  5.674549942e-32
228.834721  9.166435225e-17  5.612822779e-32
229.165279  9.061191202e-17  5.548379401e-32
229.4779249  8.962899464e-17  5.48819307e-32
229.7387739  8.881809357e-17  5.4385397e-32
229.9195339  8.826100634e-17  5.404427945e-32
230  8.801428189e-17  5.38932043e-32
230.0804661  8.776833307e-17  5.374260408e-32
230.2612261  8.721864484e-17  5.340601711e-32
230.5220751  8.643222163e-17  5.292447178e-32
230.834721  8.550012842e-17  5.23537293e-32
231.165279  8.452691318e-17  5.175780684e-32
231.4779249  8.361788794e-17  5.120118941e-32
231.7387739  8.286787454e-17  5.074193865e-32
231.9195339  8.23525785e-17  5.042641083e-32
232  8.212435259e-17  5.028666277e-32
232.0804661  8.189683798e-17  5.014735025e-32
232.2612261  8.138832728e-17  4.983597725e-32
232.5220751  8.066076157e-17  4.939047173e-32
232.834721  7.979834509e-17  4.886239395e-32
233.165279  7.889778359e-17  4.831095907e-32
233.4779249  7.805652974e-17  4.779583965e-32
233.7387739  7.736236645e-17  4.737078722e-32
233.9195339  7.688540716e-17  4.707873389e-32
234  7.667415152e-17  4.694937712e-32
234.0804661  7.646354868e-17  4.682042007e-32
234.2612261  7.599281659e-17  4.65321798e-32
234.5220751  7.531925449e-17  4.611974196e-32
234.834721  7.45207754e-17  4.563081453e-32
235.165279  7.3686891e-17  4.51202076e-32
235.4779249  7.290784088e-17  4.464317698e-32
235.7387739  7.226494482e-17  4.424951668e-32
235.9195339  7.182317933e-17  4.397901334e-32
236  7.162750345e-17  4.385919642e-32
236.0804661  7.143242711e-17  4.373974661e-32
236.2612261  7.099638077e-17  4.347274523e-32
236.5220751  7.037240511e-17  4.309067034e-32
236.834721  6.963263984e-17  4.263769475e-32
237.165279  6.885999227e-17  4.216458456e-32
237.4779249  6.813807726e-17  4.172253911e-32
237.7387739  6.754227582e-17  4.135771594e-32
237.9195339  6.713284231e-17  4.110701023e-32
238  6.695147997e-17  4.099595782e-32
238.0804661  6.677066865e-17  4.088524282e-32
238.2612261  6.636649146e-17  4.063775567e-32
238.5220751  6.578807926e-17  4.028358034e-32
238.834721  6.510226982e-17  3.986364318e-32
239.165279  6.438590312e-17  3.942499508e-32
239.4779249  6.371650519e-17  3.901510707e-32
239.7387739  6.316399631e-17  3.867679295e-32
239.9195339  6.278428686e-17  3.844428797e-32
240  6.261608413e-17  3.83412935e-32
240.0804661  6.244838819e-17  3.823860935e-32
240.2612261  6.207351309e-17  3.800906456e-32
240.5220751  6.153699748e-17  3.76805435e-32
240.834721  6.090080662e-17  3.729098894e-32
241.165279  6.023620244e-17  3.688403625e-32
241.4779249  5.961511088e-17  3.650372736e-32
241.7387739  5.910242741e-17  3.618979928e-32
241.9195339  5.875006363e-17  3.597403869e-32
242  5.859396809e-17  3.587845773e-32
242.0804661  5.843833897e-17  3.578316238e-32
242.2612261  5.809042455e-17  3.557012624e-32
242.5220751  5.759246067e-17  3.52652113e-32
242.834721  5.700193155e-17  3.490361651e-32
243.165279  5.638496738e-17  3.452583491e-32
243.4779249  5.580833985e-17  3.417275238e-32
243.7387739  5.533231765e-17  3.388127285e-32
243.9195339  5.500512882e-17  3.368092747e-32
244  5.486017989e-17  3.359217185e-32
244.0804661  5.471566053e-17  3.350367926e-32
244.2612261  5.439256951e-17  3.330584308e-32
244.5220751  5.393010391e-17  3.302266457e-32
244.834721  5.338162404e-17  3.268681751e-32
245.165279  5.280853567e-17  3.233590209e-32
245.4779249  5.227286335e-17  3.200789739e-32
245.7387739  5.183061262e-17  3.173709692e-32
245.9195339  5.152661606e-17  3.155095272e-32
246  5.139193633e-17  3.146848516e-32
246.0804661  5.125765249e-17  3.138626003e-32
246.2612261  5.095743253e-17  3.120242832e-32
246.5220751  5.052767568e-17  3.093927815e-32
246.834721  5.001794446e-17  3.062715779e-32
247.165279  4.948529226e-17  3.030100239e-32
247.4779249  4.898736852e-17  2.999611203e-32
247.7387739  4.857624805e-17  2.974437335e-32
247.9195339  4.829363151e-17  2.957132062e-32
248  4.816841894e-17  2.949465004e-32
248.0804661  4.804357147e-17  2.941820301e-32
248.2612261  4.776443777e-17  2.924728292e-32
248.5220751  4.73648394e-17  2.900259948e-32
248.834721  4.689083899e-17  2.871235794e-32
249.165279  4.639547762e-17  2.840903658e-32
249.4779249  4.593236985e-17  2.812546485e-32
249.7387739  4.554996388e-17  2.789130873e-32
249.9195339  4.528706964e-17  2.773033244e-32
250  4.517059057e-17  2.765900958e-32
250.0804661  4.505444842e-17  2.758789303e-32
250.2612261  4.479476823e-17  2.742888476e-32
250.5220751  4.442299506e-17  2.720123935e-32
250.834721  4.398196415e-17  2.693118581e-32
251.165279  4.352101532e-17  2.664893605e-32
251.4779249  4.309003957e-17  2.638503951e-32
251.7387739  4.273413696e-17  2.616711202e-32
251.9195339  4.248944762e-17  2.601728301e-32
252  4.238103044e-17  2.595089663e-32
252.0804661  4.227292438e-17  2.588470076e-32
252.2612261  4.203120291e-17  2.573668905e-32
252.5220751  4.168511873e-17  2.552477361e-32
252.834721  4.127452894e-17  2.527335988e-32
253.165279  4.084535684e-17  2.501056776e-32
253.4779249  4.044405501e-17  2.476484126e-32
253.7387739  4.011263048e-17  2.456190226e-32
253.9195339  3.988475606e-17  2.442236942e-32
254  3.978378554e-17  2.436054281e-32
254.0804661  3.968310248e-17  2.429889222e-32
254.2612261  3.945797036e-17  2.416103855e-32
254.5220751  3.913561797e-17  2.396365464e-32
254.834721  3.875315256e-17  2.372946212e-32
255.165279  3.835334178e-17  2.348464863e-32
255.4779249  3.797946105e-17  2.32557127e-32
255.7387739  3.767065825e-17  2.306662552e-32
255.9195339  3.745832463e-17  2.293660868e-32
256  3.736423678e-17  2.287899649e-32
256.0804661  3.727041472e-17  2.282154704e-32
256.2612261  3.706061652e-17  2.26930827e-32
256.5220751  3.67602015e-17  2.250913155e-32
256.834721  3.640373623e-17  2.229085953e-32
257.165279  3.603107178e-17  2.206266836e-32
257.4779249  3.568254602e-17  2.184925788e-32
257.7387739  3.539466229e-17  2.167297994e-32
257.9195339  3.519670074e-17  2.155176345e-32
258  3.510897822e-17  2.14980489e-32
258.0804661  3.502150159e-17  2.144448491e-32
258.2612261  3.482588563e-17  2.132470468e-32
258.5220751  3.454576168e-17  2.115317824e-32
258.834721  3.421334746e-17  2.094963323e-32
259.165279  3.386579676e-17  2.07368198e-32
259.4779249  3.354072983e-17  2.053777371e-32
259.7387739  3.327220243e-17  2.03733481e-32
259.9195339  3.308754017e-17  2.026027508e-32
260  3.300570808e-17  2.021016738e-32
260.0804661  3.292410361e-17  2.016019905e-32
260.2612261  3.274161264e-17  2.004845556e-32
260.5220751  3.248026836e-17  1.988842834e-32
260.834721  3.21701156e-17  1.969851455e-32
261.165279  3.184581225e-17  1.949993602e-32
261.4779249  3.15424628e-17  1.931418805e-32
261.7387739  3.129185645e-17  1.916073592e-32
261.9195339  3.111950814e-17  1.905520302e-32
262  3.104313028e-17  1.900843506e-32
262.0804661  3.096696323e-17  1.89617962e-32
262.2612261  3.079662605e-17  1.885749476e-32
262.5220751  3.055267293e-17  1.870811656e-32
262.834721  3.026313747e-17  1.853082722e-32
263.165279  2.99603665e-17  1.834543347e-32
263.4779249  2.967713433e-17  1.817200378e-32
263.7387739  2.944312994e-17  1.802871742e-32
263.9195339  2.928218995e-17  1.79301701e-32
264  2.921086537e-17  1.788649639e-32
264.0804661  2.913973617e-17  1.784294231e-32
264.2612261  2.898066003e-17  1.774553627e-32
264.5220751  2.875282168e-17  1.760602552e-32
264.834721  2.848239192e-17  1.744043505e-32
265.165279  2.819957652e-17  1.726726056e-32
265.4779249  2.793499016e-17  1.710524814e-32
265.7387739  2.771637467e-17  1.697138476e-32
265.9195339  2.75660101e-17  1.687931302e-32
266  2.749937004e-17  1.683850775e-32
266.0804661  2.743291116e-17  1.679781342e-32
266.2612261  2.728427494e-17  1.670679999e-32
266.5220751  2.707137725e-17  1.657643775e-32
266.834721  2.681866262e-17  1.642169467e-32
267.165279  2.655435205e-17  1.625985112e-32
267.4779249  2.630705757e-17  1.610842692e-32
267.7387739  2.610271471e-17  1.598330301e-32
267.9195339  2.596215904e-17  1.589723748e-32
268  2.589986413e-17  1.585909285e-32
268.0804661  2.583773733e-17  1.582105116e-32
268.2612261  2.569878528e-17  1.573596757e-32
268.5220751  2.549974757e-17  1.561409212e-32
268.834721  2.526346801e-17  1.546941262e-32
269.165279  2.501632671e-17  1.531808222e-32
269.4779249  2.478507754e-17  1.517648294e-32
269.7387739  2.459397945e-17  1.505946911e-32
269.9195339  2.446252686e-17  1.497897761e-32
270  2.440426458e-17  1.494330225e-32
270.0804661  2.434615836e-17  1.490772245e-32
270.2612261  2.421619449e-17  1.482814253e-32
270.5220751  2.403002141e-17  1.47141444e-32
270.834721  2.380899789e-17  1.457880653e-32
271.165279  2.357779557e-17  1.443723594e-32
271.4779249  2.336144328e-17  1.430475837e-32
271.7387739  2.318264295e-17  1.419527474e-32
271.9195339  2.305964307e-17  1.411995904e-32
272  2.300512544e-17  1.408657662e-32
272.0804661  2.295075278e-17  1.405328296e-32
272.2612261  2.28291357e-17  1.397881398e-32
272.5220751  2.265491e-17  1.387213151e-32
272.834721  2.244805585e-17  1.374546987e-32
273.165279  2.22316585e-17  1.361296471e-32
273.4779249  2.202914443e-17  1.348896061e-32
273.7387739  2.18617688e-17  1.338647259e-32
273.9195339  2.174662201e-17  1.331596552e-32
274  2.169558353e-17  1.328471346e-32
274.0804661  2.164467976e-17  1.325354389e-32
274.2612261  2.15308181e-17  1.318382373e-32
274.5220751  2.136769393e-17  1.308393899e-32
274.834721  2.117400703e-17  1.296533997e-32
275.165279  2.097136875e-17  1.284125981e-32
275.4779249  2.078171641e-17  1.272513124e-32
275.7387739  2.062496012e-17  1.26291457e-32
275.9195339  2.051711327e-17  1.256310855e-32
276  2.046930897e-17  1.253383686e-32
276.0804661  2.042162995e-17  1.250464187e-32
276.2612261  2.031497807e-17  1.243933644e-32
276.5220751  2.016217502e-17  1.234577155e-32
276.834721  1.998073065e-17  1.223466892e-32
277.165279  1.979088625e-17  1.211842275e-32
277.4779249  1.961319442e-17  1.200961788e-32
277.7387739  1.946631411e-17  1.191967963e-32
277.9195339  1.93652566e-17  1.185779975e-32
278  1.932046037e-17  1.183036998e-32
278.0804661  1.927578069e-17  1.180301156e-32
278.2612261  1.917583491e-17  1.174181242e-32
278.5220751  1.903263247e-17  1.165412622e-32
278.834721  1.886257685e-17  1.154999718e-32
279.165279  1.86846351e-17  1.144103929e-32
279.4779249  1.851807154e-17  1.133904852e-32
279.7387739  1.838038069e-17  1.125473719e-32
279.9195339  1.828564093e-17  1.119672582e-32
280  1.824364393e-17  1.117101007e-32
280.0804661  1.820175541e-17  1.114536075e-32
280.2612261  1.810805048e-17  1.108798303e-32
280.5220751  1.797378308e-17  1.100576796e-32
280.834721  1.781432747e-17  1.090812955e-32
281.165279  1.764746496e-17  1.080595574e-32
281.4779249  1.749126067e-17  1.071030819e-32
281.7387739  1.736212491e-17  1.063123535e-32
281.9195339  1.727326708e-17  1.057682562e-32
282  1.72338763e-17  1.055270573e-32
282.0804661  1.719458655e-17  1.052864769e-32
282.2612261  1.710669246e-17  1.047482809e-32
282.5220751  1.698074496e-17  1.039770748e-32
282.834721  1.683116028e-17  1.030611328e-32
283.165279  1.667461583e-17  1.021025745e-32
283.4779249  1.652805987e-17  1.012051781e-32
283.7387739  1.640689266e-17  1.004632429e-32
283.9195339  1.632351381e-17  9.995269468e-33
284  1.628655078e-17  9.97263614e-33
284.0804661  1.624968188e-17  9.950060453e-33
284.2612261  1.616720101e-17  9.899555485e-33
284.5220751  1.60490045e-17  9.827180997e-33
284.834721  1.590861649e-17  9.74121813e-33
285.165279  1.576168603e-17  9.651249171e-33
285.4779249  1.562412077e-17  9.567014746e-33
285.7387739  1.551037949e-17  9.497368296e-33
285.9195339  1.543210681e-17  9.449440103e-33
286  1.539740641e-17  9.428192238e-33
286.0804661  1.536279377e-17  9.406998107e-33
286.2612261  1.528535821e-17  9.359582504e-33
286.5220751  1.517438631e-17  9.29163181e-33
286.834721  1.504257098e-17  9.210918202e-33
287.165279  1.490460295e-17  9.126437146e-33
287.4779249  1.477541973e-17  9.047335238e-33
287.7387739  1.466860213e-17  8.981928325e-33
287.9195339  1.459509053e-17  8.936915452e-33
288  1.456249992e-17  8.916959457e-33
288.0804661  1.452999115e-17  8.897053579e-33
288.2612261  1.445726033e-17  8.852518792e-33
288.5220751  1.435302569e-17  8.788693486e-33
288.834721  1.422920534e-17  8.712875389e-33
289.165279  1.409959641e-17  8.633512807e-33
289.4779249  1.397823158e-17  8.559198284e-33
289.7387739  1.387787255e-17  8.497746098e-33
289.9195339  1.380880242e-17  8.455452842e-33
290  1.377818002e-17  8.436702031e-33
290.0804661  1.3747634e-17  8.417997988e-33
290.2612261  1.367929244e-17  8.376150849e-33
290.5220751  1.358134365e-17  8.316174517e-33
290.834721  1.346498311e-17  8.244924232e-33
291.165279  1.334317433e-17  8.170337867e-33
291.4779249  1.322910566e-17  8.100490954e-33
291.7387739  1.31347742e-17  8.042729591e-33
291.9195339  1.306984937e-17  8.002974601e-33
292  1.304106401e-17  7.985348646e-33
292.0804661  1.301234994e-17  7.967766352e-33
292.2612261  1.294810529e-17  7.928427849e-33
292.5220751  1.285602399e-17  7.872044312e-33
292.834721  1.274662721e-17  7.805058106e-33
293.165279  1.263210048e-17  7.734930707e-33
293.4779249  1.252484386e-17  7.669254969e-33
293.7387739  1.24361404e-17  7.614939768e-33
293.9195339  1.237508629e-17  7.577554907e-33
294  1.234801632e-17  7.56097933e-33
294.0804661  1.232101294e-17  7.544444532e-33
294.2612261  1.226059413e-17  7.507448677e-33
294.5220751  1.217399236e-17  7.454420391e-33
294.834721  1.207109937e-17  7.3914166e-33
295.165279  1.196337417e-17  7.325453943e-33
295.4779249  1.186248058e-17  7.263674437e-33
295.7387739  1.177903452e-17  7.212578459e-33
295.9195339  1.172159641e-17  7.177407761e-33
296  1.1696129e-17  7.161813471e-33
296.0804661  1.167072382e-17  7.146257287e-33
296.2612261  1.161387937e-17  7.111450096e-33
296.5220751  1.153239723e-17  7.061556674e-33
296.834721  1.143558122e-17  7.002273967e-33
297.165279  1.13342117e-17  6.940203042e-33
297.4779249  1.123926447e-17  6.88206463e-33
297.7387739  1.116073185e-17  6.833977266e-33
297.9195339  1.110667335e-17  6.800875982e-33
298  1.108270378e-17  6.786198854e-33
298.0804661  1.105879239e-17  6.771557351e-33
298.2612261  1.100528888e-17  6.738795901e-33
298.5220751  1.092859228e-17  6.691832779e-33
298.834721  1.083745708e-17  6.636028563e-33
299.165279  1.074202933e-17  6.577595919e-33
299.4779249  1.06526416e-17  6.522861719e-33
299.7387739  1.057870306e-17  6.477587419e-33
299.9195339  1.052780466e-17  6.446421138e-33
300  1.050523569e-17  6.432601628e-33
300.0804661  1.048272113e-17  6.418815438e-33
300.2612261  1.043234181e-17  6.387967004e-33
300.5220751  1.03601205e-17  6.343744205e-33
300.834721  1.027429815e-17  6.291193172e-33
301.165279  1.018442771e-17  6.236163396e-33
301.4779249  1.010024012e-17  6.18461337e-33
301.7387739  1.003059899e-17  6.141970473e-33
301.9195339  9.982656767e-18  6.112614328e-33
302  9.961398047e-18  6.099597116e-33
302.0804661  9.940190244e-18  6.086611082e-33
302.2612261  9.892733734e-18  6.057552351e-33
302.5220751  9.824699435e-18  6.015893358e-33
302.834721  9.743848027e-18  5.966386149e-33
303.165279  9.659177616e-18  5.914540475e-33
303.4779249  9.579856219e-18  5.865970128e-33
303.7387739  9.514236757e-18  5.825789796e-33
303.9195339  9.469061167e-18  5.798127724e-33
304  9.449028723e-18  5.785861391e-33
304.0804661  9.429043945e-18  5.773624243e-33
304.2612261  9.384323042e-18  5.746240588e-33
304.5220751  9.320207778e-18  5.706981311e-33
304.834721  9.244009451e-18  5.660323293e-33
305.165279  9.164206906e-18  5.611458327e-33
305.4779249  9.089441171e-18  5.565677518e-33
305.7387739  9.027586983e-18  5.527802751e-33
305.9195339  8.985001764e-18  5.501726825e-33
306  8.966117505e-18  5.490163552e-33
306.0804661  8.947277885e-18  5.478627612e-33
306.2612261  8.905118495e-18  5.452812431e-33
306.5220751  8.844673033e-18  5.41580026e-33
306.834721  8.772832142e-18  5.371810401e-33
307.165279  8.697588485e-18  5.325736949e-33
307.4779249  8.627089546e-18  5.282568799e-33
307.7387739  8.5687621e-18  5.246853539e-33
307.9195339  8.528603267e-18  5.222263346e-33
308  8.510794535e-18  5.211358643e-33
308.0804661  8.493027627e-18  5.200479549e-33
308.2612261  8.453267765e-18  5.176133656e-33
308.5220751  8.396260196e-18  5.141226587e-33
308.834721  8.328501628e-18  5.09973643e-33
309.165279  8.257529319e-18  5.056278424e-33
309.4779249  8.19102833e-18  5.015558313e-33
309.7387739  8.136005613e-18  4.981866616e-33
309.9195339  8.098120526e-18  4.95866869e-33
310  8.081319689e-18  4.948381145e-33
310.0804661  8.064558055e-18  4.938117604e-33
310.2612261  8.027046934e-18  4.915148667e-33
310.5220751  7.973261369e-18  4.882214507e-33
310.834721  7.909328996e-18  4.843067219e-33
311.165279  7.842360318e-18  4.802060731e-33
311.4779249  7.779606952e-18  4.763635376e-33
311.7387739  7.727682224e-18  4.73184065e-33
311.9195339  7.691928741e-18  4.709947956e-33
312  7.676072817e-18  4.700239003e-33
312.0804661  7.660253654e-18  4.690552559e-33
312.2612261  7.624850844e-18  4.66887459e-33
312.5220751  7.574086213e-18  4.637790218e-33
312.834721  7.513741474e-18  4.600839723e-33
313.165279  7.450527053e-18  4.562132053e-33
313.4779249  7.391288114e-18  4.525858665e-33
313.7387739  7.342268777e-18  4.495842978e-33
313.9195339  7.308514467e-18  4.475174424e-33
314  7.293544775e-18  4.466008132e-33
314.0804661  7.278609569e-18  4.456862956e-33
314.2612261  7.245184227e-18  4.436395836e-33
314.5220751  7.197253176e-18  4.407046533e-33
314.834721  7.14027377e-18  4.372156709e-33
315.165279  7.080581211e-18  4.335605558e-33
315.4779249  7.024639367e-18  4.301351058e-33
315.7387739  6.97834591e-18  4.273004491e-33
315.9195339  6.946467339e-18  4.253484496e-33
316  6.932329183e-18  4.244827372e-33
316.0804661  6.918223391e-18  4.236190066e-33
316.2612261  6.88665355e-18  4.216859113e-33
316.5220751  6.841381429e-18  4.189137934e-33
316.834721  6.787560111e-18  4.156181882e-33
317.165279  6.731172747e-18  4.121654579e-33
317.4779249  6.678325359e-18  4.089294887e-33
317.7387739  6.634590396e-18  4.062514946e-33
317.9195339  6.60447246e-18  4.044073029e-33
318  6.591114833e-18  4.035893842e-33
318.0804661  6.577787592e-18  4.02773326e-33
318.2612261  6.547959509e-18  4.009468827e-33
318.5220751  6.505183435e-18  3.983276036e-33
318.834721  6.454326916e-18  3.952135399e-33
319.165279  6.40104265e-18  3.919508196e-33
319.4779249  6.351100693e-18  3.888927567e-33
319.7387739  6.309768076e-18  3.863618639e-33
319.9195339  6.281303394e-18  3.846189048e-33
320  6.268678711e-18  3.838458659e-33
320.0804661  6.256082566e-18  3.830745745e-33
320.2612261  6.227890122e-18  3.813482852e-33
320.5220751  6.187458122e-18  3.788725392e-33
320.834721  6.139386044e-18  3.759289734e-33
321.165279  6.089016291e-18  3.728447156e-33
321.4779249  6.041803365e-18  3.699537576e-33
321.7387739  6.002727365e-18  3.675610427e-33
321.9195339  5.975815715e-18  3.659131794e-33
322  5.963879562e-18  3.651823008e-33
322.0804661  5.951970223e-18  3.644530641e-33
322.2612261  5.925314367e-18  3.628208637e-33
322.5220751  5.887084582e-18  3.604799645e-33
322.834721  5.841628585e-18  3.576965874e-33
323.165279  5.79399729e-18  3.547800118e-33
323.4779249  5.749348703e-18  3.520460743e-33
323.7387739  5.712393257e-18  3.497832059e-33
323.9195339  5.686941061e-18  3.482247083e-33
324  5.675651965e-18  3.475334506e-33
324.0804661  5.664388075e-18  3.468437363e-33
324.2612261  5.639176314e-18  3.452999612e-33
324.5220751  5.603016274e-18  3.430857973e-33
324.834721  5.560019126e-18  3.404529813e-33
325.165279  5.514961861e-18  3.376940196e-33
325.4779249  5.472723791e-18  3.351076836e-33
325.7387739  5.437761803e-18  3.329668793e-33
325.9195339  5.413681647e-18  3.31492395e-33
326  5.40300087e-18  3.308383861e-33
326.0804661  5.392343794e-18  3.301858284e-33
326.2612261  5.368489723e-18  3.287251878e-33
326.5220751  5.334275669e-18  3.266301812e-33
326.834721  5.293590472e-18  3.241389314e-33
327.165279  5.250953606e-18  3.215281763e-33
327.4779249  5.210982316e-18  3.190806407e-33
327.7387739  5.177895023e-18  3.170546283e-33
327.9195339  5.155105218e-18  3.156591552e-33
328  5.144996556e-18  3.150401782e-33
328.0804661  5.134910187e-18  3.144225662e-33
328.2612261  5.112333054e-18  3.130401156e-33
328.5220751  5.07994932e-18  3.110571837e-33
328.834721  5.041438771e-18  3.086990927e-33
329.165279  5.001078698e-18  3.06227751e-33
329.4779249  4.963239825e-18  3.039107883e-33
329.7387739  4.931916199e-18  3.019927693e-33
329.9195339  4.910340375e-18  3.006716311e-33
330  4.900769978e-18  3.000856134e-33
330.0804661  4.891220561e-18  2.995008802e-33
330.2612261  4.869844866e-18  2.981919964e-33
330.5220751  4.839183302e-18  2.963145171e-33
330.834721  4.802719016e-18  2.940817235e-33
331.165279  4.764501446e-18  2.917415723e-33
331.4779249  4.728669337e-18  2.895474884e-33
331.7387739  4.699005539e-18  2.877311046e-33
331.9195339  4.678572268e-18  2.864799277e-33
332  4.66950848e-18  2.859249307e-33
332.0804661  4.66046444e-18  2.85371143e-33
332.2612261  4.640219564e-18  2.841315018e-33
332.5220751  4.611179009e-18  2.823532807e-33
332.834721  4.576640888e-18  2.802384307e-33
333.165279  4.540440194e-18  2.780217775e-33
333.4779249  4.506497291e-18  2.759433742e-33
333.7387739  4.47839617e-18  2.742226767e-33
333.9195339  4.45903862e-18  2.730373687e-33
334  4.450451818e-18  2.725115787e-33
334.0804661  4.441883613e-18  2.719869274e-33
334.2612261  4.422703476e-18  2.708124828e-33
334.5220751  4.395189267e-18  2.691277234e-33
334.834721  4.362464921e-18  2.671239351e-33
335.165279  4.328163532e-18  2.650235808e-33
335.4779249  4.295999809e-18  2.630541207e-33
335.7387739  4.26937043e-18  2.614235416e-33
335.9195339  4.251026044e-18  2.603002719e-33
336  4.242888499e-18  2.59801991e-33
336.0804661  4.234768475e-18  2.593047829e-33
336.2612261  4.21659122e-18  2.58191747e-33
336.5220751  4.19051474e-18  2.565950231e-33
336.834721  4.159498951e-18  2.546958538e-33
337.165279  4.12698679e-18  2.527050581e-33
337.4779249  4.096499227e-18  2.508382333e-33
337.7387739  4.071256445e-18  2.492925587e-33
337.9195339  4.053866644e-18  2.482277405e-33
338  4.046152392e-18  2.477553788e-33
338.0804661  4.038454651e-18  2.472840281e-33
338.2612261  4.021222351e-18  2.462288541e-33
338.5220751  3.996500609e-18  2.447150839e-33
338.834721  3.967094835e-18  2.429144996e-33
339.165279  3.936268802e-18  2.410269494e-33
339.4779249  3.907360905e-18  2.392568513e-33
339.7387739  3.883424959e-18  2.377911973e-33
339.9195339  3.86693487e-18  2.367814705e-33
340  3.859619587e-18  2.363335386e-33
340.0804661  3.852319869e-18  2.358865598e-33
340.2612261  3.835978256e-18  2.348859247e-33
340.5220751  3.8125335e-18  2.334503474e-33
340.834721  3.784645415e-18  2.317426947e-33
341.165279  3.755408906e-18  2.299524748e-33
341.4779249  3.727990256e-18  2.282735667e-33
341.7387739  3.705286405e-18  2.268833568e-33
341.9195339  3.689644602e-18  2.259255726e-33
342  3.682705493e-18  2.255006747e-33
342.0804661  3.675781062e-18  2.250766756e-33
342.2612261  3.660279278e-18  2.241274651e-33
342.5220751  3.638038636e-18  2.227656186e-33
342.834721  3.611581704e-18  2.211455987e-33
343.165279  3.583844171e-18  2.194471647e-33
343.4779249  3.557830008e-18  2.178542565e-33
343.7387739  3.536288186e-18  2.165352004e-33
343.9195339  3.52144646e-18  2.156264068e-33
344  3.514862154e-18  2.152232343e-33
344.0804661  3.508291694e-18  2.148209097e-33
344.2612261  3.493582056e-18  2.139202041e-33
344.5220751  3.472477206e-18  2.126279048e-33
344.834721  3.447370286e-18  2.110905493e-33
345.165279  3.421046823e-18  2.094787021e-33
345.4779249  3.396357664e-18  2.079669271e-33
345.7387739  3.375912163e-18  2.067150012e-33
345.9195339  3.3618253e-18  2.058524296e-33
346  3.355575754e-18  2.054697553e-33
346.0804661  3.349339275e-18  2.050878811e-33
346.2612261  3.335377061e-18  2.042329421e-33
346.5220751  3.31534392e-18  2.03006266e-33
346.834721  3.291510905e-18  2.015469147e-33
347.165279  3.266521864e-18  2.000167772e-33
347.4779249  3.243083146e-18  1.985815697e-33
347.7387739  3.223672321e-18  1.973929995e-33
347.9195339  3.210297904e-18  1.965740526e-33
348  3.204364314e-18  1.96210725e-33
348.0804661  3.198443059e-18  1.958481527e-33
348.2612261  3.185186309e-18  1.950364109e-33
348.5220751  3.166164749e-18  1.938716763e-33
348.834721  3.143534224e-18  1.924859563e-33
349.165279  3.119804865e-18  1.910329521e-33
349.4779249  3.097546616e-18  1.896700274e-33
349.7387739  3.079112615e-18  1.885412704e-33
349.9195339  3.066410832e-18  1.877635105e-33
350  3.060775548e-18  1.874184489e-33
350.0804661  3.055151913e-18  1.870741006e-33
350.2612261  3.042561244e-18  1.863031444e-33
350.5220751  3.024494827e-18  1.851968954e-33
350.834721  3.002999757e-18  1.83880702e-33
351.165279  2.980459919e-18  1.82500535e-33
351.4779249  2.959316448e-18  1.812058708e-33
351.7387739  2.941804957e-18  1.801336012e-33
351.9195339  2.92973843e-18  1.793947395e-33
352  2.924384883e-18  1.790669293e-33
352.0804661  2.919042339e-18  1.787397928e-33
352.2612261  2.907080771e-18  1.780073581e-33
352.5220751  2.889916504e-18  1.769563498e-33
352.834721  2.869493942e-18  1.757058286e-33
353.165279  2.848077739e-18  1.743944644e-33
353.4779249  2.827987355e-18  1.731642831e-33
353.7387739  2.811347361e-18  1.721453774e-33
353.9195339  2.799880986e-18  1.714432644e-33
354  2.794793611e-18  1.711317525e-33
354.0804661  2.789716634e-18  1.708208773e-33
354.2612261  2.778349436e-18  1.701248372e-33
354.5220751  2.762037542e-18  1.691260217e-33
354.834721  2.742628356e-18  1.679375519e-33
355.165279  2.722273894e-18  1.666912006e-33
355.4779249  2.70317864e-18  1.655219534e-33
355.7387739  2.68736222e-18  1.64553477e-33
355.9195339  2.676463012e-18  1.63886093e-33
356  2.671627187e-18  1.635899841e-33
356.0804661  2.666801189e-18  1.63294477e-33
356.2612261  2.655995726e-18  1.626328332e-33
356.5220751  2.640489431e-18  1.616833465e-33
356.834721  2.622038059e-18  1.605535258e-33
357.165279  2.602687174e-18  1.593686258e-33
357.4779249  2.584532582e-18  1.582569777e-33
357.7387739  2.569494693e-18  1.573361725e-33
357.9195339  2.559131653e-18  1.567016193e-33
358  2.554533632e-18  1.564200718e-33
358.0804661  2.549944904e-18  1.561390932e-33
358.2612261  2.539670502e-18  1.555099675e-33
358.5220751  2.524925841e-18  1.546071175e-33
358.834721  2.507380051e-18  1.535327477e-33
359.165279  2.488978064e-18  1.524059509e-33
359.4779249  2.471712929e-18  1.513487663e-33
359.7387739  2.457411223e-18  1.504730395e-33
359.9195339  2.447555204e-18  1.498695323e-33
360  2.443182066e-18  1.496017549e-33
360.0804661  2.438817717e-18  1.493345155e-33
360.2612261  2.429045532e-18  1.487361418e-33
360.5220751  2.415021167e-18  1.478773971e-33
360.834721  2.398331844e-18  1.468554708e-33
361.165279  2.380827335e-18  1.457836287e-33
361.4779249  2.3644035e-18  1.447779589e-33
361.7387739  2.350798152e-18  1.439448716e-33
361.9195339  2.34142174e-18  1.43370732e-33
362  2.33726133e-18  1.431159803e-33
362.0804661  2.333109235e-18  1.428617378e-33
362.2612261  2.32381214e-18  1.42292455e-33
362.5220751  2.310469184e-18  1.414754345e-33
362.834721  2.294590127e-18  1.405031227e-33
363.165279  2.277934725e-18  1.394832735e-33
363.4779249  2.262306887e-18  1.385263444e-33
363.7387739  2.249360426e-18  1.377336023e-33
363.9195339  2.240437831e-18  1.371872509e-33
364  2.236478713e-18  1.369448249e-33
364.0804661  2.232527464e-18  1.367028807e-33
364.2612261  2.223679933e-18  1.361611256e-33
364.5220751  2.210981798e-18  1.353835891e-33
364.834721  2.195869534e-18  1.344582298e-33
365.165279  2.180017721e-18  1.334875862e-33
365.4779249  2.165143244e-18  1.325767872e-33
365.7387739  2.152820406e-18  1.31822231e-33
365.9195339  2.144327353e-18  1.313021814e-33
366  2.140558764e-18  1.310714219e-33
366.0804661  2.136797625e-18  1.308411186e-33
366.2612261  2.128375634e-18  1.303254204e-33
366.5220751  2.116287881e-18  1.29585259e-33
366.834721  2.101901487e-18  1.287043464e-33
367.165279  2.086810414e-18  1.277802847e-33
367.4779249  2.072649162e-18  1.269131581e-33
367.7387739  2.060916748e-18  1.261947549e-33
367.9195339  2.052830383e-18  1.256996079e-33
368  2.04924219e-18  1.254798944e-33
368.0804661  2.045661052e-18  1.252606129e-33
368.2612261  2.03764198e-18  1.247695864e-33
368.5220751  2.026132183e-18  1.240648146e-33
368.834721  2.012433127e-18  1.232259894e-33
369.165279  1.998062444e-18  1.223460388e-33
369.4779249  1.984576621e-18  1.215202703e-33
369.7387739  1.973403366e-18  1.208361058e-33
369.9195339  1.965702167e-18  1.203645433e-33
370  1.962284826e-18  1.201552915e-33
370.0804661  1.958874167e-18  1.199464489e-33
370.2612261  1.95123671e-18  1.194787896e-33
370.5220751  1.940274327e-18  1.188075372e-33
370.834721  1.927226315e-18  1.180085769e-33
371.165279  1.913538016e-18  1.171704103e-33
371.4779249  1.900692016e-18  1.163838197e-33
371.7387739  1.890048467e-18  1.157320902e-33
371.9195339  1.882712156e-18  1.152828708e-33
372  1.879456676e-18  1.150835301e-33
372.0804661  1.876207526e-18  1.148845771e-33
372.2612261  1.868931613e-18  1.144390559e-33
372.5220751  1.858487869e-18  1.13799561e-33
372.834721  1.846056703e-18  1.130383716e-33
373.165279  1.833014974e-18  1.12239796e-33
373.4779249  1.820775246e-18  1.114903289e-33
373.7387739  1.810633646e-18  1.10869335e-33
373.9195339  1.803643116e-18  1.104412884e-33
374  1.800541022e-18  1.1025134e-33
374.0804661  1.797444929e-18  1.10061759e-33
374.2612261  1.790511643e-18  1.096372176e-33
374.5220751  1.780559417e-18  1.090278195e-33
374.834721  1.768712866e-18  1.083024275e-33
375.165279  1.75628395e-18  1.075413759e-33
375.4779249  1.744618869e-18  1.068270957e-33
375.7387739  1.734953053e-18  1.062352352e-33
375.9195339  1.728290289e-18  1.058272585e-33
376  1.725333594e-18  1.056462132e-33
376.0804661  1.722382589e-18  1.054655162e-33
376.2612261  1.715774096e-18  1.050608627e-33
376.5220751  1.706287819e-18  1.044799958e-33
376.834721  1.694995493e-18  1.037885403e-33
377.165279  1.683147563e-18  1.030630638e-33
377.4779249  1.672027307e-18  1.023821445e-33
377.7387739  1.662812604e-18  1.018179067e-33
377.9195339  1.65646062e-18  1.014289598e-33
378  1.653641791e-18  1.012563563e-33
378.0804661  1.650828358e-18  1.010840832e-33
378.2612261  1.64452784e-18  1.006982878e-33
378.5220751  1.635483399e-18  1.001444755e-33
378.834721  1.62471664e-18  9.948520162e-34
379.165279  1.613419676e-18  9.879346209e-34
379.4779249  1.602816118e-18  9.814418143e-34
379.7387739  1.594029256e-18  9.760614129e-34
379.9195339  1.587972027e-18  9.7235243e-34
380  1.585283959e-18  9.70706463e-34
380.0804661  1.582601009e-18  9.690636297e-34
380.2612261  1.576592602e-18  9.653845415e-34
380.5220751  1.567967249e-18  9.601030364e-34
380.834721  1.557699017e-18  9.538155574e-34
381.165279  1.546924698e-18  9.472181898e-34
381.4779249  1.5368113e-18  9.410255194e-34
381.7387739  1.52843032e-18  9.358936493e-34
381.9195339  1.522652728e-18  9.323558946e-34
382  1.520088715e-18  9.307858894e-34
382.0804661  1.517529558e-18  9.292188578e-34
382.2612261  1.511798291e-18  9.257094689e-34
382.5220751  1.503570561e-18  9.206714376e-34
382.834721  1.49377534e-18  9.146735944e-34
383.165279  1.483496937e-18  9.083798878e-34
383.4779249  1.473848652e-18  9.024720171e-34
383.7387739  1.465852829e-18  8.975759878e-34
383.9195339  1.460340604e-18  8.94200723e-34
384  1.457894317e-18  8.927028045e-34
384.0804661  1.45545264e-18  8.912077083e-34
384.2612261  1.449984382e-18  8.878593661e-34
384.5220751  1.442134012e-18  8.830524011e-34
384.834721  1.432787715e-18  8.773294448e-34
385.165279  1.422979996e-18  8.713239489e-34
385.4779249  1.413773178e-18  8.656863989e-34
385.7387739  1.406142946e-18  8.610142293e-34
385.9195339  1.400882613e-18  8.577932042e-34
386  1.398548078e-18  8.563637134e-34
386.0804661  1.396217918e-18  8.549369021e-34
386.2612261  1.390999327e-18  8.517414367e-34
386.5220751  1.383507185e-18  8.471538228e-34
386.834721  1.374587068e-18  8.416918264e-34
387.165279  1.365226205e-18  8.359599509e-34
387.4779249  1.356438524e-18  8.305790483e-34
387.7387739  1.349155404e-18  8.261194233e-34
387.9195339  1.344134238e-18  8.230448461e-34
388  1.34190581e-18  8.216803276e-34
388.0804661  1.339681538e-18  8.203183535e-34
388.2612261  1.334700012e-18  8.172680486e-34
388.5220751  1.327548026e-18  8.128887205e-34
388.834721  1.319032606e-18  8.076745292e-34
389.165279  1.310096091e-18  8.022024924e-34
389.4779249  1.301706453e-18  7.970653207e-34
389.7387739  1.294752988e-18  7.928075512e-34
389.9195339  1.289958969e-18  7.89872061e-34
390  1.287831317e-18  7.8856925e-34
390.0804661  1.285707612e-18  7.872688559e-34
390.2612261  1.280951246e-18  7.843564216e-34
390.5220751  1.274122344e-18  7.801749249e-34
390.834721  1.265991321e-18  7.751961098e-34
391.165279  1.257457889e-18  7.699708897e-34
391.4779249  1.249446362e-18  7.650652439e-34
391.7387739  1.242806056e-18  7.609992291e-34
391.9195339  1.238227823e-18  7.581958699e-34
392  1.236195909e-18  7.569516813e-34
392.0804661  1.234167745e-18  7.55709789e-34
392.2612261  1.229625287e-18  7.529283361e-34
392.5220751  1.223103333e-18  7.489347908e-34
392.834721  1.215337525e-18  7.441796051e-34
393.165279  1.207187075e-18  7.391888938e-34
393.4779249  1.199534819e-18  7.345032381e-34
393.7387739  1.193192079e-18  7.306194304e-34
393.9195339  1.188818895e-18  7.27941627e-34
394  1.186877955e-18  7.267531444e-34
394.0804661  1.18494058e-18  7.255668444e-34
394.2612261  1.180601396e-18  7.229098602e-34
394.5220751  1.174371136e-18  7.190949263e-34
394.834721  1.166952407e-18  7.14552265e-34
395.165279  1.159165936e-18  7.097844266e-34
395.4779249  1.151855138e-18  7.053078539e-34
395.7387739  1.145795223e-18  7.015972262e-34
395.9195339  1.141616933e-18  6.990387613e-34
396  1.139762465e-18  6.979032274e-34
396.0804661  1.137911386e-18  6.967697682e-34
396.2612261  1.133765418e-18  6.942310948e-34
396.5220751  1.127812428e-18  6.905859403e-34
396.834721  1.120723628e-18  6.862453019e-34
397.165279  1.113283165e-18  6.816893324e-34
397.4779249  1.10629698e-18  6.774115277e-34
397.7387739  1.100505946e-18  6.738655422e-34
397.9195339  1.096512948e-18  6.714205358e-34
398  1.094740692e-18  6.703353424e-34
398.0804661  1.092971659e-18  6.692521218e-34
398.2612261  1.089009394e-18  6.668259345e-34
398.5220751  1.083320033e-18  6.633422055e-34
398.834721  1.076544939e-18  6.591936566e-34
399.165279  1.069433484e-18  6.548391466e-34
399.4779249  1.062755976e-18  6.507503519e-34
399.7387739  1.057220632e-18  6.473609316e-34
399.9195339  1.05340384e-18  6.450238207e-34
