#L=3 M=0
#R     Re(V)   Im(V)

0.08046609183  -1.320255296e-06  0
0.2612261349  -4.519847428e-05  0
0.5220750502  -0.0003615048177  0
0.8347210423  -0.001483480858  0
1.165278958  -0.004061170384  0
1.47792495  -0.008349775472  0
1.738773865  -0.01370328307  0
1.919533908  -0.01854901274  0
2  -0.02104135112  0
2.080466092  -0.02375534135  0
2.261226135  -0.03071728832  0
2.52207505  -0.04309500951  0
2.834721042  -0.06207982228  0
3.165278958  -0.08785455787  0
3.47792495  -0.1184410908  0
3.738773865  -0.1491548978  0
3.919533908  -0.1734545392  0
4  -0.1851059804  0
4.080466092  -0.169696056  0
4.261226135  -0.1402297994  0
4.52207505  -0.1076022357  0
4.834721042  -0.07951669675  0
5.165278958  -0.05870758022  0
5.47792495  -0.04470617618  0
5.738773865  -0.03598179961  0
5.919533908  -0.03111871614  0
6  -0.02921011436  0
6.080466092  -0.02744090116  0
6.261226135  -0.02391718666  0
6.52207505  -0.01975109866  0
6.834721042  -0.01586673904  0
7.165278958  -0.01273641729  0
7.47792495  -0.01045584398  0
7.738773865  -0.008934928921  0
7.919533908  -0.008043047179  0
8  -0.007682560306  0
8.080466092  -0.007342454986  0
8.261226135  -0.006645920994  0
8.52207505  -0.005783292988  0
8.834721042  -0.004930202518  0
9.165278958  -0.004197143547  0
9.47792495  -0.003628875181  0
9.738773865  -0.003229095332  0
9.919533908  -0.002985133825  0
10  -0.002884233929  0
10.08046609  -0.002787719001  0
10.26122613  -0.002585716646  0
10.52207505  -0.002326433928  0
10.83472104  -0.00205831925  0
11.16527896  -0.001816726456  0
11.47792495  -0.001620877982  0
11.73877387  -0.001477826881  0
11.91953391  -0.001388104291  0
12  -0.001350411589  0
12.08046609  -0.001314019939  0
12.26122613  -0.001236733167  0
12.52207505  -0.001135143374  0
12.83472104  -0.001026976679  0
13.16527896  -0.0009264738053  0
13.47792495  -0.000842639258  0
13.73877387  -0.0007799289372  0
13.91953391  -0.0007399082862  0
14  -0.0007229286036  0
14.08046609  -0.000706438122  0
14.26122613  -0.0006710903259  0
14.52207505  -0.0006239195606  0
14.83472104  -0.0005727492535  0
15.16527896  -0.0005242583092  0
15.47792495  -0.0004830531664  0
15.73877387  -0.0004517457272  0
15.91953391  -0.0004315350836  0
16  -0.0004229035865  0
16.08046609  -0.0004144875661  0
16.26122613  -0.0003963343946  0
16.52207505  -0.0003718591476  0
16.83472104  -0.0003449660257  0
17.16527896  -0.0003191288386  0
17.47792495  -0.0002968844561  0
17.73877387  -0.0002797933871  0
17.91953391  -0.0002686681439  0
18  -0.0002638939561  0
18.08046609  -0.0002592254535  0
18.26122613  -0.0002491091156  0
18.52207505  -0.0002353653684  0
18.83472104  -0.0002201184525  0
19.16527896  -0.0002053175856  0
19.47792495  -0.0001924470295  0
19.73877387  -0.0001824727901  0
19.91953391  -0.0001759382513  0
20  -0.0001731235864  0
20.08046609  -0.000170364999  0
20.26122613  -0.0001643657161  0
20.52207505  -0.0001561663104  0
20.83472104  -0.0001470009225  0
21.16527896  -0.0001380300084  0
21.47792495  -0.0001301665093  0
21.73877387  -0.0001240302805  0
21.91953391  -0.000119989233  0
22  -0.0001182433343  0
22.08046609  -0.0001165290772  0
22.26122613  -0.0001127900139  0
22.52207505  -0.0001076547099  0
22.83472104  -0.0001018787202  0
23.16527896  -9.618689979e-05  0
23.47792495  -9.116476937e-05  0
23.73877387  -8.722332157e-05  0
23.91953391  -8.461645615e-05  0
24  -8.34873524e-05  0
24.08046609  -8.237701944e-05  0
24.26122613  -7.994928652e-05  0
24.52207505  -7.660138862e-05  0
24.83472104  -7.281624956e-05  0
25.16527896  -6.906506207e-05  0
25.47792495  -6.573688957e-05  0
25.73877387  -6.311228825e-05  0
25.91953391  -6.137006451e-05  0
26  -6.061385885e-05  0
26.08046609  -5.986926495e-05  0
26.26122613  -5.823784721e-05  0
26.52207505  -5.598031008e-05  0
26.83472104  -5.341668681e-05  0
27.16527896  -5.086377643e-05  0
27.47792495  -4.858805781e-05  0
27.73877387  -4.678603346e-05  0
27.91953391  -4.558611792e-05  0
28  -4.506435284e-05  0
28.08046609  -4.455003141e-05  0
28.26122613  -4.342114393e-05  0
28.52207505  -4.185436775e-05  0
28.83472104  -4.006842209e-05  0
29.16527896  -3.828253751e-05  0
29.47792495  -3.668407891e-05  0
29.73877387  -3.541383989e-05  0
29.91953391  -3.45657479e-05  0
30  -3.419638784e-05  0
30.08046609  -3.383194823e-05  0
30.26122613  -3.30308058e-05  0
30.52207505  -3.191604204e-05  0
30.83472104  -3.064115675e-05  0
31.16527896  -2.936169865e-05  0
31.47792495  -2.821245432e-05  0
31.73877387  -2.729635583e-05  0
31.91953391  -2.66832722e-05  0
32  -2.641589549e-05  0
32.08046609  -2.615185943e-05  0
32.26122613  -2.557065033e-05  0
32.52207505  -2.476009234e-05  0
32.83472104  -2.383043263e-05  0
33.16527896  -2.289447202e-05  0
33.47792495  -2.205114398e-05  0
33.73877387  -2.137706457e-05  0
33.91953391  -2.09250135e-05  0
34  -2.072762689e-05  0
34.08046609  -2.053256224e-05  0
34.26122613  -2.010266545e-05  0
34.52207505  -1.950193395e-05  0
34.83472104  -1.881117408e-05  0
35.16527896  -1.811377559e-05  0
35.47792495  -1.748366224e-05  0
35.73877387  -1.697878685e-05  0
35.91953391  -1.66395846e-05  0
36  -1.649131349e-05  0
36.08046609  -1.634469022e-05  0
36.26122613  -1.602120988e-05  0
36.52207505  -1.556838175e-05  0
36.83472104  -1.504650763e-05  0
37.16527896  -1.451829655e-05  0
37.47792495  -1.403987049e-05  0
37.73877387  -1.36557044e-05  0
37.91953391  -1.339717679e-05  0
38  -1.328406109e-05  0
38.08046609  -1.31721367e-05  0
38.26122613  -1.292497514e-05  0
38.52207505  -1.257843351e-05  0
38.83472104  -1.217823895e-05  0
39.16527896  -1.177227378e-05  0
39.47792495  -1.140375773e-05  0
39.73877387  -1.110727179e-05  0
39.91953391  -1.090745432e-05  0
40  -1.081995078e-05  0
40.08046609  -1.073332297e-05  0
40.26122613  -1.054186045e-05  0
40.52207505  -1.027302971e-05  0
40.83472104  -9.962007816e-06  0
41.16527896  -9.645861004e-06  0
41.47792495  -9.35830434e-06  0
41.73877387  -9.126547173e-06  0
41.91953391  -8.970145132e-06  0
42  -8.901600285e-06  0
42.08046609  -8.833708916e-06  0
42.26122613  -8.683541372e-06  0
42.52207505  -8.472419515e-06  0
42.83472104  -8.227757419e-06  0
43.16527896  -7.978606435e-06  0
43.47792495  -7.751576124e-06  0
43.73877387  -7.568308623e-06  0
43.91953391  -7.444479877e-06  0
44  -7.39017197e-06  0
44.08046609  -7.336358386e-06  0
44.26122613  -7.217245656e-06  0
44.52207505  -7.049586779e-06  0
44.83472104  -6.854998478e-06  0
45.16527896  -6.656508069e-06  0
45.47792495  -6.475341658e-06  0
45.73877387  -6.328884615e-06  0
45.91953391  -6.229818091e-06  0
46  -6.186341976e-06  0
46.08046609  -6.14324446e-06  0
46.26122613  -6.047789867e-06  0
46.52207505  -5.91328676e-06  0
46.83472104  -5.756963808e-06  0
47.16527896  -5.597261804e-06  0
47.47792495  -5.451278021e-06  0
47.73877387  -5.333105922e-06  0
47.91953391  -5.253090824e-06  0
48  -5.217954659e-06  0
48.08046609  -5.183111771e-06  0
48.26122613  -5.105894589e-06  0
48.52207505  -4.996982053e-06  0
48.83472104  -4.870240474e-06  0
49.16527896  -4.740577162e-06  0
49.47792495  -4.621887184e-06  0
49.73877387  -4.525691541e-06  0
49.91953391  -4.460496096e-06  0
50  -4.43185184e-06  0
50.08046609  -4.403437149e-06  0
50.26122613  -4.340431774e-06  0
50.52207505  -4.251483833e-06  0
50.83472104  -4.1478541e-06  0
51.16527896  -4.041698055e-06  0
51.47792495  -3.944401552e-06  0
51.73877387  -3.865455885e-06  0
51.91953391  -3.811905365e-06  0
52  -3.788365527e-06  0
52.08046609  -3.765007116e-06  0
52.26122613  -3.713187428e-06  0
52.52207505  -3.639969518e-06  0
52.83472104  -3.554574127e-06  0
53.16527896  -3.466992185e-06  0
53.47792495  -3.386624617e-06  0
53.73877387  -3.3213469e-06  0
53.91953391  -3.277032382e-06  0
54  -3.257543406e-06  0
54.08046609  -3.238199094e-06  0
54.26122613  -3.195264671e-06  0
54.52207505  -3.134553925e-06  0
54.83472104  -3.063675029e-06  0
55.16527896  -2.990900573e-06  0
55.47792495  -2.924047449e-06  0
55.73877387  -2.869694113e-06  0
55.91953391  -2.832768464e-06  0
56  -2.816521965e-06  0
56.08046609  -2.800391771e-06  0
56.26122613  -2.764575656e-06  0
56.52207505  -2.713893876e-06  0
56.83472104  -2.654668641e-06  0
57.16527896  -2.593796752e-06  0
57.47792495  -2.537820648e-06  0
57.73877387  -2.492269614e-06  0
57.91953391  -2.461302638e-06  0
58  -2.447672318e-06  0
58.08046609  -2.434136221e-06  0
58.26122613  -2.404068119e-06  0
58.52207505  -2.361491483e-06  0
58.83472104  -2.311694586e-06  0
59.16527896  -2.260463946e-06  0
59.47792495  -2.213308828e-06  0
59.73877387  -2.174903702e-06  0
59.91953391  -2.148777979e-06  0
60  -2.137274228e-06  0
60.08046609  -2.125847359e-06  0
60.26122613  -2.100455062e-06  0
60.52207505  -2.064476823e-06  0
60.83472104  -2.022363259e-06  0
61.16527896  -1.978998238e-06  0
61.47792495  -1.939047504e-06  0
61.73877387  -1.906484374e-06  0
61.91953391  -1.884319473e-06  0
62  -1.874556318e-06  0
62.08046609  -1.864856313e-06  0
62.26122613  -1.843293849e-06  0
62.52207505  -1.812724134e-06  0
62.83472104  -1.776914311e-06  0
63.16527896  -1.740009329e-06  0
63.47792495  -1.705981685e-06  0
63.73877387  -1.678225947e-06  0
63.91953391  -1.659322692e-06  0
64  -1.650993466e-06  0
64.08046609  -1.642716437e-06  0
64.26122613  -1.624311126e-06  0
64.52207505  -1.598203018e-06  0
64.83472104  -1.567597868e-06  0
65.16527896  -1.536031831e-06  0
65.47792495  -1.506904117e-06  0
65.73877387  -1.483128746e-06  0
65.91953391  -1.466927799e-06  0
66  -1.459787056e-06  0
66.08046609  -1.45268971e-06  0
66.26122613  -1.436902758e-06  0
66.52207505  -1.414497222e-06  0
66.83472104  -1.388214869e-06  0
67.16527896  -1.361087229e-06  0
67.47792495  -1.33603666e-06  0
67.73877387  -1.31557595e-06  0
67.91953391  -1.301626742e-06  0
68  -1.29547668e-06  0
68.08046609  -1.289362898e-06  0
68.26122613  -1.275759793e-06  0
68.52207505  -1.256444257e-06  0
68.83472104  -1.233772323e-06  0
69.16527896  -1.210354862e-06  0
69.47792495  -1.188715413e-06  0
69.73877387  -1.171029999e-06  0
69.91953391  -1.158967219e-06  0
70  -1.153647397e-06  0
70.08046609  -1.148358063e-06  0
70.26122613  -1.136586132e-06  0
70.52207505  -1.119863063e-06  0
70.83472104  -1.100222441e-06  0
71.16527896  -1.079922591e-06  0
71.47792495  -1.061151777e-06  0
71.73877387  -1.045801962e-06  0
71.91953391  -1.035327605e-06  0
72  -1.030707093e-06  0
72.08046609  -1.026112328e-06  0
72.26122613  -1.015883589e-06  0
72.52207505  -1.001346451e-06  0
72.83472104  -9.842635577e-07  0
73.16527896  -9.665962801e-07  0
73.47792495  -9.502496493e-07  0
73.73877387  -9.368748985e-07  0
73.91953391  -9.277444634e-07  0
74  -9.237157987e-07  0
74.08046609  -9.19708978e-07  0
74.26122613  -9.107869263e-07  0
74.52207505  -8.981016487e-07  0
74.83472104  -8.831870127e-07  0
75.16527896  -8.677530648e-07  0
75.47792495  -8.534644634e-07  0
75.73877387  -8.417675317e-07  0
75.91953391  -8.337793173e-07  0
76  -8.30253818e-07  0
76.08046609  -8.267469327e-07  0
76.26122613  -8.189362888e-07  0
76.52207505  -8.078268752e-07  0
76.83472104  -7.947584885e-07  0
77.16527896  -7.812275107e-07  0
77.47792495  -7.686937105e-07  0
77.73877387  -7.584282561e-07  0
77.91953391  -7.514150103e-07  0
78  -7.483191164e-07  0
78.08046609  -7.452391503e-07  0
78.26122613  -7.383778486e-07  0
78.52207505  -7.286151194e-07  0
78.83472104  -7.171254076e-07  0
79.16527896  -7.052226702e-07  0
79.47792495  -6.941913076e-07  0
79.73877387  -6.851521698e-07  0
79.91953391  -6.789745265e-07  0
80  -6.762469238e-07  0
80.08046609  -6.735330042e-07  0
80.26122613  -6.67485891e-07  0
80.52207505  -6.588786242e-07  0
80.83472104  -6.487441802e-07  0
81.16527896  -6.382401309e-07  0
81.47792495  -6.285001859e-07  0
81.73877387  -6.205157019e-07  0
81.91953391  -6.150569919e-07  0
82  -6.126463367e-07  0
82.08046609  -6.102474803e-07  0
82.26122613  -6.049013258e-07  0
82.52207505  -5.972892395e-07  0
82.83472104  -5.883226847e-07  0
83.16527896  -5.790246546e-07  0
83.47792495  -5.703988881e-07  0
83.73877387  -5.633247862e-07  0
83.91953391  -5.584869096e-07  0
84  -5.563500178e-07  0
84.08046609  -5.542233365e-07  0
84.26122613  -5.494828631e-07  0
84.52207505  -5.427310244e-07  0
84.83472104  -5.347745194e-07  0
85.16527896  -5.265201028e-07  0
85.47792495  -5.188590158e-07  0
85.73877387  -5.125735322e-07  0
85.91953391  -5.082736562e-07  0
86  -5.063740548e-07  0
86.08046609  -5.044833195e-07  0
86.26122613  -5.002680215e-07  0
86.52207505  -4.942623667e-07  0
86.83472104  -4.871824069e-07  0
87.16527896  -4.798341493e-07  0
87.47792495  -4.730111301e-07  0
87.73877387  -4.67411084e-07  0
87.91953391  -4.635789871e-07  0
88  -4.618857481e-07  0
88.08046609  -4.602002329e-07  0
88.26122613  -4.564418163e-07  0
88.52207505  -4.510855423e-07  0
88.83472104  -4.447687636e-07  0
89.16527896  -4.382098749e-07  0
89.47792495  -4.321172809e-07  0
89.73877387  -4.271149031e-07  0
89.91953391  -4.236908276e-07  0
90  -4.221776254e-07  0
90.08046609  -4.206711726e-07  0
90.26122613  -4.173114831e-07  0
90.52207505  -4.125221261e-07  0
90.83472104  -4.06871906e-07  0
91.16527896  -4.010027858e-07  0
91.47792495  -3.95548764e-07  0
91.73877387  -3.910691212e-07  0
91.91953391  -3.880020288e-07  0
92  -3.866463735e-07  0
92.08046609  -3.852966338e-07  0
92.26122613  -3.822859726e-07  0
92.52207505  -3.77993031e-07  0
92.83472104  -3.729267218e-07  0
93.16527896  -3.676621274e-07  0
93.47792495  -3.627680225e-07  0
93.73877387  -3.587469162e-07  0
93.91953391  -3.559930636e-07  0
94  -3.547756759e-07  0
94.08046609  -3.535634877e-07  0
94.26122613  -3.508592347e-07  0
94.52207505  -3.470022269e-07  0
94.83472104  -3.424488927e-07  0
95.16527896  -3.37715622e-07  0
95.47792495  -3.333138526e-07  0
95.73877387  -3.296960971e-07  0
95.91953391  -3.272178686e-07  0
96  -3.261221662e-07  0
96.08046609  -3.250310462e-07  0
96.26122613  -3.225965315e-07  0
96.52207505  -3.191234005e-07  0
96.83472104  -3.150219586e-07  0
97.16527896  -3.107569449e-07  0
97.47792495  -3.067892573e-07  0
97.73877387  -3.035272622e-07  0
97.91953391  -3.01292208e-07  0
98  -3.00303883e-07  0
98.08046609  -2.993196071e-07  0
98.26122613  -2.971231797e-07  0
98.52207505  -2.939889786e-07  0
98.83472104  -2.902866659e-07  0
99.16527896  -2.864354055e-07  0
99.47792495  -2.82851431e-07  0
99.73877387  -2.799040296e-07  0
99.91953391  -2.778840708e-07  0
100  -2.7699074e-07  0
100.0804661  -2.761009961e-07  0
100.2612261  -2.741152545e-07  0
100.5220751  -2.712810579e-07  0
100.834721  -2.679321604e-07  0
101.165279  -2.644474094e-07  0
101.4779249  -2.612034677e-07  0
101.7387739  -2.585349452e-07  0
101.9195339  -2.567057135e-07  0
102  -2.558966282e-07  0
102.0804661  -2.55090728e-07  0
102.2612261  -2.532918801e-07  0
102.5220751  -2.507238798e-07  0
102.834721  -2.476886769e-07  0
103.165279  -2.445293667e-07  0
103.4779249  -2.4158747e-07  0
103.7387739  -2.391667534e-07  0
103.9195339  -2.375070414e-07  0
104  -2.367728454e-07  0
104.0804661  -2.360414843e-07  0
104.2612261  -2.344088145e-07  0
104.5220751  -2.320775645e-07  0
104.834721  -2.293214478e-07  0
105.165279  -2.264517795e-07  0
105.4779249  -2.237788001e-07  0
105.7387739  -2.215787817e-07  0
105.9195339  -2.200700826e-07  0
106  -2.194026099e-07  0
106.0804661  -2.187376659e-07  0
106.2612261  -2.172530884e-07  0
106.5220751  -2.151328739e-07  0
106.834721  -2.126256083e-07  0
107.165279  -2.100142943e-07  0
107.4779249  -2.07581267e-07  0
107.7387739  -2.055782363e-07  0
107.9195339  -2.042043581e-07  0
108  -2.035964628e-07  0
108.0804661  -2.02990828e-07  0
108.2612261  -2.016385123e-07  0
108.5220751  -1.997068186e-07  0
108.834721  -1.974219225e-07  0
109.165279  -1.950415479e-07  0
109.4779249  -1.928230827e-07  0
109.7387739  -1.909962484e-07  0
109.9195339  -1.897429891e-07  0
110  -1.891884024e-07  0
110.0804661  -1.886358405e-07  0
110.2612261  -1.874018958e-07  0
110.5220751  -1.856389613e-07  0
110.834721  -1.835531831e-07  0
111.165279  -1.813796677e-07  0
111.4779249  -1.793534545e-07  0
111.7387739  -1.77684541e-07  0
111.9195339  -1.765394134e-07  0
112  -1.760326228e-07  0
112.0804661  -1.755276495e-07  0
112.2612261  -1.743998573e-07  0
112.5220751  -1.727882955e-07  0
112.834721  -1.708811713e-07  0
113.165279  -1.688933139e-07  0
113.4779249  -1.670397024e-07  0
113.7387739  -1.65512608e-07  0
113.9195339  -1.644646075e-07  0
114  -1.640007542e-07  0
114.0804661  -1.63538535e-07  0
114.2612261  -1.625061233e-07  0
114.5220751  -1.61030602e-07  0
114.834721  -1.5928408e-07  0
115.165279  -1.574631717e-07  0
115.4779249  -1.557648156e-07  0
115.7387739  -1.543653216e-07  0
115.9195339  -1.534047282e-07  0
116  -1.529795199e-07  0
116.0804661  -1.525557838e-07  0
116.2612261  -1.516092345e-07  0
116.5220751  -1.502562032e-07  0
116.834721  -1.486543241e-07  0
117.165279  -1.469838189e-07  0
117.4779249  -1.454253719e-07  0
117.7387739  -1.441408954e-07  0
117.9195339  -1.432591054e-07  0
118  -1.428687422e-07  0
118.0804661  -1.424797077e-07  0
118.2612261  -1.416105928e-07  0
118.5220751  -1.403680495e-07  0
118.834721  -1.38896674e-07  0
119.165279  -1.37361908e-07  0
119.4779249  -1.359297647e-07  0
119.7387739  -1.347491468e-07  0
119.9195339  -1.339385284e-07  0
120  -1.335796393e-07  0
120.0804661  -1.332219514e-07  0
120.2612261  -1.324227922e-07  0
120.5220751  -1.312800849e-07  0
120.834721  -1.299266603e-07  0
121.165279  -1.285146105e-07  0
121.4779249  -1.271966845e-07  0
121.7387739  -1.261100092e-07  0
121.9195339  -1.253637792e-07  0
122  -1.250333674e-07  0
122.0804661  -1.247040435e-07  0
122.2612261  -1.239681907e-07  0
122.5220751  -1.229158466e-07  0
122.834721  -1.216692063e-07  0
123.165279  -1.203682846e-07  0
123.4779249  -1.191538173e-07  0
123.7387739  -1.181522557e-07  0
123.9195339  -1.174643732e-07  0
124  -1.171597699e-07  0
124.0804661  -1.168561533e-07  0
124.2612261  -1.161776833e-07  0
124.5220751  -1.152072616e-07  0
124.834721  -1.140574532e-07  0
125.165279  -1.128573281e-07  0
125.4779249  -1.11736725e-07  0
125.7387739  -1.108124014e-07  0
125.9195339  -1.101774764e-07  0
126  -1.098962998e-07  0
126.0804661  -1.096160196e-07  0
126.2612261  -1.089896456e-07  0
126.5220751  -1.080936113e-07  0
126.834721  -1.07031748e-07  0
127.165279  -1.059231914e-07  0
127.4779249  -1.048878802e-07  0
127.7387739  -1.040337559e-07  0
127.9195339  -1.034469706e-07  0
128  -1.031870916e-07  0
128.0804661  -1.029280282e-07  0
128.2612261  -1.02349023e-07  0
128.5220751  -1.015206373e-07  0
128.834721  -1.005387693e-07  0
129.165279  -9.951352394e-08  0
129.4779249  -9.855583185e-08  0
129.7387739  -9.776560537e-08  0
129.9195339  -9.722264567e-08  0
130  -9.698215749e-08  0
130.0804661  -9.674241243e-08  0
130.2612261  -9.620654164e-08  0
130.5220751  -9.543976736e-08  0
130.834721  -9.453077087e-08  0
131.165279  -9.358143524e-08  0
131.4779249  -9.269448282e-08  0
131.7387739  -9.196250285e-08  0
131.9195339  -9.145949892e-08  0
132  -9.123669099e-08  0
132.0804661  -9.101456113e-08  0
132.2612261  -9.051802558e-08  0
132.5220751  -8.98074449e-08  0
132.834721  -8.896492527e-08  0
133.165279  -8.808485378e-08  0
133.4779249  -8.726246254e-08  0
133.7387739  -8.658365235e-08  0
133.9195339  -8.611712726e-08  0
134  -8.59104625e-08  0
134.0804661  -8.570441731e-08  0
134.2612261  -8.524380253e-08  0
134.5220751  -8.458454533e-08  0
134.834721  -8.380275315e-08  0
135.165279  -8.298596916e-08  0
135.4779249  -8.222258112e-08  0
135.7387739  -8.159237279e-08  0
135.9195339  -8.115919751e-08  0
136  -8.096729252e-08  0
136.0804661  -8.07759544e-08  0
136.2612261  -8.034818673e-08  0
136.5220751  -7.973586829e-08  0
136.834721  -7.900962598e-08  0
137.165279  -7.825074594e-08  0
137.4779249  -7.754135341e-08  0
137.7387739  -7.695563038e-08  0
137.9195339  -7.655298459e-08  0
138  -7.63745923e-08  0
138.0804661  -7.619671935e-08  0
138.2612261  -7.579902765e-08  0
138.5220751  -7.522969412e-08  0
138.834721  -7.455433187e-08  0
139.165279  -7.384849901e-08  0
139.4779249  -7.318858318e-08  0
139.7387739  -7.264362998e-08  0
139.9195339  -7.226896773e-08  0
140  -7.210296231e-08  0
140.0804661  -7.193743326e-08  0
140.2612261  -7.156731535e-08  0
140.5220751  -7.103739603e-08  0
140.834721  -7.040869566e-08  0
141.165279  -6.975152189e-08  0
141.4779249  -6.913699908e-08  0
141.7387739  -6.862945728e-08  0
141.9195339  -6.828047691e-08  0
142  -6.812584044e-08  0
142.0804661  -6.797164148e-08  0
142.2612261  -6.762683468e-08  0
142.5220751  -6.713310018e-08  0
142.834721  -6.654724592e-08  0
143.165279  -6.593476084e-08  0
143.4779249  -6.536193523e-08  0
143.7387739  -6.488876478e-08  0
143.9195339  -6.456338249e-08  0
144  -6.441919332e-08  0
144.0804661  -6.427540645e-08  0
144.2612261  -6.395386179e-08  0
144.5220751  -6.349338723e-08  0
144.834721  -6.294692244e-08  0
145.165279  -6.237552852e-08  0
145.4779249  -6.184105064e-08  0
145.7387739  -6.139949583e-08  0
145.9195339  -6.109582244e-08  0
146  -6.096124492e-08  0
146.0804661  -6.082703775e-08  0
146.2612261  -6.052689718e-08  0
146.5220751  -6.009702983e-08  0
146.834721  -5.958681887e-08  0
147.165279  -5.905325198e-08  0
147.4779249  -5.855408208e-08  0
147.7387739  -5.814164153e-08  0
147.9195339  -5.785796198e-08  0
148  -5.773223742e-08  0
148.0804661  -5.760685417e-08  0
148.2612261  -5.732643049e-08  0
148.5220751  -5.692476121e-08  0
148.834721  -5.644795583e-08  0
149.165279  -5.594925036e-08  0
149.4779249  -5.548262613e-08  0
149.7387739  -5.509702636e-08  0
149.9195339  -5.483178159e-08  0
150  -5.471422025e-08  0
150.0804661  -5.459697381e-08  0
150.2612261  -5.433473297e-08  0
150.5220751  -5.395907096e-08  0
150.834721  -5.35130806e-08  0
151.165279  -5.304653868e-08  0
151.4779249  -5.260994668e-08  0
151.7387739  -5.224911863e-08  0
151.9195339  -5.200088959e-08  0
152  -5.189086362e-08  0
152.0804661  -5.17811285e-08  0
152.2612261  -5.15356739e-08  0
152.5220751  -5.11840244e-08  0
152.834721  -5.076648986e-08  0
153.165279  -5.03296541e-08  0
153.4779249  -4.992080446e-08  0
153.7387739  -4.95828628e-08  0
153.9195339  -4.935035626e-08  0
154  -4.924729343e-08  0
154.0804661  -4.91444995e-08  0
154.2612261  -4.891455811e-08  0
154.5220751  -4.85851026e-08  0
154.834721  -4.819387274e-08  0
155.165279  -4.778450202e-08  0
155.4779249  -4.740130599e-08  0
155.7387739  -4.708453068e-08  0
155.9195339  -4.686656664e-08  0
156  -4.676994478e-08  0
156.0804661  -4.667357178e-08  0
156.2612261  -4.64579818e-08  0
156.5220751  -4.614906041e-08  0
156.834721  -4.578217144e-08  0
157.165279  -4.539821943e-08  0
157.4779249  -4.503876946e-08  0
157.7387739  -4.47415894e-08  0
157.9195339  -4.45370899e-08  0
158  -4.444643196e-08  0
158.0804661  -4.435600457e-08  0
158.2612261  -4.415370443e-08  0
158.5220751  -4.386380035e-08  0
158.834721  -4.351945741e-08  0
159.165279  -4.315905347e-08  0
159.4779249  -4.282160546e-08  0
159.7387739  -4.254258394e-08  0
159.9195339  -4.23505631e-08  0
160  -4.226543274e-08  0
160.0804661  -4.218051618e-08  0
160.2612261  -4.19905348e-08  0
160.5220751  -4.171826033e-08  0
160.834721  -4.13948211e-08  0
161.165279  -4.105625325e-08  0
161.4779249  -4.073921073e-08  0
161.7387739  -4.047703244e-08  0
161.9195339  -4.029658757e-08  0
162  -4.021658525e-08  0
162.0804661  -4.013678138e-08  0
162.2612261  -3.995822949e-08  0
162.5220751  -3.970231363e-08  0
162.834721  -3.939827367e-08  0
163.165279  -3.907997339e-08  0
163.4779249  -3.878187342e-08  0
163.7387739  -3.853533288e-08  0
163.9195339  -3.836563657e-08  0
164  -3.829039604e-08  0
164.0804661  -3.821533987e-08  0
164.2612261  -3.804740219e-08  0
164.5220751  -3.780667959e-08  0
164.834721  -3.752065927e-08  0
165.165279  -3.722118793e-08  0
165.4779249  -3.694068847e-08  0
165.7387739  -3.670867966e-08  0
165.9195339  -3.654897268e-08  0
166  -3.647815786e-08  0
166.0804661  -3.640751445e-08  0
166.2612261  -3.624944274e-08  0
166.5220751  -3.602284375e-08  0
166.834721  -3.575357657e-08  0
167.165279  -3.547161328e-08  0
167.4779249  -3.520748194e-08  0
167.7387739  -3.498898903e-08  0
167.9195339  -3.483857398e-08  0
168  -3.477187611e-08  0
168.0804661  -3.470533778e-08  0
168.2612261  -3.455644462e-08  0
168.5220751  -3.434298643e-08  0
168.834721  -3.408930853e-08  0
169.165279  -3.382363924e-08  0
169.4779249  -3.357474313e-08  0
169.7387739  -3.336883219e-08  0
169.9195339  -3.322706783e-08  0
170  -3.316420301e-08  0
170.0804661  -3.31014868e-08  0
170.2612261  -3.296114001e-08  0
170.5220751  -3.275991869e-08  0
170.834721  -3.252075946e-08  0
171.165279  -3.227026722e-08  0
171.4779249  -3.203556387e-08  0
171.7387739  -3.184137539e-08  0
171.9195339  -3.170767151e-08  0
172  -3.164837843e-08  0
172.0804661  -3.158922388e-08  0
172.2612261  -3.145684149e-08  0
172.5220751  -3.126702481e-08  0
172.834721  -3.104139845e-08  0
173.165279  -3.080505462e-08  0
173.4779249  -3.058358386e-08  0
173.7387739  -3.040032606e-08  0
173.9195339  -3.027413889e-08  0
174  -3.021817677e-08  0
174.0804661  -3.01623439e-08  0
174.2612261  -3.003738967e-08  0
174.5220751  -2.985821069e-08  0
174.834721  -2.964520861e-08  0
175.165279  -2.942206498e-08  0
175.4779249  -2.921294156e-08  0
175.7387739  -2.903988436e-08  0
175.9195339  -2.892071247e-08  0
176  -2.886785926e-08  0
176.0804661  -2.881512673e-08  0
176.2612261  -2.869710607e-08  0
176.5220751  -2.852785737e-08  0
176.834721  -2.832664135e-08  0
177.165279  -2.811582302e-08  0
177.4779249  -2.791823002e-08  0
177.7387739  -2.77546996e-08  0
177.9195339  -2.764208014e-08  0
178  -2.759213087e-08  0
178.0804661  -2.754229438e-08  0
178.2612261  -2.743075068e-08  0
178.5220751  -2.727077911e-08  0
178.834721  -2.708057517e-08  0
179.165279  -2.688127416e-08  0
179.4779249  -2.669445702e-08  0
179.7387739  -2.653983092e-08  0
179.9195339  -2.643333628e-08  0
180  -2.638610159e-08  0
180.0804661  -2.633897235e-08  0
180.2612261  -2.623348372e-08  0
180.5220751  -2.60821857e-08  0
180.834721  -2.590227849e-08  0
181.165279  -2.571374793e-08  0
181.4779249  -2.55370091e-08  0
181.7387739  -2.539071179e-08  0
181.9195339  -2.528994658e-08  0
182  -2.524525132e-08  0
182.0804661  -2.520065477e-08  0
182.2612261  -2.510083103e-08  0
182.5220751  -2.49576483e-08  0
182.834721  -2.478737611e-08  0
183.165279  -2.460892505e-08  0
183.4779249  -2.444161907e-08  0
183.7387739  -2.430311797e-08  0
183.9195339  -2.420771623e-08  0
184  -2.416539835e-08  0
184.0804661  -2.412317289e-08  0
184.2612261  -2.402865287e-08  0
184.5220751  -2.389306866e-08  0
184.834721  -2.373181887e-08  0
185.165279  -2.356280751e-08  0
185.4779249  -2.340433665e-08  0
185.7387739  -2.327313847e-08  0
185.9195339  -2.318276126e-08  0
186  -2.314267059e-08  0
186.0804661  -2.310266655e-08  0
186.2612261  -2.301311567e-08  0
186.5220751  -2.288465119e-08  0
186.834721  -2.273185613e-08  0
187.165279  -2.257169156e-08  0
187.4779249  -2.242150181e-08  0
187.7387739  -2.229714931e-08  0
187.9195339  -2.221148238e-08  0
188  -2.217347974e-08  0
188.0804661  -2.213555835e-08  0
188.2612261  -2.20506664e-08  0
188.5220751  -2.192887768e-08  0
188.834721  -2.178401094e-08  0
189.165279  -2.163214323e-08  0
189.4779249  -2.148972069e-08  0
189.7387739  -2.137178968e-08  0
189.9195339  -2.12905415e-08  0
190  -2.125449774e-08  0
190.0804661  -2.121853022e-08  0
190.2612261  -2.113800935e-08  0
190.5220751  -2.10224844e-08  0
190.834721  -2.088505739e-08  0
191.165279  -2.07409761e-08  0
191.4779249  -2.060584369e-08  0
191.7387739  -2.049394033e-08  0
191.9195339  -2.04168402e-08  0
192  -2.038263539e-08  0
192.0804661  -2.034850218e-08  0
192.2612261  -2.027208506e-08  0
192.5220751  -2.016244124e-08  0
192.834721  -2.003200015e-08  0
193.165279  -1.98952311e-08  0
193.4779249  -1.976694559e-08  0
193.7387739  -1.966070393e-08  0
193.9195339  -1.958750029e-08  0
194  -1.955502299e-08  0
194.0804661  -1.952261297e-08  0
194.2612261  -1.945005117e-08  0
194.5220751  -1.934593283e-08  0
194.834721  -1.922205583e-08  0
195.165279  -1.909215818e-08  0
195.4779249  -1.897030745e-08  0
195.7387739  -1.886938721e-08  0
195.9195339  -1.879984613e-08  0
196  -1.876899269e-08  0
196.0804661  -1.873820251e-08  0
196.2612261  -1.866926496e-08  0
196.5220751  -1.857034131e-08  0
196.834721  -1.845263597e-08  0
197.165279  -1.832919959e-08  0
197.4779249  -1.821340019e-08  0
197.7387739  -1.811748469e-08  0
197.9195339  -1.805138847e-08  0
198  -1.802206242e-08  0
198.0804661  -1.79927959e-08  0
198.2612261  -1.792726753e-08  0
198.5220751  -1.783323064e-08  0
198.834721  -1.772133164e-08  0
199.165279  -1.760397467e-08  0
199.4779249  -1.749386952e-08  0
199.7387739  -1.740266389e-08  0
199.9195339  -1.733980975e-08  0
200  -1.731192125e-08  0
200.0804661  -1.72840888e-08  0
200.2612261  -1.722176929e-08  0
200.5220751  -1.713233232e-08  0
200.834721  -1.702589932e-08  0
201.165279  -1.691426597e-08  0
201.4779249  -1.680952236e-08  0
201.7387739  -1.672275175e-08  0
201.9195339  -1.666295073e-08  0
202  -1.663641605e-08  0
202.0804661  -1.660993416e-08  0
202.2612261  -1.655063678e-08  0
202.5220751  -1.646553234e-08  0
202.834721  -1.636424806e-08  0
203.165279  -1.625800659e-08  0
203.4779249  -1.615831425e-08  0
203.7387739  -1.607572239e-08  0
203.9195339  -1.601879824e-08  0
204  -1.599353926e-08  0
204.0804661  -1.596833006e-08  0
204.2612261  -1.591188064e-08  0
204.5220751  -1.58308593e-08  0
204.834721  -1.573442771e-08  0
205.165279  -1.563326862e-08  0
205.4779249  -1.553833804e-08  0
205.7387739  -1.545968574e-08  0
205.9195339  -1.540547396e-08  0
206  -1.538141781e-08  0
206.0804661  -1.535740858e-08  0
206.2612261  -1.530364455e-08  0
206.5220751  -1.522647348e-08  0
206.834721  -1.513461825e-08  0
207.165279  -1.503825255e-08  0
207.4779249  -1.494781338e-08  0
207.7387739  -1.487287729e-08  0
207.9195339  -1.482122426e-08  0
208  -1.479830284e-08  0
208.0804661  -1.477542571e-08  0
208.2612261  -1.472419521e-08  0
208.5220751  -1.465065692e-08  0
208.834721  -1.456311988e-08  0
209.165279  -1.447127758e-08  0
209.4779249  -1.438507722e-08  0
209.7387739  -1.431364861e-08  0
209.9195339  -1.426441078e-08  0
210  -1.424256046e-08  0
210.0804661  -1.422075196e-08  0
210.2612261  -1.417191307e-08  0
210.5220751  -1.410180426e-08  0
210.834721  -1.401834409e-08  0
211.165279  -1.393077278e-08  0
211.4779249  -1.384857505e-08  0
211.7387739  -1.378045874e-08  0
211.9195339  -1.373350184e-08  0
212  -1.371266312e-08  0
212.0804661  -1.369186391e-08  0
212.2612261  -1.36452839e-08  0
212.5220751  -1.357841443e-08  0
212.834721  -1.349880539e-08  0
213.165279  -1.341526893e-08  0
213.4779249  -1.333685286e-08  0
213.7387739  -1.327186623e-08  0
213.9195339  -1.322706464e-08  0
214  -1.320718183e-08  0
214.0804661  -1.318733637e-08  0
214.2612261  -1.314289103e-08  0
214.5220751  -1.307908294e-08  0
214.834721  -1.300311374e-08  0
215.165279  -1.292339108e-08  0
215.4779249  -1.284854979e-08  0
215.7387739  -1.278652188e-08  0
215.9195339  -1.274375796e-08  0
216  -1.272477893e-08  0
216.0804661  -1.270583522e-08  0
216.2612261  -1.266340821e-08  0
216.5220751  -1.260249484e-08  0
216.834721  -1.25299676e-08  0
217.165279  -1.24538517e-08  0
217.4779249  -1.238239142e-08  0
217.7387739  -1.232316202e-08  0
217.9195339  -1.228232557e-08  0
218  -1.226420147e-08  0
218.0804661  -1.224611078e-08  0
218.2612261  -1.220559311e-08  0
218.5220751  -1.214741831e-08  0
218.834721  -1.207814757e-08  0
219.165279  -1.200544438e-08  0
219.4779249  -1.193718346e-08  0
219.7387739  -1.188060244e-08  0
219.9195339  -1.184159013e-08  0
220  -1.182427515e-08  0
220.0804661  -1.180699181e-08  0
220.2612261  -1.176828129e-08  0
220.5220751  -1.171269863e-08  0
220.834721  -1.16465105e-08  0
221.165279  -1.157703805e-08  0
221.4779249  -1.151180613e-08  0
221.7387739  -1.145773263e-08  0
221.9195339  -1.142044757e-08  0
222  -1.140389875e-08  0
222.0804661  -1.13873799e-08  0
222.2612261  -1.135038067e-08  0
222.5220751  -1.129725277e-08  0
222.834721  -1.123398409e-08  0
223.165279  -1.116757162e-08  0
223.4779249  -1.110520883e-08  0
223.7387739  -1.105351069e-08  0
223.9195339  -1.10178619e-08  0
224  -1.100203893e-08  0
224.0804661  -1.098624434e-08  0
224.2612261  -1.095086642e-08  0
224.5220751  -1.090006433e-08  0
224.834721  -1.083956194e-08  0
225.165279  -1.077604912e-08  0
225.4779249  -1.071640536e-08  0
225.7387739  -1.066695845e-08  0
225.9195339  -1.063286052e-08  0
226  -1.061772551e-08  0
226.0804661  -1.060261743e-08  0
226.2612261  -1.056877629e-08  0
226.5220751  -1.05201789e-08  0
226.834721  -1.046229891e-08  0
227.165279  -1.040153514e-08  0
227.4779249  -1.034446939e-08  0
227.7387739  -1.029715709e-08  0
227.9195339  -1.026452976e-08  0
228  -1.025004714e-08  0
228.0804661  -1.023559005e-08  0
228.2612261  -1.020320629e-08  0
228.5220751  -1.015669977e-08  0
228.834721  -1.010130695e-08  0
229.165279  -1.004315069e-08  0
229.4779249  -9.988530361e-09  0
229.7387739  -9.943243044e-09  0
229.9195339  -9.912010855e-09  0
230  -9.898147162e-09  0
230.0804661  -9.8843077e-09  0
230.2612261  -9.853306647e-09  0
230.5220751  -9.808783968e-09  0
230.834721  -9.755751178e-09  0
231.165279  -9.700069282e-09  0
231.4779249  -9.647769709e-09  0
231.7387739  -9.604404254e-09  0
231.9195339  -9.574496228e-09  0
232  -9.561219994e-09  0
232.0804661  -9.547966763e-09  0
232.2612261  -9.518278172e-09  0
232.5220751  -9.475638647e-09  0
232.834721  -9.424846244e-09  0
233.165279  -9.371513455e-09  0
233.4779249  -9.321417307e-09  0
233.7387739  -9.279876671e-09  0
233.9195339  -9.251226005e-09  0
234  -9.23850761e-09  0
234.0804661  -9.225811064e-09  0
234.2612261  -9.197368818e-09  0
234.5220751  -9.156517671e-09  0
234.834721  -9.107853033e-09  0
235.165279  -9.056751425e-09  0
235.4779249  -9.008748236e-09  0
235.7387739  -8.968941043e-09  0
235.9195339  -8.941484837e-09  0
236  -8.929296388e-09  0
236.0804661  -8.917128701e-09  0
236.2612261  -8.889870539e-09  0
236.5220751  -8.85071851e-09  0
236.834721  -8.804075567e-09  0
237.165279  -8.755094061e-09  0
237.4779249  -8.709079775e-09  0
237.7387739  -8.670919943e-09  0
237.9195339  -8.644598934e-09  0
238  -8.632914154e-09  0
238.0804661  -8.62124911e-09  0
238.2612261  -8.595116368e-09  0
238.5220751  -8.557579353e-09  0
238.834721  -8.512858151e-09  0
239.165279  -8.465892069e-09  0
239.4779249  -8.421768612e-09  0
239.7387739  -8.385175008e-09  0
239.9195339  -8.359933337e-09  0
240  -8.348727455e-09  0
240.0804661  -8.337540342e-09  0
240.2612261  -8.312477718e-09  0
240.5220751  -8.276476431e-09  0
240.834721  -8.233582736e-09  0
241.165279  -8.188533377e-09  0
241.4779249  -8.146208275e-09  0
241.7387739  -8.111104387e-09  0
241.9195339  -8.086889374e-09  0
242  -8.076139029e-09  0
242.0804661  -8.065406541e-09  0
242.2612261  -8.041361879e-09  0
242.5220751  -8.006821537e-09  0
242.834721  -7.965666461e-09  0
243.165279  -7.922440721e-09  0
243.4779249  -7.88182673e-09  0
243.7387739  -7.848140372e-09  0
243.9195339  -7.824902315e-09  0
244  -7.814585464e-09  0
244.0804661  -7.80428561e-09  0
244.2612261  -7.781209695e-09  0
244.5220751  -7.74805973e-09  0
244.834721  -7.708559388e-09  0
245.165279  -7.667069395e-09  0
245.4779249  -7.628084171e-09  0
245.7387739  -7.595747206e-09  0
245.9195339  -7.573439185e-09  0
246  -7.563535021e-09  0
246.0804661  -7.553647041e-09  0
246.2612261  -7.531493412e-09  0
246.5220751  -7.4996672e-09  0
246.834721  -7.461742393e-09  0
247.165279  -7.421905174e-09  0
247.4779249  -7.38447096e-09  0
247.7387739  -7.353419041e-09  0
247.9195339  -7.331996746e-09  0
248  -7.322485616e-09  0
248.0804661  -7.312989903e-09  0
248.2612261  -7.291714678e-09  0
248.5220751  -7.261149291e-09  0
248.834721  -7.224725205e-09  0
249.165279  -7.186462381e-09  0
249.4779249  -7.150505714e-09  0
249.7387739  -7.120678045e-09  0
249.9195339  -7.100099608e-09  0
250  -7.090962944e-09  0
250.0804661  -7.081840972e-09  0
250.2612261  -7.061402686e-09  0
250.5220751  -7.032038657e-09  0
250.834721  -6.997044591e-09  0
251.165279  -6.960282083e-09  0
251.4779249  -6.925733531e-09  0
251.7387739  -6.897072644e-09  0
251.9195339  -6.87729849e-09  0
252  -6.868518738e-09  0
252.0804661  -6.859752993e-09  0
252.2612261  -6.840112446e-09  0
252.5220751  -6.811893555e-09  0
252.834721  -6.778262665e-09  0
253.165279  -6.742930429e-09  0
253.4779249  -6.709724334e-09  0
253.7387739  -6.682175887e-09  0
253.9195339  -6.663168587e-09  0
254  -6.654729147e-09  0
254.0804661  -6.646303065e-09  0
254.2612261  -6.627423183e-09  0
254.5220751  -6.600296257e-09  0
254.834721  -6.567965314e-09  0
255.165279  -6.533997092e-09  0
255.4779249  -6.502071341e-09  0
255.7387739  -6.475583921e-09  0
255.9195339  -6.457308063e-09  0
256  -6.449193228e-09  0
256.0804661  -6.441091137e-09  0
256.2612261  -6.42293684e-09  0
256.5220751  -6.396851563e-09  0
256.834721  -6.365760733e-09  0
257.165279  -6.333093821e-09  0
257.4779249  -6.302389629e-09  0
257.7387739  -6.276914572e-09  0
257.9195339  -6.259336638e-09  0
258  -6.251531541e-09  0
258.0804661  -6.243738606e-09  0
258.2612261  -6.226276687e-09  0
258.5220751  -6.201185428e-09  0
258.834721  -6.171278068e-09  0
259.165279  -6.139853098e-09  0
259.4779249  -6.110314804e-09  0
259.7387739  -6.085806032e-09  0
259.9195339  -6.068894282e-09  0
260  -6.061384843e-09  0
260.0804661  -6.053887015e-09  0
260.2612261  -6.037086028e-09  0
260.5220751  -6.012943678e-09  0
260.834721  -5.984166137e-09  0
261.165279  -5.953926879e-09  0
261.4779249  -5.925501758e-09  0
261.7387739  -5.901915621e-09  0
261.9195339  -5.885639987e-09  0
262  -5.878412867e-09  0
262.0804661  -5.871196837e-09  0
262.2612261  -5.855026989e-09  0
262.5220751  -5.831790807e-09  0
262.834721  -5.804092254e-09  0
263.165279  -5.774985424e-09  0
263.4779249  -5.747623513e-09  0
263.7387739  -5.724918644e-09  0
263.9195339  -5.709250628e-09  0
264  -5.702293187e-09  0
264.0804661  -5.695346341e-09  0
264.2612261  -5.679779392e-09  0
264.5220751  -5.65740887e-09  0
264.834721  -5.63074112e-09  0
265.165279  -5.602716206e-09  0
265.4779249  -5.576370138e-09  0
265.7387739  -5.554507318e-09  0
265.9195339  -5.539419901e-09  0
266  -5.532720153e-09  0
266.0804661  -5.526030531e-09  0
266.2612261  -5.511039707e-09  0
266.5220751  -5.48949643e-09  0
266.834721  -5.46381379e-09  0
267.165279  -5.436822893e-09  0
267.4779249  -5.411447745e-09  0
267.7387739  -5.390389776e-09  0
267.9195339  -5.375857331e-09  0
268  -5.369403906e-09  0
268.0804661  -5.362960162e-09  0
268.2612261  -5.348520065e-09  0
268.5220751  -5.327767596e-09  0
268.834721  -5.303026719e-09  0
269.165279  -5.277024391e-09  0
269.4779249  -5.252577542e-09  0
269.7387739  -5.232289128e-09  0
269.9195339  -5.218287338e-09  0
270  -5.212069449e-09  0
270.0804661  -5.205860818e-09  0
270.2612261  -5.191947347e-09  0
270.5220751  -5.171951104e-09  0
270.834721  -5.148110852e-09  0
271.165279  -5.123053962e-09  0
271.4779249  -5.099494956e-09  0
271.7387739  -5.079942596e-09  0
271.9195339  -5.066448377e-09  0
272  -5.060455782e-09  0
272.0804661  -5.054472045e-09  0
272.2612261  -5.041062319e-09  0
272.5220751  -5.021789475e-09  0
272.834721  -4.998810791e-09  0
273.165279  -4.974658387e-09  0
273.4779249  -4.951948811e-09  0
273.7387739  -4.933100691e-09  0
273.9195339  -4.920092123e-09  0
274  -4.914315097e-09  0
274.0804661  -4.908546549e-09  0
274.2612261  -4.89561884e-09  0
274.5220751  -4.877038216e-09  0
274.834721  -4.854884005e-09  0
275.165279  -4.831597189e-09  0
275.4779249  -4.809700554e-09  0
275.7387739  -4.791526454e-09  0
275.9195339  -4.778982713e-09  0
276  -4.773412019e-09  0
276.0804661  -4.767849439e-09  0
276.2612261  -4.755383105e-09  0
276.5220751  -4.737465079e-09  0
276.834721  -4.716100096e-09  0
277.165279  -4.693641908e-09  0
277.4779249  -4.672523542e-09  0
277.7387739  -4.654994744e-09  0
277.9195339  -4.642896041e-09  0
278  -4.637522897e-09  0
278.0804661  -4.632157523e-09  0
278.2612261  -4.620132945e-09  0
278.5220751  -4.602849364e-09  0
278.834721  -4.58224011e-09  0
279.165279  -4.560575417e-09  0
279.4779249  -4.540202362e-09  0
279.7387739  -4.523291565e-09  0
279.9195339  -4.511619086e-09  0
280  -4.506435144e-09  0
280.0804661  -4.501258646e-09  0
280.2612261  -4.489657172e-09  0
280.5220751  -4.472981269e-09  0
280.834721  -4.453095891e-09  0
281.165279  -4.432191287e-09  0
281.4779249  -4.412532199e-09  0
281.7387739  -4.396213441e-09  0
281.9195339  -4.384949293e-09  0
282  -4.379946616e-09  0
282.0804661  -4.374951071e-09  0
282.2612261  -4.36375496e-09  0
282.5220751  -4.347661276e-09  0
282.834721  -4.328469478e-09  0
283.165279  -4.308293185e-09  0
283.4779249  -4.289318249e-09  0
283.7387739  -4.27356683e-09  0
283.9195339  -4.262693993e-09  0
284  -4.257865027e-09  0
284.0804661  -4.253042897e-09  0
284.2612261  -4.242235272e-09  0
284.5220751  -4.226699583e-09  0
284.834721  -4.208172536e-09  0
285.165279  -4.188694317e-09  0
285.4779249  -4.17037516e-09  0
285.7387739  -4.155167576e-09  0
285.9195339  -4.144669849e-09  0
286  -4.140007406e-09  0
286.0804661  -4.135351517e-09  0
286.2612261  -4.124916313e-09  0
286.5220751  -4.109915563e-09  0
286.834721  -4.092025828e-09  0
287.165279  -4.0732169e-09  0
287.4779249  -4.055526513e-09  0
287.7387739  -4.040840386e-09  0
287.9195339  -4.030702346e-09  0
288  -4.026199583e-09  0
288.0804661  -4.021703105e-09  0
288.2612261  -4.011625028e-09  0
288.5220751  -3.997137266e-09  0
288.834721  -3.979858715e-09  0
289.165279  -3.96169167e-09  0
289.4779249  -3.944604331e-09  0
289.7387739  -3.930418351e-09  0
289.9195339  -3.920625311e-09  0
290  -3.916275709e-09  0
290.0804661  -3.911932138e-09  0
290.2612261  -3.902196621e-09  0
290.5220751  -3.888200938e-09  0
290.834721  -3.871508686e-09  0
291.165279  -3.853957416e-09  0
291.4779249  -3.837448624e-09  0
291.7387739  -3.823742491e-09  0
291.9195339  -3.814280457e-09  0
292  -3.810077808e-09  0
292.0804661  -3.805880945e-09  0
292.2612261  -3.796474111e-09  0
292.5220751  -3.782950587e-09  0
292.834721  -3.766820921e-09  0
293.165279  -3.749860548e-09  0
293.4779249  -3.733906956e-09  0
293.7387739  -3.720661323e-09  0
293.9195339  -3.71151696e-09  0
294  -3.707455346e-09  0
294.0804661  -3.703399285e-09  0
294.2612261  -3.694307907e-09  0
294.5220751  -3.681237556e-09  0
294.834721  -3.665647875e-09  0
295.165279  -3.649254688e-09  0
295.4779249  -3.633834039e-09  0
295.7387739  -3.621030465e-09  0
295.9195339  -3.61219106e-09  0
296  -3.608264839e-09  0
296.0804661  -3.60434395e-09  0
296.2612261  -3.595555418e-09  0
296.5220751  -3.582920138e-09  0
296.834721  -3.567848894e-09  0
297.165279  -3.552000283e-09  0
297.4779249  -3.537091356e-09  0
297.7387739  -3.524712254e-09  0
297.9195339  -3.516165684e-09  0
298  -3.512369475e-09  0
298.0804661  -3.508578389e-09  0
298.2612261  -3.500080677e-09  0
298.5220751  -3.487863205e-09  0
298.834721  -3.473289847e-09  0
299.165279  -3.457964246e-09  0
299.4779249  -3.443546797e-09  0
299.7387739  -3.431575392e-09  0
299.9195339  -3.423310093e-09  0
300  -3.419638765e-09  0
300.0804661  -3.415972358e-09  0
300.2612261  -3.407753995e-09  0
300.5220751  -3.395937861e-09  0
300.834721  -3.381842781e-09  0
301.165279  -3.367019614e-09  0
301.4779249  -3.353074331e-09  0
301.7387739  -3.341494615e-09  0
301.9195339  -3.333499552e-09  0
302  -3.329948207e-09  0
302.0804661  -3.326401591e-09  0
302.2612261  -3.318451629e-09  0
302.5220751  -3.307021116e-09  0
302.834721  -3.293385601e-09  0
303.165279  -3.279045233e-09  0
303.4779249  -3.265553678e-09  0
303.7387739  -3.254350374e-09  0
303.9195339  -3.246615012e-09  0
304  -3.243178976e-09  0
304.0804661  -3.239747485e-09  0
304.2612261  -3.232055473e-09  0
304.5220751  -3.220995579e-09  0
304.834721  -3.207801764e-09  0
305.165279  -3.193925446e-09  0
305.4779249  -3.180870021e-09  0
305.7387739  -3.170028541e-09  0
305.9195339  -3.162542823e-09  0
306  -3.159217632e-09  0
306.0804661  -3.15589681e-09  0
306.2612261  -3.14845277e-09  0
306.5220751  -3.137749166e-09  0
306.834721  -3.124979994e-09  0
307.165279  -3.111549823e-09  0
307.4779249  -3.098913718e-09  0
307.7387739  -3.088420128e-09  0
307.9195339  -3.081174449e-09  0
308  -3.077955839e-09  0
308.0804661  -3.074741431e-09  0
308.2612261  -3.067535832e-09  0
308.5220751  -3.057174834e-09  0
308.834721  -3.044814008e-09  0
309.165279  -3.03181288e-09  0
309.4779249  -3.019580037e-09  0
309.7387739  -3.009421028e-09  0
309.9195339  -3.002406209e-09  0
310  -2.999290108e-09  0
310.0804661  -2.996178049e-09  0
310.2612261  -2.989201783e-09  0
310.5220751  -2.979170315e-09  0
310.834721  -2.967202265e-09  0
311.165279  -2.954613838e-09  0
311.4779249  -2.942768912e-09  0
311.7387739  -2.932931763e-09  0
311.9195339  -2.926139034e-09  0
312  -2.923121548e-09  0
312.0804661  -2.920107951e-09  0
312.2612261  -2.913352317e-09  0
312.5220751  -2.903637881e-09  0
312.834721  -2.892047726e-09  0
313.165279  -2.879856378e-09  0
313.4779249  -2.8683847e-09  0
313.7387739  -2.858857252e-09  0
313.9195339  -2.852278229e-09  0
314  -2.849355637e-09  0
314.0804661  -2.846436787e-09  0
314.2612261  -2.839893463e-09  0
314.5220751  -2.830484113e-09  0
314.834721  -2.819257623e-09  0
315.165279  -2.807448418e-09  0
315.4779249  -2.796335963e-09  0
315.7387739  -2.78710659e-09  0
315.9195339  -2.780733254e-09  0
316  -2.777901997e-09  0
316.0804661  -2.775074343e-09  0
316.2612261  -2.768735372e-09  0
316.5220751  -2.759619682e-09  0
316.834721  -2.74874325e-09  0
317.165279  -2.737301905e-09  0
317.4779249  -2.726535259e-09  0
317.7387739  -2.717592838e-09  0
317.9195339  -2.711417522e-09  0
318  -2.708674197e-09  0
318.0804661  -2.70593434e-09  0
318.2612261  -2.699792112e-09  0
318.5220751  -2.690959151e-09  0
318.834721  -2.680419761e-09  0
319.165279  -2.669332609e-09  0
319.4779249  -2.658898939e-09  0
319.7387739  -2.650232831e-09  0
319.9195339  -2.644248197e-09  0
320  -2.641589546e-09  0
320.0804661  -2.638934236e-09  0
320.2612261  -2.632981468e-09  0
320.5220751  -2.62442078e-09  0
320.834721  -2.614205974e-09  0
321.165279  -2.60345994e-09  0
321.4779249  -2.593346964e-09  0
321.7387739  -2.584946987e-09  0
321.9195339  -2.579146013e-09  0
322  -2.57656892e-09  0
322.0804661  -2.573995044e-09  0
322.2612261  -2.568224767e-09  0
322.5220751  -2.559926342e-09  0
322.834721  -2.5500242e-09  0
323.165279  -2.539606766e-09  0
323.4779249  -2.529802727e-09  0
323.7387739  -2.521659135e-09  0
323.9195339  -2.516035098e-09  0
324  -2.513536578e-09  0
324.0804661  -2.511041159e-09  0
324.2612261  -2.5054467e-09  0
324.5220751  -2.497400955e-09  0
324.834721  -2.487800062e-09  0
325.165279  -2.477699243e-09  0
325.4779249  -2.468192887e-09  0
325.7387739  -2.460296345e-09  0
325.9195339  -2.454842809e-09  0
326  -2.452420006e-09  0
326.0804661  -2.450000191e-09  0
326.2612261  -2.444575161e-09  0
326.5220751  -2.436772918e-09  0
326.834721  -2.427462343e-09  0
327.165279  -2.417666663e-09  0
327.4779249  -2.408447208e-09  0
327.7387739  -2.400788777e-09  0
327.9195339  -2.395499577e-09  0
328  -2.393149753e-09  0
328.0804661  -2.390802809e-09  0
328.2612261  -2.385541088e-09  0
328.5220751  -2.377973559e-09  0
328.834721  -2.36894283e-09  0
329.165279  -2.359441293e-09  0
329.4779249  -2.350498411e-09  0
329.7387739  -2.343069527e-09  0
329.9195339  -2.337938756e-09  0
330  -2.335659289e-09  0
330.0804661  -2.3333826e-09  0
330.2612261  -2.328278323e-09  0
330.5220751  -2.320937085e-09  0
330.834721  -2.31217617e-09  0
331.165279  -2.302958241e-09  0
331.4779249  -2.294282035e-09  0
331.7387739  -2.287074491e-09  0
331.9195339  -2.282096488e-09  0
332  -2.279884866e-09  0
332.0804661  -2.277675922e-09  0
332.2612261  -2.27272347e-09  0
332.5220751  -2.265600452e-09  0
332.834721  -2.257099734e-09  0
333.165279  -2.248155315e-09  0
333.4779249  -2.2397363e-09  0
333.7387739  -2.232742228e-09  0
333.9195339  -2.227911568e-09  0
334  -2.225765381e-09  0
334.0804661  -2.223621779e-09  0
334.2612261  -2.218815764e-09  0
334.5220751  -2.211903227e-09  0
334.834721  -2.203653489e-09  0
335.165279  -2.194972898e-09  0
335.4779249  -2.186801979e-09  0
335.7387739  -2.180013838e-09  0
335.9195339  -2.175325317e-09  0
336  -2.173242257e-09  0
336.0804661  -2.17116169e-09  0
336.2612261  -2.166496948e-09  0
336.5220751  -2.159787473e-09  0
336.834721  -2.151779874e-09  0
337.165279  -2.143353828e-09  0
337.4779249  -2.135422282e-09  0
337.7387739  -2.128832839e-09  0
337.9195339  -2.124281469e-09  0
338  -2.12225932e-09  0
338.0804661  -2.120239576e-09  0
338.2612261  -2.115711153e-09  0
338.5220751  -2.109197623e-09  0
338.834721  -2.101423685e-09  0
339.165279  -2.093243279e-09  0
339.4779249  -2.085542742e-09  0
339.7387739  -2.079145058e-09  0
339.9195339  -2.074726051e-09  0
340  -2.072762688e-09  0
340.0804661  -2.070801648e-09  0
340.2612261  -2.06640479e-09  0
340.5220751  -2.060080379e-09  0
340.834721  -2.052531967e-09  0
341.165279  -2.044588659e-09  0
341.4779249  -2.037111103e-09  0
341.7387739  -2.03089852e-09  0
341.9195339  -2.026607284e-09  0
342  -2.024700669e-09  0
342.0804661  -2.022796295e-09  0
342.2612261  -2.018526443e-09  0
342.5220751  -2.012384599e-09  0
342.834721  -2.005053908e-09  0
343.165279  -1.997339498e-09  0
343.4779249  -1.99007722e-09  0
343.7387739  -1.984043348e-09  0
343.9195339  -1.979875477e-09  0
344  -1.978023652e-09  0
344.0804661  -1.976173991e-09  0
344.2612261  -1.972026768e-09  0
344.5220751  -1.966061204e-09  0
344.834721  -1.958940741e-09  0
345.165279  -1.95144736e-09  0
345.4779249  -1.944392964e-09  0
345.7387739  -1.938531671e-09  0
345.9195339  -1.934482931e-09  0
346  -1.932684018e-09  0
346.0804661  -1.930887195e-09  0
346.2612261  -1.926858399e-09  0
346.5220751  -1.921063077e-09  0
346.834721  -1.914145649e-09  0
347.165279  -1.906865741e-09  0
347.4779249  -1.900012128e-09  0
347.7387739  -1.894317523e-09  0
347.9195339  -1.890383853e-09  0
348  -1.888636048e-09  0
348.0804661  -1.886890262e-09  0
348.2612261  -1.882975857e-09  0
348.5220751  -1.877344982e-09  0
348.834721  -1.870623681e-09  0
349.165279  -1.863549989e-09  0
349.4779249  -1.85689034e-09  0
349.7387739  -1.851356768e-09  0
349.9195339  -1.847534265e-09  0
350  -1.845835835e-09  0
350.0804661  -1.844139357e-09  0
350.2612261  -1.840335467e-09  0
350.5220751  -1.83486347e-09  0
350.834721  -1.828331661e-09  0
351.165279  -1.821457215e-09  0
351.4779249  -1.814984981e-09  0
351.7387739  -1.809607007e-09  0
351.9195339  -1.805891922e-09  0
352  -1.804241204e-09  0
352.0804661  -1.802592371e-09  0
352.2612261  -1.798895274e-09  0
352.5220751  -1.793576806e-09  0
352.834721  -1.787228114e-09  0
353.165279  -1.780546218e-09  0
353.4779249  -1.774255103e-09  0
353.7387739  -1.769027507e-09  0
353.9195339  -1.765416239e-09  0
354  -1.763811632e-09  0
354.0804661  -1.762208848e-09  0
354.2612261  -1.758614966e-09  0
354.5220751  -1.753444887e-09  0
354.834721  -1.747273187e-09  0
355.165279  -1.740777404e-09  0
355.4779249  -1.734661362e-09  0
355.7387739  -1.729579126e-09  0
355.9195339  -1.726068212e-09  0
356  -1.72450818e-09  0
356.0804661  -1.722949909e-09  0
356.2612261  -1.719455804e-09  0
356.5220751  -1.714429174e-09  0
356.834721  -1.708428576e-09  0
357.165279  -1.702112721e-09  0
357.4779249  -1.696165937e-09  0
357.7387739  -1.691224237e-09  0
357.9195339  -1.68781035e-09  0
358  -1.686293414e-09  0
358.0804661  -1.684778183e-09  0
358.2612261  -1.681380548e-09  0
358.5220751  -1.676492616e-09  0
358.834721  -1.670657461e-09  0
359.165279  -1.664515586e-09  0
359.4779249  -1.65873247e-09  0
359.7387739  -1.653926669e-09  0
359.9195339  -1.650606608e-09  0
360  -1.649131349e-09  0
360.0804661  -1.647657738e-09  0
360.2612261  -1.644353395e-09  0
360.5220751  -1.639599595e-09  0
360.834721  -1.633924438e-09  0
361.165279  -1.627950823e-09  0
361.4779249  -1.622325999e-09  0
361.7387739  -1.617651638e-09  0
361.9195339  -1.614422326e-09  0
362  -1.612987376e-09  0
362.0804661  -1.61155402e-09  0
362.2612261  -1.608339913e-09  0
362.5220751  -1.603715851e-09  0
362.834721  -1.598195457e-09  0
363.165279  -1.592384601e-09  0
363.4779249  -1.586912899e-09  0
363.7387739  -1.582365686e-09  0
363.9195339  -1.579224162e-09  0
364  -1.577828208e-09  0
364.0804661  -1.576433795e-09  0
364.2612261  -1.573306982e-09  0
364.5220751  -1.568808433e-09  0
364.834721  -1.563437765e-09  0
365.165279  -1.557784375e-09  0
365.4779249  -1.55246082e-09  0
365.7387739  -1.548036628e-09  0
365.9195339  -1.544980044e-09  0
366  -1.54362182e-09  0
366.0804661  -1.542265088e-09  0
366.2612261  -1.539222739e-09  0
366.5220751  -1.534845637e-09  0
366.834721  -1.529619848e-09  0
367.165279  -1.524118832e-09  0
367.4779249  -1.518938636e-09  0
367.7387739  -1.514633492e-09  0
367.9195339  -1.511659108e-09  0
368  -1.510337397e-09  0
368.0804661  -1.50901713e-09  0
368.2612261  -1.506056522e-09  0
368.5220751  -1.501796953e-09  0
368.834721  -1.496711379e-09  0
369.165279  -1.491357834e-09  0
369.4779249  -1.48631639e-09  0
369.7387739  -1.482126471e-09  0
369.9195339  -1.479231647e-09  0
370  -1.477945278e-09  0
370.0804661  -1.476660307e-09  0
370.2612261  -1.473778819e-09  0
370.5220751  -1.469633017e-09  0
370.834721  -1.464683166e-09  0
371.165279  -1.459472374e-09  0
371.4779249  -1.454565246e-09  0
371.7387739  -1.45048687e-09  0
371.9195339  -1.447669067e-09  0
372  -1.446416912e-09  0
372.0804661  -1.44516611e-09  0
372.2612261  -1.442361218e-09  0
372.5220751  -1.438325555e-09  0
372.834721  -1.433507105e-09  0
373.165279  -1.428434523e-09  0
373.4779249  -1.423657439e-09  0
373.7387739  -1.419687063e-09  0
373.9195339  -1.416943834e-09  0
374  -1.415724806e-09  0
374.0804661  -1.414507088e-09  0
374.2612261  -1.411776363e-09  0
374.5220751  -1.407847347e-09  0
374.834721  -1.403156133e-09  0
375.165279  -1.398217385e-09  0
375.4779249  -1.393566232e-09  0
375.7387739  -1.389700441e-09  0
375.9195339  -1.387029431e-09  0
376  -1.385842484e-09  0
376.0804661  -1.384656806e-09  0
376.2612261  -1.381997906e-09  0
376.5220751  -1.378172173e-09  0
376.834721  -1.373604185e-09  0
377.165279  -1.368795056e-09  0
377.4779249  -1.36426587e-09  0
377.7387739  -1.360501376e-09  0
377.9195339  -1.357900316e-09  0
378  -1.356744442e-09  0
378.0804661  -1.355589798e-09  0
378.2612261  -1.353000467e-09  0
378.5220751  -1.349274776e-09  0
378.834721  -1.344826151e-09  0
379.165279  -1.34014258e-09  0
379.4779249  -1.335731544e-09  0
379.7387739  -1.332065178e-09  0
379.9195339  -1.32953188e-09  0
380  -1.328406109e-09  0
380.0804661  -1.327281529e-09  0
380.2612261  -1.324759595e-09  0
380.5220751  -1.321130823e-09  0
380.834721  -1.316797837e-09  0
381.165279  -1.31223591e-09  0
381.4779249  -1.307939344e-09  0
381.7387739  -1.304368054e-09  0
381.9195339  -1.30190041e-09  0
382  -1.300803806e-09  0
382.0804661  -1.299708356e-09  0
382.2612261  -1.297251724e-09  0
382.5220751  -1.293716861e-09  0
382.834721  -1.289495926e-09  0
383.165279  -1.285051872e-09  0
383.4779249  -1.28086623e-09  0
383.7387739  -1.277387072e-09  0
383.9195339  -1.274983052e-09  0
384  -1.273914712e-09  0
384.0804661  -1.27284749e-09  0
384.2612261  -1.270454143e-09  0
384.5220751  -1.267010288e-09  0
384.834721  -1.262897944e-09  0
385.165279  -1.258568127e-09  0
385.4779249  -1.254489991e-09  0
385.7387739  -1.251100126e-09  0
385.9195339  -1.248757772e-09  0
386  -1.247716826e-09  0
386.0804661  -1.246676965e-09  0
386.2612261  -1.244344955e-09  0
386.5220751  -1.240989311e-09  0
386.834721  -1.236982223e-09  0
387.165279  -1.232763137e-09  0
387.4779249  -1.22878921e-09  0
387.7387739  -1.225485904e-09  0
387.9195339  -1.223203326e-09  0
388  -1.222188937e-09  0
388.0804661  -1.221175599e-09  0
388.2612261  -1.21890305e-09  0
388.5220751  -1.215632919e-09  0
388.834721  -1.211727871e-09  0
389.165279  -1.207616135e-09  0
389.4779249  -1.203743238e-09  0
389.7387739  -1.20052385e-09  0
389.9195339  -1.198299229e-09  0
390  -1.197310586e-09  0
390.0804661  -1.196322963e-09  0
390.2612261  -1.194108065e-09  0
390.5220751  -1.190920846e-09  0
390.834721  -1.187114735e-09  0
391.165279  -1.183107089e-09  0
391.4779249  -1.179332155e-09  0
391.7387739  -1.176194142e-09  0
391.9195339  -1.174025718e-09  0
392  -1.173062043e-09  0
392.0804661  -1.172099356e-09  0
392.2612261  -1.169940363e-09  0
392.5220751  -1.166833546e-09  0
392.834721  -1.163123379e-09  0
393.165279  -1.159216676e-09  0
393.4779249  -1.155536747e-09  0
393.7387739  -1.152477651e-09  0
393.9195339  -1.150363732e-09  0
394  -1.149424271e-09  0
394.0804661  -1.148485768e-09  0
394.2612261  -1.146380995e-09  0
394.5220751  -1.143352158e-09  0
394.834721  -1.139735048e-09  0
395.165279  -1.135926252e-09  0
395.4779249  -1.132338473e-09  0
395.7387739  -1.129355926e-09  0
395.9195339  -1.127294875e-09  0
396  -1.126378901e-09  0
396.0804661  -1.125463858e-09  0
396.2612261  -1.123411679e-09  0
396.5220751  -1.120458485e-09  0
396.834721  -1.116931645e-09  0
397.165279  -1.113217827e-09  0
397.4779249  -1.109719442e-09  0
397.7387739  -1.106811157e-09  0
397.9195339  -1.104801394e-09  0
398  -1.103908207e-09  0
398.0804661  -1.103015923e-09  0
398.2612261  -1.101014769e-09  0
398.5220751  -1.098134962e-09  0
398.834721  -1.094695703e-09  0
399.165279  -1.091074034e-09  0
399.4779249  -1.087662385e-09  0
399.7387739  -1.084826153e-09  0
399.9195339  -1.082866155e-09  0
