#L=3 M=2
#R     Re(V)   Im(V)

0.08046609183  -8.890142947e-16  -9.405115383e-08
0.2612261349  -7.576030113e-17  -3.240914189e-06
0.5220750502  -5.085038444e-16  -2.647858609e-05
0.8347210423  6.509538506e-17  -0.000113380086
1.165278958  -1.107605926e-15  -0.0003303419826
1.47792495  -3.992028108e-15  -0.0007297547015
1.738773865  -3.60182851e-15  -0.001280522622
1.919533908  -1.345322973e-16  -0.001820359412
2  -3.035729881e-15  -0.002111523184
2.080466092  -8.781005174e-16  -0.002438207733
2.261226135  -4.090930029e-15  -0.003318478999
2.52207505  -1.48024737e-15  -0.005015867668
2.834721042  5.149590185e-16  -0.007894049875
3.165278958  2.703691136e-16  -0.01222841273
3.47792495  -9.248991909e-16  -0.01786874135
3.738773865  1.814712592e-16  -0.02394791129
3.919533908  -5.899057013e-16  -0.02898365909
4  -1.780872301e-16  -0.03145473717
4.080466092  -2.726294627e-16  -0.02797387265
4.261226135  -2.948027654e-16  -0.02139115156
4.52207505  -3.016186364e-16  -0.014292181
4.834721042  7.967974424e-17  -0.00847525018
5.165278958  -1.274090002e-16  -0.004486017864
5.47792495  4.912448283e-17  -0.002067781311
5.738773865  -1.040263348e-16  -0.0007325153353
5.919533908  1.589754494e-17  -6.947522357e-05
6  2.550076165e-18  0.0001707790563
6.080466092  -8.842803418e-18  0.0003819149808
6.261226135  1.826443435e-18  0.0007645969794
6.52207505  9.581555296e-18  0.001138446534
6.834721042  6.518805836e-18  0.001387515058
7.165278958  7.460966495e-18  0.001494883429
7.47792495  -1.388483438e-17  0.001503609181
7.738773865  -6.423451179e-18  0.001467920386
7.919533908  -6.890432693e-18  0.001428394324
8  5.313202182e-18  0.001408021779
8.080466092  -7.544589777e-18  0.001386305061
8.261226135  3.351074358e-18  0.00133373784
8.52207505  -5.086505732e-18  0.001252046207
8.834721042  2.347696343e-19  0.001150747763
9.165278958  -1.994859712e-18  0.001045035928
9.47792495  -5.319256627e-19  0.0009496492113
9.738773865  -4.344596507e-19  0.0008747793495
9.919533908  -1.148925572e-18  0.0008257134415
10  -8.986384981e-19  0.0008046405373
10.08046609  -4.326125233e-19  0.0007840463063
10.26122613  -4.091015595e-19  0.0007395314192
10.52207505  -3.28616818e-19  0.0006795180893
10.83472104  -1.049774512e-19  0.0006139559469
11.16527896  -2.306894237e-19  0.0005517520123
11.47792495  -2.789502495e-19  0.0004991239538
11.73877387  -2.536581957e-19  0.0004594384543
11.91953391  -2.051125747e-20  0.0004340161063
12  -6.511753796e-20  0.0004232152562
12.08046609  -2.100147231e-19  0.0004127199913
12.26122613  -7.672301413e-20  0.0003902138512
12.52207505  -1.004732293e-19  0.0003601903051
12.83472104  -6.713911494e-20  0.0003276904439
13.16527896  -5.475620302e-20  0.0002970229156
13.47792495  -1.036668755e-19  0.0002711141606
13.73877387  -3.794812732e-20  0.000251550713
13.91953391  -5.501397685e-20  0.0002389883007
14  1.060464411e-21  0.000233640953
14.08046609  -7.44772813e-20  0.0002284379946
14.26122613  -1.255591709e-20  0.000217254116
14.52207505  -4.43602917e-22  0.0002022661828
14.83472104  -5.321416595e-21  0.0001859310514
15.16527896  -1.281007059e-19  0.0001703840767
15.47792495  -4.214656087e-20  0.000157126519
15.73877387  -5.163389828e-20  0.0001470276212
15.91953391  3.7722543e-20  0.0001404973542
16  -4.582063836e-20  0.0001377059834
16.08046609  4.470983023e-21  0.0001349829439
16.26122613  -7.921344018e-20  0.0001291050429
16.52207505  -1.846587684e-21  0.0001211712224
16.83472104  4.004133947e-20  0.0001124429424
17.16527896  -2.562513097e-20  0.0001040479861
17.47792495  -3.408036384e-20  9.681390985e-05
17.73877387  -7.974710282e-20  9.125214043e-05
17.91953391  -1.451152815e-21  8.763025898e-05
18  1.082584418e-21  8.607565888e-05
18.08046609  -3.114305986e-20  8.45552858e-05
18.26122613  -7.484519192e-21  8.126013407e-05
18.52207505  -6.390725811e-20  7.678221518e-05
18.83472104  2.155779849e-20  7.18130623e-05
19.16527896  -4.511907997e-21  6.698798425e-05
19.47792495  2.969321835e-20  6.279129102e-05
19.73877387  -1.850994075e-20  5.953850153e-05
19.91953391  -5.419984194e-20  5.740725621e-05
20  -2.508407043e-20  5.648920439e-05
20.08046609  -2.793371078e-20  5.558941759e-05
20.26122613  -3.702255997e-20  5.363250863e-05
20.52207505  7.189699114e-21  5.095777188e-05
20.83472104  -5.20857003e-21  4.796771755e-05
21.16527896  2.257461513e-21  4.504092849e-05
21.47792495  2.279029214e-20  4.247531393e-05
21.73877387  -7.948944586e-21  4.047318567e-05
21.91953391  -3.091213131e-20  3.915464452e-05
22  3.376161784e-20  3.858497415e-05
22.08046609  3.459067443e-20  3.802562462e-05
22.26122613  -2.570496992e-22  3.680558434e-05
22.52207505  -1.29930758e-20  3.512993358e-05
22.83472104  4.024434644e-21  3.324519904e-05
23.16527896  1.824868689e-20  3.138790489e-05
23.47792495  5.119320388e-24  2.974911996e-05
23.73877387  1.341634678e-20  2.846296617e-05
23.91953391  -2.361425162e-20  2.761230281e-05
24  -4.173957492e-20  2.724385669e-05
24.08046609  1.750673697e-21  2.688153532e-05
24.26122613  -4.314290026e-20  2.608932139e-05
24.52207505  3.738589701e-21  2.499683754e-05
24.83472104  -1.122404543e-20  2.376166962e-05
25.16527896  -1.300165194e-21  2.253757745e-05
25.47792495  1.29457652e-20  2.145152174e-05
25.73877387  -2.119575634e-21  2.059505547e-05
25.91953391  -1.126314851e-20  2.002652826e-05
26  -1.543128475e-20  1.977976105e-05
26.08046609  -2.430979143e-20  1.953678295e-05
26.26122613  7.501466901e-21  1.900441365e-05
26.52207505  -2.586007007e-20  1.826772669e-05
26.83472104  -1.347511412e-21  1.743115617e-05
27.16527896  1.099606564e-20  1.659808107e-05
27.47792495  -1.216640494e-20  1.585545988e-05
27.73877387  -3.140742554e-20  1.526741624e-05
27.91953391  1.820705659e-21  1.487585503e-05
28  -3.667798745e-20  1.470559056e-05
28.08046609  -1.426336726e-20  1.453775513e-05
28.26122613  7.910351332e-21  1.4169372e-05
28.52207505  -4.960632353e-20  1.365809519e-05
28.83472104  -3.09841108e-21  1.307529804e-05
29.16527896  4.127314534e-20  1.249252075e-05
29.47792495  -3.44989705e-20  1.197090505e-05
29.73877387  -1.618801324e-20  1.155639531e-05
29.91953391  -5.818734515e-20  1.127964235e-05
30  -2.203742315e-22  1.115911122e-05
30.08046609  -2.214928934e-20  1.104018574e-05
30.26122613  -5.178685102e-20  1.077875356e-05
30.52207505  8.578672606e-21  1.041497912e-05
30.83472104  -2.812347218e-20  9.998953141e-06
31.16527896  2.819758631e-20  9.581434933e-06
31.47792495  1.727143588e-20  9.206408627e-06
31.73877387  5.183328863e-21  8.907463465e-06
31.91953391  -3.115637191e-21  8.7073994e-06
32  -4.676538085e-21  8.620147892e-06
32.08046609  -2.324313498e-21  8.533986518e-06
32.26122613  7.486633624e-21  8.344323886e-06
32.52207505  -8.248537185e-21  8.079819145e-06
32.83472104  -5.300537991e-21  7.77644862e-06
33.16527896  -2.011943739e-20  7.471021954e-06
33.47792495  -4.231641832e-21  7.195823547e-06
33.73877387  -7.870556421e-21  6.975855074e-06
33.91953391  -1.567592617e-20  6.828339838e-06
34  1.701962074e-21  6.763927796e-06
34.08046609  -1.767641351e-20  6.700273468e-06
34.26122613  2.161603593e-21  6.559987709e-06
34.52207505  -4.620344662e-21  6.363954438e-06
34.83472104  -9.681190888e-21  6.138542726e-06
35.16527896  -1.098772298e-20  5.91096467e-06
35.47792495  -1.167029775e-21  5.705343389e-06
35.73877387  8.983717745e-21  5.540590296e-06
35.91953391  8.459131213e-21  5.429900366e-06
36  1.343241326e-21  5.381515905e-06
36.08046609  -1.184014432e-21  5.333669173e-06
36.26122613  -1.373275952e-21  5.228109684e-06
36.52207505  1.353606179e-20  5.080340873e-06
36.83472104  -1.016707311e-20  4.910040682e-06
37.16527896  -1.307862543e-20  4.737672583e-06
37.47792495  -1.56013835e-21  4.581550549e-06
37.73877387  1.508197647e-20  4.456187828e-06
37.91953391  8.567862405e-21  4.371823993e-06
38  1.44297961e-20  4.334911593e-06
38.08046609  -2.660792359e-21  4.298387948e-06
38.26122613  -2.959492219e-21  4.217733133e-06
38.52207505  3.527667075e-21  4.104648186e-06
38.83472104  -1.446371891e-21  3.974054985e-06
39.16527896  5.902197938e-21  3.841578698e-06
39.47792495  -9.298699215e-22  3.721322964e-06
39.73877387  1.477108538e-21  3.624572405e-06
39.91953391  -2.690010898e-21  3.559367114e-06
40  -6.825701692e-23  3.530812586e-06
40.08046609  -9.678685175e-22  3.502543827e-06
40.26122613  -9.506035431e-22  3.440064958e-06
40.52207505  -9.263619543e-22  3.352338965e-06
40.83472104  -8.98315812e-22  3.25084497e-06
41.16527896  -8.698075348e-22  3.147678591e-06
41.47792495  -8.438773506e-22  3.053841871e-06
41.73877387  -8.229788398e-22  2.978213882e-06
41.91953391  -8.088754152e-22  2.9271761e-06
42  -8.026944403e-22  2.904808252e-06
42.08046609  -7.965723923e-22  2.88265365e-06
42.26122613  -7.830311583e-22  2.833650336e-06
42.52207505  -7.639934195e-22  2.764756149e-06
42.83472104  -7.419312174e-22  2.684916968e-06
43.16527896  -7.194642336e-22  2.603612954e-06
43.47792495  -6.989919632e-22  2.529527453e-06
43.73877387  -6.824659679e-22  2.469722818e-06
43.91953391  -6.712998132e-22  2.429314492e-06
44  -6.664026426e-22  2.411592504e-06
44.08046609  -6.615500472e-22  2.394031825e-06
44.26122613  -6.508091553e-22  2.35516245e-06
44.52207505  -6.356906548e-22  2.300451289e-06
44.83472104  -6.181438158e-22  2.236952403e-06
45.16527896  -6.002451073e-22  2.172180164e-06
45.47792495  -5.839085761e-22  2.113061167e-06
45.73877387  -5.707019335e-22  2.065268679e-06
45.91953391  -5.617686917e-22  2.032940867e-06
46  -5.57848269e-22  2.018753555e-06
46.08046609  -5.539619861e-22  2.00468979e-06
46.26122613  -5.453544472e-22  1.973540639e-06
46.52207505  -5.332257408e-22  1.92964901e-06
46.83472104  -5.19129448e-22  1.878637036e-06
47.16527896  -5.047284519e-22  1.826522396e-06
47.47792495  -4.915644851e-22  1.778884344e-06
47.73877387  -4.809084138e-22  1.740321919e-06
47.91953391  -4.736931186e-22  1.71421105e-06
48  -4.705247439e-22  1.702745267e-06
48.08046609  -4.673828153e-22  1.691375187e-06
48.26122613  -4.604198198e-22  1.666177346e-06
48.52207505  -4.50598722e-22  1.630636542e-06
48.83472104  -4.39169905e-22  1.589277688e-06
49.16527896  -4.274776232e-22  1.546965402e-06
49.47792495  -4.167748525e-22  1.508233981e-06
49.73877387  -4.081004901e-22  1.476843007e-06
49.91953391  -4.022215447e-22  1.455568151e-06
50  -3.996385727e-22  1.446220835e-06
50.08046609  -3.970763014e-22  1.436948432e-06
50.26122613  -3.913948439e-22  1.416388249e-06
50.52207505  -3.833740368e-22  1.387362376e-06
50.83472104  -3.740293115e-22  1.353545479e-06
51.16527896  -3.64456778e-22  1.318904184e-06
51.47792495  -3.556831463e-22  1.287153974e-06
51.73877387  -3.48564286e-22  1.261392086e-06
51.91953391  -3.437354123e-22  1.243917252e-06
52  -3.416127268e-22  1.236235631e-06
52.08046609  -3.395064015e-22  1.228613215e-06
52.26122613  -3.34833604e-22  1.211703193e-06
52.52207505  -3.282312395e-22  1.187810411e-06
52.83472104  -3.205307808e-22  1.159943822e-06
53.16527896  -3.126331516e-22  1.131363708e-06
53.47792495  -3.053860726e-22  1.10513782e-06
53.73877387  -2.994997086e-22  1.083836117e-06
53.91953391  -2.955036836e-22  1.069375214e-06
54  -2.937462812e-22  1.063015487e-06
54.08046609  -2.920019239e-22  1.056702969e-06
54.26122613  -2.881303479e-22  1.042692425e-06
54.52207505  -2.826558066e-22  1.022881034e-06
54.83472104  -2.762643608e-22  9.997515301e-07
55.16527896  -2.697019844e-22  9.760034587e-07
55.47792495  -2.636735593e-22  9.541876614e-07
55.73877387  -2.587722922e-22  9.364508487e-07
55.91953391  -2.554425524e-22  9.24401113e-07
56  -2.539775378e-22  9.19099486e-07
56.08046609  -2.525230108e-22  9.13835812e-07
56.26122613  -2.492933223e-22  9.021481444e-07
56.52207505  -2.447231347e-22  8.856094493e-07
56.83472104  -2.393825482e-22  8.662828175e-07
57.16527896  -2.338934759e-22  8.464188424e-07
57.47792495  -2.288458771e-22  8.281524811e-07
57.73877387  -2.247383503e-22  8.132880728e-07
57.91953391  -2.219459289e-22  8.03182797e-07
58  -2.207168261e-22  7.987348928e-07
58.08046609  -2.194962197e-22  7.943177358e-07
58.26122613  -2.167848535e-22  7.845057842e-07
58.52207505  -2.129455405e-22  7.706119941e-07
58.83472104  -2.084551466e-22  7.543620581e-07
59.16527896  -2.03835466e-22  7.376442565e-07
59.47792495  -1.995832922e-22  7.222563969e-07
59.73877387  -1.961201418e-22  7.097238721e-07
59.91953391  -1.937642763e-22  7.011984143e-07
60  -1.927269351e-22  6.974444613e-07
60.08046609  -1.916965266e-22  6.937155963e-07
60.26122613  -1.894067972e-22  6.854294735e-07
60.52207505  -1.861624893e-22  6.736889007e-07
60.83472104  -1.823649336e-22  6.599462228e-07
61.16527896  -1.784545286e-22  6.457951635e-07
61.47792495  -1.748520043e-22  6.327582693e-07
61.73877387  -1.71915651e-22  6.221321296e-07
61.91953391  -1.699169493e-22  6.148991843e-07
62  -1.690365649e-22  6.117132298e-07
62.08046609  -1.68161875e-22  6.085478827e-07
62.26122613  -1.662174977e-22  6.015115274e-07
62.52207505  -1.634608989e-22  5.915358874e-07
62.83472104  -1.602317777e-22  5.798502729e-07
63.16527896  -1.569039015e-22  5.678072813e-07
63.47792495  -1.538354869e-22  5.567032352e-07
63.73877387  -1.513326362e-22  5.476458642e-07
63.91953391  -1.496280508e-22  5.414772733e-07
64  -1.488769698e-22  5.387592446e-07
64.08046609  -1.481305955e-22  5.360582491e-07
64.26122613  -1.464709118e-22  5.300521494e-07
64.52207505  -1.441166348e-22  5.2153244e-07
64.83472104  -1.413568407e-22  5.115452365e-07
65.16527896  -1.385103994e-22  5.012444725e-07
65.47792495  -1.358838319e-22  4.917393922e-07
65.73877387  -1.337399075e-22  4.839809115e-07
65.91953391  -1.322790005e-22  4.786941492e-07
66  -1.316350899e-22  4.763639515e-07
66.08046609  -1.309950926e-22  4.740479152e-07
66.26122613  -1.295715173e-22  4.688962496e-07
66.52207505  -1.275511166e-22  4.615847795e-07
66.83472104  -1.251811271e-22  4.530082095e-07
67.16527896  -1.227349147e-22  4.441558022e-07
67.47792495  -1.204760003e-22  4.359811932e-07
67.73877387  -1.186309728e-22  4.29304367e-07
67.91953391  -1.173731145e-22  4.24752402e-07
68  -1.168185377e-22  4.227454874e-07
68.08046609  -1.162672325e-22  4.20750412e-07
68.26122613  -1.150405837e-22  4.163113884e-07
68.52207505  -1.132988213e-22  4.100082603e-07
68.83472104  -1.112543984e-22  4.026098578e-07
69.16527896  -1.091427482e-22  3.949681718e-07
69.47792495  -1.071914288e-22  3.879066943e-07
69.73877387  -1.055966612e-22  3.821355145e-07
69.91953391  -1.0450891e-22  3.781991365e-07
70  -1.040291995e-22  3.764631495e-07
70.08046609  -1.035522382e-22  3.747371115e-07
70.26122613  -1.02490714e-22  3.708956447e-07
70.52207505  -1.009827251e-22  3.654385012e-07
70.83472104  -9.921164825e-23  3.590292894e-07
71.16527896  -9.738112608e-23  3.524049557e-07
71.47792495  -9.568848351e-23  3.462795836e-07
71.73877387  -9.430432659e-23  3.412705661e-07
71.91953391  -9.335981013e-23  3.378525293e-07
72  -9.29431593e-23  3.363447441e-07
72.08046609  -9.252883019e-23  3.348453608e-07
72.26122613  -9.160646211e-23  3.31507475e-07
72.52207505  -9.029558766e-23  3.267636538e-07
72.83472104  -8.875515192e-23  3.211890911e-07
73.16527896  -8.716201977e-23  3.154238295e-07
73.47792495  -8.568797587e-23  3.100895271e-07
73.73877387  -8.448191879e-23  3.057250213e-07
73.91953391  -8.365858935e-23  3.027455387e-07
74  -8.329530785e-23  3.014308876e-07
74.08046609  -8.293399611e-23  3.001233647e-07
74.26122613  -8.212945748e-23  2.972118827e-07
74.52207505  -8.098557306e-23  2.930723687e-07
74.83472104  -7.964065811e-23  2.882053609e-07
75.16527896  -7.824891462e-23  2.83168889e-07
75.47792495  -7.696045181e-23  2.785061716e-07
75.73877387  -7.590569068e-23  2.746891788e-07
75.91953391  -7.518536006e-23  2.720824306e-07
76  -7.486745107e-23  2.709319746e-07
76.08046609  -7.455122059e-23  2.697875927e-07
76.26122613  -7.384690224e-23  2.672387901e-07
76.52207505  -7.284512006e-23  2.636135187e-07
76.83472104  -7.16666891e-23  2.593489869e-07
77.16527896  -7.044654437e-23  2.549335004e-07
77.47792495  -6.931631931e-23  2.508434171e-07
77.73877387  -6.839064046e-23  2.474935502e-07
77.91953391  -6.775822682e-23  2.452049579e-07
78  -6.747905715e-23  2.441946925e-07
78.08046609  -6.720132375e-23  2.431896248e-07
78.26122613  -6.658261155e-23  2.409506155e-07
78.52207505  -6.570226552e-23  2.377648e-07
78.83472104  -6.466619026e-23  2.340154281e-07
79.16527896  -6.359287077e-23  2.30131276e-07
79.47792495  -6.259812678e-23  2.265314746e-07
79.73877387  -6.178303e-23  2.235817845e-07
79.91953391  -6.122596613e-23  2.215658695e-07
80  -6.098000682e-23  2.206757866e-07
80.08046609  -6.073528136e-23  2.197901688e-07
80.26122613  -6.018998793e-23  2.178168489e-07
80.52207505  -5.941383477e-23  2.150080888e-07
80.83472104  -5.849996966e-23  2.117009737e-07
81.16527896  -5.755277571e-23  2.082732475e-07
81.47792495  -5.667448423e-23  2.05094867e-07
81.73877387  -5.595448999e-23  2.024893361e-07
81.91953391  -5.546225533e-23  2.007080265e-07
82  -5.524487649e-23  1.999213712e-07
82.08046609  -5.502856161e-23  1.991385661e-07
82.26122613  -5.454647654e-23  1.973939861e-07
82.52207505  -5.386006296e-23  1.949099776e-07
82.83472104  -5.305151131e-23  1.919839731e-07
83.16527896  -5.221306913e-23  1.889498001e-07
83.47792495  -5.143524778e-23  1.861350032e-07
83.73877387  -5.079734649e-23  1.83826552e-07
83.91953391  -5.036109497e-23  1.822478354e-07
84  -5.016840252e-23  1.815505158e-07
84.08046609  -4.99766308e-23  1.80856528e-07
84.26122613  -4.954916253e-23  1.793095965e-07
84.52207505  -4.894032106e-23  1.771063076e-07
84.83472104  -4.82228498e-23  1.745099069e-07
85.16527896  -4.747851461e-23  1.718162904e-07
85.47792495  -4.678768244e-23  1.693162917e-07
85.73877387  -4.622089415e-23  1.672651859e-07
85.91953391  -4.583315639e-23  1.65862032e-07
86  -4.566186141e-23  1.652421459e-07
86.08046609  -4.549136592e-23  1.646251531e-07
86.26122613  -4.511125491e-23  1.63249599e-07
86.52207505  -4.456969995e-23  1.612898081e-07
86.83472104  -4.393127044e-23  1.589794453e-07
87.16527896  -4.326864739e-23  1.565815305e-07
87.47792495  -4.265338727e-23  1.543550137e-07
87.73877387  -4.214840775e-23  1.525275827e-07
87.91953391  -4.180285159e-23  1.512770765e-07
88  -4.165016516e-23  1.507245315e-07
88.08046609  -4.149817522e-23  1.50174507e-07
88.26122613  -4.115926311e-23  1.489480444e-07
88.52207505  -4.067626554e-23  1.472001622e-07
88.83472104  -4.010665525e-23  1.45138844e-07
89.16527896  -3.951521289e-23  1.429985194e-07
89.47792495  -3.896581826e-23  1.410103581e-07
89.73877387  -3.851473298e-23  1.393779608e-07
89.91953391  -3.820596981e-23  1.382606018e-07
90  -3.806951805e-23  1.377668072e-07
90.08046609  -3.793367491e-23  1.372752151e-07
90.26122613  -3.76307177e-23  1.361788668e-07
90.52207505  -3.719884139e-23  1.346159834e-07
90.83472104  -3.668933747e-23  1.327721794e-07
91.16527896  -3.616009441e-23  1.30856943e-07
91.47792495  -3.566828251e-23  1.290771633e-07
91.73877387  -3.526433443e-23  1.276153471e-07
91.91953391  -3.49877619e-23  1.266144804e-07
92  -3.486551681e-23  1.261720972e-07
92.08046609  -3.474380515e-23  1.257316444e-07
92.26122613  -3.447232127e-23  1.247491925e-07
92.52207505  -3.408520881e-23  1.233483015e-07
92.83472104  -3.362835857e-23  1.216950418e-07
93.16527896  -3.315362813e-23  1.199770769e-07
93.47792495  -3.271230627e-23  1.183800116e-07
93.73877387  -3.234970633e-23  1.17067827e-07
93.91953391  -3.210137995e-23  1.161691781e-07
94  -3.199160303e-23  1.157719149e-07
94.08046609  -3.188229496e-23  1.153763485e-07
94.26122613  -3.163844118e-23  1.144938851e-07
94.52207505  -3.129063869e-23  1.132352498e-07
94.83472104  -3.088004555e-23  1.117493864e-07
95.16527896  -3.045322678e-23  1.102048052e-07
95.47792495  -3.005630087e-23  1.08768401e-07
95.73877387  -2.973007275e-23  1.075878396e-07
95.91953391  -2.950660055e-23  1.067791335e-07
96  -2.94077965e-23  1.064215792e-07
96.08046609  -2.930940566e-23  1.060655203e-07
96.26122613  -2.90898753e-23  1.05271079e-07
96.52207505  -2.877668859e-23  1.04137712e-07
96.83472104  -2.840684446e-23  1.02799312e-07
97.16527896  -2.802225038e-23  1.014075345e-07
97.47792495  -2.766446743e-23  1.001127817e-07
97.73877387  -2.737031972e-23  9.904831352e-08
97.91953391  -2.716877556e-23  9.831896111e-08
98  -2.707965417e-23  9.799644666e-08
98.08046609  -2.699089791e-23  9.767525355e-08
98.26122613  -2.679283689e-23  9.695850598e-08
98.52207505  -2.651021289e-23  9.593574007e-08
98.83472104  -2.61763599e-23  9.472758555e-08
99.16527896  -2.582907569e-23  9.34708258e-08
99.47792495  -2.550589375e-23  9.230128793e-08
99.73877387  -2.524011427e-23  9.133947931e-08
99.91953391  -2.505796616e-23  9.068031773e-08
100  -2.497741079e-23  9.038880219e-08
100.0804661  -2.489717887e-23  9.009845715e-08
100.2612261  -2.471811626e-23  8.945046146e-08
100.5220751  -2.446254493e-23  8.852559433e-08
100.834721  -2.416056087e-23  8.743276777e-08
101.165279  -2.384632633e-23  8.629560893e-08
101.4779249  -2.355380658e-23  8.523703202e-08
101.7387739  -2.331317477e-23  8.436622834e-08
101.9195339  -2.314822531e-23  8.376930564e-08
102  -2.307526671e-23  8.350528147e-08
102.0804661  -2.300259533e-23  8.324229666e-08
102.2612261  -2.284038571e-23  8.265528895e-08
102.5220751  -2.260881841e-23  8.181728809e-08
102.834721  -2.23351215e-23  8.082682773e-08
103.165279  -2.205023332e-23  7.979586812e-08
103.4779249  -2.178495021e-23  7.883585581e-08
103.7387739  -2.15666641e-23  7.804591723e-08
103.9195339  -2.141700094e-23  7.75043129e-08
104  -2.135079543e-23  7.726472693e-08
104.0804661  -2.128484554e-23  7.702606603e-08
104.2612261  -2.113762089e-23  7.649328625e-08
104.5220751  -2.092740235e-23  7.57325428e-08
104.834721  -2.067887181e-23  7.4833155e-08
105.165279  -2.042010185e-23  7.38967126e-08
105.4779249  -2.017906814e-23  7.302445454e-08
105.7387739  -1.99806833e-23  7.230653513e-08
105.9195339  -1.984463761e-23  7.181420998e-08
106  -1.978444881e-23  7.159639744e-08
106.0804661  -1.972448803e-23  7.137941006e-08
106.2612261  -1.959061749e-23  7.08949564e-08
106.5220751  -1.93994289e-23  7.020307894e-08
106.834721  -1.91733383e-23  6.938489731e-08
107.165279  -1.893786522e-23  6.853276216e-08
107.4779249  -1.8718469e-23  6.77388063e-08
107.7387739  -1.853784736e-23  6.708516874e-08
107.9195339  -1.841395903e-23  6.663683895e-08
108  -1.835914258e-23  6.643846797e-08
108.0804661  -1.830452995e-23  6.62408346e-08
108.2612261  -1.818258601e-23  6.579954119e-08
108.5220751  -1.800839713e-23  6.516918263e-08
108.834721  -1.780235851e-23  6.442356557e-08
109.165279  -1.75877102e-23  6.364679156e-08
109.4779249  -1.738766194e-23  6.292285252e-08
109.7387739  -1.722292867e-23  6.232671214e-08
109.9195339  -1.710991704e-23  6.191774319e-08
110  -1.705990765e-23  6.173676811e-08
110.0804661  -1.701008084e-23  6.155645375e-08
110.2612261  -1.689881089e-23  6.115378762e-08
110.5220751  -1.673983973e-23  6.057849931e-08
110.834721  -1.655175641e-23  5.989785926e-08
111.165279  -1.635576146e-23  5.918858842e-08
111.4779249  -1.617304936e-23  5.852738585e-08
111.7387739  -1.602255647e-23  5.798277888e-08
111.9195339  -1.591929553e-23  5.760909593e-08
112  -1.587359611e-23  5.744371788e-08
112.0804661  -1.582806056e-23  5.727893283e-08
112.2612261  -1.572636283e-23  5.691090684e-08
112.5220751  -1.558104158e-23  5.638501512e-08
112.834721  -1.540906824e-23  5.576267421e-08
113.165279  -1.522981484e-23  5.511398808e-08
113.4779249  -1.506266695e-23  5.450910966e-08
113.7387739  -1.492496248e-23  5.401078168e-08
113.9195339  -1.48304599e-23  5.366879367e-08
114  -1.478863231e-23  5.351742707e-08
114.0804661  -1.474695208e-23  5.336659374e-08
114.2612261  -1.46538552e-23  5.302969272e-08
114.5220751  -1.45208013e-23  5.254819433e-08
114.834721  -1.436331012e-23  5.197826181e-08
115.165279  -1.419911122e-23  5.138405522e-08
115.4779249  -1.404596336e-23  5.082984038e-08
115.7387739  -1.391976515e-23  5.037315152e-08
115.9195339  -1.383314444e-23  5.005968659e-08
116  -1.379480163e-23  4.99209308e-08
116.0804661  -1.375659158e-23  4.978265543e-08
116.2612261  -1.367123728e-23  4.947377342e-08
116.5220751  -1.354922879e-23  4.903224644e-08
116.834721  -1.340478068e-23  4.850951443e-08
117.165279  -1.325414426e-23  4.796438803e-08
117.4779249  -1.311361259e-23  4.745582894e-08
117.7387739  -1.299778598e-23  4.703667307e-08
117.9195339  -1.29182713e-23  4.67489236e-08
118  -1.288307062e-23  4.662153861e-08
118.0804661  -1.284798975e-23  4.649458721e-08
118.2612261  -1.276961803e-23  4.62109739e-08
118.5220751  -1.265757272e-23  4.580550186e-08
118.834721  -1.252489265e-23  4.532535634e-08
119.165279  -1.23864964e-23  4.482452492e-08
119.4779249  -1.225735406e-23  4.435718182e-08
119.7387739  -1.215089282e-23  4.397191753e-08
119.9195339  -1.207779598e-23  4.370739307e-08
120  -1.204543345e-23  4.359027883e-08
120.0804661  -1.201317923e-23  4.347355659e-08
120.2612261  -1.194111571e-23  4.321277154e-08
120.5220751  -1.183807303e-23  4.283987843e-08
120.834721  -1.171602909e-23  4.239822312e-08
121.165279  -1.158869867e-23  4.193743701e-08
121.4779249  -1.146985578e-23  4.150736576e-08
121.7387739  -1.137186573e-23  4.115275722e-08
121.9195339  -1.130457506e-23  4.090924424e-08
122  -1.127478045e-23  4.080142287e-08
122.0804661  -1.124508394e-23  4.069395649e-08
122.2612261  -1.117872902e-23  4.045382986e-08
122.5220751  -1.108383476e-23  4.011042442e-08
122.834721  -1.097142001e-23  3.970361544e-08
123.165279  -1.085411047e-23  3.92790931e-08
123.4779249  -1.074459689e-23  3.888278296e-08
123.7387739  -1.06542819e-23  3.85559491e-08
123.9195339  -1.059225266e-23  3.833147632e-08
124  -1.056478531e-23  3.823207686e-08
124.0804661  -1.053740693e-23  3.81329994e-08
124.2612261  -1.047622646e-23  3.791159818e-08
124.5220751  -1.038871949e-23  3.759492601e-08
124.834721  -1.028503647e-23  3.721971564e-08
125.165279  -1.017681618e-23  3.682808567e-08
125.4779249  -1.007576673e-23  3.64624057e-08
125.7387739  -9.992416605e-24  3.616077645e-08
125.9195339  -9.93516277e-24  3.595358501e-08
126  -9.909807905e-24  3.586183027e-08
126.0804661  -9.884533872e-24  3.577036805e-08
126.2612261  -9.828051116e-24  3.556596701e-08
126.5220751  -9.747251959e-24  3.527356925e-08
126.834721  -9.651499317e-24  3.492705749e-08
127.165279  -9.551536142e-24  3.456530856e-08
127.4779249  -9.458177812e-24  3.422746138e-08
127.7387739  -9.381157858e-24  3.394873988e-08
127.9195339  -9.328244983e-24  3.375725761e-08
128  -9.30481061e-24  3.367245279e-08
128.0804661  -9.281449781e-24  3.358791411e-08
128.2612261  -9.229238462e-24  3.339897064e-08
128.5220751  -9.154539464e-24  3.312864827e-08
128.834721  -9.066000334e-24  3.280824092e-08
129.165279  -8.973549682e-24  3.247367847e-08
129.4779249  -8.88719059e-24  3.21611603e-08
129.7387739  -8.815932571e-24  3.190329021e-08
129.9195339  -8.766971629e-24  3.172610928e-08
130  -8.745285806e-24  3.164763215e-08
130.0804661  -8.723666994e-24  3.156939752e-08
130.2612261  -8.675345289e-24  3.139452987e-08
130.5220751  -8.606202053e-24  3.114431281e-08
130.834721  -8.524234047e-24  3.084768519e-08
131.165279  -8.438628492e-24  3.053789393e-08
131.4779249  -8.358648291e-24  3.024845983e-08
131.7387739  -8.292642603e-24  3.0009597e-08
131.9195339  -8.24728464e-24  2.98454546e-08
132  -8.227193119e-24  2.977274697e-08
132.0804661  -8.207162742e-24  2.97002606e-08
132.2612261  -8.162388061e-24  2.9538229e-08
132.5220751  -8.098312035e-24  2.930634927e-08
132.834721  -8.022338525e-24  2.903141467e-08
133.165279  -7.942978807e-24  2.874422598e-08
133.4779249  -7.868820357e-24  2.847585975e-08
133.7387739  -7.80760921e-24  2.825434751e-08
133.9195339  -7.765540696e-24  2.810210905e-08
134  -7.746904872e-24  2.803466932e-08
134.0804661  -7.728324918e-24  2.796743178e-08
134.2612261  -7.686789361e-24  2.781712199e-08
134.5220751  -7.627341388e-24  2.760199036e-08
134.834721  -7.556843925e-24  2.73468726e-08
135.165279  -7.483191105e-24  2.708033615e-08
135.4779249  -7.41435322e-24  2.683122411e-08
135.7387739  -7.357524705e-24  2.662557183e-08
135.9195339  -7.318463483e-24  2.648421622e-08
136  -7.301158609e-24  2.642159296e-08
136.0804661  -7.283904852e-24  2.635915469e-08
136.2612261  -7.245331257e-24  2.621956372e-08
136.5220751  -7.190115948e-24  2.601974935e-08
136.834721  -7.124627648e-24  2.578275885e-08
137.165279  -7.056196269e-24  2.553511788e-08
137.4779249  -6.992227384e-24  2.530362587e-08
137.7387739  -6.939410295e-24  2.511249023e-08
137.9195339  -6.903102044e-24  2.498109713e-08
138  -6.887015667e-24  2.49228834e-08
138.0804661  -6.87097612e-24  2.486483914e-08
138.2612261  -6.835114601e-24  2.473506268e-08
138.5220751  -6.783775421e-24  2.454927533e-08
138.834721  -6.722875188e-24  2.432888824e-08
139.165279  -6.659227295e-24  2.409855784e-08
139.4779249  -6.599719931e-24  2.388321129e-08
139.7387739  -6.550579227e-24  2.370537983e-08
139.9195339  -6.516794368e-24  2.358311844e-08
140  -6.501824967e-24  2.352894684e-08
140.0804661  -6.486898522e-24  2.34749307e-08
140.2612261  -6.453523445e-24  2.335415224e-08
140.5220751  -6.405738409e-24  2.31812267e-08
140.834721  -6.349045874e-24  2.297606651e-08
141.165279  -6.289785772e-24  2.276161475e-08
141.4779249  -6.234371687e-24  2.256108104e-08
141.7387739  -6.188604525e-24  2.239545784e-08
141.9195339  -6.157135509e-24  2.228157707e-08
142  -6.143191293e-24  2.223111543e-08
142.0804661  -6.129286529e-24  2.218079657e-08
142.2612261  -6.098193862e-24  2.206827774e-08
142.5220751  -6.053671761e-24  2.190716019e-08
142.834721  -6.000842838e-24  2.171598172e-08
143.165279  -5.945612503e-24  2.151611297e-08
143.4779249  -5.893958428e-24  2.132918607e-08
143.7387739  -5.851290674e-24  2.117477907e-08
143.9195339  -5.821949595e-24  2.106859893e-08
144  -5.808947456e-24  2.102154651e-08
144.0804661  -5.795981594e-24  2.097462536e-08
144.2612261  -5.76698657e-24  2.086969753e-08
144.5220751  -5.725463658e-24  2.07194335e-08
144.834721  -5.676186647e-24  2.054110878e-08
145.165279  -5.624661674e-24  2.035464907e-08
145.4779249  -5.576465573e-24  2.018023597e-08
145.7387739  -5.536648733e-24  2.003614591e-08
145.9195339  -5.509265237e-24  1.993704991e-08
146  -5.49712982e-24  1.9893134e-08
146.0804661  -5.4850278e-24  1.984933895e-08
146.2612261  -5.457962872e-24  1.975139579e-08
146.5220751  -5.419199939e-24  1.961111964e-08
146.834721  -5.373192088e-24  1.944462542e-08
147.165279  -5.325078135e-24  1.927050959e-08
147.4779249  -5.280065902e-24  1.910761833e-08
147.7387739  -5.242874417e-24  1.897302897e-08
147.9195339  -5.217293848e-24  1.888045745e-08
148  -5.20595674e-24  1.883943047e-08
148.0804661  -5.19465041e-24  1.879851488e-08
148.2612261  -5.169363437e-24  1.870700582e-08
148.5220751  -5.133143241e-24  1.857593138e-08
148.834721  -5.090147711e-24  1.842033822e-08
149.165279  -5.045177358e-24  1.825759852e-08
149.4779249  -5.003099904e-24  1.81053277e-08
149.7387739  -4.968328763e-24  1.797949714e-08
149.9195339  -4.944410536e-24  1.789294133e-08
150  -4.933809539e-24  1.785457821e-08
150.0804661  -4.923236939e-24  1.781631785e-08
150.2612261  -4.899589588e-24  1.77307423e-08
150.5220751  -4.865714577e-24  1.760815467e-08
150.834721  -4.825497765e-24  1.746261719e-08
151.165279  -4.783427734e-24  1.731037323e-08
151.4779249  -4.744058411e-24  1.716790267e-08
151.7387739  -4.711521041e-24  1.705015572e-08
151.9195339  -4.689137193e-24  1.696915255e-08
152  -4.679215692e-24  1.693324841e-08
152.0804661  -4.669320417e-24  1.689743917e-08
152.2612261  -4.647186752e-24  1.681734138e-08
152.5220751  -4.61547705e-24  1.670258961e-08
152.834721  -4.577826218e-24  1.656633796e-08
153.165279  -4.538434915e-24  1.642378784e-08
153.4779249  -4.501567236e-24  1.629037028e-08
153.7387739  -4.471093627e-24  1.618009172e-08
153.9195339  -4.450127542e-24  1.610421919e-08
154  -4.440833937e-24  1.607058728e-08
154.0804661  -4.431564579e-24  1.603704313e-08
154.2612261  -4.410829805e-24  1.596200767e-08
154.5220751  -4.381121427e-24  1.585449834e-08
154.834721  -4.345842598e-24  1.572683054e-08
155.165279  -4.308927931e-24  1.559324294e-08
155.4779249  -4.274373546e-24  1.546819677e-08
155.7387739  -4.245808595e-24  1.53648253e-08
155.9195339  -4.226153868e-24  1.529369834e-08
156  -4.217441072e-24  1.526216828e-08
156.0804661  -4.208750717e-24  1.523071944e-08
156.2612261  -4.189310068e-24  1.516036719e-08
156.5220751  -4.161453338e-24  1.505955864e-08
156.834721  -4.128369429e-24  1.493983387e-08
157.165279  -4.093746874e-24  1.481454101e-08
157.4779249  -4.06133377e-24  1.469724375e-08
157.7387739  -4.034535804e-24  1.460026669e-08
157.9195339  -4.016095231e-24  1.453353354e-08
158  -4.007920226e-24  1.450394965e-08
158.0804661  -3.999766011e-24  1.4474441e-08
158.2612261  -3.981523763e-24  1.440842555e-08
158.5220751  -3.955381902e-24  1.431382281e-08
158.834721  -3.924331063e-24  1.420145535e-08
159.165279  -3.891831936e-24  1.40838468e-08
159.4779249  -3.861402841e-24  1.397372932e-08
159.7387739  -3.836242306e-24  1.388267783e-08
159.9195339  -3.818926986e-24  1.382001677e-08
160  -3.811250426e-24  1.379223666e-08
160.0804661  -3.803593145e-24  1.376452633e-08
160.2612261  -3.786461732e-24  1.370253079e-08
160.5220751  -3.761909607e-24  1.361368102e-08
160.834721  -3.732743741e-24  1.350813495e-08
161.165279  -3.702213666e-24  1.339765204e-08
161.4779249  -3.673624619e-24  1.329419337e-08
161.7387739  -3.649982909e-24  1.320863823e-08
161.9195339  -3.633711442e-24  1.314975469e-08
162  -3.626497299e-24  1.312364799e-08
162.0804661  -3.619301051e-24  1.309760605e-08
162.2612261  -3.603200282e-24  1.303934024e-08
162.5220751  -3.580123282e-24  1.295582868e-08
162.834721  -3.552706729e-24  1.285661306e-08
163.165279  -3.524004265e-24  1.275274395e-08
163.4779249  -3.497123346e-24  1.265546669e-08
163.7387739  -3.474891757e-24  1.257501453e-08
163.9195339  -3.459589533e-24  1.251963851e-08
164  -3.452804781e-24  1.24950857e-08
164.0804661  -3.446036653e-24  1.247059305e-08
164.2612261  -3.430893011e-24  1.241579091e-08
164.5220751  -3.40918605e-24  1.233723728e-08
164.834721  -3.383394404e-24  1.22439019e-08
165.165279  -3.356389824e-24  1.214617714e-08
165.4779249  -3.331096018e-24  1.205464335e-08
165.7387739  -3.310174815e-24  1.197893325e-08
165.9195339  -3.29577337e-24  1.192681698e-08
166  -3.289387702e-24  1.190370839e-08
166.0804661  -3.283017492e-24  1.188065573e-08
166.2612261  -3.268763505e-24  1.182907309e-08
166.5220751  -3.248330129e-24  1.175512834e-08
166.834721  -3.224049184e-24  1.166725992e-08
167.165279  -3.198623377e-24  1.157524846e-08
167.4779249  -3.174805552e-24  1.148905599e-08
167.7387739  -3.155103135e-24  1.141775645e-08
167.9195339  -3.141539583e-24  1.136867237e-08
168  -3.135525157e-24  1.134690723e-08
168.0804661  -3.129525119e-24  1.132519416e-08
168.2612261  -3.116098801e-24  1.127660671e-08
168.5220751  -3.096850386e-24  1.120695012e-08
168.834721  -3.073975191e-24  1.112416887e-08
169.165279  -3.050018682e-24  1.103747453e-08
169.4779249  -3.027574681e-24  1.095625368e-08
169.7387739  -3.009006833e-24  1.088905995e-08
169.9195339  -2.996223349e-24  1.084279879e-08
170  -2.990554566e-24  1.082228448e-08
170.0804661  -2.984899184e-24  1.080181866e-08
170.2612261  -2.972243528e-24  1.075602009e-08
170.5220751  -2.954098561e-24  1.069035669e-08
170.834721  -2.932532576e-24  1.061231323e-08
171.165279  -2.909944645e-24  1.053057153e-08
171.4779249  -2.888780465e-24  1.045398213e-08
171.7387739  -2.87126968e-24  1.039061371e-08
171.9195339  -2.859213043e-24  1.034698289e-08
172  -2.853866338e-24  1.032763412e-08
172.0804661  -2.848532125e-24  1.030833055e-08
172.2612261  -2.836594653e-24  1.026513097e-08
172.5220751  -2.819478091e-24  1.020318918e-08
172.834721  -2.799132421e-24  1.012956182e-08
173.165279  -2.777820311e-24  1.005243709e-08
173.4779249  -2.757849369e-24  9.980165804e-09
173.7387739  -2.741324248e-24  9.920364336e-09
173.9195339  -2.729945425e-24  9.879186401e-09
174  -2.724899087e-24  9.860924602e-09
174.0804661  -2.719864404e-24  9.84270498e-09
174.2612261  -2.70859676e-24  9.801929382e-09
174.5220751  -2.692439444e-24  9.743458933e-09
174.834721  -2.673232158e-24  9.673951184e-09
175.165279  -2.653110365e-24  9.601134e-09
175.4779249  -2.634252833e-24  9.53289195e-09
175.7387739  -2.618647544e-24  9.476419185e-09
175.9195339  -2.607901317e-24  9.437530505e-09
176  -2.603135323e-24  9.42028322e-09
176.0804661  -2.598380211e-24  9.403075316e-09
176.2612261  -2.587737795e-24  9.364562309e-09
176.5220751  -2.572475934e-24  9.30933235e-09
176.834721  -2.554331446e-24  9.24367068e-09
177.165279  -2.535321078e-24  9.174875542e-09
177.4779249  -2.517503292e-24  9.110396148e-09
177.7387739  -2.502757071e-24  9.057032202e-09
177.9195339  -2.492601705e-24  9.020281739e-09
178  -2.488097571e-24  9.003982081e-09
178.0804661  -2.483603607e-24  8.987719223e-09
178.2612261  -2.473545246e-24  8.951319808e-09
178.5220751  -2.459119942e-24  8.8991172e-09
178.834721  -2.441968459e-24  8.837049036e-09
179.165279  -2.423996655e-24  8.772012279e-09
179.4779249  -2.407150574e-24  8.711049312e-09
179.7387739  -2.393207293e-24  8.660591061e-09
179.9195339  -2.383604228e-24  8.625839277e-09
180  -2.379344878e-24  8.610425449e-09
180.0804661  -2.375095038e-24  8.595046034e-09
180.2612261  -2.365582688e-24  8.560622535e-09
180.5220751  -2.351939514e-24  8.511250318e-09
180.834721  -2.33571653e-24  8.452542227e-09
181.165279  -2.318715944e-24  8.391020131e-09
181.4779249  -2.302778666e-24  8.33334596e-09
181.7387739  -2.289586427e-24  8.285605596e-09
181.9195339  -2.280500007e-24  8.252723461e-09
182  -2.27646965e-24  8.238138315e-09
182.0804661  -2.272448192e-24  8.223585376e-09
182.2612261  -2.263446669e-24  8.191010467e-09
182.5220751  -2.250535285e-24  8.144286468e-09
182.834721  -2.235181131e-24  8.088722519e-09
183.165279  -2.219089455e-24  8.030489607e-09
183.4779249  -2.204002776e-24  7.975893604e-09
183.7387739  -2.191513554e-24  7.930697331e-09
183.9195339  -2.182910781e-24  7.89956543e-09
184  -2.179094801e-24  7.885756076e-09
184.0804661  -2.175287155e-24  7.871976883e-09
184.2612261  -2.166763891e-24  7.841132708e-09
184.5220751  -2.154537697e-24  7.79688829e-09
184.834721  -2.13999713e-24  7.744268568e-09
185.165279  -2.124756671e-24  7.689116059e-09
185.4779249  -2.110466692e-24  7.637403169e-09
185.7387739  -2.098636005e-24  7.594590019e-09
185.9195339  -2.090486314e-24  7.565097741e-09
186  -2.086871172e-24  7.552015183e-09
186.0804661  -2.08326384e-24  7.538960893e-09
186.2612261  -2.075188664e-24  7.509738269e-09
186.5220751  -2.063604486e-24  7.46781719e-09
186.834721  -2.049826318e-24  7.417956454e-09
187.165279  -2.03538361e-24  7.365690865e-09
187.4779249  -2.021840373e-24  7.316680303e-09
187.7387739  -2.01062699e-24  7.276101064e-09
187.9195339  -2.002902046e-24  7.248145868e-09
188  -1.999475189e-24  7.235744684e-09
188.0804661  -1.996055658e-24  7.223370011e-09
188.2612261  -1.988400597e-24  7.195667708e-09
188.5220751  -1.9774184e-24  7.155925093e-09
188.834721  -1.964355162e-24  7.108651558e-09
189.165279  -1.950660617e-24  7.059093438e-09
189.4779249  -1.937817782e-24  7.012617505e-09
189.7387739  -1.927183451e-24  6.974133754e-09
189.9195339  -1.919856964e-24  6.947620503e-09
190  -1.916606747e-24  6.935858549e-09
190.0804661  -1.913363406e-24  6.924121474e-09
190.2612261  -1.906102503e-24  6.897845559e-09
190.5220751  -1.895685136e-24  6.860146962e-09
190.834721  -1.883292769e-24  6.815301193e-09
191.165279  -1.870300358e-24  6.76828397e-09
191.4779249  -1.858114905e-24  6.724186986e-09
191.7387739  -1.848024112e-24  6.687670202e-09
191.9195339  -1.841071671e-24  6.662510559e-09
192  -1.837987281e-24  6.651348699e-09
192.0804661  -1.834909347e-24  6.640210204e-09
192.2612261  -1.828018497e-24  6.615273444e-09
192.5220751  -1.818131456e-24  6.579494003e-09
192.834721  -1.806369039e-24  6.536927911e-09
193.165279  -1.794036002e-24  6.492296848e-09
193.4779249  -1.782467963e-24  6.450434172e-09
193.7387739  -1.772887709e-24  6.415764939e-09
193.9195339  -1.766286632e-24  6.391876816e-09
194  -1.763358018e-24  6.381278683e-09
194.0804661  -1.760435471e-24  6.370702507e-09
194.2612261  -1.753892271e-24  6.347023831e-09
194.5220751  -1.744503486e-24  6.313047491e-09
194.834721  -1.73333298e-24  6.272623418e-09
195.165279  -1.721619566e-24  6.23023466e-09
195.4779249  -1.710631778e-24  6.190471811e-09
195.7387739  -1.701531379e-24  6.157539085e-09
195.9195339  -1.69526057e-24  6.134846144e-09
196  -1.692478386e-24  6.124777916e-09
196.0804661  -1.689701907e-24  6.114730334e-09
196.2612261  -1.683485521e-24  6.092234339e-09
196.5220751  -1.674565163e-24  6.059953151e-09
196.834721  -1.663951181e-24  6.021543041e-09
197.165279  -1.652820407e-24  5.981262752e-09
197.4779249  -1.642378292e-24  5.943474597e-09
197.7387739  -1.633729191e-24  5.912175043e-09
197.9195339  -1.627769019e-24  5.89060624e-09
198  -1.625124567e-24  5.881036438e-09
198.0804661  -1.622485482e-24  5.871486062e-09
198.2612261  -1.616576517e-24  5.850102567e-09
198.5220751  -1.608096818e-24  5.819416046e-09
198.834721  -1.598006418e-24  5.782900687e-09
199.165279  -1.58742385e-24  5.744604256e-09
199.4779249  -1.57749521e-24  5.708674275e-09
199.7387739  -1.569270817e-24  5.678911662e-09
199.9195339  -1.563602997e-24  5.658400831e-09
200  -1.561088174e-24  5.649300137e-09
200.0804661  -1.558578406e-24  5.640217732e-09
200.2612261  -1.552958796e-24  5.619881365e-09
200.5220751  -1.544893891e-24  5.59069591e-09
200.834721  -1.535296384e-24  5.555964239e-09
201.165279  -1.525229938e-24  5.519535565e-09
201.4779249  -1.51578477e-24  5.485355183e-09
201.7387739  -1.507960303e-24  5.457039829e-09
201.9195339  -1.502567795e-24  5.437525303e-09
202  -1.500175052e-24  5.428866392e-09
202.0804661  -1.497787069e-24  5.420224709e-09
202.2612261  -1.492439978e-24  5.400874536e-09
202.5220751  -1.484765755e-24  5.373102892e-09
202.834721  -1.475632528e-24  5.340051369e-09
203.165279  -1.466052292e-24  5.3053822e-09
203.4779249  -1.457062618e-24  5.272850171e-09
203.7387739  -1.449614965e-24  5.245898442e-09
203.9195339  -1.444481877e-24  5.227322708e-09
204  -1.44220417e-24  5.219080092e-09
204.0804661  -1.43993095e-24  5.210853716e-09
204.2612261  -1.434840671e-24  5.192432901e-09
204.5220751  -1.427534639e-24  5.165993672e-09
204.834721  -1.418839e-24  5.134525703e-09
205.165279  -1.409717063e-24  5.101515037e-09
205.4779249  -1.401156776e-24  5.070536883e-09
205.7387739  -1.39406437e-24  5.044870729e-09
205.9195339  -1.389175868e-24  5.02718011e-09
206  -1.387006624e-24  5.019330001e-09
206.0804661  -1.384841612e-24  5.01149521e-09
206.2612261  -1.379993485e-24  4.993950701e-09
206.5220751  -1.373034648e-24  4.968767908e-09
206.834721  -1.364751678e-24  4.938793314e-09
207.165279  -1.356061981e-24  4.907346849e-09
207.4779249  -1.347906704e-24  4.877834353e-09
207.7387739  -1.341149403e-24  4.853380886e-09
207.9195339  -1.336491635e-24  4.836525251e-09
208  -1.334424714e-24  4.829045433e-09
208.0804661  -1.332361788e-24  4.82158007e-09
208.2612261  -1.32774212e-24  4.804862316e-09
208.5220751  -1.321110865e-24  4.780864985e-09
208.834721  -1.313217285e-24  4.752299524e-09
209.165279  -1.304935482e-24  4.722329154e-09
209.4779249  -1.297162436e-24  4.694199885e-09
209.7387739  -1.29072142e-24  4.670890994e-09
209.9195339  -1.286281439e-24  4.654823494e-09
210  -1.284311105e-24  4.647693203e-09
210.0804661  -1.282344541e-24  4.640576561e-09
210.2612261  -1.277940535e-24  4.624639248e-09
210.5220751  -1.271618531e-24  4.601761041e-09
210.834721  -1.264092579e-24  4.574525961e-09
211.165279  -1.256195909e-24  4.545949316e-09
211.4779249  -1.248783797e-24  4.519126202e-09
211.7387739  -1.242641465e-24  4.496898197e-09
211.9195339  -1.238407165e-24  4.481575021e-09
212  -1.236528051e-24  4.47477484e-09
212.0804661  -1.234652499e-24  4.467987553e-09
212.2612261  -1.230452186e-24  4.452787366e-09
212.5220751  -1.224422286e-24  4.430966234e-09
212.834721  -1.217243607e-24  4.404987873e-09
213.165279  -1.209710776e-24  4.377727896e-09
213.4779249  -1.202639671e-24  4.352138828e-09
213.7387739  -1.196779556e-24  4.330932116e-09
213.9195339  -1.192739609e-24  4.316312268e-09
214  -1.190946694e-24  4.309824026e-09
214.0804661  -1.189157146e-24  4.303347971e-09
214.2612261  -1.185149324e-24  4.288844375e-09
214.5220751  -1.179395482e-24  4.268022247e-09
214.834721  -1.172545023e-24  4.243231654e-09
215.165279  -1.165356098e-24  4.217216214e-09
215.4779249  -1.158607347e-24  4.192793686e-09
215.7387739  -1.15301403e-24  4.172552471e-09
215.9195339  -1.149157829e-24  4.158597566e-09
216  -1.147446411e-24  4.152404248e-09
216.0804661  -1.145738178e-24  4.146222456e-09
216.2612261  -1.141912357e-24  4.132377492e-09
216.5220751  -1.136419545e-24  4.112499983e-09
216.834721  -1.129879461e-24  4.088832584e-09
217.165279  -1.123015773e-24  4.063994118e-09
217.4779249  -1.116571901e-24  4.040674892e-09
217.7387739  -1.111230939e-24  4.021346903e-09
217.9195339  -1.107548546e-24  4.008020977e-09
218  -1.105914219e-24  4.002106642e-09
218.0804661  -1.104282907e-24  3.996203212e-09
218.2612261  -1.100629259e-24  3.982981312e-09
218.5220751  -1.095383395e-24  3.963997463e-09
218.834721  -1.089136964e-24  3.941392741e-09
219.165279  -1.082581014e-24  3.917667925e-09
219.4779249  -1.076425641e-24  3.895392728e-09
219.7387739  -1.071323494e-24  3.876928967e-09
219.9195339  -1.067805592e-24  3.864198305e-09
220  -1.066244228e-24  3.858548007e-09
220.0804661  -1.064685717e-24  3.852908033e-09
220.2612261  -1.061195028e-24  3.840275851e-09
220.5220751  -1.056182907e-24  3.822137879e-09
220.834721  -1.050214448e-24  3.800539087e-09
221.165279  -1.043949827e-24  3.777868538e-09
221.4779249  -1.038067592e-24  3.756581779e-09
221.7387739  -1.03319156e-24  3.738936285e-09
221.9195339  -1.02982941e-24  3.726769263e-09
222  -1.028337134e-24  3.721368982e-09
222.0804661  -1.02684756e-24  3.71597848e-09
222.2612261  -1.023511185e-24  3.703904733e-09
222.5220751  -1.018720421e-24  3.68656781e-09
222.834721  -1.013015221e-24  3.665921706e-09
223.165279  -1.00702653e-24  3.644249703e-09
223.4779249  -1.001403018e-24  3.623899212e-09
223.7387739  -9.967411806e-25  3.607028853e-09
223.9195339  -9.935265807e-25  3.595395789e-09
224  -9.920997569e-25  3.590232367e-09
224.0804661  -9.906754935e-25  3.585078212e-09
224.2612261  -9.874853182e-25  3.573533536e-09
224.5220751  -9.829042822e-25  3.556955582e-09
224.834721  -9.774485288e-25  3.537212182e-09
225.165279  -9.717213129e-25  3.516486407e-09
225.4779249  -9.663429864e-25  3.497023201e-09
225.7387739  -9.618841521e-25  3.480887474e-09
225.9195339  -9.588093997e-25  3.469760492e-09
226  -9.57444613e-25  3.464821572e-09
226.0804661  -9.560822537e-25  3.459891437e-09
226.2612261  -9.530306574e-25  3.448848253e-09
226.5220751  -9.486484277e-25  3.432989744e-09
226.834721  -9.434291473e-25  3.414102098e-09
227.165279  -9.379498252e-25  3.394273406e-09
227.4779249  -9.328039676e-25  3.375651464e-09
227.7387739  -9.285376203e-25  3.360212313e-09
227.9195339  -9.255954778e-25  3.349565223e-09
228  -9.242895193e-25  3.344839192e-09
228.0804661  -9.229858634e-25  3.340121493e-09
228.2612261  -9.200656847e-25  3.329553887e-09
228.5220751  -9.158719975e-25  3.314377679e-09
228.834721  -9.108769965e-25  3.29630166e-09
229.165279  -9.056328032e-25  3.277323858e-09
229.4779249  -9.007074606e-25  3.25949992e-09
229.7387739  -8.966237142e-25  3.244721569e-09
229.9195339  -8.938073774e-25  3.234529748e-09
230  -8.925572304e-25  3.230005689e-09
230.0804661  -8.913092683e-25  3.225489536e-09
230.2612261  -8.885137741e-25  3.21537314e-09
230.5220751  -8.844989783e-25  3.200844309e-09
230.834721  -8.797167904e-25  3.183538422e-09
231.165279  -8.746957215e-25  3.165368068e-09
231.4779249  -8.699796508e-25  3.148301448e-09
231.7387739  -8.660692067e-25  3.134150247e-09
231.9195339  -8.633722752e-25  3.124390532e-09
232  -8.621751018e-25  3.120058175e-09
232.0804661  -8.609800027e-25  3.115733324e-09
232.2612261  -8.583028585e-25  3.106045216e-09
232.5220751  -8.544578747e-25  3.092130904e-09
232.834721  -8.498777117e-25  3.07555611e-09
233.165279  -8.450684717e-25  3.058152326e-09
233.4779249  -8.40551093e-25  3.041804737e-09
233.7387739  -8.368052004e-25  3.028249019e-09
233.9195339  -8.342216504e-25  3.018899612e-09
234  -8.330747796e-25  3.014749291e-09
234.0804661  -8.31929879e-25  3.010606099e-09
234.2612261  -8.293651231e-25  3.001324704e-09
234.5220751  -8.256814047e-25  2.987993983e-09
234.834721  -8.212931112e-25  2.97211353e-09
235.165279  -8.16685066e-25  2.955437835e-09
235.4779249  -8.123564182e-25  2.93977323e-09
235.7387739  -8.087668375e-25  2.926783176e-09
235.9195339  -8.062909968e-25  2.91782355e-09
236  -8.051919135e-25  2.913846163e-09
236.0804661  -8.040947024e-25  2.909875551e-09
236.2612261  -8.016367202e-25  2.900980551e-09
236.5220751  -7.981062184e-25  2.888204294e-09
236.834721  -7.939002295e-25  2.872983569e-09
237.165279  -7.894833628e-25  2.856999715e-09
237.4779249  -7.853340626e-25  2.841984136e-09
237.7387739  -7.818930314e-25  2.829531657e-09
237.9195339  -7.795195562e-25  2.820942473e-09
238  -7.784658908e-25  2.817129446e-09
238.0804661  -7.774140051e-25  2.813322859e-09
238.2612261  -7.750575067e-25  2.80479511e-09
238.5220751  -7.716726375e-25  2.792545871e-09
238.834721  -7.676399401e-25  2.777952258e-09
239.165279  -7.634048125e-25  2.762626085e-09
239.4779249  -7.594260163e-25  2.74822753e-09
239.7387739  -7.561262183e-25  2.736286149e-09
239.9195339  -7.538500715e-25  2.728049179e-09
240  -7.528395903e-25  2.724392427e-09
240.0804661  -7.518308017e-25  2.720741801e-09
240.2612261  -7.495708003e-25  2.712563258e-09
240.5220751  -7.463244141e-25  2.700815164e-09
240.834721  -7.424565106e-25  2.68681791e-09
241.165279  -7.383942219e-25  2.672117211e-09
241.4779249  -7.345775908e-25  2.658305503e-09
241.7387739  -7.314121268e-25  2.646850252e-09
241.9195339  -7.292285581e-25  2.638948306e-09
242  -7.282591546e-25  2.635440207e-09
242.0804661  -7.272913614e-25  2.631937936e-09
242.2612261  -7.251231538e-25  2.624091579e-09
242.5220751  -7.220085071e-25  2.612820227e-09
242.834721  -7.182973822e-25  2.599390326e-09
243.165279  -7.143995368e-25  2.585284718e-09
243.4779249  -7.107372038e-25  2.572031387e-09
243.7387739  -7.076995643e-25  2.561038711e-09
243.9195339  -7.056040918e-25  2.553455569e-09
244  -7.046737782e-25  2.55008893e-09
244.0804661  -7.037449975e-25  2.546727837e-09
244.2612261  -7.016641459e-25  2.539197606e-09
244.5220751  -6.986748752e-25  2.528379968e-09
244.834721  -6.951129646e-25  2.515490048e-09
245.165279  -6.913716388e-25  2.501950855e-09
245.4779249  -6.878561785e-25  2.489229031e-09
245.7387739  -6.849402194e-25  2.478676694e-09
245.9195339  -6.829286121e-25  2.471397045e-09
246  -6.820355123e-25  2.468165076e-09
246.0804661  -6.811438719e-25  2.464938388e-09
246.2612261  -6.791461867e-25  2.457709121e-09
246.5220751  -6.762762844e-25  2.447323456e-09
246.834721  -6.728564463e-25  2.434947671e-09
247.165279  -6.692641581e-25  2.421947819e-09
247.4779249  -6.658885588e-25  2.409732126e-09
247.7387739  -6.630884776e-25  2.399599131e-09
247.9195339  -6.611567399e-25  2.392608516e-09
248  -6.602990816e-25  2.389504804e-09
248.0804661  -6.594428136e-25  2.386406122e-09
248.2612261  -6.575243378e-25  2.3794635e-09
248.5220751  -6.547681293e-25  2.369489272e-09
248.834721  -6.514836175e-25  2.357603209e-09
249.165279  -6.480332989e-25  2.34511712e-09
249.4779249  -6.447909363e-25  2.333383587e-09
249.7387739  -6.421012509e-25  2.323650095e-09
249.9195339  -6.402456074e-25  2.316934851e-09
250  -6.394217163e-25  2.313953336e-09
250.0804661  -6.3859915e-25  2.310976615e-09
250.2612261  -6.367561445e-25  2.304307106e-09
250.5220751  -6.341082674e-25  2.294724911e-09
250.834721  -6.309527065e-25  2.283305498e-09
251.165279  -6.276376777e-25  2.271308999e-09
251.4779249  -6.245222906e-25  2.260034968e-09
251.7387739  -6.219378189e-25  2.250682225e-09
251.9195339  -6.201547009e-25  2.244229438e-09
252  -6.193629941e-25  2.241364392e-09
252.0804661  -6.185725503e-25  2.238503917e-09
252.2612261  -6.168014802e-25  2.232094729e-09
252.5220751  -6.142568651e-25  2.22288622e-09
252.834721  -6.112242273e-25  2.211911645e-09
253.165279  -6.080381722e-25  2.200381878e-09
253.4779249  -6.050438401e-25  2.189545923e-09
253.7387739  -6.025596817e-25  2.180556197e-09
253.9195339  -6.008457141e-25  2.174353653e-09
254  -6.000846946e-25  2.171599659e-09
254.0804661  -5.993248796e-25  2.168850024e-09
254.2612261  -5.976224019e-25  2.16268906e-09
254.5220751  -5.951762538e-25  2.153836886e-09
254.834721  -5.922608377e-25  2.143286514e-09
255.165279  -5.891977814e-25  2.132201859e-09
255.4779249  -5.863189032e-25  2.121783711e-09
255.7387739  -5.83930422e-25  2.113140223e-09
255.9195339  -5.822824116e-25  2.107176367e-09
256  -5.815506631e-25  2.104528299e-09
256.0804661  -5.808200638e-25  2.10188439e-09
256.2612261  -5.791830151e-25  2.095960202e-09
256.5220751  -5.768307968e-25  2.087447943e-09
256.834721  -5.74027207e-25  2.077302251e-09
257.165279  -5.710814952e-25  2.066642245e-09
257.4779249  -5.683127701e-25  2.056622721e-09
257.7387739  -5.660155779e-25  2.048309592e-09
257.9195339  -5.644305023e-25  2.042573485e-09
258  -5.637266841e-25  2.040026493e-09
258.0804661  -5.630239626e-25  2.037483469e-09
258.2612261  -5.614493485e-25  2.031785221e-09
258.5220751  -5.59186765e-25  2.023597334e-09
258.834721  -5.564898935e-25  2.013837836e-09
259.165279  -5.536561729e-25  2.003583106e-09
259.4779249  -5.509925816e-25  1.993944043e-09
259.7387739  -5.487825234e-25  1.985946236e-09
259.9195339  -5.472575204e-25  1.980427522e-09
260  -5.465803629e-25  1.97797701e-09
260.0804661  -5.459042525e-25  1.975530286e-09
260.2612261  -5.443892374e-25  1.970047716e-09
260.5220751  -5.422122209e-25  1.962169481e-09
260.834721  -5.3961723e-25  1.952778671e-09
261.165279  -5.368904299e-25  1.942910867e-09
261.4779249  -5.343272181e-25  1.93363506e-09
261.7387739  -5.322003577e-25  1.925938331e-09
261.9195339  -5.307327159e-25  1.920627197e-09
262  -5.300810164e-25  1.918268812e-09
262.0804661  -5.294303169e-25  1.915914047e-09
262.2612261  -5.279722141e-25  1.910637432e-09
262.5220751  -5.258769107e-25  1.903054903e-09
262.834721  -5.233792166e-25  1.894016192e-09
263.165279  -5.207545323e-25  1.884517927e-09
263.4779249  -5.182871945e-25  1.875589071e-09
263.7387739  -5.162398018e-25  1.868179921e-09
263.9195339  -5.148269514e-25  1.863067067e-09
264  -5.141995699e-25  1.860796685e-09
264.0804661  -5.135731438e-25  1.858529761e-09
264.2612261  -5.121694071e-25  1.853449888e-09
264.5220751  -5.101521638e-25  1.846149843e-09
264.834721  -5.077474215e-25  1.837447509e-09
265.165279  -5.052202981e-25  1.8283023e-09
265.4779249  -5.028445632e-25  1.819704938e-09
265.7387739  -5.008731015e-25  1.812570569e-09
265.9195339  -4.995126062e-25  1.807647179e-09
266  -4.989084619e-25  1.805460888e-09
266.0804661  -4.983052308e-25  1.803277902e-09
266.2612261  -4.969534456e-25  1.798386032e-09
266.5220751  -4.950107985e-25  1.791355938e-09
266.834721  -4.926948877e-25  1.782975069e-09
267.165279  -4.902610058e-25  1.774167284e-09
267.4779249  -4.879728229e-25  1.765886758e-09
267.7387739  -4.860739379e-25  1.759015031e-09
267.9195339  -4.847634867e-25  1.754272742e-09
268  -4.841815545e-25  1.752166833e-09
268.0804661  -4.836004952e-25  1.750064083e-09
268.2612261  -4.822983714e-25  1.745351928e-09
268.5220751  -4.804270347e-25  1.738579894e-09
268.834721  -4.781960465e-25  1.730506345e-09
269.165279  -4.758513082e-25  1.722021154e-09
269.4779249  -4.736468338e-25  1.714043554e-09
269.7387739  -4.718173428e-25  1.707422952e-09
269.9195339  -4.70554743e-25  1.702853828e-09
270  -4.6999405e-25  1.70082478e-09
270.0804661  -4.694341918e-25  1.698798753e-09
270.2612261  -4.681795561e-25  1.69425845e-09
270.5220751  -4.663764114e-25  1.68773319e-09
270.834721  -4.642266364e-25  1.679953537e-09
271.165279  -4.619671521e-25  1.671776866e-09
271.4779249  -4.598427383e-25  1.66408899e-09
271.7387739  -4.580796203e-25  1.657708581e-09
271.9195339  -4.568627903e-25  1.653305089e-09
272  -4.56322413e-25  1.65134956e-09
272.0804661  -4.557828345e-25  1.649396922e-09
272.2612261  -4.545736236e-25  1.645021003e-09
272.5220751  -4.528357108e-25  1.638731806e-09
272.834721  -4.507636269e-25  1.631233303e-09
273.165279  -4.485857039e-25  1.623351787e-09
273.4779249  -4.465378867e-25  1.615941101e-09
273.7387739  -4.44838273e-25  1.609790502e-09
273.9195339  -4.436652362e-25  1.605545491e-09
274  -4.431442977e-25  1.603660307e-09
274.0804661  -4.426241236e-25  1.60177789e-09
274.2612261  -4.414583782e-25  1.597559265e-09
274.5220751  -4.397828857e-25  1.591495956e-09
274.834721  -4.377851481e-25  1.584266499e-09
275.165279  -4.356852787e-25  1.576667446e-09
275.4779249  -4.337107678e-25  1.569522042e-09
275.7387739  -4.320719334e-25  1.563591392e-09
275.9195339  -4.309408119e-25  1.559498065e-09
276  -4.304384792e-25  1.557680212e-09
276.0804661  -4.299368781e-25  1.555865008e-09
276.2612261  -4.288127368e-25  1.55179694e-09
276.5220751  -4.271969936e-25  1.545949853e-09
276.834721  -4.25270424e-25  1.538977941e-09
277.165279  -4.232452754e-25  1.531649289e-09
277.4779249  -4.213409443e-25  1.524757854e-09
277.7387739  -4.197602994e-25  1.519037781e-09
277.9195339  -4.186693089e-25  1.515089681e-09
278  -4.1818479e-25  1.513336293e-09
278.0804661  -4.177009719e-25  1.511585442e-09
278.2612261  -4.166166655e-25  1.50766153e-09
278.5220751  -4.150581329e-25  1.502021478e-09
278.834721  -4.131997105e-25  1.495296178e-09
279.165279  -4.112461147e-25  1.488226463e-09
279.4779249  -4.094089913e-25  1.48157824e-09
279.7387739  -4.078840742e-25  1.476059837e-09
279.9195339  -4.06831518e-25  1.472250824e-09
280  -4.063640604e-25  1.470559178e-09
280.0804661  -4.05897274e-25  1.468869961e-09
280.2612261  -4.048511206e-25  1.465084118e-09
280.5220751  -4.033473849e-25  1.459642366e-09
280.834721  -4.015542374e-25  1.453153285e-09
281.165279  -3.99669182e-25  1.446331605e-09
281.4779249  -3.9789644e-25  1.439916367e-09
281.7387739  -3.964249095e-25  1.43459116e-09
281.9195339  -3.954091743e-25  1.430915396e-09
282  -3.949580621e-25  1.429282901e-09
282.0804661  -3.945075929e-25  1.427652733e-09
282.2612261  -3.934979929e-25  1.42399917e-09
282.5220751  -3.920467582e-25  1.41874741e-09
282.834721  -3.903161537e-25  1.412484661e-09
283.165279  -3.884967732e-25  1.405900647e-09
283.4779249  -3.86785724e-25  1.399708664e-09
283.7387739  -3.853653529e-25  1.394568594e-09
283.9195339  -3.843849038e-25  1.391020523e-09
284  -3.839494558e-25  1.389444715e-09
284.0804661  -3.835146242e-25  1.387871137e-09
284.2612261  -3.825400555e-25  1.384344346e-09
284.5220751  -3.811391376e-25  1.379274674e-09
284.834721  -3.794684765e-25  1.373228848e-09
285.165279  -3.777120443e-25  1.366872633e-09
285.4779249  -3.760601294e-25  1.360894647e-09
285.7387739  -3.746887981e-25  1.355932043e-09
285.9195339  -3.737421742e-25  1.35250638e-09
286  -3.733217423e-25  1.350984912e-09
286.0804661  -3.729019014e-25  1.349465582e-09
286.2612261  -3.719609155e-25  1.346060322e-09
286.5220751  -3.706082353e-25  1.341165213e-09
286.834721  -3.689950432e-25  1.335327358e-09
287.165279  -3.672989637e-25  1.329189549e-09
287.4779249  -3.657037476e-25  1.323416746e-09
287.7387739  -3.643794383e-25  1.318624306e-09
287.9195339  -3.63465249e-25  1.315316018e-09
288  -3.63059216e-25  1.313846657e-09
288.0804661  -3.626537499e-25  1.312379347e-09
288.2612261  -3.617449676e-25  1.309090626e-09
288.5220751  -3.604385456e-25  1.304362917e-09
288.834721  -3.588804666e-25  1.298724507e-09
289.165279  -3.572422683e-25  1.292796159e-09
289.4779249  -3.557014317e-25  1.287220145e-09
289.7387739  -3.544222227e-25  1.282590916e-09
289.9195339  -3.535391434e-25  1.279395209e-09
290  -3.531469217e-25  1.277975828e-09
290.0804661  -3.527552437e-25  1.276558416e-09
290.2612261  -3.518773516e-25  1.27338148e-09
290.5220751  -3.506153025e-25  1.268814349e-09
290.834721  -3.491100924e-25  1.263367262e-09
291.165279  -3.475274211e-25  1.257639856e-09
291.4779249  -3.460387545e-25  1.252252637e-09
291.7387739  -3.448028153e-25  1.247779993e-09
291.9195339  -3.439495842e-25  1.244692302e-09
292  -3.435706138e-25  1.243320875e-09
292.0804661  -3.431921652e-25  1.241951337e-09
292.2612261  -3.423439117e-25  1.238881659e-09
292.5220751  -3.411244391e-25  1.234468605e-09
292.834721  -3.396699598e-25  1.229205103e-09
293.165279  -3.381405722e-25  1.223670522e-09
293.4779249  -3.367019702e-25  1.218464477e-09
293.7387739  -3.355075563e-25  1.214142106e-09
293.9195339  -3.346829709e-25  1.211158078e-09
294  -3.343167182e-25  1.209832675e-09
294.0804661  -3.339509663e-25  1.208509084e-09
294.2612261  -3.331311588e-25  1.205542346e-09
294.5220751  -3.319525506e-25  1.201277173e-09
294.834721  -3.305467641e-25  1.196189882e-09
295.165279  -3.29068522e-25  1.190840387e-09
295.4779249  -3.276779778e-25  1.185808255e-09
295.7387739  -3.265234261e-25  1.181630138e-09
295.9195339  -3.257263401e-25  1.178745626e-09
296  -3.253722963e-25  1.177464405e-09
296.0804661  -3.250187334e-25  1.176184923e-09
296.2612261  -3.242262348e-25  1.173317012e-09
296.5220751  -3.230868588e-25  1.169193813e-09
296.834721  -3.217278219e-25  1.164275701e-09
297.165279  -3.202986865e-25  1.159103914e-09
297.4779249  -3.189542863e-25  1.154238769e-09
297.7387739  -3.178380111e-25  1.150199168e-09
297.9195339  -3.170673312e-25  1.147410215e-09
298  -3.167250112e-25  1.14617142e-09
298.0804661  -3.163831531e-25  1.144934296e-09
298.2612261  -3.15616879e-25  1.142161287e-09
298.5220751  -3.145151786e-25  1.138174429e-09
298.834721  -3.132010381e-25  1.133418788e-09
299.165279  -3.118190646e-25  1.128417673e-09
299.4779249  -3.105189832e-25  1.123712909e-09
299.7387739  -3.094394716e-25  1.119806349e-09
299.9195339  -3.086941551e-25  1.117109181e-09
300  -3.083630962e-25  1.115911138e-09
300.0804661  -3.080324809e-25  1.1147147e-09
300.2612261  -3.072913968e-25  1.112032849e-09
300.5220751  -3.062258868e-25  1.108176958e-09
300.834721  -3.049548745e-25  1.103577391e-09
301.165279  -3.036182078e-25  1.098740232e-09
301.4779249  -3.023607034e-25  1.094189547e-09
301.7387739  -3.013165121e-25  1.090410805e-09
301.9195339  -3.005955639e-25  1.087801822e-09
302  -3.002753243e-25  1.086642932e-09
302.0804661  -2.999555111e-25  1.085485585e-09
302.2612261  -2.992386299e-25  1.082891319e-09
302.5220751  -2.982078928e-25  1.079161265e-09
302.834721  -2.969783215e-25  1.074711666e-09
303.165279  -2.956851907e-25  1.070032056e-09
303.4779249  -2.94468601e-25  1.065629434e-09
303.7387739  -2.934583523e-25  1.061973524e-09
303.9195339  -2.927608224e-25  1.059449287e-09
304  -2.924509807e-25  1.058328026e-09
304.0804661  -2.921415488e-25  1.057208247e-09
304.2612261  -2.91447928e-25  1.054698157e-09
304.5220751  -2.904506112e-25  1.051089044e-09
304.834721  -2.892608699e-25  1.046783583e-09
305.165279  -2.880095844e-25  1.042255403e-09
305.4779249  -2.868323223e-25  1.037995101e-09
305.7387739  -2.858547007e-25  1.034457263e-09
305.9195339  -2.851796823e-25  1.032014491e-09
306  -2.84879836e-25  1.030929401e-09
306.0804661  -2.845803836e-25  1.029845736e-09
306.2612261  -2.839091235e-25  1.027416565e-09
306.5220751  -2.829439348e-25  1.023923719e-09
306.834721  -2.817924853e-25  1.019756828e-09
307.165279  -2.805814307e-25  1.015374238e-09
307.4779249  -2.794419804e-25  1.01125077e-09
307.7387739  -2.784957296e-25  1.007826457e-09
307.9195339  -2.778423565e-25  1.005462016e-09
308  -2.77552121e-25  1.004411705e-09
308.0804661  -2.772622645e-25  1.003362766e-09
308.2612261  -2.766125055e-25  1.001011404e-09
308.5220751  -2.756782111e-25  9.976303587e-10
308.834721  -2.745635838e-25  9.935967213e-10
309.165279  -2.733912179e-25  9.893541377e-10
309.4779249  -2.722881314e-25  9.85362264e-10
309.7387739  -2.713720512e-25  9.820471328e-10
309.9195339  -2.707394957e-25  9.797580271e-10
310  -2.704585038e-25  9.787411677e-10
310.0804661  -2.701778764e-25  9.777256271e-10
310.2612261  -2.695487975e-25  9.754491023e-10
310.5220751  -2.686442181e-25  9.721755907e-10
310.834721  -2.675650092e-25  9.682701257e-10
311.165279  -2.664298582e-25  9.641622163e-10
311.4779249  -2.653617517e-25  9.602969293e-10
311.7387739  -2.64474695e-25  9.570868289e-10
311.9195339  -2.638621663e-25  9.548701966e-10
312  -2.63590067e-25  9.538855177e-10
312.0804661  -2.633183183e-25  9.529021078e-10
312.2612261  -2.627091346e-25  9.506975802e-10
312.5220751  -2.618331434e-25  9.475275241e-10
312.834721  -2.607880107e-25  9.43745375e-10
313.165279  -2.59688666e-25  9.397670423e-10
313.4779249  -2.586542169e-25  9.360235553e-10
313.7387739  -2.577950872e-25  9.329145178e-10
313.9195339  -2.572018292e-25  9.307676228e-10
314  -2.569382869e-25  9.298139101e-10
314.0804661  -2.566750821e-25  9.288614186e-10
314.2612261  -2.560850432e-25  9.26726173e-10
314.5220751  -2.552365628e-25  9.236556736e-10
314.834721  -2.542242234e-25  9.199921975e-10
315.165279  -2.531593382e-25  9.161385675e-10
315.4779249  -2.521572817e-25  9.125123036e-10
315.7387739  -2.513250306e-25  9.09500535e-10
315.9195339  -2.507503204e-25  9.074207609e-10
316  -2.504950141e-25  9.064968531e-10
316.0804661  -2.502400327e-25  9.055741209e-10
316.2612261  -2.496684213e-25  9.035055608e-10
316.5220751  -2.488464214e-25  9.005308897e-10
316.834721  -2.478656482e-25  8.96981646e-10
317.165279  -2.468339344e-25  8.932480574e-10
317.4779249  -2.45863061e-25  8.897346394e-10
317.7387739  -2.450566856e-25  8.868165105e-10
317.9195339  -2.444998316e-25  8.84801355e-10
318  -2.442524545e-25  8.839061413e-10
318.0804661  -2.440053901e-25  8.830120595e-10
318.2612261  -2.434515198e-25  8.810077014e-10
318.5220751  -2.426550149e-25  8.781252919e-10
318.834721  -2.417046341e-25  8.746860329e-10
319.165279  -2.407048594e-25  8.710680263e-10
319.4779249  -2.397640118e-25  8.676632663e-10
319.7387739  -2.389825527e-25  8.648353051e-10
319.9195339  -2.384428933e-25  8.628823737e-10
320  -2.382031516e-25  8.620147914e-10
320.0804661  -2.379637112e-25  8.611482992e-10
320.2612261  -2.374269253e-25  8.592057666e-10
320.5220751  -2.366549723e-25  8.564122062e-10
320.834721  -2.357338607e-25  8.530788672e-10
321.165279  -2.34764846e-25  8.495721754e-10
321.4779249  -2.338529167e-25  8.462720656e-10
321.7387739  -2.330954557e-25  8.435309495e-10
321.9195339  -2.325723577e-25  8.416379508e-10
322  -2.323399704e-25  8.407969827e-10
322.0804661  -2.321078733e-25  8.399570646e-10
322.2612261  -2.315875434e-25  8.380740832e-10
322.5220751  -2.308392397e-25  8.353661055e-10
322.834721  -2.299463223e-25  8.321347961e-10
323.165279  -2.290069388e-25  8.287353345e-10
323.4779249  -2.281228677e-25  8.255360388e-10
323.7387739  -2.27388526e-25  8.228785869e-10
323.9195339  -2.268813832e-25  8.210433273e-10
324  -2.266560812e-25  8.202279996e-10
324.0804661  -2.264310588e-25  8.194136838e-10
324.2612261  -2.259265832e-25  8.175880761e-10
324.5220751  -2.252010647e-25  8.14962554e-10
324.834721  -2.243353121e-25  8.118295495e-10
325.165279  -2.234244792e-25  8.085334073e-10
325.4779249  -2.225672513e-25  8.054312524e-10
325.7387739  -2.218551872e-25  8.02854419e-10
325.9195339  -2.213634191e-25  8.01074798e-10
326  -2.211449448e-25  8.002841784e-10
326.0804661  -2.2092674e-25  7.99494534e-10
326.2612261  -2.204375424e-25  7.97724215e-10
326.5220751  -2.197339817e-25  7.95178154e-10
326.834721  -2.188944083e-25  7.921398873e-10
327.165279  -2.180110909e-25  7.889433191e-10
327.4779249  -2.171797342e-25  7.85934787e-10
327.7387739  -2.164891415e-25  7.83435655e-10
327.9195339  -2.160121922e-25  7.817096607e-10
328  -2.158002988e-25  7.809428561e-10
328.0804661  -2.155886651e-25  7.801769915e-10
328.2612261  -2.151141937e-25  7.78459964e-10
328.5220751  -2.144317981e-25  7.759904957e-10
328.834721  -2.136174596e-25  7.730435497e-10
329.165279  -2.127606664e-25  7.699429675e-10
329.4779249  -2.119542494e-25  7.670246881e-10
329.7387739  -2.112843559e-25  7.646004628e-10
329.9195339  -2.108216929e-25  7.629261676e-10
330  -2.106161438e-25  7.621823223e-10
330.0804661  -2.104108453e-25  7.614393834e-10
330.2612261  -2.099505713e-25  7.597737339e-10
330.5220751  -2.092885813e-25  7.573781098e-10
330.834721  -2.08498573e-25  7.545192106e-10
331.165279  -2.076673539e-25  7.515111765e-10
331.4779249  -2.068849842e-25  7.4867992e-10
331.7387739  -2.062350498e-25  7.463279233e-10
331.9195339  -2.057861626e-25  7.447034801e-10
332  -2.055867314e-25  7.439817741e-10
332.0804661  -2.053875417e-25  7.432609422e-10
332.2612261  -2.049409584e-25  7.416448369e-10
332.5220751  -2.042986461e-25  7.39320423e-10
332.834721  -2.03532101e-25  7.365464326e-10
333.165279  -2.027255453e-25  7.336276513e-10
333.4779249  -2.019663676e-25  7.308803224e-10
333.7387739  -2.01335683e-25  7.285979871e-10
333.9195339  -2.009000822e-25  7.270216253e-10
334  -2.007065516e-25  7.263212726e-10
334.0804661  -2.00513254e-25  7.25621763e-10
334.2612261  -2.000798757e-25  7.240534439e-10
334.5220751  -1.994565433e-25  7.217977152e-10
334.834721  -1.9871263e-25  7.191056254e-10
335.165279  -1.979298649e-25  7.162729378e-10
335.4779249  -1.97193059e-25  7.136065685e-10
335.7387739  -1.965809441e-25  7.113914335e-10
335.9195339  -1.961581606e-25  7.098614553e-10
336  -1.959703223e-25  7.091817022e-10
336.0804661  -1.957827089e-25  7.085027625e-10
336.2612261  -1.953620697e-25  7.069805441e-10
336.5220751  -1.947570483e-25  7.047910794e-10
336.834721  -1.940349697e-25  7.021780055e-10
337.165279  -1.93275158e-25  6.994283822e-10
337.4779249  -1.925599374e-25  6.968401264e-10
337.7387739  -1.919657399e-25  6.946898312e-10
337.9195339  -1.915553238e-25  6.932046085e-10
338  -1.913729782e-25  6.925447322e-10
338.0804661  -1.911908495e-25  6.918856408e-10
338.2612261  -1.907825026e-25  6.904079064e-10
338.5220751  -1.901951505e-25  6.882823835e-10
338.834721  -1.89494142e-25  6.857455587e-10
339.165279  -1.887564807e-25  6.830760939e-10
339.4779249  -1.880620912e-25  6.805632217e-10
339.7387739  -1.874851853e-25  6.78475502e-10
339.9195339  -1.87086705e-25  6.770334728e-10
340  -1.869096604e-25  6.763927799e-10
340.0804661  -1.867328251e-25  6.757528446e-10
340.2612261  -1.863363422e-25  6.743180433e-10
340.5220751  -1.857660436e-25  6.722542344e-10
340.834721  -1.850853718e-25  6.697910044e-10
341.165279  -1.843690906e-25  6.671989101e-10
341.4779249  -1.836948081e-25  6.64758802e-10
341.7387739  -1.831345936e-25  6.627314854e-10
341.9195339  -1.82747635e-25  6.613311511e-10
342  -1.825757075e-25  6.607089762e-10
342.0804661  -1.824039822e-25  6.600875328e-10
342.2612261  -1.820189518e-25  6.586941765e-10
342.5220751  -1.814651161e-25  6.566899438e-10
342.834721  -1.808040771e-25  6.542977613e-10
343.165279  -1.801084366e-25  6.517803621e-10
343.4779249  -1.794535667e-25  6.494105043e-10
343.7387739  -1.789094673e-25  6.474415056e-10
343.9195339  -1.785336329e-25  6.460814279e-10
344  -1.783666461e-25  6.454771325e-10
344.0804661  -1.781998545e-25  6.448735434e-10
344.2612261  -1.778258821e-25  6.435202037e-10
344.5220751  -1.772879423e-25  6.415734953e-10
344.834721  -1.766458604e-25  6.392499154e-10
345.165279  -1.75970151e-25  6.368046433e-10
345.4779249  -1.753340267e-25  6.345026227e-10
345.7387739  -1.748054894e-25  6.325899404e-10
345.9195339  -1.744403977e-25  6.312687385e-10
346  -1.742781822e-25  6.306817094e-10
346.0804661  -1.741161552e-25  6.300953626e-10
346.2612261  -1.737528618e-25  6.287806684e-10
346.5220751  -1.732302735e-25  6.268895144e-10
346.834721  -1.726065001e-25  6.246321898e-10
347.165279  -1.719500404e-25  6.222565789e-10
347.4779249  -1.713320215e-25  6.200200786e-10
347.7387739  -1.708185153e-25  6.181617909e-10
347.9195339  -1.704637998e-25  6.168781389e-10
348  -1.703061929e-25  6.163077876e-10
348.0804661  -1.701487682e-25  6.157380954e-10
348.2612261  -1.697957899e-25  6.144607299e-10
348.5220751  -1.692880304e-25  6.126232386e-10
348.834721  -1.686819426e-25  6.10429915e-10
349.165279  -1.680440783e-25  6.081215976e-10
349.4779249  -1.6744355e-25  6.059483925e-10
349.7387739  -1.669445647e-25  6.041426535e-10
349.9195339  -1.665998736e-25  6.02895278e-10
350  -1.664467191e-25  6.023410392e-10
350.0804661  -1.662937406e-25  6.017874371e-10
350.2612261  -1.65950728e-25  6.005461356e-10
350.5220751  -1.654572952e-25  5.987604902e-10
350.834721  -1.648682948e-25  5.966290024e-10
351.165279  -1.642483973e-25  5.943857038e-10
351.4779249  -1.636647689e-25  5.922736565e-10
351.7387739  -1.631798145e-25  5.905186931e-10
351.9195339  -1.628448099e-25  5.893063708e-10
352  -1.626959577e-25  5.887677012e-10
352.0804661  -1.625472755e-25  5.88229647e-10
352.2612261  -1.622138929e-25  5.870231946e-10
352.5220751  -1.617343044e-25  5.852876495e-10
352.834721  -1.611618164e-25  5.832159173e-10
353.165279  -1.605592819e-25  5.810354522e-10
353.4779249  -1.599919859e-25  5.789825089e-10
353.7387739  -1.595205918e-25  5.772766174e-10
353.9195339  -1.591949486e-25  5.760981729e-10
354  -1.590502545e-25  5.755745507e-10
354.0804661  -1.589057248e-25  5.750515233e-10
354.2612261  -1.585816495e-25  5.738787525e-10
354.5220751  -1.581154419e-25  5.721916302e-10
354.834721  -1.575589139e-25  5.701776546e-10
355.165279  -1.56973162e-25  5.680579229e-10
355.4779249  -1.56421653e-25  5.660621099e-10
355.7387739  -1.559633666e-25  5.644036529e-10
355.9195339  -1.556467728e-25  5.632579565e-10
356  -1.555060982e-25  5.627488801e-10
356.0804661  -1.553655825e-25  5.622403786e-10
356.2612261  -1.550505044e-25  5.611001673e-10
356.5220751  -1.545972322e-25  5.594598557e-10
356.834721  -1.540561333e-25  5.575017152e-10
357.165279  -1.534866062e-25  5.554406982e-10
357.4779249  -1.529503599e-25  5.535001182e-10
357.7387739  -1.525047463e-25  5.518875218e-10
357.9195339  -1.521969018e-25  5.507734874e-10
358  -1.520601134e-25  5.502784746e-10
358.0804661  -1.519234786e-25  5.497840177e-10
358.2612261  -1.516170997e-25  5.486752871e-10
358.5220751  -1.511763345e-25  5.470802363e-10
358.834721  -1.506501542e-25  5.451760835e-10
359.165279  -1.500963157e-25  5.431718404e-10
359.4779249  -1.49574828e-25  5.412846693e-10
359.7387739  -1.491414689e-25  5.3971642e-10
359.9195339  -1.488420852e-25  5.386330035e-10
360  -1.487090549e-25  5.381515905e-10
360.0804661  -1.485761732e-25  5.376707153e-10
360.2612261  -1.482782068e-25  5.365924282e-10
360.5220751  -1.478495368e-25  5.350411477e-10
360.834721  -1.473377843e-25  5.331892063e-10
361.165279  -1.467991184e-25  5.312398707e-10
361.4779249  -1.462919047e-25  5.294043543e-10
361.7387739  -1.45870398e-25  5.278789966e-10
361.9195339  -1.455791974e-25  5.268251937e-10
362  -1.45449802e-25  5.263569347e-10
362.0804661  -1.453205503e-25  5.25889196e-10
362.2612261  -1.450307209e-25  5.248403547e-10
362.5220751  -1.446137499e-25  5.233314111e-10
362.834721  -1.44115953e-25  5.215299725e-10
363.165279  -1.435919638e-25  5.196337491e-10
363.4779249  -1.430985576e-25  5.178482e-10
363.7387739  -1.426885164e-25  5.16364334e-10
363.9195339  -1.424052322e-25  5.153391786e-10
364  -1.422793531e-25  5.148836447e-10
364.0804661  -1.421536131e-25  5.144286141e-10
364.2612261  -1.418716553e-25  5.13408259e-10
364.5220751  -1.414660024e-25  5.119402732e-10
364.834721  -1.409817068e-25  5.101876939e-10
365.165279  -1.404719171e-25  5.083428556e-10
365.4779249  -1.399918699e-25  5.066056504e-10
365.7387739  -1.39592922e-25  5.051619289e-10
365.9195339  -1.393172971e-25  5.041644916e-10
366  -1.391948204e-25  5.0372127e-10
366.0804661  -1.390724782e-25  5.032785355e-10
366.2612261  -1.387981369e-25  5.022857432e-10
366.5220751  -1.384034353e-25  5.008573885e-10
366.834721  -1.379322041e-25  4.991520866e-10
367.165279  -1.374361546e-25  4.973569715e-10
367.4779249  -1.369690347e-25  4.95666548e-10
367.7387739  -1.365808219e-25  4.942616749e-10
367.9195339  -1.363126092e-25  4.932910611e-10
368  -1.361934251e-25  4.928597547e-10
368.0804661  -1.360743711e-25  4.924289196e-10
368.2612261  -1.358074008e-25  4.914628015e-10
368.5220751  -1.354232976e-25  4.900728008e-10
368.834721  -1.349647102e-25  4.884132543e-10
369.165279  -1.344819587e-25  4.866662628e-10
369.4779249  -1.340273507e-25  4.850211173e-10
369.7387739  -1.336495282e-25  4.836538448e-10
369.9195339  -1.333884898e-25  4.827091937e-10
370  -1.332724926e-25  4.822894201e-10
370.0804661  -1.331566213e-25  4.818701028e-10
370.2612261  -1.328967856e-25  4.809298034e-10
370.5220751  -1.325229413e-25  4.795769275e-10
370.834721  -1.320765926e-25  4.77961671e-10
371.165279  -1.316067138e-25  4.762612633e-10
371.4779249  -1.311642175e-25  4.746599482e-10
371.7387739  -1.307964534e-25  4.733290752e-10
371.9195339  -1.305423603e-25  4.724095577e-10
372  -1.304294482e-25  4.720009489e-10
372.0804661  -1.303166582e-25  4.715927818e-10
372.2612261  -1.300637294e-25  4.706774776e-10
372.5220751  -1.296998169e-25  4.693605429e-10
372.834721  -1.292653171e-25  4.677881656e-10
373.165279  -1.288079012e-25  4.66132859e-10
373.4779249  -1.283771316e-25  4.645739805e-10
373.7387739  -1.280191062e-25  4.632783503e-10
373.9195339  -1.277717378e-25  4.623831683e-10
374  -1.27661813e-25  4.619853698e-10
374.0804661  -1.275520063e-25  4.61587999e-10
374.2612261  -1.273057654e-25  4.606968969e-10
374.5220751  -1.269514696e-25  4.594147637e-10
374.834721  -1.265284433e-25  4.578839068e-10
375.165279  -1.260830958e-25  4.562722734e-10
375.4779249  -1.256636819e-25  4.547544891e-10
375.7387739  -1.253150874e-25  4.534929877e-10
375.9195339  -1.250742313e-25  4.526213724e-10
376  -1.249671993e-25  4.522340428e-10
376.0804661  -1.248602818e-25  4.518471274e-10
376.2612261  -1.246205176e-25  4.509794635e-10
376.5220751  -1.242755354e-25  4.49731034e-10
376.834721  -1.238636209e-25  4.482403888e-10
377.165279  -1.234299616e-25  4.466710531e-10
377.4779249  -1.23021546e-25  4.451930699e-10
377.7387739  -1.226820859e-25  4.439646242e-10
377.9195339  -1.224475374e-25  4.431158349e-10
378  -1.223433075e-25  4.427386454e-10
378.0804661  -1.222391884e-25  4.42361857e-10
378.2612261  -1.220056976e-25  4.415168955e-10
378.5220751  -1.216697365e-25  4.403011121e-10
378.834721  -1.212685854e-25  4.388494177e-10
379.165279  -1.208462482e-25  4.373210546e-10
379.4779249  -1.204484867e-25  4.358816265e-10
379.7387739  -1.201178753e-25  4.346852024e-10
379.9195339  -1.198894372e-25  4.338585257e-10
380  -1.197879217e-25  4.334911593e-10
380.0804661  -1.196865136e-25  4.331241816e-10
380.2612261  -1.194591003e-25  4.323012132e-10
380.5220751  -1.191318788e-25  4.311170569e-10
380.834721  -1.187411554e-25  4.297030983e-10
381.165279  -1.183297874e-25  4.282144308e-10
381.4779249  -1.179423482e-25  4.268123572e-10
381.7387739  -1.1762031e-25  4.256469584e-10
381.9195339  -1.173977923e-25  4.248417065e-10
382  -1.172989069e-25  4.244838578e-10
382.0804661  -1.172001256e-25  4.241263858e-10
382.2612261  -1.169786008e-25  4.233247273e-10
382.5220751  -1.166598475e-25  4.221712158e-10
382.834721  -1.162792282e-25  4.207938221e-10
383.165279  -1.158784893e-25  4.193436193e-10
383.4779249  -1.155010525e-25  4.17977743e-10
383.7387739  -1.151873222e-25  4.16842409e-10
383.9195339  -1.149705418e-25  4.16057919e-10
384  -1.148742051e-25  4.157092937e-10
384.0804661  -1.147779693e-25  4.153610334e-10
384.2612261  -1.145621511e-25  4.14580026e-10
384.5220751  -1.142516044e-25  4.134562127e-10
384.834721  -1.138807771e-25  4.121142549e-10
385.165279  -1.134903395e-25  4.107013305e-10
385.4779249  -1.131225969e-25  4.093705358e-10
385.7387739  -1.128169187e-25  4.082643406e-10
385.9195339  -1.126056988e-25  4.074999735e-10
386  -1.125118324e-25  4.071602877e-10
386.0804661  -1.124180638e-25  4.068209558e-10
386.2612261  -1.122077767e-25  4.060599644e-10
386.5220751  -1.119051843e-25  4.049649363e-10
386.834721  -1.115438485e-25  4.036573262e-10
387.165279  -1.111633959e-25  4.02280536e-10
387.4779249  -1.108050503e-25  4.009837472e-10
387.7387739  -1.105071774e-25  3.999057981e-10
387.9195339  -1.103013478e-25  3.991609376e-10
388  -1.102098761e-25  3.988299177e-10
388.0804661  -1.101184992e-25  3.984992409e-10
388.2612261  -1.09913574e-25  3.97757653e-10
388.5220751  -1.096186926e-25  3.9669053e-10
388.834721  -1.092665581e-25  3.954162179e-10
389.165279  -1.088957858e-25  3.940744587e-10
389.4779249  -1.085465505e-25  3.928106384e-10
389.7387739  -1.082562449e-25  3.917600742e-10
389.9195339  -1.080556414e-25  3.91034126e-10
390  -1.079664914e-25  3.907115081e-10
390.0804661  -1.078774334e-25  3.903892227e-10
390.2612261  -1.076777068e-25  3.896664478e-10
390.5220751  -1.073903019e-25  3.886263808e-10
390.834721  -1.07047089e-25  3.873843544e-10
391.165279  -1.066857028e-25  3.86076562e-10
391.4779249  -1.063453013e-25  3.848447095e-10
391.7387739  -1.060623335e-25  3.838206995e-10
391.9195339  -1.058667977e-25  3.831130904e-10
392  -1.057798991e-25  3.827986198e-10
392.0804661  -1.056930896e-25  3.824844717e-10
392.2612261  -1.054984042e-25  3.817799398e-10
392.5220751  -1.052182495e-25  3.807661099e-10
392.834721  -1.048836883e-25  3.795553925e-10
393.165279  -1.045314046e-25  3.782805404e-10
393.4779249  -1.0419957e-25  3.770796902e-10
393.7387739  -1.039237186e-25  3.760814331e-10
393.9195339  -1.037330977e-25  3.753916098e-10
394  -1.036483825e-25  3.750850409e-10
394.0804661  -1.035637539e-25  3.747787848e-10
394.2612261  -1.033739577e-25  3.740919462e-10
394.5220751  -1.031008348e-25  3.731035631e-10
394.834721  -1.027746649e-25  3.719232124e-10
395.165279  -1.024312099e-25  3.706803098e-10
395.4779249  -1.021076849e-25  3.695095304e-10
395.7387739  -1.018387362e-25  3.68536253e-10
395.9195339  -1.016528826e-25  3.678636817e-10
396  -1.015702854e-25  3.675647774e-10
396.0804661  -1.014877721e-25  3.672661765e-10
396.2612261  -1.013027186e-25  3.665965007e-10
396.5220751  -1.010364168e-25  3.656328017e-10
396.834721  -1.007183869e-25  3.644819084e-10
397.165279  -1.003834964e-25  3.632699994e-10
397.4779249  -1.000680325e-25  3.621283916e-10
397.7387739  -9.980578026e-26  3.611793474e-10
397.9195339  -9.962455158e-26  3.605235131e-10
398  -9.95440092e-26  3.602320445e-10
398.0804661  -9.946354819e-26  3.599408705e-10
398.2612261  -9.928309579e-26  3.592878454e-10
398.5220751  -9.902341158e-26  3.583480945e-10
398.834721  -9.871327922e-26  3.572257807e-10
399.165279  -9.838669826e-26  3.560439423e-10
399.4779249  -9.807905558e-26  3.549306382e-10
399.7387739  -9.782330071e-26  3.540051069e-10
399.9195339  -9.764655957e-26  3.533655122e-10
