#L=7 M=7
#R     Re(V)   Im(V)

0.08046609183  5.322853971e-11  3.569634365e-11
0.2612261349  2.021186887e-07  1.354916491e-07
0.5220750502  2.575374562e-05  1.725806377e-05
0.8347210423  0.0006885459011  0.0004610840103
1.165278958  0.007124691796  0.004766312641
1.47792495  0.03766868032  0.02517303723
1.738773865  0.1176666564  0.07856533885
1.919533908  0.2353158849  0.1570354781
2  0.3134153151  0.209351867
2.080466092  0.2287260629  0.1526568346
2.261226135  0.117206383  0.0782990646
2.52207505  0.04863406308  0.03253275815
2.834721042  0.01867115508  0.0124525915
3.165278958  0.007003092772  0.004494540373
3.47792495  0.002056651  0.00091393341
3.738773865  -0.0006406025152  -0.001259605411
3.919533908  -0.002363906594  -0.00277645567
4  -0.003163019885  -0.003508920825
4.080466092  -0.002674784449  -0.002965531663
4.261226135  -0.001848257502  -0.002046730294
4.52207505  -0.001100079161  -0.001216549664
4.834721042  -0.0006008607829  -0.0006637617444
5.165278958  -0.0003210820607  -0.000354547134
5.47792495  -0.000178241734  -0.0001969030166
5.738773865  -0.0001087073763  -0.0001202269671
5.919533908  -7.674319672e-05  -8.499205906e-05
6  -6.557122047e-05  -7.267772848e-05
6.080466092  -5.592079256e-05  -6.20403187e-05
6.261226135  -3.876254777e-05  -4.312477976e-05
6.52207505  -2.212100087e-05  -2.476946581e-05
6.834721042  -1.030437893e-05  -1.171822921e-05
7.165278958  -3.491228483e-06  -4.171458792e-06
7.47792495  -1.063773098e-07  -4.019570784e-07
7.738773865  1.393766319e-06  1.283735243e-06
7.919533908  1.989043671e-06  1.961367209e-06
8  2.169991087e-06  2.170074226e-06
8.080466092  2.309335229e-06  2.332706738e-06
8.261226135  2.50025951e-06  2.562597505e-06
8.52207505  2.563480896e-06  2.658070953e-06
8.834721042  2.444023589e-06  2.553646045e-06
9.165278958  2.206057773e-06  2.315941361e-06
9.47792495  1.944125607e-06  2.046824169e-06
9.738773865  1.724751859e-06  1.81893761e-06
9.919533908  1.578816018e-06  1.666564653e-06
10  1.516156774e-06  1.600995027e-06
10.08046609  1.455100002e-06  1.537028688e-06
10.26122613  1.324213202e-06  1.399687089e-06
10.52207505  1.151474656e-06  1.218040386e-06
10.83472104  9.697865728e-07  1.026585708e-06
11.16527896  8.061913563e-07  8.539051749e-07
11.47792495  6.757881159e-07  7.160894169e-07
11.73877387  5.829558194e-07  6.178977093e-07
11.91953391  5.261901138e-07  5.578234139e-07
12  5.027443217e-07  5.330044351e-07
12.08046609  4.803570069e-07  5.093023911e-07
12.26122613  4.336985613e-07  4.598930023e-07
12.52207505  3.744312301e-07  3.971108017e-07
12.83472104  3.143055628e-07  3.333967926e-07
13.16527896  2.616214344e-07  2.775504751e-07
13.47792495  2.203347526e-07  2.337743744e-07
13.73877387  1.911990679e-07  2.028761045e-07
13.91953391  1.734450916e-07  1.840457748e-07
14  1.661192201e-07  1.762752608e-07
14.08046609  1.591254332e-07  1.688567149e-07
14.26122613  1.445457438e-07  1.533906973e-07
14.52207505  1.259945355e-07  1.337100843e-07
14.83472104  1.070939489e-07  1.136569642e-07
15.16527896  9.041467591e-08  9.595908198e-08
15.47792495  7.722477168e-08  8.196267171e-08
15.73877387  6.782871243e-08  7.199155942e-08
15.91953391  6.205742737e-08  6.586685067e-08
16  5.966417125e-08  6.332698884e-08
16.08046609  5.737228333e-08  6.089467934e-08
16.26122613  5.256991797e-08  5.579799801e-08
16.52207505  4.64043791e-08  4.925444356e-08
16.83472104  4.004617629e-08  4.250623226e-08
17.16527896  3.435557782e-08  3.646642476e-08
17.47792495  2.978971983e-08  3.162027876e-08
17.73877387  2.649398209e-08  2.812216956e-08
17.91953391  2.444877114e-08  2.595135269e-08
18  2.359546126e-08  2.504563226e-08
18.08046609  2.277523563e-08  2.417502548e-08
18.26122613  2.104618241e-08  2.233975939e-08
18.52207505  1.880358809e-08  1.995938977e-08
18.83472104  1.646008184e-08  1.747188949e-08
19.16527896  1.433132503e-08  1.521231752e-08
19.47792495  1.259795687e-08  1.337242061e-08
19.73877387  1.13303559e-08  1.202691004e-08
19.91953391  1.053586067e-08  1.118358098e-08
20  1.020243382e-08  1.082965943e-08
20.08046609  9.880792812e-09  1.048824788e-08
20.26122613  9.198895035e-09  9.76443448e-09
20.52207505  8.305978996e-09  8.816629893e-09
20.83472104  7.361372988e-09  7.813955763e-09
21.16527896  6.491629652e-09  6.890744548e-09
21.47792495  5.773944951e-09  6.128938626e-09
21.73877387  5.242954751e-09  5.565303996e-09
21.91953391  4.907192031e-09  5.208898848e-09
22  4.765551766e-09  5.058550591e-09
22.08046609  4.628488982e-09  4.913061203e-09
22.26122613  4.336447483e-09  4.603064922e-09
22.52207505  3.950812978e-09  4.193721307e-09
22.83472104  3.53846301e-09  3.756019494e-09
23.16527896  3.154298354e-09  3.348235654e-09
23.47792495  2.83362662e-09  3.007848262e-09
23.73877387  2.593975513e-09  2.75346276e-09
23.91953391  2.441279374e-09  2.59137842e-09
24  2.376578238e-09  2.522699264e-09
24.08046609  2.313799118e-09  2.45606029e-09
24.26122613  2.179457286e-09  2.313458698e-09
24.52207505  2.000780709e-09  2.123796496e-09
24.83472104  1.807963761e-09  1.919124496e-09
25.16527896  1.626506288e-09  1.726510368e-09
25.47792495  1.473538976e-09  1.56413806e-09
25.73877387  1.358232658e-09  1.441742274e-09
25.91953391  1.284284511e-09  1.363247511e-09
26  1.252831514e-09  1.329860663e-09
26.08046609  1.222242362e-09  1.297390773e-09
26.26122613  1.156542222e-09  1.227651132e-09
26.52207505  1.068619701e-09  1.134322789e-09
26.83472104  9.729894708e-10  1.032812833e-09
27.16527896  8.822117728e-10  9.3645376e-10
27.47792495  8.05036874e-10  8.545338381e-10
27.73877387  7.464313268e-10  7.923249851e-10
27.91953391  7.086357218e-10  7.522055533e-10
28  6.925071605e-10  7.350853423e-10
28.08046609  6.767903843e-10  7.18402235e-10
28.26122613  6.42926013e-10  6.824557445e-10
28.52207505  5.973659278e-10  6.340944394e-10
28.83472104  5.474743096e-10  5.811352811e-10
29.16527896  4.997594575e-10  5.304867246e-10
29.47792495  4.588968402e-10  4.87111706e-10
29.73877387  4.27667286e-10  4.539620309e-10
29.91953391  4.074290614e-10  4.324794771e-10
30  3.987682695e-10  4.232861841e-10
30.08046609  3.903140431e-10  4.14312157e-10
30.26122613  3.720476563e-10  3.949226779e-10
30.52207505  3.473588617e-10  3.687159147e-10
30.83472104  3.201626946e-10  3.398476154e-10
31.16527896  2.939834213e-10  3.120587328e-10
31.47792495  2.714202692e-10  2.881083053e-10
31.73877387  2.540796702e-10  2.697015349e-10
31.91953391  2.427944581e-10  2.577224614e-10
32  2.379530524e-10  2.525833862e-10
32.08046609  2.332199829e-10  2.47559308e-10
32.26122613  2.229688408e-10  2.366778835e-10
32.52207505  2.090572191e-10  2.21910918e-10
32.83472104  1.936531304e-10  2.055597226e-10
33.16527896  1.787400803e-10  1.897297566e-10
33.47792495  1.658146678e-10  1.760096366e-10
33.73877387  1.558320705e-10  1.654132681e-10
33.91953391  1.493111366e-10  1.584914003e-10
34  1.465075056e-10  1.555153906e-10
34.08046609  1.437629604e-10  1.526020993e-10
34.26122613  1.378059613e-10  1.462788394e-10
34.52207505  1.296928641e-10  1.376669156e-10
34.83472104  1.206681148e-10  1.280872876e-10
35.16527896  1.118867585e-10  1.187660173e-10
35.47792495  1.042378738e-10  1.106468477e-10
35.73877387  9.830464579e-11  1.043488204e-10
35.91953391  9.441602058e-11  1.002211062e-10
36  9.274088292e-11  9.844297453e-11
36.08046609  9.109910695e-11  9.670025546e-11
36.26122613  8.752887607e-11  9.291051215e-11
36.52207505  8.265091732e-11  8.773263625e-11
36.83472104  7.720264017e-11  8.194937664e-11
37.16527896  7.187735061e-11  7.629666623e-11
37.47792495  6.721820951e-11  7.135106195e-11
37.73877387  6.359001828e-11  6.749979471e-11
37.91953391  6.120505773e-11  6.496819693e-11
38  6.017588185e-11  6.387574298e-11
38.08046609  5.916613421e-11  6.280391189e-11
38.26122613  5.69665829e-11  6.04691231e-11
38.52207505  5.395278324e-11  5.727002262e-11
38.83472104  5.057428116e-11  5.368379631e-11
39.16527896  4.725866448e-11  5.016432187e-11
39.47792495  4.434622962e-11  4.707281851e-11
39.73877387  4.207029286e-11  4.465694778e-11
39.91953391  4.057023684e-11  4.306466213e-11
40  3.992190968e-11  4.237647315e-11
40.08046609  3.928521482e-11  4.170063167e-11
40.26122613  3.7896165e-11  4.022617734e-11
40.52207505  3.598800945e-11  3.820070053e-11
40.83472104  3.384188097e-11  3.592261922e-11
41.16527896  3.172800288e-11  3.36787712e-11
41.47792495  2.986448753e-11  3.170067925e-11
41.73877387  2.840362323e-11  3.014999499e-11
41.91953391  2.743845647e-11  2.912548581e-11
42  2.702071988e-11  2.868206505e-11
42.08046609  2.661012449e-11  2.824622457e-11
42.26122613  2.57131032e-11  2.729405071e-11
42.52207505  2.447798369e-11  2.598299097e-11
42.83472104  2.308467129e-11  2.450401198e-11
43.16527896  2.170775059e-11  2.304243252e-11
43.47792495  2.048994393e-11  2.17497501e-11
43.73877387  1.95325257e-11  2.073346585e-11
43.91953391  1.889859238e-11  2.006055569e-11
44  1.86238655e-11  1.976893747e-11
44.08046609  1.835362334e-11  1.948207972e-11
44.26122613  1.776248454e-11  1.885459526e-11
44.52207505  1.694681386e-11  1.798877379e-11
44.83472104  1.602416701e-11  1.700939881e-11
45.16527896  1.51096242e-11  1.603862614e-11
45.47792495  1.429835624e-11  1.517747809e-11
45.73877387  1.365888012e-11  1.449868433e-11
45.91953391  1.323461977e-11  1.404833871e-11
46  1.305054309e-11  1.385294424e-11
46.08046609  1.286934171e-11  1.366060186e-11
46.26122613  1.247251754e-11  1.32393793e-11
46.52207505  1.192390804e-11  1.265703902e-11
46.83472104  1.130180308e-11  1.199668449e-11
47.16527896  1.068346125e-11  1.134032446e-11
47.47792495  1.013345169e-11  1.075649805e-11
47.73877387  9.698870399e-12  1.029519691e-11
47.91953391  9.410020221e-12  9.988587029e-12
48  9.284560262e-12  9.855413275e-12
48.08046609  9.160978964e-12  9.72423369e-12
48.26122613  8.890054563e-12  9.43665174e-12
48.52207505  8.514836567e-12  9.038363796e-12
48.83472104  8.088380033e-12  8.585686958e-12
49.16527896  7.663429691e-12  8.134608919e-12
49.47792495  7.284494477e-12  7.732375207e-12
49.73877387  6.984424674e-12  7.413855876e-12
49.91953391  6.784643998e-12  7.201791861e-12
50  6.697785018e-12  7.109592433e-12
50.08046609  6.612175031e-12  7.018718791e-12
50.26122613  6.424311719e-12  6.819304869e-12
50.52207505  6.163704379e-12  6.542674316e-12
50.83472104  5.866886424e-12  6.22760677e-12
51.16527896  5.570426755e-12  5.91291954e-12
51.47792495  5.305459203e-12  5.631660691e-12
51.73877387  5.095211072e-12  5.408485639e-12
51.91953391  4.955014821e-12  5.259669545e-12
52  4.894005908e-12  5.194909553e-12
52.08046609  4.833840768e-12  5.131045212e-12
52.26122613  4.701695295e-12  4.990774891e-12
52.52207505  4.518104077e-12  4.795895729e-12
52.83472104  4.308597134e-12  4.573507435e-12
53.16527896  4.09889188e-12  4.350908639e-12
53.47792495  3.911063426e-12  4.151531717e-12
53.73877387  3.761743798e-12  3.993031303e-12
53.91953391  3.662032574e-12  3.887189423e-12
54  3.618604841e-12  3.841091573e-12
54.08046609  3.57575563e-12  3.795607817e-12
54.26122613  3.481564236e-12  3.695625148e-12
54.52207505  3.350520106e-12  3.556523885e-12
54.83472104  3.200708556e-12  3.397501304e-12
55.16527896  3.050455467e-12  3.238010036e-12
55.47792495  2.915610923e-12  3.094874694e-12
55.73877387  2.808225321e-12  2.980886583e-12
55.91953391  2.736420878e-12  2.904667306e-12
56  2.705123034e-12  2.871445142e-12
56.08046609  2.674227329e-12  2.838649842e-12
56.26122613  2.606259745e-12  2.766503331e-12
56.52207505  2.511576781e-12  2.665998868e-12
56.83472104  2.403152751e-12  2.550908482e-12
57.16527896  2.29420711e-12  2.435264415e-12
57.47792495  2.196254127e-12  2.331288878e-12
57.73877387  2.118121079e-12  2.248351889e-12
57.91953391  2.065811885e-12  2.19282651e-12
58  2.042994935e-12  2.16860668e-12
58.08046609  2.020461109e-12  2.144687381e-12
58.26122613  1.970853195e-12  2.092029369e-12
58.52207505  1.901662771e-12  2.018584832e-12
58.83472104  1.822307444e-12  1.934350413e-12
59.16527896  1.742432273e-12  1.849564187e-12
59.47792495  1.670493422e-12  1.77320224e-12
59.73877387  1.613023901e-12  1.712199255e-12
59.91953391  1.574504211e-12  1.671311216e-12
60  1.55769073e-12  1.653463973e-12
60.08046609  1.541078966e-12  1.63583085e-12
60.26122613  1.504483837e-12  1.596985701e-12
60.52207505  1.45338529e-12  1.542745405e-12
60.83472104  1.394694444e-12  1.480446004e-12
61.16527896  1.335523555e-12  1.417637045e-12
61.47792495  1.282146452e-12  1.360978098e-12
61.73877387  1.239444936e-12  1.315651117e-12
61.91953391  1.210792744e-12  1.28523727e-12
62  1.198278377e-12  1.271953468e-12
62.08046609  1.185909334e-12  1.258823925e-12
62.26122613  1.158643648e-12  1.229881833e-12
62.52207505  1.120531761e-12  1.18942667e-12
62.83472104  1.076697507e-12  1.142897306e-12
63.16527896  1.032437786e-12  1.095916314e-12
63.47792495  9.92451897e-13  1.053471928e-12
63.73877387  9.604208958e-13  1.019471529e-12
63.91953391  9.38906709e-13  9.966345614e-13
64  9.295043927e-13  9.866541519e-13
64.08046609  9.202078692e-13  9.767860398e-13
64.26122613  8.997030146e-13  9.550204623e-13
64.52207505  8.71012987e-13  9.245664536e-13
64.83472104  8.379730773e-13  8.894951141e-13
65.16527896  8.045650604e-13  8.540330348e-13
65.47792495  7.743405025e-13  8.219501465e-13
65.73877387  7.500987508e-13  7.962179121e-13
65.91953391  7.33800857e-13  7.789179566e-13
66  7.266742215e-13  7.713531463e-13
66.08046609  7.196253568e-13  7.638708883e-13
66.26122613  7.040694396e-13  7.473585292e-13
66.52207505  6.822836047e-13  7.242332115e-13
66.83472104  6.571645391e-13  6.975697222e-13
67.16527896  6.317316789e-13  6.70573145e-13
67.47792495  6.086918505e-13  6.46116733e-13
67.73877387  5.90191008e-13  6.264783825e-13
67.91953391  5.777416307e-13  6.132635662e-13
68  5.722949804e-13  6.074820334e-13
68.08046609  5.669060289e-13  6.017617469e-13
68.26122613  5.550071251e-13  5.891312495e-13
68.52207505  5.38328272e-13  5.714269118e-13
68.83472104  5.190758029e-13  5.509907217e-13
69.16527896  4.995582958e-13  5.302731978e-13
69.47792495  4.81855172e-13  5.11481613e-13
69.73877387  4.676239855e-13  4.963754346e-13
69.91953391  4.580396159e-13  4.862017784e-13
70  4.538443344e-13  4.817485537e-13
70.08046609  4.496922321e-13  4.773411631e-13
70.26122613  4.405198097e-13  4.676047823e-13
70.52207505  4.276520695e-13  4.539458804e-13
70.83472104  4.127829353e-13  4.381625306e-13
71.16527896  3.97691208e-13  4.221429018e-13
71.47792495  3.839863171e-13  4.075953777e-13
71.73877387  3.729577547e-13  3.958887339e-13
71.91953391  3.655243596e-13  3.87998303e-13
72  3.62269079e-13  3.845428743e-13
72.08046609  3.590463767e-13  3.811220271e-13
72.26122613  3.519237906e-13  3.735615151e-13
72.52207505  3.419239036e-13  3.629467938e-13
72.83472104  3.303570267e-13  3.506687376e-13
73.16527896  3.186038182e-13  3.381928935e-13
73.47792495  3.079187771e-13  3.26850892e-13
73.73877387  2.993118723e-13  3.177147993e-13
73.91953391  2.935063353e-13  3.115523139e-13
74  2.909628088e-13  3.088524009e-13
74.08046609  2.88444053e-13  3.061787817e-13
74.26122613  2.828748348e-13  3.00267145e-13
74.52207505  2.750500477e-13  2.919612577e-13
74.83472104  2.659904754e-13  2.823446655e-13
75.16527896  2.567751844e-13  2.725627805e-13
75.47792495  2.483885788e-13  2.636605319e-13
75.73877387  2.416267865e-13  2.564829967e-13
75.91953391  2.370625617e-13  2.516381446e-13
76  2.350620396e-13  2.495146221e-13
76.08046609  2.330804897e-13  2.474112384e-13
76.26122613  2.286972642e-13  2.427585142e-13
76.52207505  2.225344908e-13  2.36216828e-13
76.83472104  2.153927532e-13  2.28635987e-13
77.16527896  2.081209474e-13  2.209170806e-13
77.47792495  2.01496447e-13  2.138852786e-13
77.73877387  1.961506479e-13  2.082107977e-13
77.91953391  1.925397794e-13  2.043779182e-13
78  1.909564872e-13  2.026972787e-13
78.08046609  1.893878271e-13  2.010321709e-13
78.26122613  1.859165518e-13  1.973474673e-13
78.52207505  1.810327277e-13  1.921633656e-13
78.83472104  1.753682454e-13  1.861506076e-13
79.16527896  1.695950869e-13  1.800224915e-13
79.47792495  1.643308418e-13  1.744345789e-13
79.73877387  1.600791657e-13  1.699214923e-13
79.91953391  1.572054866e-13  1.668711275e-13
80  1.559449597e-13  1.655330982e-13
80.08046609  1.546957922e-13  1.642071268e-13
80.26122613  1.519304827e-13  1.612717947e-13
80.52207505  1.480374425e-13  1.571393943e-13
80.83472104  1.43518434e-13  1.523425386e-13
81.16527896  1.389085422e-13  1.474492116e-13
81.47792495  1.34701229e-13  1.429832155e-13
81.73877387  1.313004724e-13  1.393733663e-13
81.91953391  1.290005189e-13  1.369320022e-13
82  1.279912909e-13  1.358607227e-13
82.08046609  1.269909369e-13  1.347988628e-13
82.26122613  1.247756411e-13  1.324473616e-13
82.52207505  1.216550436e-13  1.291348969e-13
82.83472104  1.180298693e-13  1.252868319e-13
83.16527896  1.143285906e-13  1.213579833e-13
83.47792495  1.109476424e-13  1.177691605e-13
83.73877387  1.082127561e-13  1.148661222e-13
83.91953391  1.063620584e-13  1.129016359e-13
84  1.05549687e-13  1.120393166e-13
84.08046609  1.047442893e-13  1.111843997e-13
84.26122613  1.029601205e-13  1.092905329e-13
84.52207505  1.004453956e-13  1.066211923e-13
84.83472104  9.7521899e-14  1.035179471e-13
85.16527896  9.453456979e-14  1.003469446e-13
85.47792495  9.180354935e-14  9.744800975e-14
85.73877387  8.959279612e-14  9.510133031e-14
85.91953391  8.809594914e-14  9.351245101e-14
86  8.743868719e-14  9.281477788e-14
86.08046609  8.678693671e-14  9.21229551e-14
86.26122613  8.53426693e-14  9.058988818e-14
86.52207505  8.330591256e-14  8.842790324e-14
86.83472104  8.093640885e-14  8.591271268e-14
87.16527896  7.851326596e-14  8.334058499e-14
87.47792495  7.629629646e-14  8.098730707e-14
87.73877387  7.450042514e-14  7.908101818e-14
87.91953391  7.328384066e-14  7.778963308e-14
88  7.27494746e-14  7.7222412e-14
88.08046609  7.221948806e-14  7.66598397e-14
88.26122613  7.104468402e-14  7.541280387e-14
88.52207505  6.938707062e-14  7.365327357e-14
88.83472104  6.745735291e-14  7.160490886e-14
89.16527896  6.548247072e-14  6.950860278e-14
89.47792495  6.367427468e-14  6.75892314e-14
89.73877387  6.220856566e-14  6.603340455e-14
89.91953391  6.121514205e-14  6.497890117e-14
90  6.077866588e-14  6.451558864e-14
90.08046609  6.034568777e-14  6.405598925e-14
90.26122613  5.938563545e-14  6.303690896e-14
90.52207505  5.803035563e-14  6.159830095e-14
90.83472104  5.645158551e-14  5.992246154e-14
91.16527896  5.483470567e-14  5.820616927e-14
91.47792495  5.335324035e-14  5.663361736e-14
91.73877387  5.215161816e-14  5.535811448e-14
91.91953391  5.133679244e-14  5.449318992e-14
92  5.097868395e-14  5.411306344e-14
92.08046609  5.06233833e-14  5.373591745e-14
92.26122613  4.983534422e-14  5.289942648e-14
92.52207505  4.872236076e-14  5.171801222e-14
92.83472104  4.742504421e-14  5.03409313e-14
93.16527896  4.609549987e-14  4.89296411e-14
93.47792495  4.487647462e-14  4.763566515e-14
93.73877387  4.388712083e-14  4.658548182e-14
93.91953391  4.321592461e-14  4.587301768e-14
94  4.292085944e-14  4.555981069e-14
94.08046609  4.262805877e-14  4.524900744e-14
94.26122613  4.197846566e-14  4.455947467e-14
94.52207505  4.106059715e-14  4.358517181e-14
94.83472104  3.999007972e-14  4.244883457e-14
95.16527896  3.889224729e-14  4.128350287e-14
95.47792495  3.788501505e-14  4.021434184e-14
95.73877387  3.706707778e-14  3.934611442e-14
95.91953391  3.651192748e-14  3.87568312e-14
96  3.626781352e-14  3.849770811e-14
96.08046609  3.602553416e-14  3.824053241e-14
96.26122613  3.54878856e-14  3.7669827e-14
96.52207505  3.472786138e-14  3.686307336e-14
96.83472104  3.384093798e-14  3.592161826e-14
97.16527896  3.293081079e-14  3.49555327e-14
97.47792495  3.209527e-14  3.406861941e-14
97.73877387  3.141638037e-14  3.334798886e-14
97.91953391  3.095540837e-14  3.28586744e-14
98  3.075265619e-14  3.264345617e-14
98.08046609  3.055139677e-14  3.24298225e-14
98.26122613  3.010466547e-14  3.195562432e-14
98.52207505  2.947289767e-14  3.128501283e-14
98.83472104  2.873524549e-14  3.050200676e-14
99.16527896  2.797783696e-14  2.969802964e-14
99.47792495  2.728208124e-14  2.895949599e-14
99.73877387  2.671646778e-14  2.835910628e-14
99.91953391  2.63322544e-14  2.795126987e-14
100  2.616322273e-14  2.777184544e-14
100.0804661  2.599541076e-14  2.75937157e-14
100.2612261  2.562283303e-14  2.719823036e-14
100.5220751  2.509572104e-14  2.663870935e-14
100.834721  2.447994451e-14  2.598507235e-14
101.165279  2.384730856e-14  2.531353933e-14
101.4779249  2.32658334e-14  2.469631268e-14
101.7387739  2.27928821e-14  2.419428239e-14
101.9195339  2.247148676e-14  2.385312633e-14
102  2.233005868e-14  2.370300268e-14
102.0804661  2.218963118e-14  2.355394111e-14
102.2612261  2.18777811e-14  2.322291721e-14
102.5220751  2.143641403e-14  2.275441307e-14
102.834721  2.09205474e-14  2.220682884e-14
103.165279  2.039026094e-14  2.164393818e-14
103.4779249  1.990258782e-14  2.112628091e-14
103.7387739  1.950573653e-14  2.070502957e-14
103.9195339  1.923595342e-14  2.041865908e-14
104  1.911721058e-14  2.029261544e-14
104.0804661  1.899929172e-14  2.016744645e-14
104.2612261  1.87373692e-14  1.988941985e-14
104.5220751  1.836652751e-14  1.949577729e-14
104.834721  1.793288185e-14  1.90354693e-14
105.165279  1.74868753e-14  1.856204043e-14
105.4779249  1.707649043e-14  1.812642341e-14
105.7387739  1.674237549e-14  1.777176571e-14
105.9195339  1.651515866e-14  1.753057865e-14
106  1.641512961e-14  1.742439941e-14
106.0804661  1.631578164e-14  1.731894311e-14
106.2612261  1.609506205e-14  1.708465277e-14
106.5220751  1.578244539e-14  1.675281514e-14
106.834721  1.541671612e-14  1.636459934e-14
107.165279  1.50403675e-14  1.596511125e-14
107.4779249  1.469389913e-14  1.559734058e-14
107.7387739  1.441169322e-14  1.529778349e-14
107.9195339  1.421971036e-14  1.509399673e-14
108  1.413517516e-14  1.500426396e-14
108.0804661  1.405120491e-14  1.491513088e-14
108.2612261  1.386461156e-14  1.471706499e-14
108.5220751  1.360023848e-14  1.443643717e-14
108.834721  1.329081126e-14  1.410798509e-14
109.165279  1.297224096e-14  1.376982778e-14
109.4779249  1.267881839e-14  1.345836437e-14
109.7387739  1.243971444e-14  1.320455933e-14
109.9195339  1.227699879e-14  1.303183925e-14
110  1.220533649e-14  1.295577086e-14
110.0804661  1.213414444e-14  1.288020163e-14
110.2612261  1.197591479e-14  1.271224337e-14
110.5220751  1.175165402e-14  1.247419412e-14
110.834721  1.148906213e-14  1.2195457e-14
111.165279  1.121858134e-14  1.190834594e-14
111.4779249  1.096933321e-14  1.164377301e-14
111.7387739  1.07661401e-14  1.142808674e-14
111.9195339  1.062781768e-14  1.128125969e-14
112  1.056688685e-14  1.121658258e-14
112.0804661  1.050634873e-14  1.115232233e-14
112.2612261  1.037177263e-14  1.100947194e-14
112.5220751  1.018097517e-14  1.080694347e-14
112.834721  9.957473562e-15  1.056970006e-14
113.165279  9.727150868e-15  1.032521618e-14
113.4779249  9.514810708e-15  1.009982047e-14
113.7387739  9.341635151e-15  9.915997363e-15
113.9195339  9.223710065e-15  9.790821758e-15
114  9.171754632e-15  9.73567189e-15
114.0804661  9.120128203e-15  9.680871256e-15
114.2612261  9.005341716e-15  9.559027222e-15
114.5220751  8.842550941e-15  9.3862274e-15
114.834721  8.651780257e-15  9.183727348e-15
115.165279  8.455099587e-15  8.974953941e-15
115.4779249  8.273694249e-15  8.782395055e-15
115.7387739  8.125689468e-15  8.62529033e-15
115.9195339  8.024874115e-15  8.518276435e-15
116  7.980448964e-15  8.471119842e-15
116.0804661  7.936300298e-15  8.424256734e-15
116.2612261  7.838122512e-15  8.320042574e-15
116.5220751  7.698844681e-15  8.172201368e-15
116.834721  7.53556518e-15  7.99888277e-15
117.165279  7.367154732e-15  7.820117755e-15
117.4779249  7.211757315e-15  7.655165864e-15
117.7387739  7.084923551e-15  7.520533838e-15
117.9195339  6.99850387e-15  7.428800718e-15
118  6.960415732e-15  7.388370765e-15
118.0804661  6.922560635e-15  7.34818818e-15
118.2612261  6.838364071e-15  7.258814865e-15
118.5220751  6.718885922e-15  7.131990707e-15
118.834721  6.578765862e-15  6.983255489e-15
119.165279  6.434182373e-15  6.829782411e-15
119.4779249  6.300715466e-15  6.68810941e-15
119.7387739  6.191741055e-15  6.572434802e-15
119.9195339  6.117469087e-15  6.493596288e-15
120  6.084729413e-15  6.458843644e-15
120.0804661  6.052186727e-15  6.4243001e-15
120.2612261  5.979793944e-15  6.34745631e-15
120.5220751  5.87703714e-15  6.238381594e-15
120.834721  5.756483815e-15  6.110416154e-15
121.165279  5.632040203e-15  5.978321236e-15
121.4779249  5.517118598e-15  5.856333778e-15
121.7387739  5.423252837e-15  5.756696762e-15
121.9195339  5.359260761e-15  5.688770191e-15
122  5.331048002e-15  5.658822794e-15
122.0804661  5.303002217e-15  5.62905264e-15
122.2612261  5.240603022e-15  5.562816884e-15
122.5220751  5.152007548e-15  5.468774197e-15
122.834721  5.048031861e-15  5.358405655e-15
123.165279  4.940658994e-15  5.244431063e-15
123.4779249  4.841463456e-15  5.139136574e-15
123.7387739  4.760414533e-15  5.053104429e-15
123.9195339  4.705145612e-15  4.994437347e-15
124  4.680774909e-15  4.968568233e-15
124.0804661  4.656546123e-15  4.942849761e-15
124.2612261  4.602631031e-15  4.885619748e-15
124.5220751  4.526061437e-15  4.804342339e-15
124.834721  4.436168947e-15  4.708922889e-15
125.165279  4.343304375e-15  4.610348621e-15
125.4779249  4.257479973e-15  4.519247381e-15
125.7387739  4.187332714e-15  4.444787179e-15
125.9195339  4.139485623e-15  4.393998252e-15
126  4.118384374e-15  4.371599611e-15
126.0804661  4.097404058e-15  4.349329339e-15
126.2612261  4.050710619e-15  4.299764995e-15
126.5220751  3.984380355e-15  4.229356473e-15
126.834721  3.906483316e-15  4.146670004e-15
127.165279  3.825981379e-15  4.061218476e-15
127.4779249  3.751555313e-15  3.982216389e-15
127.7387739  3.69070466e-15  3.917624387e-15
127.9195339  3.649188451e-15  3.87355559e-15
128  3.630876534e-15  3.854117781e-15
128.0804661  3.612667929e-15  3.834789636e-15
128.2612261  3.572137272e-15  3.791766988e-15
128.5220751  3.514547423e-15  3.730636277e-15
128.834721  3.446893514e-15  3.658822727e-15
129.165279  3.376952474e-15  3.584581423e-15
129.4779249  3.312267422e-15  3.515919268e-15
129.7387739  3.259364454e-15  3.459763608e-15
129.9195339  3.223261996e-15  3.421441421e-15
130  3.207335712e-15  3.404535924e-15
130.0804661  3.191497903e-15  3.387724341e-15
130.2612261  3.15623945e-15  3.350298054e-15
130.5220751  3.106128951e-15  3.297106554e-15
130.834721  3.047243338e-15  3.234600412e-15
131.165279  2.986346114e-15  3.169958976e-15
131.4779249  2.930005993e-15  3.110154832e-15
131.7387739  2.88391398e-15  3.061228892e-15
131.9195339  2.852452182e-15  3.027832693e-15
132  2.838571178e-15  3.013098228e-15
132.0804661  2.824766121e-15  2.998444379e-15
132.2612261  2.794028824e-15  2.965817226e-15
132.5220751  2.750333877e-15  2.919435734e-15
132.834721  2.698971968e-15  2.864915883e-15
133.165279  2.645837776e-15  2.808514782e-15
133.4779249  2.596663459e-15  2.756317026e-15
133.7387739  2.556421967e-15  2.713601321e-15
133.9195339  2.528947451e-15  2.684437559e-15
134  2.516824028e-15  2.671568737e-15
134.0804661  2.504765948e-15  2.658769277e-15
134.2612261  2.47791478e-15  2.630267188e-15
134.5220751  2.439735669e-15  2.589740669e-15
134.834721  2.394844451e-15  2.542089354e-15
135.165279  2.348389219e-15  2.492777863e-15
135.4779249  2.305382272e-15  2.447126672e-15
135.7387739  2.270177753e-15  2.409757633e-15
135.9195339  2.246136916e-15  2.384238667e-15
136  2.235527267e-15  2.372976693e-15
136.0804661  2.224973964e-15  2.36177453e-15
136.2612261  2.201470639e-15  2.336826123e-15
136.5220751  2.168044505e-15  2.301344813e-15
136.834721  2.128730826e-15  2.259613966e-15
137.165279  2.088034691e-15  2.216415666e-15
137.4779249  2.050347586e-15  2.176411402e-15
137.7387739  2.019489211e-15  2.143655727e-15
137.9195339  1.99841183e-15  2.121282422e-15
138  1.989108839e-15  2.111407444e-15
138.0804661  1.979854539e-15  2.101584153e-15
138.2612261  1.959241659e-15  2.079703907e-15
138.5220751  1.9299201e-15  2.048579539e-15
138.834721  1.895424554e-15  2.011963064e-15
139.165279  1.859705102e-15  1.974047433e-15
139.4779249  1.826616672e-15  1.93892459e-15
139.7387739  1.799516415e-15  1.910158097e-15
139.9195339  1.781002135e-15  1.890505484e-15
140  1.772829431e-15  1.881830288e-15
140.0804661  1.764698894e-15  1.873199852e-15
140.2612261  1.746586864e-15  1.85397422e-15
140.5220751  1.720817461e-15  1.826620408e-15
140.834721  1.690492838e-15  1.794431302e-15
141.165279  1.659082998e-15  1.761090256e-15
141.4779249  1.629978167e-15  1.730195939e-15
141.7387739  1.606134335e-15  1.704886091e-15
141.9195339  1.589841499e-15  1.687591504e-15
142  1.582648547e-15  1.679956299e-15
142.0804661  1.575492185e-15  1.672359935e-15
142.2612261  1.559548403e-15  1.655435863e-15
142.5220751  1.536859421e-15  1.631351869e-15
142.834721  1.510152865e-15  1.603003284e-15
143.165279  1.48248261e-15  1.573631748e-15
143.4779249  1.456835588e-15  1.546407841e-15
143.7387739  1.435819183e-15  1.524099261e-15
143.9195339  1.421455563e-15  1.508852507e-15
144  1.41511359e-15  1.502120603e-15
144.0804661  1.408803431e-15  1.495422469e-15
144.2612261  1.394743305e-15  1.480497869e-15
144.5220751  1.374731012e-15  1.459255138e-15
144.834721  1.351169212e-15  1.434244661e-15
145.165279  1.326750361e-15  1.408324439e-15
145.4779249  1.304110693e-15  1.384292791e-15
145.7387739  1.285554069e-15  1.364595229e-15
145.9195339  1.272869172e-15  1.351130412e-15
146  1.267267777e-15  1.34518462e-15
146.0804661  1.261694098e-15  1.339268248e-15
146.2612261  1.249273591e-15  1.326084078e-15
146.5220751  1.231591702e-15  1.307315034e-15
146.834721  1.210768569e-15  1.285211609e-15
147.165279  1.18918213e-15  1.262297946e-15
147.4779249  1.169163077e-15  1.241048039e-15
147.7387739  1.15275049e-15  1.223626339e-15
147.9195339  1.141529136e-15  1.21171505e-15
148  1.136573472e-15  1.206454691e-15
148.0804661  1.131641998e-15  1.20122001e-15
148.2612261  1.120651402e-15  1.189553667e-15
148.5220751  1.105002275e-15  1.172942367e-15
148.834721  1.086568664e-15  1.153375381e-15
149.165279  1.067454276e-15  1.133085762e-15
149.4779249  1.049723103e-15  1.114264404e-15
149.7387739  1.035182824e-15  1.098830129e-15
149.9195339  1.025239787e-15  1.088275752e-15
150  1.020848197e-15  1.083614149e-15
150.0804661  1.016477758e-15  1.078974998e-15
150.2612261  1.006736493e-15  1.0686348e-15
150.5220751  9.928637725e-16  1.053909127e-15
150.834721  9.765188768e-16  1.03655928e-15
151.165279  9.595659742e-16  1.018564043e-15
151.4779249  9.438358312e-16  1.001866746e-15
151.7387739  9.309335351e-16  9.881711639e-16
151.9195339  9.22109049e-16  9.78804112e-16
152  9.182110922e-16  9.746664928e-16
152.0804661  9.143316628e-16  9.705485401e-16
152.2612261  9.056839181e-16  9.613690964e-16
152.5220751  8.933663641e-16  9.482942084e-16
152.834721  8.788505108e-16  9.328858607e-16
153.165279  8.637909082e-16  9.169003317e-16
153.4779249  8.498140124e-16  9.020640787e-16
153.7387739  8.383472304e-16  8.898922718e-16
153.9195339  8.305032221e-16  8.815659815e-16
154  8.270380135e-16  8.778877177e-16
154.0804661  8.235890621e-16  8.742267105e-16
154.2612261  8.159001376e-16  8.660650392e-16
154.5220751  8.049464433e-16  8.544378667e-16
154.834721  7.920350309e-16  8.407326074e-16
155.165279  7.786366935e-16  8.26510485e-16
155.4779249  7.661985965e-16  8.133076426e-16
155.7387739  7.55992051e-16  8.024735567e-16
155.9195339  7.490089642e-16  7.950611209e-16
156  7.459237781e-16  7.917862449e-16
156.0804661  7.428528811e-16  7.885265364e-16
156.2612261  7.360061042e-16  7.812587915e-16
156.5220751  7.262505326e-16  7.709034072e-16
156.834721  7.147489269e-16  7.586946354e-16
157.165279  7.028107191e-16  7.460224174e-16
157.4779249  6.917254745e-16  7.342556063e-16
157.7387739  6.826271434e-16  7.245978723e-16
157.9195339  6.764012635e-16  7.179891996e-16
158  6.736503546e-16  7.150691536e-16
158.0804661  6.709120258e-16  7.12162461e-16
158.2612261  6.648061516e-16  7.056811726e-16
158.5220751  6.561048522e-16  6.964448813e-16
158.834721  6.458440776e-16  6.855532321e-16
159.165279  6.351913283e-16  6.742455078e-16
159.4779249  6.252974086e-16  6.637432692e-16
159.7387739  6.171751997e-16  6.551216735e-16
159.9195339  6.116163908e-16  6.492210861e-16
160  6.091599988e-16  6.46613665e-16
160.0804661  6.067146998e-16  6.440180189e-16
160.2612261  6.012617122e-16  6.382297592e-16
160.5220751  5.934896055e-16  6.299797913e-16
160.834721  5.843226986e-16  6.202492653e-16
161.165279  5.748034479e-16  6.101447318e-16
161.4779249  5.65960288e-16  6.00757858e-16
161.7387739  5.586992226e-16  5.930503524e-16
161.9195339  5.537290116e-16  5.877745524e-16
162  5.515325165e-16  5.854430077e-16
162.0804661  5.493458185e-16  5.831218625e-16
162.2612261  5.444690668e-16  5.77945268e-16
162.5220751  5.375172039e-16  5.70565976e-16
162.834721  5.293161225e-16  5.618606583e-16
163.165279  5.20797938e-16  5.528187407e-16
163.4779249  5.128830025e-16  5.444171624e-16
163.7387739  5.063828248e-16  5.375173269e-16
163.9195339  5.019327742e-16  5.327936689e-16
164  4.999659801e-16  5.307059482e-16
164.0804661  4.980078519e-16  5.286274262e-16
164.2612261  4.936404686e-16  5.239915182e-16
164.5220751  4.874137884e-16  5.173819961e-16
164.834721  4.800667847e-16  5.095832683e-16
165.165279  4.724340561e-16  5.01481248e-16
165.4779249  4.653403454e-16  4.939513868e-16
165.7387739  4.5951349e-16  4.877662723e-16
165.9195339  4.555238139e-16  4.835312945e-16
166  4.537603395e-16  4.816593944e-16
166.0804661  4.520045416e-16  4.797956429e-16
166.2612261  4.48088096e-16  4.75638398e-16
166.5220751  4.425035162e-16  4.697104553e-16
166.834721  4.35912901e-16  4.627146219e-16
167.165279  4.290645355e-16  4.554451907e-16
167.4779249  4.22698462e-16  4.486877047e-16
167.7387739  4.174683214e-16  4.431359936e-16
167.9195339  4.138867064e-16  4.393341661e-16
168  4.12303465e-16  4.376535805e-16
168.0804661  4.107270337e-16  4.359802238e-16
168.2612261  4.072103836e-16  4.322473555e-16
168.5220751  4.021951729e-16  4.26923789e-16
168.834721  3.962754078e-16  4.206400523e-16
169.165279  3.901228645e-16  4.141092254e-16
169.4779249  3.844024392e-16  4.080370847e-16
169.7387739  3.79701885e-16  4.030475211e-16
169.9195339  3.764824823e-16  3.996301763e-16
170  3.750592384e-16  3.981194254e-16
170.0804661  3.736420445e-16  3.966150966e-16
170.2612261  3.70480356e-16  3.932590145e-16
170.5220751  3.659707429e-16  3.884721318e-16
170.834721  3.606468104e-16  3.82820862e-16
171.165279  3.551124189e-16  3.769461933e-16
171.4779249  3.499657009e-16  3.714830339e-16
171.7387739  3.457358185e-16  3.669930809e-16
171.9195339  3.428383828e-16  3.639174989e-16
172  3.415573718e-16  3.625577261e-16
172.0804661  3.402817431e-16  3.612036665e-16
172.2612261  3.374356511e-16  3.58182585e-16
172.5220751  3.333756333e-16  3.538729406e-16
172.834721  3.28581641e-16  3.487841939e-16
173.165279  3.235971616e-16  3.434932482e-16
173.4779249  3.189609298e-16  3.385719618e-16
173.7387739  3.151499341e-16  3.345266503e-16
173.9195339  3.125390844e-16  3.317552748e-16
174  3.113846875e-16  3.305299009e-16
174.0804661  3.102350853e-16  3.293096164e-16
174.2612261  3.076699738e-16  3.265867912e-16
174.5220751  3.040102972e-16  3.227021026e-16
174.834721  2.996882798e-16  3.181143498e-16
175.165279  2.951936683e-16  3.133433911e-16
175.4779249  2.91012281e-16  3.089049149e-16
175.7387739  2.875745855e-16  3.052558557e-16
175.9195339  2.852191707e-16  3.027556202e-16
176  2.841776352e-16  3.016500469e-16
176.0804661  2.831403765e-16  3.005490133e-16
176.2612261  2.808257602e-16  2.980920848e-16
176.5220751  2.775230413e-16  2.945863012e-16
176.834721  2.736219321e-16  2.904453357e-16
177.165279  2.695642775e-16  2.861381998e-16
177.4779249  2.657886918e-16  2.821304755e-16
177.7387739  2.626841081e-16  2.788350092e-16
177.9195339  2.605566614e-16  2.765767583e-16
178  2.596158599e-16  2.755781125e-16
178.0804661  2.586788783e-16  2.745835213e-16
178.2612261  2.565878709e-16  2.723639503e-16
178.5220751  2.53603842e-16  2.691964509e-16
178.834721  2.500785863e-16  2.65454448e-16
179.165279  2.464111966e-16  2.61561572e-16
179.4779249  2.429981238e-16  2.579386495e-16
179.7387739  2.401911717e-16  2.549591144e-16
179.9195339  2.382674404e-16  2.529171042e-16
180  2.374166636e-16  2.520140181e-16
180.0804661  2.365693028e-16  2.511145581e-16
180.2612261  2.346781586e-16  2.491071386e-16
180.5220751  2.319790164e-16  2.46242042e-16
180.834721  2.287898081e-16  2.42856748e-16
181.165279  2.25471421e-16  2.393343328e-16
181.4779249  2.223825981e-16  2.360555964e-16
181.7387739  2.198419102e-16  2.333586965e-16
181.9195339  2.181004498e-16  2.315101639e-16
182  2.173302274e-16  2.306925851e-16
182.0804661  2.165630638e-16  2.298782531e-16
182.2612261  2.148507814e-16  2.280606926e-16
182.5220751  2.124066249e-16  2.254662593e-16
182.834721  2.095182464e-16  2.224002913e-16
183.165279  2.06512348e-16  2.192095779e-16
183.4779249  2.037139078e-16  2.162390781e-16
183.7387739  2.014117149e-16  2.137953369e-16
183.9195339  1.998335378e-16  2.121201269e-16
184  1.991354842e-16  2.113791541e-16
184.0804661  1.984401726e-16  2.106410919e-16
184.2612261  1.968881527e-16  2.089936474e-16
184.5220751  1.946724971e-16  2.066417642e-16
184.834721  1.920537481e-16  2.038620037e-16
185.165279  1.89327983e-16  2.009686473e-16
185.4779249  1.867899088e-16  1.982745219e-16
185.7387739  1.847015943e-16  1.960578092e-16
185.9195339  1.832698662e-16  1.945380525e-16
186  1.826365458e-16  1.93865793e-16
186.0804661  1.820056864e-16  1.931961458e-16
186.2612261  1.805974351e-16  1.917013094e-16
186.5220751  1.785867903e-16  1.895670419e-16
186.834721  1.762099934e-16  1.870441097e-16
187.165279  1.737356532e-16  1.844176368e-16
187.4779249  1.714313063e-16  1.819716092e-16
187.7387739  1.695350198e-16  1.799587312e-16
187.9195339  1.682347959e-16  1.785785642e-16
188  1.676596072e-16  1.779680105e-16
188.0804661  1.670866299e-16  1.773598042e-16
188.2612261  1.658075015e-16  1.760020298e-16
188.5220751  1.639810064e-16  1.740632342e-16
188.834721  1.618215773e-16  1.717710345e-16
189.165279  1.595731569e-16  1.693843719e-16
189.4779249  1.57478866e-16  1.671613154e-16
189.7387739  1.557551877e-16  1.653316583e-16
189.9195339  1.545731837e-16  1.640769798e-16
190  1.540502583e-16  1.635219028e-16
190.0804661  1.535293222e-16  1.629689374e-16
190.2612261  1.523662955e-16  1.61734403e-16
190.5220751  1.507054003e-16  1.599713892e-16
190.834721  1.487414748e-16  1.578867134e-16
191.165279  1.466962862e-16  1.557157782e-16
191.4779249  1.447909906e-16  1.536933372e-16
191.7387739  1.432226391e-16  1.520285569e-16
191.9195339  1.421470321e-16  1.508868172e-16
192  1.416711466e-16  1.503816723e-16
192.0804661  1.411970526e-16  1.498784291e-16
192.2612261  1.401385363e-16  1.487548308e-16
192.5220751  1.386267261e-16  1.471500683e-16
192.834721  1.368388347e-16  1.452522499e-16
193.165279  1.349766713e-16  1.432755931e-16
193.4779249  1.332416097e-16  1.414338528e-16
193.7387739  1.318131879e-16  1.399176057e-16
193.9195339  1.308334426e-16  1.388776217e-16
194  1.303999422e-16  1.384174679e-16
194.0804661  1.29968057e-16  1.379590286e-16
194.2612261  1.290037199e-16  1.369354001e-16
194.5220751  1.276262735e-16  1.354732625e-16
194.834721  1.259970584e-16  1.337438766e-16
195.165279  1.242999016e-16  1.319423716e-16
195.4779249  1.227183413e-16  1.302635705e-16
195.7387739  1.214161144e-16  1.288812773e-16
195.9195339  1.205228317e-16  1.279330719e-16
196  1.201275632e-16  1.275135007e-16
196.0804661  1.197337525e-16  1.270954769e-16
196.2612261  1.18854376e-16  1.261620327e-16
196.5220751  1.175981553e-16  1.248285743e-16
196.834721  1.16112123e-16  1.232511747e-16
197.165279  1.145638864e-16  1.216077461e-16
197.4779249  1.131208859e-16  1.200760239e-16
197.7387739  1.119325876e-16  1.188146641e-16
197.9195339  1.111173721e-16  1.179493259e-16
198  1.107566257e-16  1.175663994e-16
198.0804661  1.103971964e-16  1.171848708e-16
198.2612261  1.095945447e-16  1.163328688e-16
198.5220751  1.08447811e-16  1.151156292e-16
198.834721  1.070911158e-16  1.136755188e-16
199.165279  1.056774213e-16  1.121749045e-16
199.4779249  1.043596235e-16  1.10776083e-16
199.7387739  1.032742862e-16  1.096240148e-16
199.9195339  1.025296308e-16  1.088335749e-16
200  1.022000888e-16  1.084837713e-16
200.0804661  1.018717379e-16  1.08135232e-16
200.2612261  1.011384448e-16  1.073568531e-16
200.5220751  1.000906978e-16  1.062446863e-16
200.834721  9.88509527e-17  1.049287165e-16
201.165279  9.755893438e-17  1.035572596e-16
201.4779249  9.635438496e-17  1.022786495e-16
201.7387739  9.53621915e-17  1.012254519e-16
201.9195339  9.468137531e-17  1.005027763e-16
202  9.438006733e-17  1.001829427e-16
202.0804661  9.407983763e-17  9.986425362e-17
202.2612261  9.340930764e-17  9.915249668e-17
202.5220751  9.245114412e-17  9.813542132e-17
202.834721  9.131725445e-17  9.693181544e-17
203.165279  9.013538702e-17  9.567728193e-17
203.4779249  8.903337524e-17  9.450751393e-17
203.7387739  8.812552819e-17  9.354384871e-17
203.9195339  8.750252793e-17  9.288254382e-17
204  8.722679171e-17  9.25898542e-17
204.0804661  8.695203261e-17  9.229820178e-17
204.2612261  8.633835344e-17  9.164679109e-17
204.5220751  8.546134342e-17  9.071585888e-17
204.834721  8.442336145e-17  8.96140575e-17
205.165279  8.334130911e-17  8.846547612e-17
205.4779249  8.233222801e-17  8.739435256e-17
205.7387739  8.15008354e-17  8.65118425e-17
205.9195339  8.093024702e-17  8.590617201e-17
206  8.067769383e-17  8.563809081e-17
206.0804661  8.042602694e-17  8.537095039e-17
206.2612261  7.986389322e-17  8.477425438e-17
206.5220751  7.906047118e-17  8.392143464e-17
206.834721  7.810946785e-17  8.291195971e-17
207.165279  7.711795161e-17  8.185948097e-17
207.4779249  7.61931751e-17  8.087784539e-17
207.7387739  7.543114962e-17  8.006896744e-17
207.9195339  7.490811954e-17  7.951377932e-17
208  7.467660382e-17  7.926802906e-17
208.0804661  7.444589278e-17  7.902313295e-17
208.2612261  7.393053869e-17  7.847609277e-17
208.5220751  7.319390771e-17  7.769417068e-17
208.834721  7.232185989e-17  7.676850577e-17
209.165279  7.141254085e-17  7.580327805e-17
209.4779249  7.056431544e-17  7.490290025e-17
209.7387739  6.986528582e-17  7.416089141e-17
209.9195339  6.938545029e-17  7.365155361e-17
210  6.917304289e-17  7.342608653e-17
210.0804661  6.896136673e-17  7.320139565e-17
210.2612261  6.848850669e-17  7.269946223e-17
210.5220751  6.781255407e-17  7.198194925e-17
210.834721  6.701224524e-17  7.113243414e-17
211.165279  6.617762159e-17  7.024649439e-17
211.4779249  6.539897102e-17  6.941996917e-17
211.7387739  6.475720378e-17  6.873874344e-17
211.9195339  6.431663547e-17  6.827108717e-17
212  6.412160005e-17  6.806406018e-17
212.0804661  6.392722975e-17  6.785773919e-17
212.2612261  6.349300611e-17  6.739681768e-17
212.5220751  6.287222891e-17  6.673787255e-17
212.834721  6.213716147e-17  6.595761013e-17
213.165279  6.137047768e-17  6.514378747e-17
213.4779249  6.065511865e-17  6.438444522e-17
213.7387739  6.006544915e-17  6.37585204e-17
213.9195339  5.966060994e-17  6.332879001e-17
214  5.948138216e-17  6.313854257e-17
214.0804661  5.930275988e-17  6.294893786e-17
214.2612261  5.890369671e-17  6.252533864e-17
214.5220751  5.8333136e-17  6.191969751e-17
214.834721  5.765745387e-17  6.120247166e-17
215.165279  5.695262044e-17  6.045430216e-17
215.4779249  5.629488824e-17  5.975612987e-17
215.7387739  5.575265957e-17  5.918056276e-17
215.9195339  5.538035889e-17  5.87853715e-17
216  5.521552796e-17  5.861040609e-17
216.0804661  5.505124875e-17  5.84360263e-17
216.2612261  5.468421103e-17  5.804642159e-17
216.5220751  5.415939374e-17  5.748933638e-17
216.834721  5.353781388e-17  5.682953923e-17
217.165279  5.28893363e-17  5.614119058e-17
217.4779249  5.228411894e-17  5.549876196e-17
217.7387739  5.178512806e-17  5.496909106e-17
217.9195339  5.144248594e-17  5.46053819e-17
218  5.129077834e-17  5.444434669e-17
218.0804661  5.113957387e-17  5.428384555e-17
218.2612261  5.080173133e-17  5.392523106e-17
218.5220751  5.03186188e-17  5.341241477e-17
218.834721  4.974637055e-17  5.280498235e-17
219.165279  4.914928651e-17  5.217118712e-17
219.4779249  4.85919664e-17  5.157960067e-17
219.7387739  4.813241623e-17  5.109179547e-17
219.9195339  4.781683064e-17  5.075680637e-17
220  4.767709568e-17  5.060847993e-17
220.0804661  4.753781993e-17  5.046064094e-17
220.2612261  4.722661501e-17  5.013030185e-17
220.5220751  4.678155733e-17  4.965788019e-17
220.834721  4.625432873e-17  4.909823541e-17
221.165279  4.570415232e-17  4.851423188e-17
221.4779249  4.519055459e-17  4.796905605e-17
221.7387739  4.476701165e-17  4.751947195e-17
221.9195339  4.447612946e-17  4.721070512e-17
222  4.434732645e-17  4.707398277e-17
222.0804661  4.421894293e-17  4.69377057e-17
222.2612261  4.393206237e-17  4.663318654e-17
222.5220751  4.352175795e-17  4.619765492e-17
222.834721  4.3035648e-17  4.568165693e-17
223.165279  4.252832028e-17  4.51431366e-17
223.4779249  4.205466686e-17  4.464036103e-17
223.7387739  4.16640236e-17  4.422569941e-17
223.9195339  4.139571484e-17  4.394089393e-17
224  4.127690176e-17  4.381477572e-17
224.0804661  4.115847217e-17  4.36890646e-17
224.2612261  4.089382178e-17  4.340814241e-17
224.5220751  4.051528139e-17  4.30063278e-17
224.834721  4.006675771e-17  4.253022704e-17
225.165279  3.959860274e-17  4.203328797e-17
225.4779249  3.91614716e-17  4.15692802e-17
225.7387739  3.880091294e-17  4.118655291e-17
225.9195339  3.855324794e-17  4.092366045e-17
226  3.844357126e-17  4.08072404e-17
226.0804661  3.833424547e-17  4.069119281e-17
226.2612261  3.808992768e-17  4.043185335e-17
226.5220751  3.77404425e-17  4.006088038e-17
226.834721  3.732630364e-17  3.962127856e-17
227.165279  3.689398942e-17  3.916238388e-17
227.4779249  3.649027822e-17  3.873385085e-17
227.7387739  3.615725179e-17  3.838034858e-17
227.9195339  3.592848077e-17  3.813751178e-17
228  3.582716653e-17  3.802996832e-17
228.0804661  3.572617358e-17  3.792276591e-17
228.2612261  3.550046748e-17  3.768318246e-17
228.5220751  3.517758061e-17  3.734044318e-17
228.834721  3.479492255e-17  3.693425773e-17
229.165279  3.439542618e-17  3.651019868e-17
229.4779249  3.402232002e-17  3.611415242e-17
229.7387739  3.371450964e-17  3.578741658e-17
229.9195339  3.350304458e-17  3.556294978e-17
230  3.340939031e-17  3.546353726e-17
230.0804661  3.331603046e-17  3.536443726e-17
230.2612261  3.3107374e-17  3.514295174e-17
230.5220751  3.280885517e-17  3.482607875e-17
230.834721  3.24550414e-17  3.445051104e-17
231.165279  3.208561808e-17  3.405837406e-17
231.4779249  3.174056068e-17  3.369210111e-17
231.7387739  3.145586268e-17  3.33898987e-17
231.9195339  3.126026117e-17  3.31822708e-17
232  3.117362877e-17  3.309031188e-17
232.0804661  3.108726637e-17  3.299863957e-17
232.2612261  3.089424051e-17  3.279374569e-17
232.5220751  3.061806343e-17  3.250058811e-17
232.834721  3.029069828e-17  3.21530952e-17
233.165279  2.994885364e-17  3.179023254e-17
233.4779249  2.962952162e-17  3.145126667e-17
233.7387739  2.936602379e-17  3.117156791e-17
233.9195339  2.918497455e-17  3.097938701e-17
234  2.91047839e-17  3.089426592e-17
234.0804661  2.902484105e-17  3.080940785e-17
234.2612261  2.88461556e-17  3.061973608e-17
234.5220751  2.859047779e-17  3.034833814e-17
234.834721  2.828738266e-17  3.002660748e-17
235.165279  2.797084802e-17  2.969061098e-17
235.4779249  2.767512795e-17  2.937670883e-17
235.7387739  2.743109068e-17  2.911766714e-17
235.9195339  2.726340067e-17  2.893966686e-17
236  2.718912395e-17  2.88608233e-17
236.0804661  2.711507481e-17  2.878222132e-17
236.2612261  2.694955574e-17  2.860652545e-17
236.5220751  2.671270047e-17  2.835510734e-17
236.834721  2.643189256e-17  2.80570342e-17
237.165279  2.613860284e-17  2.774571182e-17
237.4779249  2.586457072e-17  2.745483108e-17
237.7387739  2.563841012e-17  2.721476519e-17
237.9195339  2.548299302e-17  2.704979241e-17
238  2.541414959e-17  2.69767162e-17
238.0804661  2.534551532e-17  2.690386202e-17
238.2612261  2.519209348e-17  2.674100716e-17
238.5220751  2.497253367e-17  2.650794791e-17
238.834721  2.471220688e-17  2.623161516e-17
239.165279  2.444028084e-17  2.594296999e-17
239.4779249  2.418618371e-17  2.567324993e-17
239.7387739  2.397645656e-17  2.545062788e-17
239.9195339  2.383232244e-17  2.52976318e-17
240  2.376847427e-17  2.522985798e-17
240.0804661  2.370481847e-17  2.516228837e-17
240.2612261  2.356251943e-17  2.501124019e-17
240.5220751  2.335886317e-17  2.47950623e-17
240.834721  2.311737112e-17  2.453872233e-17
241.165279  2.286509365e-17  2.42709338e-17
241.4779249  2.262933316e-17  2.402067779e-17
241.7387739  2.243472336e-17  2.381410257e-17
241.9195339  2.230096939e-17  2.367212486e-17
242  2.2241717e-17  2.360922939e-17
242.0804661  2.218264166e-17  2.354652185e-17
242.2612261  2.205057663e-17  2.340633692e-17
242.5220751  2.186155424e-17  2.320569265e-17
242.834721  2.163739496e-17  2.296775114e-17
243.165279  2.140320119e-17  2.271915817e-17
243.4779249  2.118431882e-17  2.248681802e-17
243.7387739  2.100362529e-17  2.22950147e-17
243.9195339  2.08794275e-17  2.216318072e-17
244  2.082440626e-17  2.210477654e-17
244.0804661  2.076954807e-17  2.204654545e-17
244.2612261  2.064690577e-17  2.19163626e-17
244.5220751  2.04713582e-17  2.173002163e-17
244.834721  2.026316042e-17  2.1509023e-17
245.165279  2.004562149e-17  2.127810887e-17
245.4779249  1.984228533e-17  2.106227077e-17
245.7387739  1.967441113e-17  2.088407498e-17
245.9195339  1.955901691e-17  2.076158584e-17
246  1.950789375e-17  2.070731942e-17
246.0804661  1.945692087e-17  2.065321252e-17
246.2612261  1.934296021e-17  2.053224509e-17
246.5220751  1.917982857e-17  2.035908344e-17
246.834721  1.898633941e-17  2.015369777e-17
247.165279  1.878414967e-17  1.993907657e-17
247.4779249  1.859514252e-17  1.973844848e-17
247.7387739  1.843908507e-17  1.957279598e-17
247.9195339  1.83318065e-17  1.945892148e-17
248  1.828427699e-17  1.940846966e-17
248.0804661  1.823688607e-17  1.935816495e-17
248.2612261  1.813092955e-17  1.924569379e-17
248.5220751  1.797924578e-17  1.908468388e-17
248.834721  1.77993197e-17  1.88936952e-17
249.165279  1.761128521e-17  1.869409957e-17
249.4779249  1.743549387e-17  1.850749986e-17
249.7387739  1.729033617e-17  1.835341727e-17
249.9195339  1.7190544e-17  1.824748947e-17
250  1.714632965e-17  1.820055663e-17
250.0804661  1.710224319e-17  1.815375955e-17
250.2612261  1.700367103e-17  1.804912678e-17
250.5220751  1.686254945e-17  1.789932846e-17
250.834721  1.669513828e-17  1.772162416e-17
251.165279  1.652016646e-17  1.753589435e-17
251.4779249  1.635657213e-17  1.736224157e-17
251.7387739  1.622147486e-17  1.721883796e-17
251.9195339  1.61285931e-17  1.712024545e-17
252  1.608743896e-17  1.707656098e-17
252.0804661  1.604640292e-17  1.703300188e-17
252.2612261  1.595464774e-17  1.69356052e-17
252.5220751  1.582327745e-17  1.679615773e-17
252.834721  1.566742144e-17  1.663071905e-17
253.165279  1.550451177e-17  1.645779302e-17
253.4779249  1.535218138e-17  1.629609674e-17
253.7387739  1.522637576e-17  1.616255607e-17
253.9195339  1.513987678e-17  1.607073878e-17
254  1.510154932e-17  1.603005479e-17
254.0804661  1.506333099e-17  1.598948663e-17
254.2612261  1.497787296e-17  1.589877429e-17
254.5220751  1.485551103e-17  1.576888905e-17
254.834721  1.471033078e-17  1.561478251e-17
255.165279  1.455856638e-17  1.545368702e-17
255.4779249  1.441664478e-17  1.53030395e-17
255.7387739  1.429942616e-17  1.517861378e-17
255.9195339  1.421882632e-17  1.509305834e-17
256  1.418311146e-17  1.505514758e-17
256.0804661  1.414749749e-17  1.501734392e-17
256.2612261  1.406786008e-17  1.493281007e-17
256.5220751  1.395382537e-17  1.481176404e-17
256.834721  1.381851452e-17  1.466813372e-17
257.165279  1.367705461e-17  1.451797628e-17
257.4779249  1.354475753e-17  1.437754502e-17
257.7387739  1.343547959e-17  1.426154822e-17
257.9195339  1.336033525e-17  1.41817837e-17
258  1.332703661e-17  1.414643772e-17
258.0804661  1.32938313e-17  1.411119082e-17
258.2612261  1.321957733e-17  1.403237141e-17
258.5220751  1.311324493e-17  1.391950125e-17
258.834721  1.298706363e-17  1.37855618e-17
259.165279  1.285513667e-17  1.364552342e-17
259.4779249  1.273174433e-17  1.351454442e-17
259.7387739  1.262981386e-17  1.340634685e-17
259.9195339  1.255971781e-17  1.333194101e-17
260  1.252865513e-17  1.329896845e-17
260.0804661  1.249767884e-17  1.326608762e-17
260.2612261  1.242840699e-17  1.319255665e-17
260.5220751  1.232920317e-17  1.308725337e-17
260.834721  1.221147211e-17  1.296228372e-17
261.165279  1.208836962e-17  1.283161238e-17
261.4779249  1.197322103e-17  1.270938399e-17
261.7387739  1.187809323e-17  1.260840733e-17
261.9195339  1.181267144e-17  1.253896314e-17
262  1.178367912e-17  1.250818826e-17
262.0804661  1.175476683e-17  1.247749832e-17
262.2612261  1.169010844e-17  1.240886447e-17
262.5220751  1.159750614e-17  1.23105686e-17
262.834721  1.148760122e-17  1.219390626e-17
263.165279  1.137267222e-17  1.207191096e-17
263.4779249  1.126515996e-17  1.19577884e-17
263.7387739  1.11763341e-17  1.186350116e-17
263.9195339  1.11152428e-17  1.179865372e-17
264  1.108816866e-17  1.176991495e-17
264.0804661  1.106116869e-17  1.174125491e-17
264.2612261  1.100078489e-17  1.167715846e-17
264.5220751  1.091429961e-17  1.158535571e-17
264.834721  1.081164702e-17  1.147639162e-17
265.165279  1.070429297e-17  1.1362437e-17
265.4779249  1.060385848e-17  1.125582739e-17
265.7387739  1.052087411e-17  1.116774079e-17
265.9195339  1.046379713e-17  1.110715449e-17
266  1.04385012e-17  1.108030325e-17
266.0804661  1.041327403e-17  1.105352502e-17
266.2612261  1.035685313e-17  1.099363513e-17
266.5220751  1.027603918e-17  1.09078524e-17
266.834721  1.018011109e-17  1.080602626e-17
267.165279  1.007978129e-17  1.069952777e-17
267.4779249  9.985910643e-18  1.059988557e-17
267.7387739  9.908344022e-18  1.051754983e-17
267.9195339  9.854990418e-18  1.046091583e-17
268  9.831343859e-18  1.043581538e-17
268.0804661  9.807761112e-18  1.041078267e-17
268.2612261  9.755016228e-18  1.035479481e-17
268.5220751  9.679463389e-18  1.027459667e-17
268.834721  9.589773901e-18  1.017939271e-17
269.165279  9.495961397e-18  1.007981222e-17
269.4779249  9.408181396e-18  9.986635145e-18
269.7387739  9.335642365e-18  9.909636117e-18
269.9195339  9.285744203e-18  9.85667001e-18
270  9.263628392e-18  9.833194427e-18
270.0804661  9.24157182e-18  9.809781727e-18
270.2612261  9.192238761e-18  9.757415468e-18
270.5220751  9.121569218e-18  9.68240087e-18
270.834721  9.037670778e-18  9.593344009e-18
271.165279  8.94990856e-18  9.500185808e-18
271.4779249  8.867783273e-18  9.41301112e-18
271.7387739  8.799912356e-18  9.340967219e-18
271.9195339  8.753222764e-18  9.291406959e-18
272  8.732528388e-18  9.269440207e-18
272.0804661  8.711889037e-18  9.247531864e-18
272.2612261  8.665724344e-18  9.198528776e-18
272.5220751  8.599589912e-18  9.128328126e-18
272.834721  8.521070032e-18  9.04498052e-18
273.165279  8.438927639e-18  8.957787675e-18
273.4779249  8.36205521e-18  8.876188812e-18
273.7387739  8.298521001e-18  8.808748258e-18
273.9195339  8.254812369e-18  8.76235224e-18
274  8.235438642e-18  8.741787336e-18
274.0804661  8.216116053e-18  8.721276714e-18
274.2612261  8.172895241e-18  8.675398509e-18
274.5220751  8.110974848e-18  8.609670995e-18
274.834721  8.03745313e-18  8.531628859e-18
275.165279  7.960533552e-18  8.449979948e-18
275.4779249  7.888543315e-18  8.373563455e-18
275.7387739  7.829040106e-18  8.310401744e-18
275.9195339  7.788102461e-18  8.266947084e-18
276  7.769956401e-18  8.247685329e-18
276.0804661  7.751857892e-18  8.228474049e-18
276.2612261  7.711373848e-18  8.185500879e-18
276.5220751  7.653371251e-18  8.123932044e-18
276.834721  7.584496682e-18  8.050822782e-18
277.165279  7.512433541e-18  7.974328903e-18
277.4779249  7.444983401e-18  7.90273165e-18
277.7387739  7.389229022e-18  7.843549262e-18
277.9195339  7.350868544e-18  7.802830225e-18
278  7.33386432e-18  7.784780511e-18
278.0804661  7.316904335e-18  7.766777755e-18
278.2612261  7.278965862e-18  7.726506669e-18
278.5220751  7.224607565e-18  7.668806201e-18
278.834721  7.160056057e-18  7.6002858e-18
279.165279  7.092511052e-18  7.528587849e-18
279.4779249  7.029285094e-18  7.461474499e-18
279.7387739  6.977018951e-18  7.405994818e-18
279.9195339  6.94105663e-18  7.367821386e-18
280  6.925114966e-18  7.350899562e-18
280.0804661  6.90921448e-18  7.334021449e-18
280.2612261  6.873644972e-18  7.296264981e-18
280.5220751  6.822678335e-18  7.242164705e-18
280.834721  6.76215049e-18  7.177915359e-18
281.165279  6.698811059e-18  7.110681559e-18
281.4779249  6.639517384e-18  7.047742265e-18
281.7387739  6.59049867e-18  6.995709678e-18
281.9195339  6.556769079e-18  6.959906252e-18
282  6.54181671e-18  6.944034551e-18
282.0804661  6.526902692e-18  6.928203557e-18
282.2612261  6.493538926e-18  6.892788449e-18
282.5220751  6.445730441e-18  6.842040502e-18
282.834721  6.388949512e-18  6.781768448e-18
283.165279  6.329526715e-18  6.718692093e-18
283.4779249  6.273895458e-18  6.659640396e-18
283.7387739  6.227901527e-18  6.610818569e-18
283.9195339  6.196251703e-18  6.577222784e-18
284  6.182220886e-18  6.562329294e-18
284.0804661  6.168225802e-18  6.547473734e-18
284.2612261  6.136916842e-18  6.514239771e-18
284.5220751  6.092050563e-18  6.466614928e-18
284.834721  6.038760598e-18  6.410048476e-18
285.165279  5.982987183e-18  6.350845882e-18
285.4779249  5.93076871e-18  6.295416803e-18
285.7387739  5.887593593e-18  6.249587102e-18
285.9195339  5.857882023e-18  6.218048742e-18
286  5.84471008e-18  6.204066933e-18
286.0804661  5.831571448e-18  6.190120484e-18
286.2612261  5.802177642e-18  6.158919426e-18
286.5220751  5.760053755e-18  6.114205588e-18
286.834721  5.710017902e-18  6.061093325e-18
287.165279  5.657646539e-18  6.005501955e-18
287.4779249  5.608609808e-18  5.953450244e-18
287.7387739  5.568062858e-18  5.910410301e-18
287.9195339  5.540158549e-18  5.88079032e-18
288  5.52778746e-18  5.867658605e-18
288.0804661  5.515447439e-18  5.854559869e-18
288.2612261  5.487839504e-18  5.825254484e-18
288.5220751  5.448273021e-18  5.783255291e-18
288.834721  5.401271986e-18  5.733364439e-18
289.165279  5.352073659e-18  5.681141196e-18
289.4779249  5.306004717e-18  5.632239745e-18
289.7387739  5.267909375e-18  5.591802145e-18
289.9195339  5.241691006e-18  5.563971762e-18
290  5.230067033e-18  5.5516331e-18
290.0804661  5.218472052e-18  5.539325211e-18
290.2612261  5.19253024e-18  5.51178839e-18
290.5220751  5.155349806e-18  5.47232195e-18
290.834721  5.111180442e-18  5.425436871e-18
291.165279  5.06494298e-18  5.37635654e-18
291.4779249  5.021643591e-18  5.330394926e-18
291.7387739  4.985836259e-18  5.292386011e-18
291.9195339  4.961191407e-18  5.266225893e-18
292  4.950264754e-18  5.254627424e-18
292.0804661  4.939365166e-18  5.243057684e-18
292.2612261  4.914978502e-18  5.217171628e-18
292.5220751  4.880025309e-18  5.180069369e-18
292.834721  4.838499326e-18  5.135990197e-18
293.165279  4.795026059e-18  5.089844015e-18
293.4779249  4.754312459e-18  5.046627175e-18
293.7387739  4.720641466e-18  5.01088595e-18
293.9195339  4.697465901e-18  4.986285456e-18
294  4.687190396e-18  4.97537817e-18
294.0804661  4.67694017e-18  4.964497718e-18
294.2612261  4.654005758e-18  4.940153204e-18
294.5220751  4.621132546e-18  4.905258812e-18
294.834721  4.582075335e-18  4.863800203e-18
295.165279  4.541183869e-18  4.82039456e-18
295.4779249  4.502885614e-18  4.779741572e-18
295.7387739  4.471210276e-18  4.746118703e-18
295.9195339  4.449407313e-18  4.722975204e-18
296  4.439740125e-18  4.712713637e-18
296.0804661  4.43009656e-18  4.702477146e-18
296.2612261  4.408518941e-18  4.679572847e-18
296.5220751  4.37758909e-18  4.646741301e-18
296.834721  4.340838647e-18  4.607731289e-18
297.165279  4.302359737e-18  4.566886538e-18
297.4779249  4.266318664e-18  4.528629511e-18
297.7387739  4.236508421e-18  4.496986412e-18
297.9195339  4.215988325e-18  4.475204655e-18
298  4.206889703e-18  4.465546613e-18
298.0804661  4.197813166e-18  4.455912012e-18
298.2612261  4.177503739e-18  4.434353879e-18
298.5220751  4.148390435e-18  4.403450568e-18
298.834721  4.113796373e-18  4.366729521e-18
299.165279  4.0775729e-18  4.32827888e-18
299.4779249  4.043642161e-18  4.292261939e-18
299.7387739  4.015575789e-18  4.262469931e-18
299.9195339  3.996255237e-18  4.241961472e-18
300  3.987688268e-18  4.232867771e-18
300.0804661  3.979141955e-18  4.223795995e-18
300.2612261  3.960018442e-18  4.20349669e-18
300.5220751  3.932603914e-18  4.174396604e-18
300.834721  3.900026561e-18  4.13981626e-18
301.165279  3.865912589e-18  4.103604821e-18
301.4779249  3.833955778e-18  4.069683173e-18
301.7387739  3.80752066e-18  4.041622716e-18
301.9195339  3.789322245e-18  4.022305387e-18
302  3.781252636e-18  4.013739625e-18
302.0804661  3.773202354e-18  4.005194379e-18
302.2612261  3.755188311e-18  3.986072758e-18
302.5220751  3.729363134e-18  3.958659742e-18
302.834721  3.698672703e-18  3.926082337e-18
303.165279  3.666532614e-18  3.891966144e-18
303.4779249  3.636422961e-18  3.860005225e-18
303.7387739  3.611514433e-18  3.833565218e-18
303.9195339  3.594366205e-18  3.815362647e-18
304  3.586762079e-18  3.807290987e-18
304.0804661  3.579176046e-18  3.799238534e-18
304.2612261  3.562200413e-18  3.781219169e-18
304.5220751  3.537862864e-18  3.755385248e-18
304.834721  3.508938699e-18  3.724682706e-18
305.165279  3.478646406e-18  3.692527918e-18
305.4779249  3.450266039e-18  3.662402609e-18
305.7387739  3.426786774e-18  3.637479741e-18
305.9195339  3.410621827e-18  3.620320907e-18
306  3.40345354e-18  3.612711885e-18
306.0804661  3.396302199e-18  3.605120849e-18
306.2612261  3.380298892e-18  3.588133593e-18
306.5220751  3.357354365e-18  3.563778343e-18
306.834721  3.330084242e-18  3.534831539e-18
307.165279  3.30152246e-18  3.504513662e-18
307.4779249  3.274761728e-18  3.47610757e-18
307.7387739  3.252621181e-18  3.45260573e-18
307.9195339  3.237377267e-18  3.436424558e-18
308  3.23061724e-18  3.429248897e-18
308.0804661  3.22387309e-18  3.422090088e-18
308.2612261  3.208780622e-18  3.406069673e-18
308.5220751  3.187141087e-18  3.383099651e-18
308.834721  3.161420574e-18  3.355797735e-18
309.165279  3.134480156e-18  3.327200908e-18
309.4779249  3.109237009e-18  3.300405709e-18
309.7387739  3.088350904e-18  3.278235441e-18
309.9195339  3.073970083e-18  3.262970427e-18
310  3.067592644e-18  3.256200877e-18
310.0804661  3.061230086e-18  3.249447123e-18
310.2612261  3.046991219e-18  3.234332791e-18
310.5220751  3.026574726e-18  3.212661009e-18
310.834721  3.002306601e-18  3.186900779e-18
311.165279  2.976885923e-18  3.159917134e-18
311.4779249  2.953065338e-18  3.134631961e-18
311.7387739  2.933355202e-18  3.113709964e-18
311.9195339  2.919783517e-18  3.099303836e-18
312  2.913764758e-18  3.092915019e-18
312.0804661  2.907759953e-18  3.086541014e-18
312.2612261  2.894321381e-18  3.072276183e-18
312.5220751  2.875051606e-18  3.051821623e-18
312.834721  2.852145313e-18  3.027506957e-18
313.165279  2.828149716e-18  3.002036011e-18
313.4779249  2.805663174e-18  2.978166904e-18
313.7387739  2.787055897e-18  2.958415575e-18
313.9195339  2.774243079e-18  2.944814973e-18
314  2.768560726e-18  2.938783245e-18
314.0804661  2.762891463e-18  2.932765412e-18
314.2612261  2.750203518e-18  2.91929736e-18
314.5220751  2.732009344e-18  2.899984533e-18
314.834721  2.710380499e-18  2.877025858e-18
315.165279  2.687721768e-18  2.852973974e-18
315.4779249  2.666486772e-18  2.830433364e-18
315.7387739  2.648914213e-18  2.811780371e-18
315.9195339  2.636813408e-18  2.798935559e-18
316  2.631446698e-18  2.793238881e-18
316.0804661  2.626092272e-18  2.787555244e-18
316.2612261  2.614108659e-18  2.774834828e-18
316.5220751  2.596923789e-18  2.756593362e-18
316.834721  2.576493725e-18  2.734907173e-18
317.165279  2.555089614e-18  2.712187049e-18
317.4779249  2.535029245e-18  2.690893286e-18
317.7387739  2.518427866e-18  2.673271186e-18
317.9195339  2.506995382e-18  2.661135785e-18
318  2.501924953e-18  2.655753606e-18
318.0804661  2.496866058e-18  2.650383669e-18
318.2612261  2.485543599e-18  2.638365059e-18
318.5220751  2.469306205e-18  2.621129323e-18
318.834721  2.450001551e-18  2.600637739e-18
319.165279  2.429775347e-18  2.579167945e-18
319.4779249  2.410817851e-18  2.559044864e-18
319.7387739  2.39512838e-18  2.54239074e-18
319.9195339  2.384323456e-18  2.530921484e-18
320  2.379531245e-18  2.525834629e-18
320.0804661  2.374749868e-18  2.520759273e-18
320.2612261  2.364048282e-18  2.509399709e-18
320.5220751  2.348700677e-18  2.49310847e-18
320.834721  2.33045297e-18  2.473738819e-18
321.165279  2.311333087e-18  2.453443367e-18
321.4779249  2.293411506e-18  2.434419893e-18
321.7387739  2.278578626e-18  2.418675026e-18
321.9195339  2.268363218e-18  2.407831533e-18
322  2.263832366e-18  2.403022106e-18
322.0804661  2.259311694e-18  2.398223484e-18
322.2612261  2.249193383e-18  2.387483058e-18
322.5220751  2.234681717e-18  2.372079155e-18
322.834721  2.21742705e-18  2.3537636e-18
323.165279  2.19934666e-18  2.334571553e-18
323.4779249  2.182398478e-18  2.316581327e-18
323.7387739  2.16837054e-18  2.301690893e-18
323.9195339  2.158709126e-18  2.291435456e-18
324  2.154423892e-18  2.286886749e-18
324.0804661  2.150148226e-18  2.282348197e-18
324.2612261  2.14057808e-18  2.272189638e-18
324.5220751  2.12685207e-18  2.257619697e-18
324.834721  2.110530759e-18  2.240294884e-18
325.165279  2.093427446e-18  2.22213999e-18
325.4779249  2.077394273e-18  2.205121031e-18
325.7387739  2.064123033e-18  2.191033821e-18
325.9195339  2.054982433e-18  2.181331219e-18
326  2.050928111e-18  2.177027621e-18
326.0804661  2.046882786e-18  2.172733572e-18
326.2612261  2.037828006e-18  2.163122067e-18
326.5220751  2.024840674e-18  2.14933622e-18
326.834721  2.009396957e-18  2.13294296e-18
327.165279  1.993212406e-18  2.115763315e-18
327.4779249  1.978039681e-18  2.09965771e-18
327.7387739  1.965480057e-18  2.086325868e-18
327.9195339  1.956829263e-18  2.077143187e-18
328  1.95299211e-18  2.07307011e-18
328.0804661  1.94916342e-18  2.069006016e-18
328.2612261  1.940593353e-18  2.059909027e-18
328.5220751  1.928300793e-18  2.04686067e-18
328.834721  1.913682553e-18  2.031343639e-18
329.165279  1.89836225e-18  2.015081381e-18
329.4779249  1.883998971e-18  1.999834989e-18
329.7387739  1.872108818e-18  1.987213781e-18
329.9195339  1.863918839e-18  1.978520248e-18
330  1.860286007e-18  1.974664054e-18
330.0804661  1.856661139e-18  1.970816314e-18
330.2612261  1.848547127e-18  1.962203419e-18
330.5220751  1.836908286e-18  1.949848975e-18
330.834721  1.823066788e-18  1.935156444e-18
331.165279  1.808559759e-18  1.919757463e-18
331.4779249  1.794958229e-18  1.905319655e-18
331.7387739  1.783698131e-18  1.89336724e-18
331.9195339  1.775941855e-18  1.885134076e-18
332  1.772501326e-18  1.881482009e-18
332.0804661  1.769068294e-18  1.877837901e-18
332.2612261  1.76138353e-18  1.869680646e-18
332.5220751  1.75036001e-18  1.857979354e-18
332.834721  1.737249665e-18  1.844062931e-18
333.165279  1.723508224e-18  1.829476609e-18
333.4779249  1.710623818e-18  1.815800018e-18
333.7387739  1.699956898e-18  1.804477251e-18
333.9195339  1.692608955e-18  1.796677526e-18
334  1.689349486e-18  1.793217651e-18
334.0804661  1.686097076e-18  1.78976527e-18
334.2612261  1.678816477e-18  1.78203703e-18
334.5220751  1.668372343e-18  1.770950748e-18
334.834721  1.65595049e-18  1.757765148e-18
335.165279  1.642930007e-18  1.743944112e-18
335.4779249  1.630720961e-18  1.730984404e-18
335.7387739  1.620612701e-18  1.720254646e-18
335.9195339  1.613649345e-18  1.712863154e-18
336  1.61056041e-18  1.709584299e-18
336.0804661  1.607478125e-18  1.706312503e-18
336.2612261  1.600578211e-18  1.698988353e-18
336.5220751  1.590679825e-18  1.688481374e-18
336.834721  1.578906525e-18  1.675984202e-18
337.165279  1.566565215e-18  1.662884098e-18
337.4779249  1.554992425e-18  1.650599765e-18
337.7387739  1.545410503e-18  1.640428707e-18
337.9195339  1.538809499e-18  1.633421846e-18
338  1.535881242e-18  1.630313547e-18
338.0804661  1.532959252e-18  1.627211902e-18
338.2612261  1.526418033e-18  1.620268502e-18
338.5220751  1.517033893e-18  1.610307387e-18
338.834721  1.505871739e-18  1.598458937e-18
339.165279  1.494170468e-18  1.586038224e-18
339.4779249  1.483197303e-18  1.574390384e-18
339.7387739  1.474111444e-18  1.564745889e-18
339.9195339  1.467851962e-18  1.558101548e-18
340  1.46507515e-18  1.555154006e-18
340.0804661  1.462304246e-18  1.552212735e-18
340.2612261  1.456101124e-18  1.54562822e-18
340.5220751  1.447201716e-18  1.536181639e-18
340.834721  1.436615662e-18  1.524944711e-18
341.165279  1.42551776e-18  1.513164464e-18
341.4779249  1.415109899e-18  1.502116685e-18
341.7387739  1.406491731e-18  1.492968637e-18
341.9195339  1.400554251e-18  1.486666096e-18
342  1.39792023e-18  1.483870125e-18
342.0804661  1.395291782e-18  1.481080069e-18
342.2612261  1.389407451e-18  1.474833945e-18
342.5220751  1.380965113e-18  1.465872538e-18
342.834721  1.370922312e-18  1.455212263e-18
343.165279  1.360393406e-18  1.444035997e-18
343.4779249  1.350518675e-18  1.433554127e-18
343.7387739  1.342341603e-18  1.424874295e-18
343.9195339  1.336707824e-18  1.418894128e-18
344  1.334208484e-18  1.416241118e-18
344.0804661  1.331714399e-18  1.413593687e-18
344.2612261  1.32613076e-18  1.407666742e-18
344.5220751  1.318119558e-18  1.399162978e-18
344.834721  1.308589208e-18  1.389046663e-18
345.165279  1.29859707e-18  1.378440168e-18
345.4779249  1.289225298e-18  1.368492181e-18
345.7387739  1.281464379e-18  1.360254088e-18
345.9195339  1.276117139e-18  1.354578078e-18
346  1.27374487e-18  1.352059952e-18
346.0804661  1.271377562e-18  1.349547092e-18
346.2612261  1.266077637e-18  1.343921306e-18
346.5220751  1.258473246e-18  1.335849366e-18
346.834721  1.249426459e-18  1.326246344e-18
347.165279  1.239940855e-18  1.316177526e-18
347.4779249  1.231043739e-18  1.306733379e-18
347.7387739  1.223675573e-18  1.298912188e-18
347.9195339  1.21859877e-18  1.293523243e-18
348  1.216346436e-18  1.291132425e-18
348.0804661  1.214098783e-18  1.288746578e-18
348.2612261  1.209066646e-18  1.283405044e-18
348.5220751  1.201846241e-18  1.275740699e-18
348.834721  1.193255908e-18  1.266622197e-18
349.165279  1.184248467e-18  1.257060942e-18
349.4779249  1.175799446e-18  1.24809244e-18
349.7387739  1.168802073e-18  1.24066484e-18
349.9195339  1.163980596e-18  1.235546919e-18
350  1.161841496e-18  1.233276298e-18
350.0804661  1.159706817e-18  1.23101037e-18
350.2612261  1.154927518e-18  1.22593722e-18
350.5220751  1.148069677e-18  1.21865773e-18
350.834721  1.139910351e-18  1.209996736e-18
351.165279  1.131354442e-18  1.200914774e-18
351.4779249  1.12332858e-18  1.192395448e-18
351.7387739  1.116681383e-18  1.185339555e-18
351.9195339  1.112101043e-18  1.180477597e-18
352  1.110068887e-18  1.178320496e-18
352.0804661  1.108040908e-18  1.176167828e-18
352.2612261  1.10350041e-18  1.171348161e-18
352.5220751  1.096985016e-18  1.164432174e-18
352.834721  1.089232804e-18  1.156203324e-18
353.165279  1.081103416e-18  1.147574108e-18
353.4779249  1.073477296e-18  1.139479102e-18
353.7387739  1.067160912e-18  1.132774361e-18
353.9195339  1.062808384e-18  1.128154222e-18
354  1.060877264e-18  1.126104369e-18
354.0804661  1.058950092e-18  1.124058706e-18
354.2612261  1.054635211e-18  1.119478528e-18
354.5220751  1.04844337e-18  1.112905987e-18
354.834721  1.041075826e-18  1.105085457e-18
355.165279  1.033349465e-18  1.096884047e-18
355.4779249  1.026101086e-18  1.089190008e-18
355.7387739  1.020097323e-18  1.082817108e-18
355.9195339  1.015960086e-18  1.078425498e-18
356  1.014124453e-18  1.076477002e-18
356.0804661  1.012292549e-18  1.074532466e-18
356.2612261  1.008190898e-18  1.070178628e-18
356.5220751  1.002304855e-18  1.063930686e-18
356.834721  9.953008879e-19  1.056496087e-18
357.165279  9.879554746e-19  1.048699047e-18
357.4779249  9.81064163e-19  1.041384029e-18
357.7387739  9.753559224e-19  1.035324822e-18
357.9195339  9.714222102e-19  1.031149249e-18
358  9.696768451e-19  1.029296572e-18
358.0804661  9.679350072e-19  1.027447639e-18
358.2612261  9.64034941e-19  1.023307781e-18
358.5220751  9.584380072e-19  1.017366724e-18
358.834721  9.517777909e-19  1.01029701e-18
359.165279  9.447925702e-19  1.00288231e-18
359.4779249  9.38238888e-19  9.959256799e-19
359.7387739  9.328100958e-19  9.901631032e-19
359.9195339  9.290688439e-19  9.861918238e-19
360  9.274088421e-19  9.844297583e-19
360.0804661  9.257521763e-19  9.826712338e-19
360.2612261  9.220427473e-19  9.787337338e-19
360.5220751  9.167192305e-19  9.730829053e-19
360.834721  9.10384121e-19  9.663582872e-19
361.165279  9.037395747e-19  9.593052068e-19
361.4779249  8.975052421e-19  9.526875617e-19
361.7387739  8.923407804e-19  9.472055676e-19
361.9195339  8.887815832e-19  9.434275363e-19
362  8.872023309e-19  9.41751185e-19
362.0804661  8.856262348e-19  9.400781841e-19
362.2612261  8.820971452e-19  9.363321116e-19
362.5220751  8.770322851e-19  9.30955843e-19
362.834721  8.710047451e-19  9.24557705e-19
363.165279  8.646825119e-19  9.178467548e-19
363.4779249  8.58750332e-19  9.115498401e-19
363.7387739  8.538359776e-19  9.063333309e-19
363.9195339  8.504490446e-19  9.027381554e-19
364  8.48946201e-19  9.011429107e-19
364.0804661  8.474463443e-19  8.995508366e-19
364.2612261  8.440879051e-19  8.959859068e-19
364.5220751  8.39267813e-19  8.908694555e-19
364.834721  8.335313401e-19  8.847802807e-19
365.165279  8.275141416e-19  8.7839312e-19
365.4779249  8.218679306e-19  8.723997567e-19
365.7387739  8.171902976e-19  8.674345236e-19
365.9195339  8.139664148e-19  8.640124232e-19
366  8.125358941e-19  8.624939482e-19
366.0804661  8.111082012e-19  8.609784749e-19
366.2612261  8.079112929e-19  8.575850074e-19
366.5220751  8.033228961e-19  8.52714497e-19
366.834721  7.978619568e-19  8.469177967e-19
367.165279  7.921335278e-19  8.408371604e-19
367.4779249  7.867580504e-19  8.351311764e-19
367.7387739  7.823045368e-19  8.304038425e-19
367.9195339  7.792350292e-19  8.271456089e-19
368  7.77872985e-19  8.256998206e-19
368.0804661  7.765136186e-19  8.242568747e-19
368.2612261  7.734696547e-19  8.210257554e-19
368.5220751  7.691006444e-19  8.163881204e-19
368.834721  7.639006122e-19  8.108683687e-19
369.165279  7.584456367e-19  8.050779989e-19
369.4779249  7.533265456e-19  7.99644165e-19
369.7387739  7.490852835e-19  7.951421326e-19
369.9195339  7.46161981e-19  7.920390935e-19
370  7.448647906e-19  7.906621464e-19
370.0804661  7.435701366e-19  7.892878918e-19
370.2612261  7.406710303e-19  7.862105365e-19
370.5220751  7.365098132e-19  7.817934706e-19
370.834721  7.31556911e-19  7.765360436e-19
371.165279  7.263609618e-19  7.710206261e-19
371.4779249  7.214847417e-19  7.658445958e-19
371.7387739  7.174445507e-19  7.615559972e-19
371.9195339  7.146597565e-19  7.585999824e-19
372  7.134240068e-19  7.572882538e-19
372.0804661  7.121906605e-19  7.559790763e-19
372.2612261  7.094287927e-19  7.530473974e-19
372.5220751  7.054644458e-19  7.488393062e-19
372.834721  7.007456927e-19  7.438304246e-19
373.165279  6.957951754e-19  7.385755292e-19
373.4779249  6.911490905e-19  7.336437838e-19
373.7387739  6.872994347e-19  7.295574353e-19
373.9195339  6.846458954e-19  7.267407455e-19
374  6.8346837e-19  7.254908209e-19
374.0804661  6.822931225e-19  7.242433144e-19
374.2612261  6.796613125e-19  7.214496899e-19
374.5220751  6.758835412e-19  7.174396457e-19
374.834721  6.713867023e-19  7.126663226e-19
375.165279  6.666688033e-19  7.076583477e-19
375.4779249  6.622408486e-19  7.029581441e-19
375.7387739  6.585717962e-19  6.990635033e-19
375.9195339  6.560426739e-19  6.963788801e-19
376  6.549203405e-19  6.951875411e-19
376.0804661  6.538001668e-19  6.939984944e-19
376.2612261  6.512916453e-19  6.913357386e-19
376.5220751  6.47690744e-19  6.875134391e-19
376.834721  6.434042839e-19  6.829634299e-19
377.165279  6.389069215e-19  6.781895511e-19
377.4779249  6.346857774e-19  6.737088736e-19
377.7387739  6.311879631e-19  6.699959993e-19
377.9195339  6.287768097e-19  6.674365983e-19
378  6.277068091e-19  6.663008096e-19
378.0804661  6.266388564e-19  6.651671947e-19
378.2612261  6.242472394e-19  6.626285313e-19
378.5220751  6.20814055e-19  6.589842606e-19
378.834721  6.167270947e-19  6.546460171e-19
379.165279  6.124388739e-19  6.500941389e-19
379.4779249  6.084138635e-19  6.458216542e-19
379.7387739  6.050784535e-19  6.422811695e-19
379.9195339  6.027791867e-19  6.398405343e-19
380  6.017588214e-19  6.387574327e-19
380.0804661  6.007403988e-19  6.376763933e-19
380.2612261  5.984596642e-19  6.352554298e-19
380.5220751  5.951855619e-19  6.317800222e-19
380.834721  5.912878378e-19  6.2764265e-19
381.165279  5.871980081e-19  6.233013606e-19
381.4779249  5.833590576e-19  6.192263757e-19
381.7387739  5.801777167e-19  6.158494328e-19
381.9195339  5.779845974e-19  6.135214715e-19
382  5.770113223e-19  6.124883554e-19
382.0804661  5.760398905e-19  6.11457196e-19
382.2612261  5.738643557e-19  6.091479004e-19
382.5220751  5.707411873e-19  6.058327066e-19
382.834721  5.670230137e-19  6.018859245e-19
383.165279  5.631214291e-19  5.977444544e-19
383.4779249  5.594590312e-19  5.938568772e-19
383.7387739  5.564238924e-19  5.906351256e-19
383.9195339  5.543315036e-19  5.88414088e-19
384  5.534029163e-19  5.874284074e-19
384.0804661  5.524760786e-19  5.864445839e-19
384.2612261  5.504003796e-19  5.842412623e-19
384.5220751  5.474204535e-19  5.810781181e-19
384.834721  5.438726874e-19  5.773122207e-19
385.165279  5.401497698e-19  5.733604028e-19
385.4779249  5.366549487e-19  5.696507057e-19
385.7387739  5.337585847e-19  5.665762613e-19
385.9195339  5.317618119e-19  5.644567187e-19
386  5.308756442e-19  5.635160658e-19
386.0804661  5.299911376e-19  5.625771761e-19
386.2612261  5.280102097e-19  5.604744526e-19
386.5220751  5.251662634e-19  5.574556487e-19
386.834721  5.217802711e-19  5.538614717e-19
387.165279  5.182269759e-19  5.500897052e-19
387.4779249  5.148912552e-19  5.465488907e-19
387.7387739  5.121266515e-19  5.436143078e-19
387.9195339  5.102206645e-19  5.415911328e-19
388  5.093747743e-19  5.406932338e-19
388.0804661  5.085304614e-19  5.397970091e-19
388.2612261  5.066395213e-19  5.377898062e-19
388.5220751  5.039246951e-19  5.349080613e-19
388.834721  5.006923218e-19  5.314769484e-19
389.165279  4.973001054e-19  5.278761645e-19
389.4779249  4.94115478e-19  5.244957331e-19
389.7387739  4.914760082e-19  5.216939779e-19
389.9195339  4.896562438e-19  5.197623268e-19
390  4.888486072e-19  5.189050334e-19
390.0804661  4.88042469e-19  5.180493305e-19
390.2612261  4.862369973e-19  5.16132851e-19
390.5220751  4.836448105e-19  5.133812858e-19
390.834721  4.805583512e-19  5.101050583e-19
391.165279  4.77319141e-19  5.066666881e-19
391.4779249  4.742780408e-19  5.034386086e-19
391.7387739  4.717574433e-19  5.007630344e-19
391.9195339  4.700195893e-19  4.989183299e-19
392  4.692482938e-19  4.98099612e-19
392.0804661  4.68478422e-19  4.972824053e-19
392.2612261  4.66754148e-19  4.954521159e-19
392.5220751  4.642784757e-19  4.92824229e-19
392.834721  4.613306485e-19  4.896951572e-19
393.165279  4.582368146e-19  4.864111017e-19
393.4779249  4.553320903e-19  4.83327783e-19
393.7387739  4.529244464e-19  4.807721072e-19
393.9195339  4.512644267e-19  4.790100226e-19
394  4.505276644e-19  4.782279612e-19
394.0804661  4.497922552e-19  4.77447336e-19
394.2612261  4.481451418e-19  4.756989512e-19
394.5220751  4.457801939e-19  4.731885967e-19
394.834721  4.429641145e-19  4.701993731e-19
395.165279  4.400084437e-19  4.670619754e-19
395.4779249  4.372333337e-19  4.641162403e-19
395.7387739  4.349330472e-19  4.616745227e-19
395.9195339  4.333470077e-19  4.59990967e-19
396  4.326430693e-19  4.592437475e-19
396.0804661  4.319404171e-19  4.584978933e-19
396.2612261  4.303666467e-19  4.56827361e-19
396.5220751  4.281069482e-19  4.54428727e-19
396.834721  4.254161065e-19  4.515724413e-19
397.165279  4.225917771e-19  4.485744604e-19
397.4779249  4.199398871e-19  4.457595214e-19
397.7387739  4.177416654e-19  4.434261439e-19
397.9195339  4.162259609e-19  4.418172476e-19
398  4.155532295e-19  4.411031539e-19
398.0804661  4.148817211e-19  4.403903584e-19
398.2612261  4.133776829e-19  4.387938457e-19
398.5220751  4.112180551e-19  4.365014351e-19
398.834721  4.086462932e-19  4.337715508e-19
399.165279  4.059468522e-19  4.30906137e-19
399.4779249  4.03412133e-19  4.282155728e-19
399.7387739  4.013109689e-19  4.259852205e-19
399.9195339  3.998621508e-19  4.244473231e-19
