#L=4 M=0
#R     Re(V)   Im(V)

0.08046609183  -1.444206562e-06  0
0.2612261349  -0.000160457248  0
0.5220750502  -0.002562122908  0
0.8347210423  -0.01677195746  0
1.165278958  -0.06385960938  0
1.47792495  -0.165703878  0
1.738773865  -0.3182431136  0
1.919533908  -0.4734562605  0
2  -0.5581317812  0
2.080466092  -0.4604030377  0
2.261226135  -0.3088666699  0
2.52207505  -0.1896163727  0
2.834721042  -0.124505654  0
3.165278958  -0.1008262988  0
3.47792495  -0.1019178936  0
3.738773865  -0.1146815093  0
3.919533908  -0.128763224  0
4  -0.1363201928  0
4.080466092  -0.123509257  0
4.261226135  -0.09967296091  0
4.52207505  -0.07434989417  0
4.834721042  -0.05351866793  0
5.165278958  -0.03869840077  0
5.47792495  -0.02903153211  0
5.738773865  -0.02313217148  0
5.919533908  -0.01988398983  0
6  -0.01861675677  0
6.080466092  -0.01744576152  0
6.261226135  -0.01512368895  0
6.52207505  -0.01239463518  0
6.834721042  -0.0098642779  0
7.165278958  -0.00783360013  0
7.47792495  -0.006358407135  0
7.738773865  -0.005376704844  0
7.919533908  -0.004802008211  0
8  -0.00456998538  0
8.080466092  -0.004351245846  0
8.261226135  -0.003903869006  0
8.52207505  -0.003351295587  0
8.834721042  -0.002807233169  0
9.165278958  -0.002342689348  0
9.47792495  -0.001985451049  0
9.738773865  -0.001736283087  0
9.919533908  -0.001585373988  0
10  -0.001523260691  0
10.08046609  -0.001464030175  0
10.26122613  -0.001340704588  0
10.52207505  -0.001183879533  0
10.83472104  -0.001023826206  0
11.16527896  -0.0008818853678  0
11.47792495  -0.0007687686574  0
11.73877387  -0.0006874625646  0
11.91953391  -0.0006371167899  0
12  -0.000616129747  0
12.08046609  -0.0005959640396  0
12.26122613  -0.0005534700003  0
12.52207505  -0.0004983569463  0
12.83472104  -0.0004407067881  0
13.16527896  -0.0003882133765  0
13.47792495  -0.0003453132616  0
13.73877387  -0.0003138076098  0
13.91953391  -0.0002939848632  0
14  -0.0002856450548  0
14.08046609  -0.0002775870832  0
14.26122613  -0.0002604571385  0
14.52207505  -0.0002379153547  0
14.83472104  -0.0002139015308  0
15.16527896  -0.0001916007473  0
15.47792495  -0.0001730273663  0
15.73877387  -0.0001591637254  0
15.91953391  -0.0001503345488  0
16  -0.0001465937635  0
16.08046609  -0.0001429640525  0
16.26122613  -0.0001351957455  0
16.52207505  -0.0001248585353  0
16.83472104  -0.0001136902098  0
17.16527896  -0.0001031592223  0
17.47792495  -9.425845905e-05  0
17.73877387  -8.752994537e-05  0
17.91953391  -8.320396571e-05  0
18  -8.136099171e-05  0
18.08046609  -7.956677739e-05  0
18.26122613  -7.570638218e-05  0
18.52207505  -7.052397464e-05  0
18.83472104  -6.486221157e-05  0
19.16527896  -5.945854436e-05  0
19.47792495  -5.483757717e-05  0
19.73877387  -5.130881531e-05  0
19.91953391  -4.902274851e-05  0
20  -4.804451473e-05  0
20.08046609  -4.708961064e-05  0
20.26122613  -4.502626747e-05  0
20.52207505  -4.223658964e-05  0
20.83472104  -3.916132394e-05  0
21.16527896  -3.619731358e-05  0
21.47792495  -3.363838197e-05  0
21.73877387  -3.166807956e-05  0
21.91953391  -3.038369044e-05  0
22  -2.983209501e-05  0
22.08046609  -2.929247245e-05  0
22.26122613  -2.812237008e-05  0
22.52207505  -2.65311122e-05  0
22.83472104  -2.476390003e-05  0
23.16527896  -2.304676804e-05  0
23.47792495  -2.155257833e-05  0
23.73877387  -2.039418798e-05  0
23.91953391  -1.963515354e-05  0
24  -1.93081947e-05  0
24.08046609  -1.898774743e-05  0
24.26122613  -1.829086245e-05  0
24.52207505  -1.733851327e-05  0
24.83472104  -1.627427079e-05  0
25.16527896  -1.523313343e-05  0
25.47792495  -1.432114484e-05  0
25.73877387  -1.361001946e-05  0
25.91953391  -1.314201884e-05  0
26  -1.293991092e-05  0
26.08046609  -1.274152134e-05  0
26.26122613  -1.23090075e-05  0
26.52207505  -1.171549224e-05  0
26.83472104  -1.104873658e-05  0
27.16527896  -1.039267158e-05  0
27.47792495  -9.814730682e-06  0
27.73877387  -9.361851626e-06  0
27.91953391  -9.062692326e-06  0
28  -8.933217318e-06  0
28.08046609  -8.805955687e-06  0
28.26122613  -8.527918803e-06  0
28.52207505  -8.145025847e-06  0
28.83472104  -7.712928194e-06  0
29.16527896  -7.285634612e-06  0
29.47792495  -6.907382672e-06  0
29.73877387  -6.609715531e-06  0
29.91953391  -6.412449278e-06  0
30  -6.326911913e-06  0
30.08046609  -6.242740109e-06  0
30.26122613  -6.058504812e-06  0
30.52207505  -5.804005063e-06  0
30.83472104  -5.515665793e-06  0
31.16527896  -5.229292919e-06  0
31.47792495  -4.974707891e-06  0
31.73877387  -4.773614427e-06  0
31.91953391  -4.639971971e-06  0
32  -4.581927057e-06  0
32.08046609  -4.52475132e-06  0
32.26122613  -4.399402689e-06  0
32.52207505  -4.225779426e-06  0
32.83472104  -4.028389061e-06  0
33.16527896  -3.831596695e-06  0
33.47792495  -3.655993422e-06  0
33.73877387  -3.516831704e-06  0
33.91953391  -3.424117689e-06  0
34  -3.383790585e-06  0
34.08046609  -3.344032077e-06  0
34.26122613  -3.256743508e-06  0
34.52207505  -3.135549065e-06  0
34.83472104  -2.997342541e-06  0
35.16527896  -2.859089353e-06  0
35.47792495  -2.735312874e-06  0
35.73877387  -2.636937402e-06  0
35.91953391  -2.571251747e-06  0
36  -2.542644006e-06  0
36.08046609  -2.514417363e-06  0
36.26122613  -2.452367979e-06  0
36.52207505  -2.366033231e-06  0
36.83472104  -2.267311219e-06  0
37.16527896  -2.168258604e-06  0
37.47792495  -2.079315433e-06  0
37.73877387  -2.008441257e-06  0
37.91953391  -1.96102491e-06  0
38  -1.940350022e-06  0
38.08046609  -1.919936151e-06  0
38.26122613  -1.875010247e-06  0
38.52207505  -1.812381823e-06  0
38.83472104  -1.740592523e-06  0
39.16527896  -1.668368348e-06  0
39.47792495  -1.603343138e-06  0
39.73877387  -1.551407007e-06  0
39.91953391  -1.516598958e-06  0
40  -1.501405859e-06  0
40.08046609  -1.486395037e-06  0
40.26122613  -1.453326117e-06  0
40.52207505  -1.407147684e-06  0
40.83472104  -1.354098002e-06  0
41.16527896  -1.300597004e-06  0
41.47792495  -1.252313192e-06  0
41.73877387  -1.213667237e-06  0
41.91953391  -1.187724833e-06  0
42  -1.176390777e-06  0
42.08046609  -1.165186262e-06  0
42.26122613  -1.140479799e-06  0
42.52207505  -1.105925354e-06  0
42.83472104  -1.066150091e-06  0
43.16527896  -1.025947892e-06  0
43.47792495  -9.895870884e-07  0
43.73877387  -9.604285062e-07  0
43.91953391  -9.408263019e-07  0
44  -9.322549124e-07  0
44.08046609  -9.237770598e-07  0
44.26122613  -9.050672694e-07  0
44.52207505  -8.788627872e-07  0
44.83472104  -8.486443089e-07  0
45.16527896  -8.180400719e-07  0
45.47792495  -7.903052368e-07  0
45.73877387  -7.680252037e-07  0
45.91953391  -7.530272748e-07  0
46  -7.464640633e-07  0
46.08046609  -7.399693764e-07  0
46.26122613  -7.256252154e-07  0
46.52207505  -7.055091897e-07  0
46.83472104  -6.822732966e-07  0
47.16527896  -6.586975163e-07  0
47.47792495  -6.372933913e-07  0
47.73877387  -6.200714871e-07  0
47.91953391  -6.084643485e-07  0
48  -6.033813412e-07  0
48.08046609  -5.98349204e-07  0
48.26122613  -5.872273918e-07  0
48.52207505  -5.716118675e-07  0
48.83472104  -5.535470067e-07  0
49.16527896  -5.351869619e-07  0
49.47792495  -5.184903471e-07  0
49.73877387  -5.050364082e-07  0
49.91953391  -4.959586329e-07  0
50  -4.919806719e-07  0
50.08046609  -4.88040937e-07  0
50.26122613  -4.793278546e-07  0
50.52207505  -4.670809605e-07  0
50.83472104  -4.528932412e-07  0
51.16527896  -4.384512691e-07  0
51.47792495  -4.252975697e-07  0
51.73877387  -4.146841166e-07  0
51.91953391  -4.075155053e-07  0
52  -4.043722502e-07  0
52.08046609  -4.012580438e-07  0
52.26122613  -3.943665662e-07  0
52.52207505  -3.84670324e-07  0
52.83472104  -3.734229187e-07  0
53.16527896  -3.619574985e-07  0
53.47792495  -3.514999971e-07  0
53.73877387  -3.430514801e-07  0
53.91953391  -3.373396701e-07  0
54  -3.348337785e-07  0
54.08046609  -3.323501915e-07  0
54.26122613  -3.268511721e-07  0
54.52207505  -3.191068902e-07  0
54.83472104  -3.101129274e-07  0
55.16527896  -3.009324145e-07  0
55.47792495  -2.925479232e-07  0
55.73877387  -2.857662977e-07  0
55.91953391  -2.811773597e-07  0
56  -2.791630457e-07  0
56.08046609  -2.771660233e-07  0
56.26122613  -2.727420491e-07  0
56.52207505  -2.66506359e-07  0
56.83472104  -2.592563481e-07  0
57.16527896  -2.518467944e-07  0
57.47792495  -2.450714148e-07  0
57.73877387  -2.395853606e-07  0
57.91953391  -2.358700349e-07  0
58  -2.342384012e-07  0
58.08046609  -2.32620293e-07  0
58.26122613  -2.290340018e-07  0
58.52207505  -2.239749659e-07  0
58.83472104  -2.180868952e-07  0
59.16527896  -2.120623063e-07  0
59.47792495  -2.065470612e-07  0
59.73877387  -2.020768393e-07  0
59.91953391  -1.990471348e-07  0
60  -1.977159979e-07  0
60.08046609  -1.963955291e-07  0
60.26122613  -1.934675994e-07  0
60.52207505  -1.893341761e-07  0
60.83472104  -1.845187306e-07  0
61.16527896  -1.795863233e-07  0
61.47792495  -1.750661015e-07  0
61.73877387  -1.713989126e-07  0
61.91953391  -1.689116755e-07  0
62  -1.678184152e-07  0
62.08046609  -1.66733635e-07  0
62.26122613  -1.643272991e-07  0
62.52207505  -1.609278265e-07  0
62.83472104  -1.569638369e-07  0
63.16527896  -1.528994667e-07  0
63.47792495  -1.491710186e-07  0
63.73877387  -1.461435118e-07  0
63.91953391  -1.440887472e-07  0
64  -1.431852206e-07  0
64.08046609  -1.422884843e-07  0
64.26122613  -1.402984987e-07  0
64.52207505  -1.37485353e-07  0
64.83472104  -1.342022601e-07  0
65.16527896  -1.308328402e-07  0
65.47792495  -1.277390035e-07  0
65.73877387  -1.252247189e-07  0
65.91953391  -1.235171957e-07  0
66  -1.22766079e-07  0
66.08046609  -1.220204367e-07  0
66.26122613  -1.203651393e-07  0
66.52207505  -1.180236723e-07  0
66.83472104  -1.152888652e-07  0
67.16527896  -1.12479648e-07  0
67.47792495  -1.098979189e-07  0
67.73877387  -1.077981746e-07  0
67.91953391  -1.063713273e-07  0
68  -1.057434558e-07  0
68.08046609  -1.051200264e-07  0
68.26122613  -1.037355558e-07  0
68.52207505  -1.01776036e-07  0
68.83472104  -9.948561275e-08  0
69.16527896  -9.71308968e-08  0
69.47792495  -9.496506438e-08  0
69.73877387  -9.320227769e-08  0
69.91953391  -9.200373111e-08  0
70  -9.147614682e-08  0
70.08046609  -9.095218881e-08  0
70.26122613  -8.978823628e-08  0
70.52207505  -8.813991963e-08  0
70.83472104  -8.62118815e-08  0
71.16527896  -8.422815402e-08  0
71.47792495  -8.240211942e-08  0
71.73877387  -8.091486521e-08  0
71.91953391  -7.99031208e-08  0
72  -7.945762518e-08  0
72.08046609  -7.901510684e-08  0
72.26122613  -7.803176507e-08  0
72.52207505  -7.663849247e-08  0
72.83472104  -7.500768414e-08  0
73.16527896  -7.332851652e-08  0
73.47792495  -7.178168476e-08  0
73.73877387  -7.052100677e-08  0
73.91953391  -6.966296642e-08  0
74  -6.928503876e-08  0
74.08046609  -6.890956879e-08  0
74.26122613  -6.80749741e-08  0
74.52207505  -6.689187458e-08  0
74.83472104  -6.550619028e-08  0
75.16527896  -6.40784053e-08  0
75.47792495  -6.27622209e-08  0
75.73877387  -6.168885546e-08  0
75.91953391  -6.095795614e-08  0
76  -6.063593818e-08  0
76.08046609  -6.031595939e-08  0
76.26122613  -5.960451313e-08  0
76.52207505  -5.859551444e-08  0
76.83472104  -5.741303014e-08  0
77.16527896  -5.619380114e-08  0
77.47792495  -5.506912289e-08  0
77.73877387  -5.415139272e-08  0
77.91953391  -5.352619016e-08  0
78  -5.325066669e-08  0
78.08046609  -5.297684337e-08  0
78.26122613  -5.236785964e-08  0
78.52207505  -5.150379414e-08  0
78.83472104  -5.049058317e-08  0
79.16527896  -4.944522195e-08  0
79.47792495  -4.848031845e-08  0
79.73877387  -4.769252286e-08  0
79.91953391  -4.715560822e-08  0
80  -4.691893309e-08  0
80.08046609  -4.668368198e-08  0
80.26122613  -4.616035207e-08  0
80.52207505  -4.541750497e-08  0
80.83472104  -4.454596211e-08  0
81.16527896  -4.364621974e-08  0
81.47792495  -4.281522818e-08  0
81.73877387  -4.2136404e-08  0
81.91953391  -4.167356936e-08  0
82  -4.146950018e-08  0
82.08046609  -4.126662899e-08  0
82.26122613  -4.081522267e-08  0
82.52207505  -4.017421165e-08  0
82.83472104  -3.942175847e-08  0
83.16527896  -3.864451133e-08  0
83.47792495  -3.792624425e-08  0
83.73877387  -3.733920572e-08  0
83.91953391  -3.693879699e-08  0
84  -3.676221178e-08  0
84.08046609  -3.65866386e-08  0
84.26122613  -3.619588422e-08  0
84.52207505  -3.564078901e-08  0
84.83472104  -3.498886723e-08  0
85.16527896  -3.431509429e-08  0
85.47792495  -3.369210994e-08  0
85.73877387  -3.31827e-08  0
85.91953391  -3.283511191e-08  0
86  -3.268178787e-08  0
86.08046609  -3.252932216e-08  0
86.26122613  -3.218992226e-08  0
86.52207505  -3.170760434e-08  0
86.83472104  -3.114088822e-08  0
87.16527896  -3.055487005e-08  0
87.47792495  -3.001274371e-08  0
87.73877387  -2.956924654e-08  0
87.91953391  -2.926652625e-08  0
88  -2.913296601e-08  0
88.08046609  -2.900013652e-08  0
88.26122613  -2.870438727e-08  0
88.52207505  -2.82839548e-08  0
88.83472104  -2.778973135e-08  0
89.16527896  -2.727841925e-08  0
89.47792495  -2.680516859e-08  0
89.73877387  -2.641784613e-08  0
89.91953391  -2.615338021e-08  0
90  -2.603667462e-08  0
90.08046609  -2.592059341e-08  0
90.26122613  -2.56620838e-08  0
90.52207505  -2.529446854e-08  0
90.83472104  -2.486214695e-08  0
91.16527896  -2.441466316e-08  0
91.47792495  -2.400029277e-08  0
91.73877387  -2.366101695e-08  0
91.91953391  -2.342928284e-08  0
92  -2.332700198e-08  0
92.08046609  -2.322525646e-08  0
92.26122613  -2.299862928e-08  0
92.52207505  -2.267625024e-08  0
92.83472104  -2.229697152e-08  0
93.16527896  -2.190421126e-08  0
93.47792495  -2.154034956e-08  0
93.73877387  -2.124230892e-08  0
93.91953391  -2.103867669e-08  0
94  -2.094878285e-08  0
94.08046609  -2.085934953e-08  0
94.26122613  -2.066011047e-08  0
94.52207505  -2.037660502e-08  0
94.83472104  -2.004292991e-08  0
95.16527896  -1.969724279e-08  0
95.47792495  -1.937685119e-08  0
95.73877387  -1.911431581e-08  0
95.91953391  -1.893488902e-08  0
96  -1.885566691e-08  0
96.08046609  -1.877684222e-08  0
96.26122613  -1.860120661e-08  0
96.52207505  -1.835121458e-08  0
96.83472104  -1.80568726e-08  0
97.16527896  -1.775180643e-08  0
97.47792495  -1.74689453e-08  0
97.73877387  -1.723707735e-08  0
97.91953391  -1.707856492e-08  0
98  -1.700856541e-08  0
98.08046609  -1.69389099e-08  0
98.26122613  -1.67836791e-08  0
98.52207505  -1.656266857e-08  0
98.83472104  -1.630235548e-08  0
99.16527896  -1.603244923e-08  0
99.47792495  -1.578208852e-08  0
99.73877387  -1.557678904e-08  0
99.91953391  -1.543640147e-08  0
100  -1.5374396e-08  0
100.0804661  -1.531268916e-08  0
100.2612261  -1.517515045e-08  0
100.5220751  -1.497927651e-08  0
100.834721  -1.474848997e-08  0
101.165279  -1.450910574e-08  0
101.4779249  -1.428697131e-08  0
101.7387739  -1.410475564e-08  0
101.9195339  -1.398012062e-08  0
102  -1.392506414e-08  0
102.0804661  -1.387026764e-08  0
102.2612261  -1.374811272e-08  0
102.5220751  -1.35741025e-08  0
102.834721  -1.336900825e-08  0
103.165279  -1.31561943e-08  0
103.4779249  -1.295864244e-08  0
103.7387739  -1.279653857e-08  0
103.9195339  -1.268563209e-08  0
104  -1.263663282e-08  0
104.0804661  -1.258786049e-08  0
104.2612261  -1.24791189e-08  0
104.5220751  -1.232417758e-08  0
104.834721  -1.214149998e-08  0
105.165279  -1.195187857e-08  0
105.4779249  -1.177579335e-08  0
105.7387739  -1.163125863e-08  0
105.9195339  -1.15323485e-08  0
106  -1.148864306e-08  0
106.0804661  -1.144513624e-08  0
106.2612261  -1.134812076e-08  0
106.5220751  -1.120985444e-08  0
106.834721  -1.104678652e-08  0
107.165279  -1.087746185e-08  0
107.4779249  -1.072017063e-08  0
107.7387739  -1.05910232e-08  0
107.9195339  -1.050262255e-08  0
108  -1.046355558e-08  0
108.0804661  -1.042466286e-08  0
108.2612261  -1.033792449e-08  0
108.5220751  -1.021427665e-08  0
108.834721  -1.006840602e-08  0
109.165279  -9.91688823e-09  0
109.4779249  -9.776091935e-09  0
109.7387739  -9.660454199e-09  0
109.9195339  -9.581283089e-09  0
110  -9.546290303e-09  0
110.0804661  -9.511450766e-09  0
110.2612261  -9.433741566e-09  0
110.5220751  -9.322940488e-09  0
110.834721  -9.192188046e-09  0
111.165279  -9.056330271e-09  0
111.4779249  -8.930045715e-09  0
111.7387739  -8.826297378e-09  0
111.9195339  -8.755250949e-09  0
112  -8.723845178e-09  0
112.0804661  -8.692574497e-09  0
112.2612261  -8.622816741e-09  0
112.5220751  -8.523331902e-09  0
112.834721  -8.405900891e-09  0
113.165279  -8.283847044e-09  0
113.4779249  -8.170358902e-09  0
113.7387739  -8.077098001e-09  0
113.9195339  -8.013219991e-09  0
114  -7.984979514e-09  0
114.0804661  -7.956858383e-09  0
114.2612261  -7.894118878e-09  0
114.5220751  -7.804624635e-09  0
114.834721  -7.698958244e-09  0
115.165279  -7.58909944e-09  0
115.4779249  -7.486920235e-09  0
115.7387739  -7.402930586e-09  0
115.9195339  -7.345391223e-09  0
116  -7.319950038e-09  0
116.0804661  -7.29461452e-09  0
116.2612261  -7.23808316e-09  0
116.5220751  -7.157428409e-09  0
116.834721  -7.062174317e-09  0
117.165279  -6.963112446e-09  0
117.4779249  -6.87094906e-09  0
117.7387739  -6.795173018e-09  0
117.9195339  -6.743250501e-09  0
118  -6.720290184e-09  0
118.0804661  -6.697423616e-09  0
118.2612261  -6.646395421e-09  0
118.5220751  -6.57357816e-09  0
118.834721  -6.48755881e-09  0
119.165279  -6.398075977e-09  0
119.4779249  -6.314801541e-09  0
119.7387739  -6.246317129e-09  0
119.9195339  -6.19938208e-09  0
120  -6.178624934e-09  0
120.0804661  -6.157951133e-09  0
120.2612261  -6.111811141e-09  0
120.5220751  -6.045957096e-09  0
120.834721  -5.968144695e-09  0
121.165279  -5.887177503e-09  0
121.4779249  -5.811807738e-09  0
121.7387739  -5.749809373e-09  0
121.9195339  -5.707311733e-09  0
122  -5.688515025e-09  0
122.0804661  -5.669792556e-09  0
122.2612261  -5.628003104e-09  0
122.5220751  -5.568347698e-09  0
122.834721  -5.497843124e-09  0
123.165279  -5.424460971e-09  0
123.4779249  -5.356134204e-09  0
123.7387739  -5.29991643e-09  0
123.9195339  -5.261374391e-09  0
124  -5.244325474e-09  0
124.0804661  -5.227342809e-09  0
124.2612261  -5.189432766e-09  0
124.5220751  -5.135305878e-09  0
124.834721  -5.07132084e-09  0
125.165279  -5.004707553e-09  0
125.4779249  -4.942667803e-09  0
125.7387739  -4.891611505e-09  0
125.9195339  -4.856602125e-09  0
126  -4.841114309e-09  0
126.0804661  -4.825685723e-09  0
126.2612261  -4.791241375e-09  0
126.5220751  -4.74205441e-09  0
126.834721  -4.683896313e-09  0
127.165279  -4.623334558e-09  0
127.4779249  -4.566917174e-09  0
127.7387739  -4.520477867e-09  0
127.9195339  -4.488629106e-09  0
128  -4.474538144e-09  0
128.0804661  -4.460500232e-09  0
128.2612261  -4.429157524e-09  0
128.5220751  -4.384392425e-09  0
128.834721  -4.331451498e-09  0
129.165279  -4.276309518e-09  0
129.4779249  -4.224928948e-09  0
129.7387739  -4.182626811e-09  0
129.9195339  -4.153610739e-09  0
130  -4.140771842e-09  0
130.0804661  -4.127980538e-09  0
130.2612261  -4.099418473e-09  0
130.5220751  -4.058618352e-09  0
130.834721  -4.010356668e-09  0
131.165279  -3.960076966e-09  0
131.4779249  -3.913216327e-09  0
131.7387739  -3.874627691e-09  0
131.9195339  -3.848154692e-09  0
132  -3.836439969e-09  0
132.0804661  -3.824768015e-09  0
132.2612261  -3.798703004e-09  0
132.5220751  -3.761464136e-09  0
132.834721  -3.717406232e-09  0
133.165279  -3.671495895e-09  0
133.4779249  -3.628698043e-09  0
133.7387739  -3.593448101e-09  0
133.9195339  -3.569261909e-09  0
134  -3.558558184e-09  0
134.0804661  -3.547892954e-09  0
134.2612261  -3.524073987e-09  0
134.5220751  -3.490038949e-09  0
134.834721  -3.449763779e-09  0
135.165279  -3.407786182e-09  0
135.4779249  -3.368646058e-09  0
135.7387739  -3.33640262e-09  0
135.9195339  -3.314276061e-09  0
136  -3.304482993e-09  0
136.0804661  -3.294724629e-09  0
136.2612261  -3.272929119e-09  0
136.5220751  -3.241780904e-09  0
136.834721  -3.204914937e-09  0
137.165279  -3.166482612e-09  0
137.4779249  -3.130640656e-09  0
137.7387739  -3.101108774e-09  0
137.9195339  -3.080840103e-09  0
138  -3.071868573e-09  0
138.0804661  -3.062928375e-09  0
138.2612261  -3.042958594e-09  0
138.5220751  -3.014415539e-09  0
138.834721  -2.980626806e-09  0
139.165279  -2.945395307e-09  0
139.4779249  -2.912531793e-09  0
139.7387739  -2.885449127e-09  0
139.9195339  -2.86685887e-09  0
140  -2.858629588e-09  0
140.0804661  -2.850428636e-09  0
140.2612261  -2.83210863e-09  0
140.5220751  -2.805920045e-09  0
140.834721  -2.774913012e-09  0
141.165279  -2.74257561e-09  0
141.4779249  -2.712405747e-09  0
141.7387739  -2.687538568e-09  0
141.9195339  -2.670466794e-09  0
142  -2.662909095e-09  0
142.0804661  -2.655377049e-09  0
142.2612261  -2.638549981e-09  0
142.5220751  -2.61449237e-09  0
142.834721  -2.586003499e-09  0
143.165279  -2.556286602e-09  0
143.4779249  -2.528556298e-09  0
143.7387739  -2.505696022e-09  0
143.9195339  -2.48999998e-09  0
144  -2.483050787e-09  0
144.0804661  -2.476124853e-09  0
144.2612261  -2.460650696e-09  0
144.5220751  -2.438524482e-09  0
144.834721  -2.412318386e-09  0
145.165279  -2.384977564e-09  0
145.4779249  -2.359459755e-09  0
145.7387739  -2.338419942e-09  0
145.9195339  -2.323972015e-09  0
146  -2.317574928e-09  0
146.0804661  -2.311198961e-09  0
146.2612261  -2.296952496e-09  0
146.5220751  -2.276579183e-09  0
146.834721  -2.252445287e-09  0
147.165279  -2.227261823e-09  0
147.4779249  -2.203753277e-09  0
147.7387739  -2.184367022e-09  0
147.9195339  -2.171052944e-09  0
148  -2.165157461e-09  0
148.0804661  -2.159281179e-09  0
148.2612261  -2.146150262e-09  0
148.5220751  -2.127369956e-09  0
148.834721  -2.105119595e-09  0
149.165279  -2.081897481e-09  0
149.4779249  -2.060216026e-09  0
149.7387739  -2.042333683e-09  0
149.9195339  -2.030050989e-09  0
150  -2.024611818e-09  0
150.0804661  -2.019190127e-09  0
150.2612261  -2.007074167e-09  0
150.5220751  -1.989743429e-09  0
150.834721  -1.969207317e-09  0
151.165279  -1.947770634e-09  0
151.4779249  -1.92775273e-09  0
151.7387739  -1.911239933e-09  0
151.9195339  -1.899896604e-09  0
152  -1.894873068e-09  0
152.0804661  -1.889865464e-09  0
152.2612261  -1.878674104e-09  0
152.5220751  -1.862664069e-09  0
152.834721  -1.843690084e-09  0
153.165279  -1.823880717e-09  0
153.4779249  -1.805379342e-09  0
153.7387739  -1.790115272e-09  0
153.9195339  -1.779628553e-09  0
154  -1.774984066e-09  0
154.0804661  -1.770354117e-09  0
154.2612261  -1.760006079e-09  0
154.5220751  -1.745200807e-09  0
154.834721  -1.727652062e-09  0
155.165279  -1.709327699e-09  0
155.4779249  -1.692210494e-09  0
155.7387739  -1.678086359e-09  0
155.9195339  -1.668381723e-09  0
156  -1.664083334e-09  0
156.0804661  -1.659798228e-09  0
156.2612261  -1.650220296e-09  0
156.5220751  -1.636515334e-09  0
156.834721  -1.620268482e-09  0
157.165279  -1.603300856e-09  0
157.4779249  -1.587448501e-09  0
157.7387739  -1.574366209e-09  0
157.9195339  -1.565376448e-09  0
158  -1.561394439e-09  0
158.0804661  -1.557424578e-09  0
158.2612261  -1.548550712e-09  0
158.5220751  -1.535851831e-09  0
158.834721  -1.520795574e-09  0
159.165279  -1.505068926e-09  0
159.4779249  -1.490373713e-09  0
159.7387739  -1.478244699e-09  0
159.9195339  -1.469909126e-09  0
160  -1.466216659e-09  0
160.0804661  -1.462535318e-09  0
160.2612261  -1.454305871e-09  0
160.5220751  -1.442527951e-09  0
160.834721  -1.428561732e-09  0
161.165279  -1.413971454e-09  0
161.4779249  -1.40033603e-09  0
161.7387739  -1.389080232e-09  0
161.9195339  -1.381343975e-09  0
162  -1.377916784e-09  0
162.0804661  -1.374499792e-09  0
162.2612261  -1.366860823e-09  0
162.5220751  -1.355926878e-09  0
162.834721  -1.342959731e-09  0
163.165279  -1.329411171e-09  0
163.4779249  -1.316747433e-09  0
163.7387739  -1.30629238e-09  0
163.9195339  -1.299105766e-09  0
164  -1.295921881e-09  0
164.0804661  -1.292747355e-09  0
164.2612261  -1.285650021e-09  0
164.5220751  -1.275490331e-09  0
164.834721  -1.263439864e-09  0
165.165279  -1.250847275e-09  0
165.4779249  -1.23907539e-09  0
165.7387739  -1.229355405e-09  0
165.9195339  -1.22267341e-09  0
166  -1.219712916e-09  0
166.0804661  -1.216761019e-09  0
166.2612261  -1.210161042e-09  0
166.5220751  -1.200712392e-09  0
166.834721  -1.189503886e-09  0
167.165279  -1.177789494e-09  0
167.4779249  -1.166837038e-09  0
167.7387739  -1.157792528e-09  0
167.9195339  -1.151574296e-09  0
168  -1.148819118e-09  0
168.0804661  -1.146071847e-09  0
168.2612261  -1.139929037e-09  0
168.5220751  -1.131134041e-09  0
168.834721  -1.120699659e-09  0
169.165279  -1.109792835e-09  0
169.4779249  -1.09959403e-09  0
169.7387739  -1.09117086e-09  0
169.9195339  -1.085379269e-09  0
170  -1.082812987e-09  0
170.0804661  -1.080253983e-09  0
170.2612261  -1.074531818e-09  0
170.5220751  -1.066338326e-09  0
170.834721  -1.056616404e-09  0
171.165279  -1.046452938e-09  0
171.4779249  -1.036947969e-09  0
171.7387739  -1.029096908e-09  0
171.9195339  -1.023698195e-09  0
172  -1.021305871e-09  0
172.0804661  -1.018920252e-09  0
172.2612261  -1.013585507e-09  0
172.5220751  -1.005946068e-09  0
172.834721  -9.968804931e-10  0
173.165279  -9.874019458e-10  0
173.4779249  -9.78536364e-10  0
173.7387739  -9.71212586e-10  0
173.9195339  -9.661760073e-10  0
174  -9.639440379e-10  0
174.0804661  -9.617182529e-10  0
174.2612261  -9.567406695e-10  0
174.5220751  -9.496120624e-10  0
174.834721  -9.411517156e-10  0
175.165279  -9.323048375e-10  0
175.4779249  -9.240290226e-10  0
175.7387739  -9.171916725e-10  0
175.9195339  -9.12489203e-10  0
176  -9.104051879e-10  0
176.0804661  -9.083268817e-10  0
176.2612261  -9.036788716e-10  0
176.5220751  -8.970216867e-10  0
176.834721  -8.891199493e-10  0
177.165279  -8.808561705e-10  0
177.4779249  -8.731248546e-10  0
177.7387739  -8.667366551e-10  0
177.9195339  -8.623427212e-10  0
178  -8.603953437e-10  0
178.0804661  -8.584532409e-10  0
178.2612261  -8.541096248e-10  0
178.5220751  -8.478878888e-10  0
178.834721  -8.405022007e-10  0
179.165279  -8.327771732e-10  0
179.4779249  -8.255490161e-10  0
179.7387739  -8.19575919e-10  0
179.9195339  -8.1546716e-10  0
180  -8.136460818e-10  0
180.0804661  -8.118298816e-10  0
180.2612261  -8.077676549e-10  0
180.5220751  -8.019484976e-10  0
180.834721  -7.950399648e-10  0
181.165279  -7.878131535e-10  0
181.4779249  -7.810503634e-10  0
181.7387739  -7.754612387e-10  0
181.9195339  -7.716162935e-10  0
182  -7.699120608e-10  0
182.0804661  -7.68212343e-10  0
182.2612261  -7.644104666e-10  0
182.5220751  -7.589638233e-10  0
182.834721  -7.52496866e-10  0
183.165279  -7.457311842e-10  0
183.4779249  -7.393991787e-10  0
183.7387739  -7.341655359e-10  0
183.9195339  -7.305648527e-10  0
184  -7.289688118e-10  0
184.0804661  -7.273769533e-10  0
184.2612261  -7.238161668e-10  0
184.5220751  -7.187145115e-10  0
184.834721  -7.126565498e-10  0
185.165279  -7.063180325e-10  0
185.4779249  -7.003851353e-10  0
185.7387739  -6.954808745e-10  0
185.9195339  -6.921065401e-10  0
186  -6.90610762e-10  0
186.0804661  -6.891188615e-10  0
186.2612261  -6.857815159e-10  0
186.5220751  -6.809996228e-10  0
186.834721  -6.753207953e-10  0
187.165279  -6.693783066e-10  0
187.4779249  -6.638154756e-10  0
187.7387739  -6.592166642e-10  0
187.9195339  -6.560522509e-10  0
188  -6.54649464e-10  0
188.0804661  -6.532502748e-10  0
188.2612261  -6.501201823e-10  0
188.5220751  -6.456349116e-10  0
188.834721  -6.403078228e-10  0
189.165279  -6.347327938e-10  0
189.4779249  -6.29513377e-10  0
189.7387739  -6.251980492e-10  0
189.9195339  -6.222284781e-10  0
190  -6.20912007e-10  0
190.0804661  -6.195988768e-10  0
190.2612261  -6.16661176e-10  0
190.5220751  -6.124512823e-10  0
190.834721  -6.074507756e-10  0
191.165279  -6.022169687e-10  0
191.4779249  -5.973164854e-10  0
191.7387739  -5.932644621e-10  0
191.9195339  -5.904758795e-10  0
192  -5.89239591e-10  0
192.0804661  -5.880064074e-10  0
192.2612261  -5.852474425e-10  0
192.5220751  -5.812934015e-10  0
192.834721  -5.765963559e-10  0
193.165279  -5.716796526e-10  0
193.4779249  -5.670755965e-10  0
193.7387739  -5.632683237e-10  0
193.9195339  -5.606479903e-10  0
194  -5.594862443e-10  0
194.0804661  -5.583273858e-10  0
194.2612261  -5.557345978e-10  0
194.5220751  -5.520184513e-10  0
194.834721  -5.476035976e-10  0
195.165279  -5.429818083e-10  0
195.4779249  -5.386534698e-10  0
195.7387739  -5.350738729e-10  0
195.9195339  -5.326100638e-10  0
196  -5.31517669e-10  0
196.0804661  -5.304279617e-10  0
196.2612261  -5.279897896e-10  0
196.5220751  -5.244950058e-10  0
196.834721  -5.203427616e-10  0
197.165279  -5.159954536e-10  0
197.4779249  -5.119237604e-10  0
197.7387739  -5.085561125e-10  0
197.9195339  -5.062380274e-10  0
198  -5.052102016e-10  0
198.0804661  -5.04184879e-10  0
198.2612261  -5.018906723e-10  0
198.5220751  -4.986020191e-10  0
198.834721  -4.946943398e-10  0
199.165279  -4.906026824e-10  0
199.4779249  -4.867700551e-10  0
199.7387739  -4.835998586e-10  0
199.9195339  -4.814175406e-10  0
200  -4.804498749e-10  0
200.0804661  -4.794845422e-10  0
200.2612261  -4.773244804e-10  0
200.5220751  -4.742279122e-10  0
200.834721  -4.705481562e-10  0
201.165279  -4.666947806e-10  0
201.4779249  -4.630850026e-10  0
201.7387739  -4.600988823e-10  0
201.9195339  -4.580431446e-10  0
202  -4.571315705e-10  0
202.0804661  -4.562221727e-10  0
202.2612261  -4.541871936e-10  0
202.5220751  -4.512697477e-10  0
202.834721  -4.478025552e-10  0
203.165279  -4.441714284e-10  0
203.4779249  -4.40769528e-10  0
203.7387739  -4.379551343e-10  0
203.9195339  -4.360174934e-10  0
204  -4.351582542e-10  0
204.0804661  -4.343010462e-10  0
204.2612261  -4.323827807e-10  0
204.5220751  -4.296324847e-10  0
204.834721  -4.263636674e-10  0
205.165279  -4.229399773e-10  0
205.4779249  -4.197321216e-10  0
205.7387739  -4.170780426e-10  0
205.9195339  -4.152506588e-10  0
206  -4.144402825e-10  0
206.0804661  -4.136318032e-10  0
206.2612261  -4.118225158e-10  0
206.5220751  -4.092283032e-10  0
206.834721  -4.061447449e-10  0
207.165279  -4.029147972e-10  0
207.4779249  -3.998881951e-10  0
207.7387739  -3.973838775e-10  0
207.9195339  -3.956595004e-10  0
208  -3.948947756e-10  0
208.0804661  -3.941318238e-10  0
208.2612261  -3.924243595e-10  0
208.5220751  -3.899759931e-10  0
208.834721  -3.870655597e-10  0
209.165279  -3.840166833e-10  0
209.4779249  -3.811594985e-10  0
209.7387739  -3.787951755e-10  0
209.9195339  -3.771670942e-10  0
210  -3.764450486e-10  0
210.0804661  -3.757246612e-10  0
210.2612261  -3.741123969e-10  0
210.5220751  -3.718003999e-10  0
210.834721  -3.690518567e-10  0
211.165279  -3.661723191e-10  0
211.4779249  -3.634735904e-10  0
211.7387739  -3.612402164e-10  0
211.9195339  -3.597022152e-10  0
212  -3.590200956e-10  0
212.0804661  -3.583395278e-10  0
212.2612261  -3.568163282e-10  0
212.5220751  -3.54631921e-10  0
212.834721  -3.520348591e-10  0
213.165279  -3.493137883e-10  0
213.4779249  -3.467633575e-10  0
213.7387739  -3.446525487e-10  0
213.9195339  -3.431988663e-10  0
214  -3.425541207e-10  0
214.0804661  -3.419108281e-10  0
214.2612261  -3.404710056e-10  0
214.5220751  -3.384060486e-10  0
214.834721  -3.35950817e-10  0
215.165279  -3.333781317e-10  0
215.4779249  -3.309665781e-10  0
215.7387739  -3.289705586e-10  0
215.9195339  -3.275958509e-10  0
216  -3.269861118e-10  0
216.0804661  -3.263777342e-10  0
216.2612261  -3.250160127e-10  0
216.5220751  -3.230629544e-10  0
216.834721  -3.207405982e-10  0
217.165279  -3.183069434e-10  0
217.4779249  -3.16025524e-10  0
217.7387739  -3.141370767e-10  0
217.9195339  -3.128363831e-10  0
218  -3.122594532e-10  0
218.0804661  -3.116837996e-10  0
218.2612261  -3.103952809e-10  0
218.5220751  -3.085471105e-10  0
218.834721  -3.063493155e-10  0
219.165279  -3.04046004e-10  0
219.4779249  -3.018865994e-10  0
219.7387739  -3.000990211e-10  0
219.9195339  -2.988677341e-10  0
220  -2.98321572e-10  0
220.0804661  -2.977766071e-10  0
220.2612261  -2.96556741e-10  0
220.5220751  -2.948069454e-10  0
220.834721  -2.927259864e-10  0
221.165279  -2.905449461e-10  0
221.4779249  -2.885000106e-10  0
221.7387739  -2.86807071e-10  0
221.9195339  -2.85640908e-10  0
222  -2.851236163e-10  0
222.0804661  -2.846074484e-10  0
222.2612261  -2.834520052e-10  0
222.5220751  -2.817945291e-10  0
222.834721  -2.798232237e-10  0
223.165279  -2.777569487e-10  0
223.4779249  -2.758194652e-10  0
223.7387739  -2.742153704e-10  0
223.9195339  -2.73110348e-10  0
224  -2.726201618e-10  0
224.0804661  -2.721310311e-10  0
224.2612261  -2.710360762e-10  0
224.5220751  -2.694652868e-10  0
224.834721  -2.675969529e-10  0
225.165279  -2.656384593e-10  0
225.4779249  -2.63801898e-10  0
225.7387739  -2.622812556e-10  0
225.9195339  -2.612336665e-10  0
226  -2.607689433e-10  0
226.0804661  -2.603052118e-10  0
226.2612261  -2.59267083e-10  0
226.5220751  -2.577777368e-10  0
226.834721  -2.560061535e-10  0
227.165279  -2.541489389e-10  0
227.4779249  -2.524072197e-10  0
227.7387739  -2.509650082e-10  0
227.9195339  -2.499713999e-10  0
228  -2.495306098e-10  0
228.0804661  -2.490907521e-10  0
228.2612261  -2.481060382e-10  0
228.5220751  -2.46693251e-10  0
228.834721  -2.450126233e-10  0
229.165279  -2.432506298e-10  0
229.4779249  -2.415980876e-10  0
229.7387739  -2.402296279e-10  0
229.9195339  -2.39286783e-10  0
230  -2.388685003e-10  0
230.0804661  -2.384510947e-10  0
230.2612261  -2.375166166e-10  0
230.5220751  -2.361758362e-10  0
230.834721  -2.345807625e-10  0
231.165279  -2.329083427e-10  0
231.4779249  -2.313396958e-10  0
231.7387739  -2.300406251e-10  0
231.9195339  -2.291455434e-10  0
232  -2.287484387e-10  0
232.0804661  -2.283521594e-10  0
232.2612261  -2.274649527e-10  0
232.5220751  -2.261919335e-10  0
232.834721  -2.246773755e-10  0
233.165279  -2.230892616e-10  0
233.4779249  -2.21599583e-10  0
233.7387739  -2.203658309e-10  0
233.9195339  -2.195157133e-10  0
234  -2.191385461e-10  0
234.0804661  -2.187621562e-10  0
234.2612261  -2.179194542e-10  0
234.5220751  -2.167102345e-10  0
234.834721  -2.152714903e-10  0
235.165279  -2.137627657e-10  0
235.4779249  -2.12347456e-10  0
235.7387739  -2.111752229e-10  0
235.9195339  -2.103674561e-10  0
236  -2.100090682e-10  0
236.0804661  -2.096514128e-10  0
236.2612261  -2.088506328e-10  0
236.5220751  -2.077015132e-10  0
236.834721  -2.06334192e-10  0
237.165279  -2.04900265e-10  0
237.4779249  -2.035550286e-10  0
237.7387739  -2.024407653e-10  0
237.9195339  -2.016729082e-10  0
238  -2.013322178e-10  0
238.0804661  -2.009922179e-10  0
238.2612261  -2.002309468e-10  0
238.5220751  -1.991384711e-10  0
238.834721  -1.978384705e-10  0
239.165279  -1.964750505e-10  0
239.4779249  -1.951958729e-10  0
239.7387739  -1.941362623e-10  0
239.9195339  -1.934060333e-10  0
240  -1.930820292e-10  0
240.0804661  -1.927586762e-10  0
240.2612261  -1.920346585e-10  0
240.5220751  -1.909955959e-10  0
240.834721  -1.897590804e-10  0
241.165279  -1.884621556e-10  0
241.4779249  -1.872452833e-10  0
241.7387739  -1.862372234e-10  0
241.9195339  -1.855424887e-10  0
242  -1.852342252e-10  0
242.0804661  -1.84926576e-10  0
242.2612261  -1.842377021e-10  0
242.5220751  -1.832490305e-10  0
242.834721  -1.820724125e-10  0
243.165279  -1.8083823e-10  0
243.4779249  -1.79680151e-10  0
243.7387739  -1.787207394e-10  0
243.9195339  -1.780595024e-10  0
244  -1.777660945e-10  0
244.0804661  -1.774732666e-10  0
244.2612261  -1.768175623e-10  0
244.5220751  -1.758764536e-10  0
244.834721  -1.747563752e-10  0
245.165279  -1.735814222e-10  0
245.4779249  -1.72478849e-10  0
245.7387739  -1.715653687e-10  0
245.9195339  -1.709357602e-10  0
246  -1.706563794e-10  0
246.0804661  -1.703775463e-10  0
246.2612261  -1.697531631e-10  0
246.5220751  -1.688569691e-10  0
246.834721  -1.677902859e-10  0
247.165279  -1.666712726e-10  0
247.4779249  -1.656211262e-10  0
247.7387739  -1.647510321e-10  0
247.9195339  -1.64151301e-10  0
248  -1.638851711e-10  0
248.0804661  -1.636195587e-10  0
248.2612261  -1.63024765e-10  0
248.5220751  -1.621710047e-10  0
248.834721  -1.611547706e-10  0
249.165279  -1.600886143e-10  0
249.4779249  -1.590880093e-10  0
249.7387739  -1.582589162e-10  0
249.9195339  -1.576874215e-10  0
250  -1.57433815e-10  0
250.0804661  -1.571806978e-10  0
250.2612261  -1.566138705e-10  0
250.5220751  -1.558002182e-10  0
250.834721  -1.548316713e-10  0
251.165279  -1.53815482e-10  0
251.4779249  -1.52861713e-10  0
251.7387739  -1.520713846e-10  0
251.9195339  -1.515265874e-10  0
252  -1.512848221e-10  0
252.0804661  -1.510435196e-10  0
252.2612261  -1.505031367e-10  0
252.5220751  -1.497274113e-10  0
252.834721  -1.488039612e-10  0
253.165279  -1.478350281e-10  0
253.4779249  -1.469255574e-10  0
253.7387739  -1.461718954e-10  0
253.9195339  -1.456523519e-10  0
254  -1.454217879e-10  0
254.0804661  -1.451916617e-10  0
254.2612261  -1.446762949e-10  0
254.5220751  -1.439364498e-10  0
254.834721  -1.430556658e-10  0
255.165279  -1.421314448e-10  0
255.4779249  -1.412638904e-10  0
255.7387739  -1.405449255e-10  0
255.9195339  -1.400492806e-10  0
256  -1.39829317e-10  0
256.0804661  -1.396097679e-10  0
256.2612261  -1.391180764e-10  0
256.5220751  -1.384121903e-10  0
256.834721  -1.375717901e-10  0
257.165279  -1.366898926e-10  0
257.4779249  -1.358620179e-10  0
257.7387739  -1.351759008e-10  0
257.9195339  -1.347028816e-10  0
258  -1.344929542e-10  0
258.0804661  -1.342834192e-10  0
258.2612261  -1.338141439e-10  0
258.5220751  -1.331404122e-10  0
258.834721  -1.323382521e-10  0
259.165279  -1.314964339e-10  0
259.4779249  -1.307061378e-10  0
259.7387739  -1.300511308e-10  0
259.9195339  -1.295995415e-10  0
260  -1.293991201e-10  0
260.0804661  -1.291990704e-10  0
260.2612261  -1.28751028e-10  0
260.5220751  -1.281077547e-10  0
260.834721  -1.2734182e-10  0
261.165279  -1.265379722e-10  0
261.4779249  -1.257832795e-10  0
261.7387739  -1.251577494e-10  0
261.9195339  -1.247264659e-10  0
262  -1.24535052e-10  0
262.0804661  -1.243439905e-10  0
262.2612261  -1.239160686e-10  0
262.5220751  -1.233016593e-10  0
262.834721  -1.225700556e-10  0
263.165279  -1.218021951e-10  0
263.4779249  -1.210812486e-10  0
263.7387739  -1.204836592e-10  0
263.9195339  -1.200716241e-10  0
264  -1.19888749e-10  0
264.0804661  -1.19706208e-10  0
264.2612261  -1.192973604e-10  0
264.5220751  -1.187103153e-10  0
264.834721  -1.180112609e-10  0
265.165279  -1.172775219e-10  0
265.4779249  -1.165885741e-10  0
265.7387739  -1.160174802e-10  0
265.9195339  -1.156236988e-10  0
266  -1.154489214e-10  0
266.0804661  -1.152744609e-10  0
266.2612261  -1.148837028e-10  0
266.5220751  -1.143226107e-10  0
266.834721  -1.136544284e-10  0
267.165279  -1.129530551e-10  0
267.4779249  -1.122944613e-10  0
267.7387739  -1.117485025e-10  0
267.9195339  -1.113720383e-10  0
268  -1.112049432e-10  0
268.0804661  -1.11038149e-10  0
268.2612261  -1.106645536e-10  0
268.5220751  -1.101280856e-10  0
268.834721  -1.094891966e-10  0
269.165279  -1.088185355e-10  0
269.4779249  -1.081887468e-10  0
269.7387739  -1.076666419e-10  0
269.9195339  -1.073066128e-10  0
270  -1.071468091e-10  0
270.0804661  -1.069872909e-10  0
270.2612261  -1.066299852e-10  0
270.5220751  -1.061168898e-10  0
270.834721  -1.055058066e-10  0
271.165279  -1.048643002e-10  0
271.4779249  -1.042618575e-10  0
271.7387739  -1.037623994e-10  0
271.9195339  -1.034179744e-10  0
272  -1.032650935e-10  0
272.0804661  -1.031124838e-10  0
272.2612261  -1.027706451e-10  0
272.5220751  -1.022797428e-10  0
272.834721  -1.016950638e-10  0
273.165279  -1.01081244e-10  0
273.4779249  -1.005047721e-10  0
273.7387739  -1.000268229e-10  0
273.9195339  -9.969721872e-11  0
274  -9.955091333e-11  0
274.0804661  -9.940486551e-11  0
274.2612261  -9.907771832e-11  0
274.5220751  -9.860789731e-11  0
274.834721  -9.804830095e-11  0
275.165279  -9.746078377e-11  0
275.4779249  -9.690898569e-11  0
275.7387739  -9.645147256e-11  0
275.9195339  -9.613595043e-11  0
276  -9.599589292e-11  0
276.0804661  -9.585608018e-11  0
276.2612261  -9.55428931e-11  0
276.5220751  -9.509310468e-11  0
276.834721  -9.455734456e-11  0
277.165279  -9.399482439e-11  0
277.4779249  -9.346647684e-11  0
277.7387739  -9.302838756e-11  0
277.9195339  -9.272625055e-11  0
278  -9.259213183e-11  0
278.0804661  -9.245824582e-11  0
278.2612261  -9.215832877e-11  0
278.5220751  -9.172758349e-11  0
278.834721  -9.121448344e-11  0
279.165279  -9.067572824e-11  0
279.4779249  -9.016967671e-11  0
279.7387739  -8.975005596e-11  0
279.9195339  -8.946064628e-11  0
280  -8.933217463e-11  0
280.0804661  -8.920392431e-11  0
280.2612261  -8.891662593e-11  0
280.5220751  -8.850398976e-11  0
280.834721  -8.801243949e-11  0
281.165279  -8.749628612e-11  0
281.4779249  -8.701144061e-11  0
281.7387739  -8.660938642e-11  0
281.9195339  -8.633208294e-11  0
282  -8.620898291e-11  0
282.0804661  -8.608609344e-11  0
282.2612261  -8.581079867e-11  0
282.5220751  -8.541538959e-11  0
282.834721  -8.494434053e-11  0
283.165279  -8.444969049e-11  0
283.4779249  -8.398502146e-11  0
283.7387739  -8.359968184e-11  0
283.9195339  -8.333389786e-11  0
284  -8.321590923e-11  0
284.0804661  -8.3098121e-11  0
284.2612261  -8.283424877e-11  0
284.5220751  -8.245523352e-11  0
284.834721  -8.200369503e-11  0
285.165279  -8.152951038e-11  0
285.4779249  -8.108404504e-11  0
285.7387739  -8.071461488e-11  0
285.9195339  -8.045979597e-11  0
286  -8.034667283e-11  0
286.0804661  -8.02337405e-11  0
286.2612261  -7.998074169e-11  0
286.5220751  -7.961733274e-11  0
286.834721  -7.918436851e-11  0
287.165279  -7.872966819e-11  0
287.4779249  -7.830248696e-11  0
287.7387739  -7.794820521e-11  0
287.9195339  -7.77038272e-11  0
288  -7.759533709e-11  0
288.0804661  -7.74870287e-11  0
288.2612261  -7.724438414e-11  0
288.5220751  -7.689583692e-11  0
288.834721  -7.648056161e-11  0
289.165279  -7.604441795e-11  0
289.4779249  -7.563465126e-11  0
289.7387739  -7.529479815e-11  0
289.9195339  -7.506036534e-11  0
290  -7.495628839e-11  0
290.0804661  -7.485238455e-11  0
290.2612261  -7.461960323e-11  0
290.5220751  -7.428521347e-11  0
290.834721  -7.388678968e-11  0
291.165279  -7.346832513e-11  0
291.4779249  -7.307515033e-11  0
291.7387739  -7.274904494e-11  0
291.9195339  -7.252408834e-11  0
292  -7.242421651e-11  0
292.0804661  -7.232450968e-11  0
292.2612261  -7.210112699e-11  0
292.5220751  -7.178022832e-11  0
292.834721  -7.139786363e-11  0
293.165279  -7.099624775e-11  0
293.4779249  -7.061888632e-11  0
293.7387739  -7.030588419e-11  0
293.9195339  -7.008995991e-11  0
294  -6.999409633e-11  0
294.0804661  -6.989839004e-11  0
294.2612261  -6.968396623e-11  0
294.5220751  -6.937592789e-11  0
294.834721  -6.900887218e-11  0
295.165279  -6.862331882e-11  0
295.4779249  -6.826103371e-11  0
295.7387739  -6.796052468e-11  0
295.9195339  -6.775321244e-11  0
296  -6.766117067e-11  0
296.0804661  -6.75692789e-11  0
296.2612261  -6.736339757e-11  0
296.5220751  -6.706762228e-11  0
296.834721  -6.671516521e-11  0
297.165279  -6.634492987e-11  0
297.4779249  -6.599702301e-11  0
297.7387739  -6.570842919e-11  0
297.9195339  -6.55093309e-11  0
298  -6.542093436e-11  0
298.0804661  -6.533268091e-11  0
298.2612261  -6.513494766e-11  0
298.5220751  -6.485086961e-11  0
298.834721  -6.451233826e-11  0
299.165279  -6.41567156e-11  0
299.4779249  -6.382252564e-11  0
299.7387739  -6.354529948e-11  0
299.9195339  -6.335403795e-11  0
300  -6.326911932e-11  0
300.0804661  -6.318433724e-11  0
300.2612261  -6.299437831e-11  0
300.5220751  -6.272146135e-11  0
300.834721  -6.239621802e-11  0
301.165279  -6.205453959e-11  0
301.4779249  -6.173343971e-11  0
301.7387739  -6.146706222e-11  0
301.9195339  -6.128327993e-11  0
302  -6.120168061e-11  0
302.0804661  -6.112021164e-11  0
302.2612261  -6.093767275e-11  0
302.5220751  -6.067540862e-11  0
302.834721  -6.036284877e-11  0
303.165279  -6.003448082e-11  0
303.4779249  -5.972587672e-11  0
303.7387739  -5.946985583e-11  0
303.9195339  -5.929321378e-11  0
304  -5.921478338e-11  0
304.0804661  -5.913647744e-11  0
304.2612261  -5.896102264e-11  0
304.5220751  -5.870892938e-11  0
304.834721  -5.840847969e-11  0
305.165279  -5.809282119e-11  0
305.4779249  -5.779614921e-11  0
305.7387739  -5.755001818e-11  0
305.9195339  -5.738019481e-11  0
306  -5.730479068e-11  0
306.0804661  -5.722950543e-11  0
306.2612261  -5.706081605e-11  0
306.5220751  -5.681843643e-11  0
306.834721  -5.652955302e-11  0
307.165279  -5.622603375e-11  0
307.4779249  -5.59407591e-11  0
307.7387739  -5.570407508e-11  0
307.9195339  -5.554076527e-11  0
308  -5.546825206e-11  0
308.0804661  -5.539585243e-11  0
308.2612261  -5.523362605e-11  0
308.5220751  -5.500052621e-11  0
308.834721  -5.472269292e-11  0
309.165279  -5.443077173e-11  0
309.4779249  -5.415638683e-11  0
309.7387739  -5.392872949e-11  0
309.9195339  -5.377164364e-11  0
310  -5.370189286e-11  0
310.0804661  -5.363225062e-11  0
310.2612261  -5.347620021e-11  0
310.5220751  -5.325196828e-11  0
310.834721  -5.298469511e-11  0
311.165279  -5.270385823e-11  0
311.4779249  -5.243988118e-11  0
311.7387739  -5.222085143e-11  0
311.9195339  -5.206971454e-11  0
312  -5.200260419e-11  0
312.0804661  -5.193559761e-11  0
312.2612261  -5.178545059e-11  0
312.5220751  -5.156969547e-11  0
312.834721  -5.131251711e-11  0
313.165279  -5.10422766e-11  0
313.4779249  -5.078824973e-11  0
313.7387739  -5.05774685e-11  0
313.9195339  -5.04320194e-11  0
314  -5.03674336e-11  0
314.0804661  -5.030294703e-11  0
314.2612261  -5.015844449e-11  0
314.5220751  -4.995079465e-11  0
314.834721  -4.970326907e-11  0
315.165279  -4.944316141e-11  0
315.4779249  -4.919864988e-11  0
315.7387739  -4.899575704e-11  0
315.9195339  -4.885574756e-11  0
316  -4.879357621e-11  0
316.0804661  -4.873149977e-11  0
316.2612261  -4.85923957e-11  0
316.5220751  -4.839249812e-11  0
316.834721  -4.815420526e-11  0
317.165279  -4.790378995e-11  0
317.4779249  -4.766838052e-11  0
317.7387739  -4.747303379e-11  0
317.9195339  -4.733822806e-11  0
318  -4.72783665e-11  0
318.0804661  -4.721859576e-11  0
318.2612261  -4.708465633e-11  0
318.5220751  -4.689217545e-11  0
318.834721  -4.666271602e-11  0
319.165279  -4.642157431e-11  0
319.4779249  -4.619487413e-11  0
319.7387739  -4.600674809e-11  0
319.9195339  -4.587692186e-11  0
320  -4.58192706e-11  0
320.0804661  -4.576170625e-11  0
320.2612261  -4.563270913e-11  0
320.5220751  -4.544732589e-11  0
320.834721  -4.522632021e-11  0
321.165279  -4.499405389e-11  0
321.4779249  -4.477568935e-11  0
321.7387739  -4.459447453e-11  0
321.9195339  -4.446941453e-11  0
322  -4.441387894e-11  0
322.0804661  -4.435842655e-11  0
322.2612261  -4.423416027e-11  0
322.5220751  -4.405557119e-11  0
322.834721  -4.384265814e-11  0
323.165279  -4.361888843e-11  0
323.4779249  -4.340850414e-11  0
323.7387739  -4.323390613e-11  0
323.9195339  -4.311340945e-11  0
324  -4.30598995e-11  0
324.0804661  -4.300646923e-11  0
324.2612261  -4.28867326e-11  0
324.5220751  -4.271464896e-11  0
324.834721  -4.250948491e-11  0
325.165279  -4.22938514e-11  0
325.4779249  -4.209110917e-11  0
325.7387739  -4.192284781e-11  0
325.9195339  -4.180672137e-11  0
326  -4.175515139e-11  0
326.0804661  -4.170365771e-11  0
326.2612261  -4.158825929e-11  0
326.5220751  -4.142240628e-11  0
326.834721  -4.122466419e-11  0
327.165279  -4.101682383e-11  0
327.4779249  -4.082140175e-11  0
327.7387739  -4.065921036e-11  0
327.9195339  -4.054727036e-11  0
328  -4.049755877e-11  0
328.0804661  -4.044792031e-11  0
328.2612261  -4.03366778e-11  0
328.5220751  -4.017679383e-11  0
328.834721  -3.998616233e-11  0
329.165279  -3.97857885e-11  0
329.4779249  -3.959738008e-11  0
329.7387739  -3.944100471e-11  0
329.9195339  -3.933307612e-11  0
330  -3.928514528e-11  0
330.0804661  -3.923728451e-11  0
330.2612261  -3.913002436e-11  0
330.5220751  -3.897586028e-11  0
330.834721  -3.879204286e-11  0
331.165279  -3.859882449e-11  0
331.4779249  -3.84171378e-11  0
331.7387739  -3.826633659e-11  0
331.9195339  -3.816225271e-11  0
332  -3.811602862e-11  0
332.0804661  -3.806987171e-11  0
332.2612261  -3.796642858e-11  0
332.5220751  -3.781774708e-11  0
332.834721  -3.764046126e-11  0
333.165279  -3.7454102e-11  0
333.4779249  -3.727885894e-11  0
333.7387739  -3.713340144e-11  0
333.9195339  -3.703300342e-11  0
334  -3.698841561e-11  0
334.0804661  -3.694389221e-11  0
334.2612261  -3.684410856e-11  0
334.5220751  -3.670068351e-11  0
334.834721  -3.652966012e-11  0
335.165279  -3.634987758e-11  0
335.4779249  -3.618081309e-11  0
335.7387739  -3.60404797e-11  0
335.9195339  -3.594361615e-11  0
336  -3.590059744e-11  0
336.0804661  -3.58576405e-11  0
336.2612261  -3.576136618e-11  0
336.5220751  -3.562298205e-11  0
336.834721  -3.545796452e-11  0
337.165279  -3.52844895e-11  0
337.4779249  -3.512135092e-11  0
337.7387739  -3.498593227e-11  0
337.9195339  -3.489245889e-11  0
338  -3.485094523e-11  0
338.0804661  -3.480949083e-11  0
338.2612261  -3.471658269e-11  0
338.5220751  -3.458303397e-11  0
338.834721  -3.442377768e-11  0
339.165279  -3.425635351e-11  0
339.4779249  -3.409889993e-11  0
339.7387739  -3.396819638e-11  0
339.9195339  -3.387797553e-11  0
340  -3.383790585e-11  0
340.0804661  -3.379789303e-11  0
340.2612261  -3.370821456e-11  0
340.5220751  -3.357930529e-11  0
340.834721  -3.342557693e-11  0
341.165279  -3.32639588e-11  0
341.4779249  -3.311196044e-11  0
341.7387739  -3.298578155e-11  0
341.9195339  -3.289868196e-11  0
342  -3.2859998e-11  0
342.0804661  -3.282136861e-11  0
342.2612261  -3.273478958e-11  0
342.5220751  -3.261033281e-11  0
342.834721  -3.246190981e-11  0
343.165279  -3.230586418e-11  0
343.4779249  -3.215910179e-11  0
343.7387739  -3.203726588e-11  0
343.9195339  -3.195316229e-11  0
344  -3.191580846e-11  0
344.0804661  -3.187850702e-11  0
344.2612261  -3.179490318e-11  0
344.5220751  -3.167472051e-11  0
344.834721  -3.153139049e-11  0
345.165279  -3.138069448e-11  0
345.4779249  -3.123895883e-11  0
345.7387739  -3.112129251e-11  0
345.9195339  -3.104006538e-11  0
346  -3.100398863e-11  0
346.0804661  -3.096796218e-11  0
346.2612261  -3.088721493e-11  0
346.5220751  -3.077113609e-11  0
346.834721  -3.063269632e-11  0
347.165279  -3.048713719e-11  0
347.4779249  -3.035022857e-11  0
347.7387739  -3.02365663e-11  0
347.9195339  -3.015810151e-11  0
348  -3.012325118e-11  0
348.0804661  -3.008844918e-11  0
348.2612261  -3.001044528e-11  0
348.5220751  -2.989830772e-11  0
348.834721  -2.976456465e-11  0
349.165279  -2.962393926e-11  0
349.4779249  -2.949166696e-11  0
349.7387739  -2.938185068e-11  0
349.9195339  -2.930603924e-11  0
350  -2.927236698e-11  0
350.0804661  -2.923874113e-11  0
350.2612261  -2.916337248e-11  0
350.5220751  -2.905502095e-11  0
350.834721  -2.892578973e-11  0
351.165279  -2.878990407e-11  0
351.4779249  -2.866208596e-11  0
351.7387739  -2.855596469e-11  0
351.9195339  -2.848270252e-11  0
352  -2.845016212e-11  0
352.0804661  -2.841766632e-11  0
352.2612261  -2.834482962e-11  0
352.5220751  -2.824011583e-11  0
352.834721  -2.811521988e-11  0
353.165279  -2.798388863e-11  0
353.4779249  -2.786035068e-11  0
353.7387739  -2.775778019e-11  0
353.9195339  -2.768696784e-11  0
354  -2.765551516e-11  0
354.0804661  -2.762410535e-11  0
354.2612261  -2.755370191e-11  0
354.5220751  -2.745248418e-11  0
354.834721  -2.733175476e-11  0
355.165279  -2.720480083e-11  0
355.4779249  -2.708537676e-11  0
355.7387739  -2.69862192e-11  0
355.9195339  -2.691776163e-11  0
356  -2.688735449e-11  0
356.0804661  -2.685698856e-11  0
356.2612261  -2.678892409e-11  0
356.5220751  -2.669106698e-11  0
356.834721  -2.657434284e-11  0
357.165279  -2.645159694e-11  0
357.4779249  -2.633612782e-11  0
357.7387739  -2.624025144e-11  0
357.9195339  -2.617405779e-11  0
358  -2.614465587e-11  0
358.0804661  -2.611529357e-11  0
358.2612261  -2.60494779e-11  0
358.5220751  -2.595485196e-11  0
358.834721  -2.584197893e-11  0
359.165279  -2.572327924e-11  0
359.4779249  -2.561161309e-11  0
359.7387739  -2.551889192e-11  0
359.9195339  -2.545487532e-11  0
360  -2.542644006e-11  0
360.0804661  -2.53980429e-11  0
360.2612261  -2.533438983e-11  0
360.5220751  -2.524287127e-11  0
360.834721  -2.513370193e-11  0
361.165279  -2.501889369e-11  0
361.4779249  -2.491088519e-11  0
361.7387739  -2.482119874e-11  0
361.9195339  -2.475927612e-11  0
362  -2.473177064e-11  0
362.0804661  -2.470430182e-11  0
362.2612261  -2.46427289e-11  0
362.5220751  -2.455419932e-11  0
362.834721  -2.444859265e-11  0
363.165279  -2.433752783e-11  0
363.4779249  -2.423303796e-11  0
363.7387739  -2.4146271e-11  0
363.9195339  -2.408636287e-11  0
364  -2.40597519e-11  0
364.0804661  -2.40331762e-11  0
364.2612261  -2.397360455e-11  0
364.5220751  -2.388795068e-11  0
364.834721  -2.378577177e-11  0
365.165279  -2.367830875e-11  0
365.4779249  -2.357720451e-11  0
365.7387739  -2.349324674e-11  0
365.9195339  -2.343527707e-11  0
366  -2.340952685e-11  0
366.0804661  -2.338381058e-11  0
366.2612261  -2.332616472e-11  0
366.5220751  -2.324327817e-11  0
366.834721  -2.314439792e-11  0
367.165279  -2.304040115e-11  0
367.4779249  -2.294255524e-11  0
367.7387739  -2.286130114e-11  0
367.9195339  -2.280519715e-11  0
368  -2.278027537e-11  0
368.0804661  -2.275538627e-11  0
368.2612261  -2.269959396e-11  0
368.5220751  -2.261937098e-11  0
368.834721  -2.252366582e-11  0
369.165279  -2.242300556e-11  0
369.4779249  -2.232829614e-11  0
369.7387739  -2.224964467e-11  0
369.9195339  -2.219533667e-11  0
370  -2.21712124e-11  0
370.0804661  -2.21471196e-11  0
370.2612261  -2.209311168e-11  0
370.5220751  -2.201545294e-11  0
370.834721  -2.192280457e-11  0
371.165279  -2.18253566e-11  0
371.4779249  -2.173366698e-11  0
371.7387739  -2.16575214e-11  0
371.9195339  -2.160494268e-11  0
372  -2.158158631e-11  0
372.0804661  -2.155826024e-11  0
372.2612261  -2.150597049e-11  0
372.5220751  -2.143078088e-11  0
372.834721  -2.134107598e-11  0
373.165279  -2.124672135e-11  0
373.4779249  -2.115793979e-11  0
373.7387739  -2.108420745e-11  0
373.9195339  -2.10332941e-11  0
374  -2.101067727e-11  0
374.0804661  -2.098808962e-11  0
374.2612261  -2.09374546e-11  0
374.5220751  -2.0864643e-11  0
374.834721  -2.077777306e-11  0
375.165279  -2.06863978e-11  0
375.4779249  -2.060041728e-11  0
375.7387739  -2.052900941e-11  0
375.9195339  -2.047970022e-11  0
376  -2.045779575e-11  0
376.0804661  -2.043591939e-11  0
376.2612261  -2.038687832e-11  0
376.5220751  -2.031635747e-11  0
376.834721  -2.02322185e-11  0
377.165279  -2.014371344e-11  0
377.4779249  -2.006043138e-11  0
377.7387739  -1.999126295e-11  0
377.9195339  -1.994349926e-11  0
378  -1.992228111e-11  0
378.0804661  -1.990109004e-11  0
378.2612261  -1.98535847e-11  0
378.5220751  -1.978527094e-11  0
378.834721  -1.970376331e-11  0
379.165279  -1.961802381e-11  0
379.4779249  -1.953734193e-11  0
379.7387739  -1.947033142e-11  0
379.9195339  -1.942405701e-11  0
380  -1.940350022e-11  0
380.0804661  -1.938296953e-11  0
380.2612261  -1.93369441e-11  0
380.5220751  -1.927075727e-11  0
380.834721  -1.919178547e-11  0
381.165279  -1.910871123e-11  0
381.4779249  -1.903053531e-11  0
381.7387739  -1.896560459e-11  0
381.9195339  -1.892076556e-11  0
382  -1.890084621e-11  0
382.0804661  -1.888095201e-11  0
382.2612261  -1.883635299e-11  0
382.5220751  -1.877221622e-11  0
382.834721  -1.869568868e-11  0
383.165279  -1.861518355e-11  0
383.4779249  -1.853942326e-11  0
383.7387739  -1.84764974e-11  0
383.9195339  -1.843304208e-11  0
384  -1.841373722e-11  0
384.0804661  -1.839445661e-11  0
384.2612261  -1.835123268e-11  0
384.5220751  -1.828907229e-11  0
384.834721  -1.82149012e-11  0
385.165279  -1.813687296e-11  0
385.4779249  -1.806344165e-11  0
385.7387739  -1.800244881e-11  0
385.9195339  -1.796032764e-11  0
386  -1.794161527e-11  0
386.0804661  -1.792292629e-11  0
386.2612261  -1.788102824e-11  0
386.5220751  -1.782077352e-11  0
386.834721  -1.774887467e-11  0
387.165279  -1.767323487e-11  0
387.4779249  -1.760204944e-11  0
387.7387739  -1.754292069e-11  0
387.9195339  -1.750208612e-11  0
388  -1.748394513e-11  0
388.0804661  -1.746582671e-11  0
388.2612261  -1.742520734e-11  0
388.5220751  -1.736679049e-11  0
388.834721  -1.729708307e-11  0
389.165279  -1.722374684e-11  0
389.4779249  -1.715472756e-11  0
389.7387739  -1.709739677e-11  0
389.9195339  -1.705780319e-11  0
390  -1.704021334e-11  0
390.0804661  -1.702264525e-11  0
390.2612261  -1.698325926e-11  0
390.5220751  -1.692661521e-11  0
390.834721  -1.685902169e-11  0
391.165279  -1.678790761e-11  0
391.4779249  -1.672097797e-11  0
391.7387739  -1.666538168e-11  0
391.9195339  -1.662698531e-11  0
392  -1.660992716e-11  0
392.0804661  -1.659289e-11  0
392.2612261  -1.655469391e-11  0
392.5220751  -1.649976021e-11  0
392.834721  -1.643420619e-11  0
393.165279  -1.636523608e-11  0
393.4779249  -1.630032264e-11  0
393.7387739  -1.624639995e-11  0
393.9195339  -1.620915876e-11  0
394  -1.619261365e-11  0
394.0804661  -1.617608879e-11  0
394.2612261  -1.613904089e-11  0
394.5220751  -1.608575758e-11  0
394.834721  -1.602217162e-11  0
395.165279  -1.595527047e-11  0
395.4779249  -1.589230272e-11  0
395.7387739  -1.583999513e-11  0
395.9195339  -1.580386879e-11  0
396  -1.57878188e-11  0
396.0804661  -1.577178837e-11  0
396.2612261  -1.573584858e-11  0
396.5220751  -1.568415811e-11  0
396.834721  -1.562247162e-11  0
397.165279  -1.555756737e-11  0
397.4779249  -1.549647762e-11  0
397.7387739  -1.544572898e-11  0
397.9195339  -1.541067873e-11  0
398  -1.539510668e-11  0
398.0804661  -1.53795535e-11  0
398.2612261  -1.534468334e-11  0
398.5220751  -1.529453044e-11  0
398.834721  -1.523467754e-11  0
399.165279  -1.5171701e-11  0
399.4779249  -1.511242423e-11  0
399.7387739  -1.506318059e-11  0
399.9195339  -1.502916924e-11  0
