#L=2 M=2
#R     Re(V)   Im(V)

0.08046609183  -0.0003031324085  -3.20027684e-07
0.2612261349  -0.003202663076  -3.038113274e-06
0.5220750502  -0.01289551904  -7.704872026e-06
0.8347210423  -0.03350193187  3.903521637e-06
1.165278958  -0.06685486882  7.972674577e-05
1.47792495  -0.1104936696  0.0002743674464
1.738773865  -0.1567520899  0.0005866511912
1.919533908  -0.1943832461  0.0009148057403
2  -0.212363053  0.001096655868
2.080466092  -0.1848212566  0.001304084822
2.261226135  -0.1360049693  0.001872159505
2.52207505  -0.08857299808  0.002986943641
2.834721042  -0.0534427771  0.004889639506
3.165278958  -0.03112019653  0.007733762182
3.47792495  -0.01816770677  0.01136930953
3.738773865  -0.01111360072  0.01520187491
3.919533908  -0.007588374324  0.01831288657
4  -0.006295961001  0.01981941171
4.080466092  -0.005148119662  0.01741061735
4.261226135  -0.003019044734  0.01276814738
4.52207505  -0.0008101350811  0.00762486305
4.834721042  0.0008841160769  0.003301945399
5.165278958  0.001926778488  0.0002938566533
5.47792495  0.002457083685  -0.00152271943
5.738773865  0.002678098045  -0.002500361705
5.919533908  0.002749445577  -0.002965662255
6  0.002764660354  -0.003127716267
6.080466092  0.002771326714  -0.003265671715
6.261226135  0.00276017938  -0.003499274488
6.52207505  0.002695841508  -0.003686756385
6.834721042  0.002570148862  -0.003743724531
7.165278958  0.002405914561  -0.003673153235
7.47792495  0.002238175945  -0.003530474722
7.738773865  0.00209677287  -0.003378237878
7.919533908  0.002000267655  -0.003262401838
8  0.001957986485  -0.003209136473
8.080466092  0.001916211426  -0.003155160171
8.261226135  0.001824462236  -0.003032342938
8.52207505  0.001697851492  -0.00285440957
8.834721042  0.001556028798  -0.002645251752
9.165278958  0.001418345662  -0.002433819464
9.47792495  0.001299610581  -0.002245820911
9.738773865  0.001208750687  -0.002098854351
9.919533908  0.001149951535  -0.002002450147
10  0.001124829194  -0.001960970258
10.08046609  0.001100336497  -0.001920369373
10.26122613  0.001047542061  -0.001832335272
10.52207505  0.00097652495  -0.001712862534
10.83472104  0.0008988647664  -0.001580943177
11.16527896  0.0008247917359  -0.001453997055
11.47792495  0.0007615701191  -0.00134486904
11.73877387  0.0007134107661  -0.001261304694
11.91953391  0.0006822807596  -0.001207104897
12  0.0006689786362  -0.001183903306
12.08046609  0.0006560052891  -0.001161252124
12.26122613  0.0006280136483  -0.001112304744
12.52207505  0.0005902634283  -0.001046140933
12.83472104  0.0005487841373  -0.0009732566096
13.16527896  0.0005089469786  -0.000903094271
13.47792495  0.0004746682936  -0.0008426077354
13.73877387  0.000448346071  -0.000796097056
13.91953391  0.0004312197165  -0.0007658083158
14  0.0004238721988  -0.0007528078325
14.08046609  0.0004166884513  -0.0007400937598
14.26122613  0.0004011254751  -0.0007125389241
14.52207505  0.0003799898283  -0.0006750952477
14.83472104  0.0003565515182  -0.0006335452392
15.16527896  0.0003338052154  -0.0005931981455
15.47792495  0.0003140273296  -0.0005580998131
15.73877387  0.0002986988655  -0.0005308882881
15.91953391  0.0002886547694  -0.0005130538298
16  0.0002843277508  -0.0005053698315
16.08046609  0.0002800864636  -0.0004978375928
16.26122613  0.0002708606924  -0.0004814516806
16.52207505  0.0002582460014  -0.0004590434994
16.83472104  0.0002441349943  -0.0004339734474
17.16527896  0.0002303094791  -0.0004094071841
17.47792495  0.0002181759349  -0.0003878449716
17.73877387  0.0002086957418  -0.0003709966397
17.91953391  0.0002024458228  -0.0003598886409
18  0.0001997437762  -0.0003550861615
18.08046609  0.0001970895559  -0.0003503686174
18.26122613  0.0001912960979  -0.0003400712489
18.52207505  0.0001833289823  -0.0003259099377
18.83472104  0.0001743517732  -0.0003099526645
19.16527896  0.0001654861528  -0.0002941932581
19.47792495  0.0001576453994  -0.0002802553051
19.73877387  0.0001514782701  -0.0002692922486
19.91953391  0.0001473920938  -0.0002620283399
20  0.0001456203458  -0.0002588787236
20.08046609  0.0001438768746  -0.0002557793651
20.26122613  0.0001400605508  -0.0002489950773
20.52207505  0.0001347876033  -0.0002396212824
20.83472104  0.0001288105439  -0.0002289956999
21.16527896  0.0001228692114  -0.000218433562
21.47792495  0.0001175813695  -0.0002090331127
21.73877387  0.0001133993619  -0.0002015985319
21.91953391  0.00011061702  -0.0001966522013
22  0.0001094077077  -0.0001945023343
22.08046609  0.0001082159581  -0.0001923836882
22.26122613  0.0001056012089  -0.0001877352843
22.52207505  0.0001019743785  -0.0001812876313
22.83472104  9.784288919e-05  -0.0001739428023
23.16527896  9.371387578e-05  -0.0001666023654
23.47792495  9.001967616e-05  -0.000160034921
23.73877387  8.708468272e-05  -0.0001548171684
23.91953391  8.512527205e-05  -0.0001513337791
24  8.427192937e-05  -0.0001498167284
24.08046609  8.342995439e-05  -0.0001483198867
24.26122613  8.157901457e-05  -0.0001450293323
24.52207505  7.900326952e-05  -0.0001404502362
24.83472104  7.605694564e-05  -0.0001352123326
25.16527896  7.309901252e-05  -0.0001299537891
25.47792495  7.044085323e-05  -0.0001252281755
25.73877387  6.83208428e-05  -0.0001214592699
25.91953391  6.69014021e-05  -0.0001189358208
26  6.628217342e-05  -0.0001178349702
26.08046609  6.567056317e-05  -0.0001167476635
26.26122613  6.432381461e-05  -0.0001143534445
26.52207505  6.244451473e-05  -0.0001110124678
26.83472104  6.028725956e-05  -0.0001071773483
27.16527896  5.811313349e-05  -0.0001033122358
27.47792495  5.615197085e-05  -9.982572488e-05
27.73877387  5.458270118e-05  -9.703591238e-05
27.91953391  5.352939238e-05  -9.516336353e-05
28  5.306922085e-05  -9.434528087e-05
28.08046609  5.261430881e-05  -9.353654839e-05
28.26122613  5.161118208e-05  -9.175321209e-05
28.52207505  5.02080613e-05  -8.925877527e-05
28.83472104  4.859253376e-05  -8.63867264e-05
29.16527896  4.695895288e-05  -8.34825827e-05
29.47792495  4.548058919e-05  -8.085438063e-05
29.73877387  4.429427864e-05  -7.874538414e-05
29.91953391  4.349630225e-05  -7.732675945e-05
30  4.314724243e-05  -7.670620868e-05
30.08046609  4.280190761e-05  -7.609228011e-05
30.26122613  4.203947138e-05  -7.473683794e-05
30.52207505  4.097081863e-05  -7.283701085e-05
30.83472104  3.973715205e-05  -7.064382582e-05
31.16527896  3.848608669e-05  -6.841970965e-05
31.47792495  3.735068085e-05  -6.640121038e-05
31.73877387  3.643731562e-05  -6.477744997e-05
31.91953391  3.582178197e-05  -6.368316794e-05
32  3.555223228e-05  -6.320396848e-05
32.08046609  3.52853802e-05  -6.272956479e-05
32.26122613  3.469558397e-05  -6.168103816e-05
32.52207505  3.386741634e-05  -6.020874015e-05
32.83472104  3.290916149e-05  -5.850517598e-05
33.16527896  3.193492099e-05  -5.677319287e-05
33.47792495  3.104854231e-05  -5.519740855e-05
33.73877387  3.033394699e-05  -5.392701687e-05
33.91953391  2.985157033e-05  -5.306945836e-05
34  2.96401269e-05  -5.269355892e-05
34.08046609  2.943067567e-05  -5.23212012e-05
34.26122613  2.89673059e-05  -5.149743272e-05
34.52207505  2.831562373e-05  -5.033888663e-05
34.83472104  2.756003715e-05  -4.89956216e-05
35.16527896  2.679011692e-05  -4.762687452e-05
35.47792495  2.608808361e-05  -4.637881531e-05
35.73877387  2.552101038e-05  -4.537068512e-05
35.91953391  2.513765329e-05  -4.46891614e-05
36  2.496946904e-05  -4.439016718e-05
36.08046609  2.480278178e-05  -4.409383427e-05
36.26122613  2.443370657e-05  -4.343770058e-05
36.52207505  2.39139037e-05  -4.251360658e-05
36.83472104  2.331012778e-05  -4.144022716e-05
37.16527896  2.269366393e-05  -4.034429142e-05
37.47792495  2.213044762e-05  -3.934301799e-05
37.73877387  2.167471783e-05  -3.853283169e-05
37.91953391  2.1366227e-05  -3.798440356e-05
38  2.123078341e-05  -3.774361496e-05
38.08046609  2.109648221e-05  -3.750485726e-05
38.26122613  2.079889006e-05  -3.697580455e-05
38.52207505  2.037923093e-05  -3.622974388e-05
38.83472104  1.989098272e-05  -3.536174706e-05
39.16527896  1.939157736e-05  -3.447391531e-05
39.47792495  1.893450075e-05  -3.366133467e-05
39.73877387  1.856407956e-05  -3.300280812e-05
39.91953391  1.831303916e-05  -3.255651406e-05
40  1.820274293e-05  -3.236043188e-05
40.08046609  1.809333066e-05  -3.216592116e-05
40.26122613  1.785072333e-05  -3.173461925e-05
40.52207505  1.750821133e-05  -3.112570903e-05
40.83472104  1.710913411e-05  -3.041623841e-05
41.16527896  1.670027495e-05  -2.96893777e-05
41.47792495  1.632547196e-05  -2.902306127e-05
41.73877387  1.602129986e-05  -2.848231087e-05
41.91953391  1.581493729e-05  -2.811544407e-05
42  1.572421374e-05  -2.795415776e-05
42.08046609  1.563418279e-05  -2.779410273e-05
42.26122613  1.543442768e-05  -2.743898254e-05
42.52207505  1.515212208e-05  -2.693710592e-05
42.83472104  1.482275673e-05  -2.635156751e-05
43.16527896  1.448482171e-05  -2.575079416e-05
43.47792495  1.417458603e-05  -2.519926405e-05
43.73877387  1.392249264e-05  -2.475109803e-05
43.91953391  1.375129637e-05  -2.44467491e-05
44  1.367599018e-05  -2.431287143e-05
44.08046609  1.360123286e-05  -2.417996952e-05
44.26122613  1.343527276e-05  -2.388492934e-05
44.52207505  1.320050718e-05  -2.346756832e-05
44.83472104  1.292627508e-05  -2.298004459e-05
45.16527896  1.264453081e-05  -2.247916588e-05
45.47792495  1.238553833e-05  -2.201873482e-05
45.73877387  1.21748398e-05  -2.164415964e-05
45.91953391  1.203162801e-05  -2.13895609e-05
46  1.196859895e-05  -2.127750925e-05
46.08046609  1.190600937e-05  -2.116623889e-05
46.26122613  1.17669902e-05  -2.091909368e-05
46.52207505  1.157016566e-05  -2.056918339e-05
46.83472104  1.133999848e-05  -2.01599973e-05
47.16527896  1.110323643e-05  -1.973908698e-05
47.47792495  1.088533053e-05  -1.935169873e-05
47.73877387  1.070786849e-05  -1.903621066e-05
47.91953391  1.05871497e-05  -1.882159947e-05
48  1.053399475e-05  -1.872710178e-05
48.08046609  1.048119504e-05  -1.863323562e-05
48.26122613  1.036386519e-05  -1.842464923e-05
48.52207505  1.019761741e-05  -1.812909761e-05
48.83472104  1.000300938e-05  -1.778312778e-05
49.16527896  9.802600123e-06  -1.742684466e-05
49.47792495  9.617946949e-06  -1.709857235e-05
49.73877387  9.467418704e-06  -1.683096659e-05
49.91953391  9.364945289e-06  -1.664879162e-05
50  9.31980438e-06  -1.656854112e-05
50.08046609  9.274953124e-06  -1.648880555e-05
50.26122613  9.175242944e-06  -1.631154301e-05
50.52207505  9.033858229e-06  -1.606019241e-05
50.83472104  8.868199933e-06  -1.576568877e-05
51.16527896  8.697426572e-06  -1.546209168e-05
51.47792495  8.539918235e-06  -1.518207686e-05
51.73877387  8.411402452e-06  -1.495360436e-05
51.91953391  8.323854009e-06  -1.479796268e-05
52  8.285272158e-06  -1.472937272e-05
52.08046609  8.246928379e-06  -1.466120601e-05
52.26122613  8.161651102e-06  -1.450960196e-05
52.52207505  8.04065044e-06  -1.429448967e-05
52.83472104  7.898753366e-06  -1.404222821e-05
53.16527896  7.752334774e-06  -1.378192849e-05
53.47792495  7.617161567e-06  -1.354162056e-05
53.73877387  7.506777618e-06  -1.334538243e-05
53.91953391  7.431533186e-06  -1.321161455e-05
54  7.398361197e-06  -1.315264213e-05
54.08046609  7.36538634e-06  -1.309402016e-05
54.26122613  7.2920225e-06  -1.296359556e-05
54.52207505  7.187861181e-06  -1.277841988e-05
54.83472104  7.06561378e-06  -1.256109117e-05
55.16527896  6.939358968e-06  -1.233663817e-05
55.47792495  6.822698558e-06  -1.212924188e-05
55.73877387  6.72735858e-06  -1.195974859e-05
55.91953391  6.662330623e-06  -1.184414333e-05
56  6.633652671e-06  -1.17931603e-05
56.08046609  6.605139076e-06  -1.174246947e-05
56.26122613  6.541679029e-06  -1.162965161e-05
56.52207505  6.451526977e-06  -1.146938129e-05
56.83472104  6.345642651e-06  -1.128114249e-05
57.16527896  6.236197034e-06  -1.108657251e-05
57.47792495  6.13498587e-06  -1.090664155e-05
57.73877387  6.052212089e-06  -1.075948816e-05
57.91953391  5.995724026e-06  -1.065906494e-05
58  5.970804192e-06  -1.061476301e-05
58.08046609  5.946022265e-06  -1.057070625e-05
58.26122613  5.890849789e-06  -1.047262185e-05
58.52207505  5.812428981e-06  -1.033320708e-05
58.83472104  5.720259273e-06  -1.016934982e-05
59.16527896  5.624916246e-06  -9.999851103e-06
59.47792495  5.536679496e-06  -9.842985771e-06
59.73877387  5.464468116e-06  -9.714609984e-06
59.91953391  5.415162957e-06  -9.626956369e-06
60  5.393405313e-06  -9.588276111e-06
60.08046609  5.371764072e-06  -9.549802795e-06
60.26122613  5.323569371e-06  -9.464123327e-06
60.52207505  5.255032188e-06  -9.342279445e-06
60.83472104  5.174426792e-06  -9.198980964e-06
61.16527896  5.09098629e-06  -9.050642292e-06
61.47792495  5.01370998e-06  -8.913262187e-06
61.73877387  4.950428695e-06  -8.800762124e-06
61.91953391  4.907200173e-06  -8.72391142e-06
62  4.888118675e-06  -8.689988755e-06
62.08046609  4.869135979e-06  -8.65624174e-06
62.26122613  4.826849994e-06  -8.581066656e-06
62.52207505  4.766687265e-06  -8.474110694e-06
62.83472104  4.69588806e-06  -8.34824544e-06
63.16527896  4.622549329e-06  -8.217865474e-06
63.47792495  4.554583256e-06  -8.097036899e-06
63.73877387  4.498893324e-06  -7.998032577e-06
63.91953391  4.460833476e-06  -7.930370624e-06
64  4.444029036e-06  -7.900496063e-06
64.08046609  4.427308895e-06  -7.870771369e-06
64.26122613  4.390053231e-06  -7.804539077e-06
64.52207505  4.337024063e-06  -7.710265002e-06
64.83472104  4.274584139e-06  -7.599260692e-06
65.16527896  4.209863685e-06  -7.484202106e-06
65.47792495  4.149847012e-06  -7.377505799e-06
65.73877387  4.100643469e-06  -7.290032835e-06
65.91953391  4.067002373e-06  -7.230226442e-06
66  4.052145239e-06  -7.203813758e-06
66.08046609  4.037360382e-06  -7.177529568e-06
66.26122613  4.004408786e-06  -7.118948953e-06
66.52207505  3.957486537e-06  -7.035531621e-06
66.83472104  3.902207781e-06  -6.937258278e-06
67.16527896  3.844876028e-06  -6.835335161e-06
67.47792495  3.791679784e-06  -6.740764061e-06
67.73877387  3.748045168e-06  -6.663191411e-06
67.91953391  3.718199764e-06  -6.610132913e-06
68  3.705015862e-06  -6.586694866e-06
68.08046609  3.691894216e-06  -6.563367496e-06
68.26122613  3.662642705e-06  -6.511364809e-06
68.52207505  3.620973039e-06  -6.437285402e-06
68.83472104  3.571857625e-06  -6.349969112e-06
69.16527896  3.520889628e-06  -6.259359339e-06
69.47792495  3.473571895e-06  -6.175238924e-06
69.73877387  3.434740156e-06  -6.106204722e-06
69.91953391  3.408169896e-06  -6.058968704e-06
70  3.396430168e-06  -6.038098076e-06
70.08046609  3.384744296e-06  -6.017323193e-06
70.26122613  3.358687798e-06  -5.971000529e-06
70.52207505  3.321555872e-06  -5.904988217e-06
70.83472104  3.277768264e-06  -5.82714358e-06
71.16527896  3.232305056e-06  -5.7463201e-06
71.47792495  3.190075791e-06  -5.67124585e-06
71.73877387  3.155403922e-06  -5.609606972e-06
71.91953391  3.131671624e-06  -5.567416221e-06
72  3.12118363e-06  -5.548770898e-06
72.08046609  3.110742416e-06  -5.53020874e-06
72.26122613  3.087456379e-06  -5.488811341e-06
72.52207505  3.054260981e-06  -5.4297973e-06
72.83472104  3.015097955e-06  -5.360174142e-06
73.16527896  2.974416019e-06  -5.287850701e-06
73.47792495  2.936609236e-06  -5.220638642e-06
73.73877387  2.905554823e-06  -5.165430796e-06
73.91953391  2.884291501e-06  -5.127629336e-06
74  2.874892769e-06  -5.110920479e-06
74.08046609  2.865534828e-06  -5.09428414e-06
74.26122613  2.844660634e-06  -5.057174461e-06
74.52207505  2.814893655e-06  -5.004255386e-06
74.83472104  2.779760488e-06  -4.941796423e-06
75.16527896  2.743247481e-06  -4.87688441e-06
75.47792495  2.709299107e-06  -4.816531746e-06
75.73877387  2.681402436e-06  -4.766937664e-06
75.91953391  2.662295207e-06  -4.732969256e-06
76  2.653847927e-06  -4.71795187e-06
76.08046609  2.645436346e-06  -4.702997949e-06
76.26122613  2.626669667e-06  -4.669634964e-06
76.52207505  2.599899706e-06  -4.622043922e-06
76.83472104  2.568291138e-06  -4.565850912e-06
77.16527896  2.535426459e-06  -4.507424816e-06
77.47792495  2.504856597e-06  -4.453078395e-06
77.73877387  2.479726313e-06  -4.408402334e-06
77.91953391  2.462508689e-06  -4.377793225e-06
78  2.454895454e-06  -4.364258585e-06
78.08046609  2.44731357e-06  -4.35077968e-06
78.26122613  2.430395018e-06  -4.320702255e-06
78.52207505  2.406254207e-06  -4.277785256e-06
78.83472104  2.377739126e-06  -4.227091779e-06
79.16527896  2.348078275e-06  -4.174361378e-06
79.47792495  2.320476905e-06  -4.125292275e-06
79.73877387  2.297778439e-06  -4.084939447e-06
79.91953391  2.282222499e-06  -4.057284443e-06
80  2.275342866e-06  -4.045053984e-06
80.08046609  2.268490857e-06  -4.032872634e-06
80.26122613  2.253198428e-06  -4.005686094e-06
80.52207505  2.231371776e-06  -3.966883157e-06
80.83472104  2.205580828e-06  -3.921032583e-06
81.16527896  2.17874274e-06  -3.873320426e-06
81.47792495  2.153758129e-06  -3.828903341e-06
81.73877387  2.133204315e-06  -3.792363227e-06
81.91953391  2.119114347e-06  -3.767314394e-06
82  2.112882045e-06  -3.756234747e-06
82.08046609  2.106674159e-06  -3.745198504e-06
82.26122613  2.092817095e-06  -3.720563724e-06
82.52207505  2.073033832e-06  -3.68539348e-06
82.83472104  2.049649343e-06  -3.643821054e-06
83.16527896  2.025306068e-06  -3.600544122e-06
83.47792495  2.002635334e-06  -3.560240594e-06
83.73877387  1.983978755e-06  -3.527073342e-06
83.91953391  1.971186066e-06  -3.504330783e-06
84  1.965526717e-06  -3.49426972e-06
84.08046609  1.959889013e-06  -3.484247134e-06
84.26122613  1.947302791e-06  -3.461871628e-06
84.52207505  1.929329292e-06  -3.429918741e-06
84.83472104  1.908077021e-06  -3.392136927e-06
85.16527896  1.88594529e-06  -3.352791626e-06
85.47792495  1.865326661e-06  -3.316136285e-06
85.73877387  1.848353373e-06  -3.285961552e-06
85.91953391  1.836712038e-06  -3.265265846e-06
86  1.831561289e-06  -3.256108959e-06
86.08046609  1.826429782e-06  -3.246986279e-06
86.26122613  1.814971997e-06  -3.226616884e-06
86.52207505  1.798605968e-06  -3.197521721e-06
86.83472104  1.77924834e-06  -3.163108161e-06
87.16527896  1.759082615e-06  -3.127257983e-06
87.47792495  1.740289067e-06  -3.09384723e-06
87.73877387  1.724813438e-06  -3.066335e-06
87.91953391  1.714196794e-06  -3.047460967e-06
88  1.709498773e-06  -3.039108929e-06
88.08046609  1.704817903e-06  -3.030787383e-06
88.26122613  1.694364878e-06  -3.012204228e-06
88.52207505  1.679430564e-06  -2.985654336e-06
88.83472104  1.661761072e-06  -2.954241905e-06
89.16527896  1.643347816e-06  -2.921507228e-06
89.47792495  1.626181806e-06  -2.890989878e-06
89.73877387  1.612042234e-06  -2.865852861e-06
89.91953391  1.602339978e-06  -2.848604406e-06
90  1.598046019e-06  -2.8409707e-06
90.08046609  1.593767388e-06  -2.833364245e-06
90.26122613  1.584211361e-06  -2.816375752e-06
90.52207505  1.57055557e-06  -2.792098791e-06
90.83472104  1.554394137e-06  -2.763367354e-06
91.16527896  1.537547049e-06  -2.733416976e-06
91.47792495  1.521836148e-06  -2.705486486e-06
91.73877387  1.508891514e-06  -2.682473802e-06
91.91953391  1.500007288e-06  -2.666679623e-06
92  1.496074869e-06  -2.659688656e-06
92.08046609  1.492156183e-06  -2.652722104e-06
92.26122613  1.483402968e-06  -2.637160833e-06
92.52207505  1.470891765e-06  -2.614918694e-06
92.83472104  1.456080881e-06  -2.588588233e-06
93.16527896  1.440636931e-06  -2.561132321e-06
93.47792495  1.426230173e-06  -2.535520308e-06
93.73877387  1.41435687e-06  -2.514412213e-06
93.91953391  1.40620625e-06  -2.499922222e-06
94  1.402598109e-06  -2.493507749e-06
94.08046609  1.399002301e-06  -2.487115202e-06
94.26122613  1.390969335e-06  -2.472834373e-06
94.52207505  1.379485272e-06  -2.452418262e-06
94.83472104  1.365886764e-06  -2.428243136e-06
95.16527896  1.351702867e-06  -2.403027318e-06
95.47792495  1.338467697e-06  -2.379498129e-06
95.73877387  1.327557151e-06  -2.360101601e-06
95.91953391  1.320065955e-06  -2.346783919e-06
96  1.316749344e-06  -2.340887723e-06
96.08046609  1.313443834e-06  -2.335011261e-06
96.26122613  1.306058536e-06  -2.321881842e-06
96.52207505  1.295498338e-06  -2.303108156e-06
96.83472104  1.282990653e-06  -2.280872272e-06
97.16527896  1.269940882e-06  -2.257672679e-06
97.47792495  1.257760591e-06  -2.236018828e-06
97.73877387  1.247717166e-06  -2.218163851e-06
97.91953391  1.240820034e-06  -2.205902283e-06
98  1.237766096e-06  -2.20047306e-06
98.08046609  1.234722172e-06  -2.195061638e-06
98.26122613  1.227920564e-06  -2.182969891e-06
98.52207505  1.218193166e-06  -2.16567674e-06
98.83472104  1.206669088e-06  -2.14518949e-06
99.16527896  1.194642321e-06  -2.123808571e-06
99.47792495  1.183413875e-06  -2.10384689e-06
99.73877387  1.174153116e-06  -2.087383317e-06
99.91953391  1.16779231e-06  -2.076075218e-06
100  1.164975548e-06  -2.07106764e-06
100.0804661  1.162167836e-06  -2.066076154e-06
100.2612261  1.155893377e-06  -2.054921559e-06
100.5220751  1.14691828e-06  -2.038965831e-06
100.834721  1.136282992e-06  -2.020058653e-06
101.165279  1.125180921e-06  -2.000321638e-06
101.4779249  1.114813131e-06  -1.981890011e-06
101.7387739  1.106260261e-06  -1.966684908e-06
101.9195339  1.100384649e-06  -1.956239376e-06
102  1.097782478e-06  -1.951613294e-06
102.0804661  1.095188505e-06  -1.947001786e-06
102.2612261  1.089391099e-06  -1.936695288e-06
102.5220751  1.081096961e-06  -1.921950153e-06
102.834721  1.071266408e-06  -1.904473614e-06
103.165279  1.061001845e-06  -1.886225503e-06
103.4779249  1.051413808e-06  -1.869180103e-06
103.7387739  1.043502462e-06  -1.855115488e-06
103.9195339  1.038066651e-06  -1.845451824e-06
104  1.03565902e-06  -1.841171591e-06
104.0804661  1.033258828e-06  -1.836904583e-06
104.2612261  1.027893987e-06  -1.827367089e-06
104.5220751  1.020217434e-06  -1.813719882e-06
104.834721  1.01111692e-06  -1.797541192e-06
105.165279  1.00161236e-06  -1.780644196e-06
105.4779249  9.927321286e-07  -1.764857118e-06
105.7387739  9.85403271e-07  -1.751828037e-06
105.9195339  9.803668704e-07  -1.742874436e-06
106  9.78135934e-07  -1.738908327e-06
106.0804661  9.759117614e-07  -1.734954242e-06
106.2612261  9.709398837e-07  -1.726115349e-06
106.5220751  9.638244875e-07  -1.713465755e-06
106.834721  9.553874865e-07  -1.698466643e-06
107.165279  9.465738737e-07  -1.682797998e-06
107.4779249  9.383373223e-07  -1.66815524e-06
107.7387739  9.315383175e-07  -1.65606812e-06
107.9195339  9.268653073e-07  -1.647760546e-06
108  9.247951496e-07  -1.644080266e-06
108.0804661  9.227311523e-07  -1.640410937e-06
108.2612261  9.181169078e-07  -1.632207836e-06
108.5220751  9.115123176e-07  -1.620466342e-06
108.834721  9.036794459e-07  -1.606541237e-06
109.165279  8.954951191e-07  -1.591991323e-06
109.4779249  8.878449693e-07  -1.578391056e-06
109.7387739  8.815287878e-07  -1.567162289e-06
109.9195339  8.771869767e-07  -1.559443514e-06
110  8.752633716e-07  -1.556023772e-06
110.0804661  8.733453868e-07  -1.552614021e-06
110.2612261  8.690571897e-07  -1.544990559e-06
110.5220751  8.629183794e-07  -1.534077119e-06
110.834721  8.556365188e-07  -1.521131589e-06
111.165279  8.480263039e-07  -1.507602318e-06
111.4779249  8.409112861e-07  -1.494953397e-06
111.7387739  8.350358198e-07  -1.484508124e-06
111.9195339  8.309963786e-07  -1.477326895e-06
112  8.292065839e-07  -1.474145038e-06
112.0804661  8.274219253e-07  -1.470972312e-06
112.2612261  8.234314792e-07  -1.463878185e-06
112.5220751  8.177181026e-07  -1.453721071e-06
112.834721  8.109396422e-07  -1.441670475e-06
113.165279  8.038540697e-07  -1.429073902e-06
113.4779249  7.972282004e-07  -1.417294578e-06
113.7387739  7.917556722e-07  -1.407565639e-06
113.9195339  7.879927314e-07  -1.400875967e-06
114  7.863253117e-07  -1.397911665e-06
114.0804661  7.84662593e-07  -1.394955721e-06
114.2612261  7.809444976e-07  -1.388345774e-06
114.5220751  7.756203305e-07  -1.378880588e-06
114.834721  7.69302512e-07  -1.36764891e-06
115.165279  7.626971404e-07  -1.355906027e-06
115.4779249  7.565190974e-07  -1.34492284e-06
115.7387739  7.514155502e-07  -1.335849867e-06
115.9195339  7.479058514e-07  -1.329610402e-06
116  7.46350524e-07  -1.326845376e-06
116.0804661  7.447995062e-07  -1.324088011e-06
116.2612261  7.413309178e-07  -1.317921632e-06
116.5220751  7.363633751e-07  -1.309090445e-06
116.834721  7.304677251e-07  -1.298609289e-06
117.165279  7.243025549e-07  -1.287648987e-06
117.4779249  7.185351351e-07  -1.277395796e-06
117.7387739  7.137699886e-07  -1.268924424e-06
117.9195339  7.104925821e-07  -1.263097924e-06
118  7.090400841e-07  -1.260515705e-06
118.0804661  7.075915428e-07  -1.25794052e-06
118.2612261  7.043518788e-07  -1.252181118e-06
118.5220751  6.997115949e-07  -1.243931724e-06
118.834721  6.942034324e-07  -1.234139435e-06
119.165279  6.884423966e-07  -1.223897594e-06
119.4779249  6.830520448e-07  -1.214314746e-06
119.7387739  6.785977102e-07  -1.206395929e-06
119.9195339  6.75533692e-07  -1.200948786e-06
120  6.741756641e-07  -1.198534514e-06
120.0804661  6.728212738e-07  -1.196126709e-06
120.2612261  6.69791956e-07  -1.190741255e-06
120.5220751  6.654524197e-07  -1.183026524e-06
120.834721  6.603004273e-07  -1.173867426e-06
121.165279  6.549109476e-07  -1.164286129e-06
121.4779249  6.498673458e-07  -1.155319726e-06
121.7387739  6.456988901e-07  -1.147909138e-06
121.9195339  6.428311725e-07  -1.142810973e-06
122  6.415600576e-07  -1.140551214e-06
122.0804661  6.402922919e-07  -1.138297408e-06
122.2612261  6.374565221e-07  -1.133256039e-06
122.5220751  6.333937583e-07  -1.126033348e-06
122.834721  6.285696073e-07  -1.11745708e-06
123.165279  6.235222065e-07  -1.108483923e-06
123.4779249  6.187979156e-07  -1.100085183e-06
123.7387739  6.148927678e-07  -1.093142698e-06
123.9195339  6.122058792e-07  -1.088366007e-06
124  6.110148344e-07  -1.086248594e-06
124.0804661  6.098268771e-07  -1.08413667e-06
124.2612261  6.071694417e-07  -1.079412341e-06
124.5220751  6.033617326e-07  -1.07264308e-06
124.834721  5.988397555e-07  -1.06460401e-06
125.165279  5.941077188e-07  -1.0561915e-06
125.4779249  5.896778646e-07  -1.048316204e-06
125.7387739  5.860155587e-07  -1.041805438e-06
125.9195339  5.834954681e-07  -1.037325277e-06
126  5.823782866e-07  -1.035339176e-06
126.0804661  5.812639553e-07  -1.033358143e-06
126.2612261  5.787710535e-07  -1.028926317e-06
126.5220751  5.751986945e-07  -1.022575457e-06
126.834721  5.709555982e-07  -1.015032175e-06
127.165279  5.665146757e-07  -1.007137201e-06
127.4779249  5.623566733e-07  -9.99745197e-07
127.7387739  5.589186229e-07  -9.936331073e-07
127.9195339  5.565525857e-07  -9.89426819e-07
128  5.555036295e-07  -9.875620079e-07
128.0804661  5.544573076e-07  -9.857018802e-07
128.2612261  5.521164003e-07  -9.815402672e-07
128.5220751  5.487614858e-07  -9.755759747e-07
128.834721  5.447760989e-07  -9.684908425e-07
129.165279  5.406042443e-07  -9.610742121e-07
129.4779249  5.366975562e-07  -9.541289888e-07
129.7387739  5.334668561e-07  -9.483855219e-07
129.9195339  5.312432785e-07  -9.444324951e-07
130  5.302574181e-07  -9.426798544e-07
130.0804661  5.292739956e-07  -9.409315476e-07
130.2612261  5.270736733e-07  -9.370198637e-07
130.5220751  5.239199077e-07  -9.314131692e-07
130.834721  5.201729586e-07  -9.247519264e-07
131.165279  5.162500991e-07  -9.17777954e-07
131.4779249  5.125760218e-07  -9.11246261e-07
131.7387739  5.095372733e-07  -9.058440415e-07
131.9195339  5.07445593e-07  -9.021254986e-07
132  5.065181548e-07  -9.004767197e-07
132.0804661  5.055929754e-07  -8.988319562e-07
132.2612261  5.035228412e-07  -8.951517177e-07
132.5220751  5.005553727e-07  -8.898762181e-07
132.834721  4.970292935e-07  -8.836076329e-07
133.165279  4.933371268e-07  -8.77043781e-07
133.4779249  4.898786026e-07  -8.708952934e-07
133.7387739  4.870177592e-07  -8.658093496e-07
133.9195339  4.850483397e-07  -8.623081594e-07
134  4.841750596e-07  -8.607556615e-07
134.0804661  4.833038745e-07  -8.592068881e-07
134.2612261  4.813544406e-07  -8.557412277e-07
134.5220751  4.785597141e-07  -8.507728251e-07
134.834721  4.752384676e-07  -8.448683868e-07
135.165279  4.717602822e-07  -8.386849462e-07
135.4779249  4.685017326e-07  -8.328919691e-07
135.7387739  4.658059633e-07  -8.280994904e-07
135.9195339  4.63950001e-07  -8.248000017e-07
136  4.631269828e-07  -8.233368582e-07
136.0804661  4.6230591e-07  -8.218771734e-07
136.2612261  4.604685063e-07  -8.186106778e-07
136.5220751  4.578341332e-07  -8.139273479e-07
136.834721  4.547030594e-07  -8.083609945e-07
137.165279  4.514235758e-07  -8.025308014e-07
137.4779249  4.483507541e-07  -7.970680073e-07
137.7387739  4.458083226e-07  -7.925481291e-07
137.9195339  4.440577636e-07  -7.894360241e-07
138  4.432814426e-07  -7.88055898e-07
138.0804661  4.425069303e-07  -7.866789871e-07
138.2612261  4.407736234e-07  -7.835975528e-07
138.5220751  4.382882661e-07  -7.791791398e-07
138.834721  4.353339464e-07  -7.739270157e-07
139.165279  4.322391757e-07  -7.684252012e-07
139.4779249  4.29339036e-07  -7.632693974e-07
139.7387739  4.269391932e-07  -7.590030102e-07
139.9195339  4.2528666e-07  -7.560651734e-07
140  4.24553771e-07  -7.547622595e-07
140.0804661  4.238225649e-07  -7.534623376e-07
140.2612261  4.221860863e-07  -7.505530423e-07
140.5220751  4.198393558e-07  -7.463810769e-07
140.834721  4.170494916e-07  -7.414213184e-07
141.165279  4.141266104e-07  -7.362250851e-07
141.4779249  4.113871912e-07  -7.313550065e-07
141.7387739  4.091200797e-07  -7.273245861e-07
141.9195339  4.07558806e-07  -7.245489884e-07
142  4.068663535e-07  -7.233179617e-07
142.0804661  4.061754688e-07  -7.220897223e-07
142.2612261  4.046291505e-07  -7.19340712e-07
142.5220751  4.024115147e-07  -7.153982484e-07
142.834721  3.997748205e-07  -7.10710792e-07
143.165279  3.970120589e-07  -7.057992158e-07
143.4779249  3.944223793e-07  -7.011953409e-07
143.7387739  3.922789482e-07  -6.973847967e-07
143.9195339  3.908027204e-07  -6.947603918e-07
144  3.901479538e-07  -6.935963622e-07
144.0804661  3.89494649e-07  -6.924349315e-07
144.2612261  3.880323665e-07  -6.898353182e-07
144.5220751  3.859350694e-07  -6.8610679e-07
144.834721  3.834411762e-07  -6.816732021e-07
145.165279  3.808277183e-07  -6.770270548e-07
145.4779249  3.783776855e-07  -6.72671441e-07
145.7387739  3.763496146e-07  -6.690659815e-07
145.9195339  3.7495272e-07  -6.665826133e-07
146  3.7433311e-07  -6.654810844e-07
146.0804661  3.737148644e-07  -6.643819812e-07
146.2612261  3.723309857e-07  -6.619217524e-07
146.5220751  3.703459743e-07  -6.583928432e-07
146.834721  3.679853442e-07  -6.541961674e-07
147.165279  3.655112392e-07  -6.497977586e-07
147.4779249  3.631915659e-07  -6.456738949e-07
147.7387739  3.612711976e-07  -6.422599068e-07
147.9195339  3.599483778e-07  -6.399082272e-07
148  3.593615962e-07  -6.388650598e-07
148.0804661  3.587760892e-07  -6.378241586e-07
148.2612261  3.574654294e-07  -6.354940967e-07
148.5220751  3.555852887e-07  -6.321516243e-07
148.834721  3.533491381e-07  -6.281762455e-07
149.165279  3.510052206e-07  -6.24009281e-07
149.4779249  3.488073508e-07  -6.20101957e-07
149.7387739  3.469876295e-07  -6.168668969e-07
149.9195339  3.457340389e-07  -6.146382914e-07
150  3.4517794e-07  -6.136496711e-07
150.0804661  3.446230331e-07  -6.126631699e-07
150.2612261  3.433808131e-07  -6.104547788e-07
150.5220751  3.415987081e-07  -6.072865922e-07
150.834721  3.394789392e-07  -6.035181142e-07
151.165279  3.372567575e-07  -5.995675689e-07
151.4779249  3.351728005e-07  -5.958627564e-07
151.7387739  3.334472181e-07  -5.927950545e-07
151.9195339  3.322583866e-07  -5.906815761e-07
152  3.317309909e-07  -5.897439837e-07
152.0804661  3.312047107e-07  -5.888083746e-07
152.2612261  3.300265211e-07  -5.867138153e-07
152.5220751  3.283361445e-07  -5.837087014e-07
152.834721  3.263252835e-07  -5.801338372e-07
153.165279  3.24217036e-07  -5.763858417e-07
153.4779249  3.222397065e-07  -5.728705893e-07
153.7387739  3.206022534e-07  -5.699595617e-07
153.9195339  3.194740527e-07  -5.679538714e-07
154  3.189735319e-07  -5.670640567e-07
154.0804661  3.184740562e-07  -5.661760998e-07
154.2612261  3.17355824e-07  -5.641881316e-07
154.5220751  3.157513492e-07  -5.61335732e-07
154.834721  3.138424907e-07  -5.579422057e-07
155.165279  3.118409682e-07  -5.543839434e-07
155.4779249  3.09963533e-07  -5.510462809e-07
155.7387739  3.084086542e-07  -5.48282052e-07
155.9195339  3.073372678e-07  -5.46377365e-07
156  3.068619318e-07  -5.455323231e-07
156.0804661  3.063875754e-07  -5.44689023e-07
156.2612261  3.053255348e-07  -5.428009507e-07
156.5220751  3.038015738e-07  -5.400916867e-07
156.834721  3.019883313e-07  -5.368681446e-07
157.165279  3.000868651e-07  -5.334877601e-07
157.4779249  2.983030948e-07  -5.30316613e-07
157.7387739  2.968256502e-07  -5.276900448e-07
157.9195339  2.958075464e-07  -5.258800825e-07
158  2.953558308e-07  -5.250770325e-07
158.0804661  2.949050344e-07  -5.242756167e-07
158.2612261  2.938956996e-07  -5.224812438e-07
158.5220751  2.924472649e-07  -5.199062486e-07
158.834721  2.907237259e-07  -5.168421794e-07
159.165279  2.889161411e-07  -5.136286952e-07
159.4779249  2.872202667e-07  -5.106138075e-07
159.7387739  2.858154954e-07  -5.081164362e-07
159.9195339  2.848474026e-07  -5.063953825e-07
160  2.844178583e-07  -5.056317481e-07
160.0804661  2.839891772e-07  -5.048696483e-07
160.2612261  2.83029319e-07  -5.031632337e-07
160.5220751  2.816517891e-07  -5.007142917e-07
160.834721  2.800124744e-07  -4.977999545e-07
161.165279  2.782930478e-07  -4.94743196e-07
161.4779249  2.766797216e-07  -4.918750606e-07
161.7387739  2.753432096e-07  -4.894990392e-07
161.9195339  2.744220945e-07  -4.878615013e-07
162  2.740133777e-07  -4.871348936e-07
162.0804661  2.736054721e-07  -4.864097282e-07
162.2612261  2.726920956e-07  -4.847859478e-07
162.5220751  2.713811845e-07  -4.824554391e-07
162.834721  2.698210117e-07  -4.796817985e-07
163.165279  2.681844337e-07  -4.767723266e-07
163.4779249  2.666486936e-07  -4.740421219e-07
163.7387739  2.653763448e-07  -4.717801686e-07
163.9195339  2.644993921e-07  -4.702211415e-07
164  2.641102557e-07  -4.695293434e-07
164.0804661  2.637218822e-07  -4.688389017e-07
164.2612261  2.628522076e-07  -4.672928135e-07
164.5220751  2.616039363e-07  -4.650736645e-07
164.834721  2.601181864e-07  -4.624323314e-07
165.165279  2.585595267e-07  -4.596613808e-07
165.4779249  2.570967643e-07  -4.570609143e-07
165.7387739  2.558847741e-07  -4.549062651e-07
165.9195339  2.550493685e-07  -4.534210996e-07
166  2.546786538e-07  -4.527620513e-07
166.0804661  2.543086572e-07  -4.521042796e-07
166.2612261  2.534801017e-07  -4.50631292e-07
166.5220751  2.522907731e-07  -4.4851693e-07
166.834721  2.508750611e-07  -4.460001086e-07
167.165279  2.493897372e-07  -4.433595328e-07
167.4779249  2.479956686e-07  -4.408811887e-07
167.7387739  2.468405e-07  -4.388275556e-07
167.9195339  2.460442099e-07  -4.374119288e-07
168  2.456908397e-07  -4.36783715e-07
168.0804661  2.453381458e-07  -4.361567036e-07
168.2612261  2.445483077e-07  -4.34752547e-07
168.5220751  2.434144834e-07  -4.327368594e-07
168.834721  2.420647304e-07  -4.303372985e-07
169.165279  2.406484795e-07  -4.278195191e-07
169.4779249  2.393191193e-07  -4.25456212e-07
169.7387739  2.382174809e-07  -4.234977438e-07
169.9195339  2.374580436e-07  -4.221476331e-07
170  2.371210152e-07  -4.215484714e-07
170.0804661  2.367846242e-07  -4.209504431e-07
170.2612261  2.360312682e-07  -4.196111434e-07
170.5220751  2.349497478e-07  -4.176884406e-07
170.834721  2.336621569e-07  -4.1539939e-07
171.165279  2.323110101e-07  -4.129973512e-07
171.4779249  2.310426469e-07  -4.107424833e-07
171.7387739  2.299914737e-07  -4.08873731e-07
171.9195339  2.292667816e-07  -4.075853896e-07
172  2.289451612e-07  -4.070136199e-07
172.0804661  2.28624142e-07  -4.064429191e-07
172.2612261  2.279051858e-07  -4.051647748e-07
172.5220751  2.268729878e-07  -4.033297561e-07
172.834721  2.256440212e-07  -4.011449266e-07
173.165279  2.243542801e-07  -3.988520536e-07
173.4779249  2.231434553e-07  -3.96699476e-07
173.7387739  2.221398903e-07  -3.949153606e-07
173.9195339  2.21447979e-07  -3.93685296e-07
174  2.21140896e-07  -3.931393707e-07
174.0804661  2.208343805e-07  -3.925944542e-07
174.2612261  2.201478829e-07  -3.91374014e-07
174.5220751  2.191622274e-07  -3.896217375e-07
174.834721  2.179885863e-07  -3.875352646e-07
175.165279  2.167568019e-07  -3.853454255e-07
175.4779249  2.156002893e-07  -3.832894032e-07
175.7387739  2.146416676e-07  -3.815851868e-07
175.9195339  2.139807043e-07  -3.80410141e-07
176  2.136873466e-07  -3.798886161e-07
176.0804661  2.133945248e-07  -3.793680442e-07
176.2612261  2.127386745e-07  -3.782020881e-07
176.5220751  2.117969675e-07  -3.765279423e-07
176.834721  2.106755735e-07  -3.745343529e-07
177.165279  2.094985264e-07  -3.724418248e-07
177.4779249  2.083933147e-07  -3.70477004e-07
177.7387739  2.074771483e-07  -3.688482637e-07
177.9195339  2.068454219e-07  -3.677251945e-07
178  2.065650311e-07  -3.67226722e-07
178.0804661  2.062851469e-07  -3.667291501e-07
178.2612261  2.056582526e-07  -3.656146714e-07
178.5220751  2.047580718e-07  -3.640143498e-07
178.834721  2.036860494e-07  -3.621085323e-07
179.165279  2.025607328e-07  -3.601079694e-07
179.4779249  2.015040088e-07  -3.582293489e-07
179.7387739  2.006279731e-07  -3.566719522e-07
179.9195339  2.000238848e-07  -3.555980173e-07
180  1.997557523e-07  -3.551213375e-07
180.0804661  1.994880989e-07  -3.546455092e-07
180.2612261  1.988885801e-07  -3.53579698e-07
180.5220751  1.980276615e-07  -3.520491759e-07
180.834721  1.970023234e-07  -3.502263527e-07
181.165279  1.959259262e-07  -3.483127578e-07
181.4779249  1.949150597e-07  -3.465156617e-07
181.7387739  1.940769814e-07  -3.450257447e-07
181.9195339  1.93499036e-07  -3.439982863e-07
182  1.932424993e-07  -3.43542221e-07
182.0804661  1.929864159e-07  -3.430869615e-07
182.2612261  1.924127944e-07  -3.420671901e-07
182.5220751  1.915890205e-07  -3.406027032e-07
182.834721  1.906078529e-07  -3.388584052e-07
183.165279  1.895777457e-07  -3.370271034e-07
183.4779249  1.886102759e-07  -3.353071571e-07
183.7387739  1.878081212e-07  -3.338811043e-07
183.9195339  1.872549198e-07  -3.328976351e-07
184  1.870093586e-07  -3.32461082e-07
184.0804661  1.867642267e-07  -3.320252918e-07
184.2612261  1.862151192e-07  -3.310491008e-07
184.5220751  1.854265083e-07  -3.296471258e-07
184.834721  1.84487158e-07  -3.279771697e-07
185.165279  1.835008788e-07  -3.262237845e-07
185.4779249  1.825745018e-07  -3.24576892e-07
185.7387739  1.818063664e-07  -3.23211318e-07
185.9195339  1.812765987e-07  -3.222695088e-07
186  1.810414324e-07  -3.218514354e-07
186.0804661  1.808066727e-07  -3.214340848e-07
186.2612261  1.802807836e-07  -3.204991709e-07
186.5220751  1.795254793e-07  -3.191564076e-07
186.834721  1.786257421e-07  -3.175568748e-07
187.165279  1.776809846e-07  -3.158773059e-07
187.4779249  1.767935416e-07  -3.142996294e-07
187.7387739  1.76057641e-07  -3.129913617e-07
187.9195339  1.755500793e-07  -3.120890298e-07
188  1.753247636e-07  -3.116884686e-07
188.0804661  1.750998333e-07  -3.112885926e-07
188.2612261  1.745959483e-07  -3.103927969e-07
188.5220751  1.738722106e-07  -3.091061521e-07
188.834721  1.730100201e-07  -3.075733691e-07
189.165279  1.721046222e-07  -3.059637727e-07
189.4779249  1.71254089e-07  -3.044517138e-07
189.7387739  1.705487499e-07  -3.031977777e-07
189.9195339  1.700622428e-07  -3.023328762e-07
190  1.698462673e-07  -3.019489197e-07
190.0804661  1.696306574e-07  -3.015656131e-07
190.2612261  1.691476374e-07  -3.007069109e-07
190.5220751  1.684538344e-07  -2.994734834e-07
190.834721  1.676272524e-07  -2.980040043e-07
191.165279  1.667591854e-07  -2.964607741e-07
191.4779249  1.659436631e-07  -2.950109566e-07
191.7387739  1.652673153e-07  -2.938085606e-07
191.9195339  1.648007823e-07  -2.929791686e-07
192  1.64593668e-07  -2.926109653e-07
192.0804661  1.643869006e-07  -2.922433788e-07
192.2612261  1.639236768e-07  -2.914198699e-07
192.5220751  1.632582767e-07  -2.902369363e-07
192.834721  1.624654837e-07  -2.888275266e-07
193.165279  1.616328434e-07  -2.873472771e-07
193.4779249  1.608505488e-07  -2.859565312e-07
193.7387739  1.60201718e-07  -2.848030543e-07
193.9195339  1.597541445e-07  -2.84007368e-07
194  1.595554415e-07  -2.836541182e-07
194.0804661  1.593570679e-07  -2.83301454e-07
194.2612261  1.589126365e-07  -2.825113538e-07
194.5220751  1.582742006e-07  -2.813763565e-07
194.834721  1.575134876e-07  -2.80023978e-07
195.165279  1.56714485e-07  -2.786035288e-07
195.4779249  1.559637429e-07  -2.772688763e-07
195.7387739  1.553410439e-07  -2.761618558e-07
195.9195339  1.549114764e-07  -2.753981802e-07
196  1.54720762e-07  -2.750591325e-07
196.0804661  1.545303606e-07  -2.74720641e-07
196.2612261  1.541037782e-07  -2.739622723e-07
196.5220751  1.534909543e-07  -2.728728077e-07
196.834721  1.52760715e-07  -2.715746045e-07
197.165279  1.519936685e-07  -2.702109661e-07
197.4779249  1.512729041e-07  -2.689296073e-07
197.7387739  1.506750344e-07  -2.678667277e-07
197.9195339  1.502625765e-07  -2.671334693e-07
198  1.500794533e-07  -2.668079169e-07
198.0804661  1.498966276e-07  -2.664828934e-07
198.2612261  1.49487007e-07  -2.657546791e-07
198.5220751  1.488985237e-07  -2.647084865e-07
198.834721  1.481972473e-07  -2.634617729e-07
199.165279  1.47460575e-07  -2.621521333e-07
199.4779249  1.467683069e-07  -2.609214344e-07
199.7387739  1.461940411e-07  -2.599005175e-07
199.9195339  1.457978494e-07  -2.591961767e-07
200  1.456219434e-07  -2.58883455e-07
200.0804661  1.454463203e-07  -2.585712362e-07
200.2612261  1.450528269e-07  -2.578716923e-07
200.5220751  1.444874875e-07  -2.568666445e-07
200.834721  1.438137522e-07  -2.556688929e-07
201.165279  1.431059656e-07  -2.544106055e-07
201.4779249  1.424407992e-07  -2.532280875e-07
201.7387739  1.41888984e-07  -2.522470827e-07
201.9195339  1.415082644e-07  -2.515702479e-07
202  1.413392236e-07  -2.512697309e-07
202.0804661  1.411704519e-07  -2.509696923e-07
202.2612261  1.407922997e-07  -2.502974217e-07
202.5220751  1.402489777e-07  -2.493315158e-07
202.834721  1.396014446e-07  -2.48180346e-07
203.165279  1.389211415e-07  -2.469709183e-07
203.4779249  1.382817635e-07  -2.458342463e-07
203.7387739  1.377513124e-07  -2.448912221e-07
203.9195339  1.373853171e-07  -2.442405636e-07
204  1.372228097e-07  -2.439516617e-07
204.0804661  1.370605586e-07  -2.436632152e-07
204.2612261  1.366970071e-07  -2.430169015e-07
204.5220751  1.361746409e-07  -2.420882505e-07
204.834721  1.355520486e-07  -2.409814197e-07
205.165279  1.34897908e-07  -2.398185031e-07
205.4779249  1.342830806e-07  -2.387254766e-07
205.7387739  1.337729696e-07  -2.378186126e-07
205.9195339  1.334209935e-07  -2.371928773e-07
206  1.33264707e-07  -2.369150346e-07
206.0804661  1.331086645e-07  -2.366376257e-07
206.2612261  1.327590159e-07  -2.360160282e-07
206.5220751  1.322566048e-07  -2.35122853e-07
206.834721  1.31657764e-07  -2.340582471e-07
207.165279  1.310285402e-07  -2.329396269e-07
207.4779249  1.304370963e-07  -2.318881712e-07
207.7387739  1.299463597e-07  -2.310157507e-07
207.9195339  1.29607738e-07  -2.304137564e-07
208  1.294573775e-07  -2.301464488e-07
208.0804661  1.293072495e-07  -2.298795546e-07
208.2612261  1.289708455e-07  -2.292815031e-07
208.5220751  1.284874457e-07  -2.284221257e-07
208.834721  1.279112344e-07  -2.273977501e-07
209.165279  1.273057522e-07  -2.263213373e-07
209.4779249  1.267365907e-07  -2.253094946e-07
209.7387739  1.262643174e-07  -2.244698977e-07
209.9195339  1.259384226e-07  -2.238905291e-07
210  1.257937099e-07  -2.236332621e-07
210.0804661  1.256492188e-07  -2.23376389e-07
210.2612261  1.253254382e-07  -2.22800779e-07
210.5220751  1.24860159e-07  -2.21973616e-07
210.834721  1.243055183e-07  -2.209875881e-07
211.165279  1.237226685e-07  -2.199514106e-07
211.4779249  1.231747497e-07  -2.189773329e-07
211.7387739  1.227200796e-07  -2.181690304e-07
211.9195339  1.224063194e-07  -2.176112345e-07
212  1.222669917e-07  -2.173635409e-07
212.0804661  1.221278755e-07  -2.171162231e-07
212.2612261  1.218161316e-07  -2.165620117e-07
212.5220751  1.213681317e-07  -2.157655675e-07
212.834721  1.208340617e-07  -2.148161097e-07
213.165279  1.202727966e-07  -2.13818305e-07
213.4779249  1.197451388e-07  -2.128802467e-07
213.7387739  1.193072591e-07  -2.12101794e-07
213.9195339  1.19005074e-07  -2.11564576e-07
214  1.188708833e-07  -2.113260147e-07
214.0804661  1.187368942e-07  -2.110878119e-07
214.2612261  1.184366329e-07  -2.10554014e-07
214.5220751  1.180051176e-07  -2.097868758e-07
214.834721  1.174906734e-07  -2.088723082e-07
215.165279  1.169500029e-07  -2.079111163e-07
215.4779249  1.164416781e-07  -2.070074278e-07
215.7387739  1.160198211e-07  -2.062574597e-07
215.9195339  1.157286821e-07  -2.057398793e-07
216  1.155993937e-07  -2.055100333e-07
216.0804661  1.154702978e-07  -2.052805294e-07
216.2612261  1.151809952e-07  -2.047662138e-07
216.5220751  1.147652133e-07  -2.040270459e-07
216.834721  1.142695015e-07  -2.031457805e-07
217.165279  1.137484898e-07  -2.022195374e-07
217.4779249  1.132586206e-07  -2.013486589e-07
217.7387739  1.128520599e-07  -2.006258843e-07
217.9195339  1.12571467e-07  -2.001270524e-07
218  1.124468591e-07  -1.999055272e-07
218.0804661  1.12322435e-07  -1.996843288e-07
218.2612261  1.120435957e-07  -1.991886146e-07
218.5220751  1.116428365e-07  -1.984761539e-07
218.834721  1.111650123e-07  -1.976266886e-07
219.165279  1.106627739e-07  -1.967338202e-07
219.4779249  1.101905303e-07  -1.958942761e-07
219.7387739  1.097985789e-07  -1.951974736e-07
219.9195339  1.095280588e-07  -1.94716549e-07
220  1.094079214e-07  -1.945029715e-07
220.0804661  1.092879597e-07  -1.942897062e-07
220.2612261  1.09019115e-07  -1.9381176e-07
220.5220751  1.086327062e-07  -1.93124811e-07
220.834721  1.0817197e-07  -1.923057244e-07
221.165279  1.076876667e-07  -1.914447409e-07
221.4779249  1.072322632e-07  -1.906351345e-07
221.7387739  1.068542707e-07  -1.89963148e-07
221.9195339  1.065933754e-07  -1.894993341e-07
222  1.0647751e-07  -1.892933511e-07
222.0804661  1.063618124e-07  -1.890876665e-07
222.2612261  1.061025184e-07  -1.886266993e-07
222.5220751  1.057298233e-07  -1.879641303e-07
222.834721  1.052854179e-07  -1.871740763e-07
223.165279  1.048182565e-07  -1.863435671e-07
223.4779249  1.043789489e-07  -1.855625758e-07
223.7387739  1.040142995e-07  -1.849143102e-07
223.9195339  1.037626048e-07  -1.844668529e-07
224  1.03650823e-07  -1.842681298e-07
224.0804661  1.035392017e-07  -1.840696919e-07
224.2612261  1.032890381e-07  -1.836249566e-07
224.5220751  1.029294537e-07  -1.829856954e-07
224.834721  1.02500662e-07  -1.822233991e-07
225.165279  1.020498906e-07  -1.814220278e-07
225.4779249  1.016259741e-07  -1.806683985e-07
225.7387739  1.012740841e-07  -1.800428163e-07
225.9195339  1.01031188e-07  -1.796110008e-07
226  1.009233115e-07  -1.794192205e-07
226.0804661  1.008155886e-07  -1.792277131e-07
226.2612261  1.00574157e-07  -1.787985013e-07
226.5220751  1.002271118e-07  -1.781815321e-07
226.834721  9.981325409e-08  -1.774457851e-07
227.165279  9.937816022e-08  -1.766722848e-07
227.4779249  9.896896667e-08  -1.759448296e-07
227.7387739  9.862928288e-08  -1.753409473e-07
227.9195339  9.839480411e-08  -1.749240962e-07
228  9.829066396e-08  -1.747389581e-07
228.0804661  9.818667072e-08  -1.745540813e-07
228.2612261  9.795359334e-08  -1.741397215e-07
228.5220751  9.761854561e-08  -1.735440811e-07
228.834721  9.72189773e-08  -1.728337374e-07
229.165279  9.679888526e-08  -1.720869071e-07
229.4779249  9.640378098e-08  -1.713844995e-07
229.7387739  9.60757787e-08  -1.708013844e-07
229.9195339  9.584935585e-08  -1.703988548e-07
230  9.574879161e-08  -1.70220074e-07
230.0804661  9.5648368e-08  -1.700415431e-07
230.2612261  9.542328668e-08  -1.696413985e-07
230.5220751  9.509972236e-08  -1.690661731e-07
230.834721  9.471383204e-08  -1.683801458e-07
231.165279  9.43081008e-08  -1.676588459e-07
231.4779249  9.392648458e-08  -1.66980417e-07
231.7387739  9.360966595e-08  -1.664171839e-07
231.9195339  9.339095601e-08  -1.660283662e-07
232  9.32938155e-08  -1.65855672e-07
232.0804661  9.319680967e-08  -1.656832172e-07
232.2612261  9.297938442e-08  -1.652966834e-07
232.5220751  9.266681573e-08  -1.647410057e-07
232.834721  9.229402309e-08  -1.640782633e-07
233.165279  9.190204421e-08  -1.633814119e-07
233.4779249  9.153334536e-08  -1.627259473e-07
233.7387739  9.122723776e-08  -1.62181756e-07
233.9195339  9.10159151e-08  -1.618060713e-07
234  9.092205386e-08  -1.616392069e-07
234.0804661  9.082832163e-08  -1.614725718e-07
234.2612261  9.061822968e-08  -1.61099075e-07
234.5220751  9.031619348e-08  -1.605621217e-07
234.834721  8.995594752e-08  -1.599216845e-07
235.165279  8.957714323e-08  -1.592482546e-07
235.4779249  8.92208198e-08  -1.586147907e-07
235.7387739  8.892497439e-08  -1.580888434e-07
235.9195339  8.872072971e-08  -1.577257417e-07
236  8.863001052e-08  -1.575644631e-07
236.0804661  8.853941497e-08  -1.574034044e-07
236.2612261  8.833634973e-08  -1.570423995e-07
236.5220751  8.80444061e-08  -1.565233886e-07
236.834721  8.76961834e-08  -1.55904326e-07
237.165279  8.733000481e-08  -1.552533419e-07
237.4779249  8.69855419e-08  -1.546409634e-07
237.7387739  8.669953221e-08  -1.541325017e-07
237.9195339  8.650207166e-08  -1.537814607e-07
238  8.641436413e-08  -1.536255362e-07
238.0804661  8.632677513e-08  -1.534698225e-07
238.2612261  8.613044529e-08  -1.531207916e-07
238.5220751  8.584817617e-08  -1.526189799e-07
238.834721  8.551147929e-08  -1.520204076e-07
239.165279  8.515740474e-08  -1.513909418e-07
239.4779249  8.482431294e-08  -1.507987786e-07
239.7387739  8.45477336e-08  -1.50307082e-07
239.9195339  8.435677782e-08  -1.49967605e-07
240  8.427195801e-08  -1.498168142e-07
240.0804661  8.418725188e-08  -1.496662256e-07
240.2612261  8.399738048e-08  -1.493286764e-07
240.5220751  8.372438842e-08  -1.488433572e-07
240.834721  8.339874441e-08  -1.482644345e-07
241.165279  8.305627788e-08  -1.476556051e-07
241.4779249  8.273409183e-08  -1.470828299e-07
241.7387739  8.246655734e-08  -1.466072131e-07
241.9195339  8.228184068e-08  -1.462788279e-07
242  8.219979072e-08  -1.461329613e-07
242.0804661  8.211784981e-08  -1.459872886e-07
242.2612261  8.193417345e-08  -1.456607528e-07
242.5220751  8.167008045e-08  -1.451912541e-07
242.834721  8.135503946e-08  -1.446311813e-07
243.165279  8.102370913e-08  -1.440421496e-07
243.4779249  8.071198612e-08  -1.434879753e-07
243.7387739  8.045312976e-08  -1.430277862e-07
243.9195339  8.027439947e-08  -1.427100435e-07
244  8.01950072e-08  -1.425689017e-07
244.0804661  8.01157196e-08  -1.42427946e-07
244.2612261  7.993798767e-08  -1.421119781e-07
244.5220751  7.968243404e-08  -1.416576605e-07
244.834721  7.937756803e-08  -1.411156765e-07
245.165279  7.905692489e-08  -1.405456443e-07
245.4779249  7.875524362e-08  -1.40009322e-07
245.7387739  7.850471635e-08  -1.395639402e-07
245.9195339  7.833173187e-08  -1.392564122e-07
246  7.825489057e-08  -1.391198054e-07
246.0804661  7.817814974e-08  -1.389833773e-07
246.2612261  7.800612368e-08  -1.386775532e-07
246.5220751  7.775876705e-08  -1.382378081e-07
246.834721  7.746366853e-08  -1.377131885e-07
247.165279  7.715328515e-08  -1.371613958e-07
247.4779249  7.68612445e-08  -1.366422124e-07
247.7387739  7.6618714e-08  -1.362110471e-07
247.9195339  7.645124628e-08  -1.359133267e-07
248  7.637685429e-08  -1.357810743e-07
248.0804661  7.63025588e-08  -1.356489934e-07
248.2612261  7.613601148e-08  -1.353529093e-07
248.5220751  7.589652581e-08  -1.34927157e-07
248.834721  7.561080672e-08  -1.34419212e-07
249.165279  7.5310276e-08  -1.338849351e-07
249.4779249  7.502749393e-08  -1.333822114e-07
249.7387739  7.479264366e-08  -1.329646998e-07
249.9195339  7.463047452e-08  -1.326763991e-07
250  7.455843504e-08  -1.32548329e-07
250.0804661  7.448648825e-08  -1.324204236e-07
250.2612261  7.432520328e-08  -1.321336947e-07
250.5220751  7.409327798e-08  -1.317213831e-07
250.834721  7.381656862e-08  -1.312294553e-07
251.165279  7.35255027e-08  -1.307120048e-07
251.4779249  7.32516152e-08  -1.302250937e-07
251.7387739  7.302414354e-08  -1.298206996e-07
251.9195339  7.286706507e-08  -1.29541449e-07
252  7.279728583e-08  -1.29417397e-07
252.0804661  7.272759566e-08  -1.292935034e-07
252.2612261  7.257136683e-08  -1.290157633e-07
252.5220751  7.23467059e-08  -1.28616366e-07
252.834721  7.207865392e-08  -1.281398292e-07
253.165279  7.17966831e-08  -1.276385477e-07
253.4779249  7.153134319e-08  -1.271668323e-07
253.7387739  7.131096263e-08  -1.267750447e-07
253.9195339  7.115877664e-08  -1.265044918e-07
254  7.109116969e-08  -1.263843017e-07
254.0804661  7.102364836e-08  -1.262642637e-07
254.2612261  7.087227908e-08  -1.259951628e-07
254.5220751  7.065460031e-08  -1.256081783e-07
254.834721  7.039486976e-08  -1.251464351e-07
255.165279  7.012164157e-08  -1.246606961e-07
255.4779249  6.986451839e-08  -1.242035882e-07
255.7387739  6.965095474e-08  -1.238239195e-07
255.9195339  6.950347222e-08  -1.235617284e-07
256  6.943795368e-08  -1.23445251e-07
256.0804661  6.937251747e-08  -1.233289199e-07
256.2612261  6.922582026e-08  -1.230681249e-07
256.5220751  6.90148545e-08  -1.226930747e-07
256.834721  6.876312496e-08  -1.222455555e-07
257.165279  6.849830316e-08  -1.217747612e-07
257.4779249  6.82490811e-08  -1.213316997e-07
257.7387739  6.804207282e-08  -1.20963685e-07
257.9195339  6.789911346e-08  -1.20709535e-07
258  6.783560331e-08  -1.205966281e-07
258.0804661  6.777217235e-08  -1.20483862e-07
258.2612261  6.762996833e-08  -1.202310548e-07
258.5220751  6.742545879e-08  -1.198674823e-07
258.834721  6.718142453e-08  -1.194336436e-07
259.165279  6.69246883e-08  -1.189772236e-07
259.4779249  6.668306619e-08  -1.185476732e-07
259.7387739  6.648236366e-08  -1.181908687e-07
259.9195339  6.634375538e-08  -1.17944454e-07
260  6.628217726e-08  -1.178349818e-07
260.0804661  6.622067532e-08  -1.17725645e-07
260.2612261  6.608279377e-08  -1.174805223e-07
260.5220751  6.588449535e-08  -1.171279917e-07
260.834721  6.564786455e-08  -1.167073148e-07
261.165279  6.539890765e-08  -1.162647247e-07
261.4779249  6.516459798e-08  -1.158481742e-07
261.7387739  6.496996293e-08  -1.155021563e-07
261.9195339  6.483554145e-08  -1.152631848e-07
262  6.477582244e-08  -1.151570177e-07
262.0804661  6.471617674e-08  -1.150509809e-07
262.2612261  6.458245467e-08  -1.148132528e-07
262.5220751  6.439013336e-08  -1.144713482e-07
262.834721  6.416062738e-08  -1.140633376e-07
263.165279  6.391915737e-08  -1.136340575e-07
263.4779249  6.369188561e-08  -1.132300189e-07
263.7387739  6.350309047e-08  -1.128943831e-07
263.9195339  6.337269889e-08  -1.126625758e-07
264  6.331476935e-08  -1.1255959e-07
264.0804661  6.32569104e-08  -1.124567296e-07
264.2612261  6.312719214e-08  -1.122261194e-07
264.5220751  6.294062442e-08  -1.118944434e-07
264.834721  6.271797711e-08  -1.11498626e-07
265.165279  6.248371465e-08  -1.110821594e-07
265.4779249  6.226321851e-08  -1.106901662e-07
265.7387739  6.20800459e-08  -1.10364526e-07
265.9195339  6.195353433e-08  -1.101396166e-07
266  6.189732774e-08  -1.100396938e-07
266.0804661  6.184118912e-08  -1.099398918e-07
266.2612261  6.171532593e-08  -1.09716135e-07
266.5220751  6.153429824e-08  -1.09394308e-07
266.834721  6.13182553e-08  -1.090102316e-07
267.165279  6.109093348e-08  -1.08606104e-07
267.4779249  6.087696234e-08  -1.082257108e-07
267.7387739  6.069920448e-08  -1.079096968e-07
267.9195339  6.057642967e-08  -1.076914305e-07
268  6.052188245e-08  -1.075944577e-07
268.0804661  6.04674007e-08  -1.074976012e-07
268.2612261  6.034525043e-08  -1.072804452e-07
268.5220751  6.016955865e-08  -1.069681043e-07
268.834721  5.9959877e-08  -1.065953369e-07
269.165279  5.973924066e-08  -1.062030945e-07
269.4779249  5.953155493e-08  -1.058338754e-07
269.7387739  5.935901322e-08  -1.055271346e-07
269.9195339  5.923983822e-08  -1.053152679e-07
270  5.918688958e-08  -1.05221137e-07
270.0804661  5.913400402e-08  -1.051271183e-07
270.2612261  5.901543076e-08  -1.049163214e-07
270.5220751  5.884487974e-08  -1.046131195e-07
270.834721  5.864132697e-08  -1.042512479e-07
271.165279  5.842713213e-08  -1.038704571e-07
271.4779249  5.82255027e-08  -1.035120048e-07
271.7387739  5.805798721e-08  -1.032141995e-07
271.9195339  5.794228104e-08  -1.030084996e-07
272  5.789087284e-08  -1.029171073e-07
272.0804661  5.783952545e-08  -1.02825823e-07
272.2612261  5.772439922e-08  -1.026211542e-07
272.5220751  5.75588023e-08  -1.023267596e-07
272.834721  5.73611561e-08  -1.019753886e-07
273.165279  5.71531694e-08  -1.016056345e-07
273.4779249  5.695737711e-08  -1.012575593e-07
273.7387739  5.679470615e-08  -1.009683665e-07
273.9195339  5.668234351e-08  -1.007686107e-07
274  5.663242015e-08  -1.00679858e-07
274.0804661  5.658255539e-08  -1.005912096e-07
274.2612261  5.647075185e-08  -1.003924477e-07
274.5220751  5.630993044e-08  -1.00106543e-07
274.834721  5.611797812e-08  -9.976529443e-08
275.165279  5.591597625e-08  -9.940618001e-08
275.4779249  5.57258114e-08  -9.906810916e-08
275.7387739  5.556781109e-08  -9.878721972e-08
275.9195339  5.545867209e-08  -9.859319482e-08
276  5.541018033e-08  -9.850698725e-08
276.0804661  5.536174509e-08  -9.842088016e-08
276.2612261  5.525314521e-08  -9.822781371e-08
276.5220751  5.509692841e-08  -9.795009495e-08
276.834721  5.491046639e-08  -9.761860692e-08
277.165279  5.471423564e-08  -9.726975225e-08
277.4779249  5.452949749e-08  -9.694132887e-08
277.7387739  5.43760014e-08  -9.666844693e-08
277.9195339  5.426997125e-08  -9.647994888e-08
278  5.422286015e-08  -9.639619581e-08
278.0804661  5.417580356e-08  -9.631253966e-08
278.2612261  5.407029342e-08  -9.612496607e-08
278.5220751  5.391851759e-08  -9.585514239e-08
278.834721  5.373735098e-08  -9.553306841e-08
279.165279  5.354668671e-08  -9.519410971e-08
279.4779249  5.336718306e-08  -9.48749921e-08
279.7387739  5.321803182e-08  -9.460983434e-08
279.9195339  5.31150006e-08  -9.442666774e-08
280  5.306922137e-08  -9.434528244e-08
280.0804661  5.302349473e-08  -9.426399063e-08
280.2612261  5.292096522e-08  -9.408171595e-08
280.5220751  5.277347368e-08  -9.381950877e-08
280.834721  5.259741582e-08  -9.350651702e-08
281.165279  5.241212204e-08  -9.317710585e-08
281.4779249  5.22376688e-08  -9.286696675e-08
281.7387739  5.209270976e-08  -9.260926179e-08
281.9195339  5.19925722e-08  -9.243123947e-08
282  5.19480781e-08  -9.235213885e-08
282.0804661  5.190363476e-08  -9.227312845e-08
282.2612261  5.180398136e-08  -9.209596687e-08
282.5220751  5.1660624e-08  -9.184110933e-08
282.834721  5.148949607e-08  -9.153688191e-08
283.165279  5.130938502e-08  -9.121668447e-08
283.4779249  5.11398058e-08  -9.091521032e-08
283.7387739  5.099889271e-08  -9.066469815e-08
283.9195339  5.090154793e-08  -9.049164077e-08
284  5.085829419e-08  -9.041474522e-08
284.0804661  5.081508943e-08  -9.033793676e-08
284.2612261  5.071821201e-08  -9.016571024e-08
284.5220751  5.057884498e-08  -8.991794663e-08
284.834721  5.041247563e-08  -8.96221789e-08
285.165279  5.023736736e-08  -8.93108753e-08
285.4779249  5.007249314e-08  -8.901776558e-08
285.7387739  4.993548581e-08  -8.877419699e-08
285.9195339  4.984083713e-08  -8.860593268e-08
286  4.979878081e-08  -8.853116589e-08
286.0804661  4.97567718e-08  -8.845648319e-08
286.2612261  4.966257436e-08  -8.828902108e-08
286.5220751  4.952705979e-08  -8.804810629e-08
286.834721  4.936528476e-08  -8.776050624e-08
287.165279  4.919500677e-08  -8.745778981e-08
287.4779249  4.903467549e-08  -8.717275643e-08
287.7387739  4.890143954e-08  -8.693589251e-08
287.9195339  4.880939426e-08  -8.677225646e-08
288  4.876849422e-08  -8.669954528e-08
288.0804661  4.872763986e-08  -8.662691531e-08
288.2612261  4.863603037e-08  -8.646405399e-08
288.5220751  4.850423606e-08  -8.622975299e-08
288.834721  4.834689785e-08  -8.595004062e-08
289.165279  4.818128473e-08  -8.56556173e-08
289.4779249  4.8025341e-08  -8.537838401e-08
289.7387739  4.789574755e-08  -8.514799564e-08
289.9195339  4.780621677e-08  -8.498882981e-08
290  4.776643354e-08  -8.491810407e-08
290.0804661  4.772669444e-08  -8.484745678e-08
290.2612261  4.763758462e-08  -8.468903933e-08
290.5220751  4.750938378e-08  -8.446112672e-08
290.834721  4.735633132e-08  -8.418903345e-08
291.165279  4.719522442e-08  -8.390262119e-08
291.4779249  4.704351918e-08  -8.363292298e-08
291.7387739  4.691744458e-08  -8.340879037e-08
291.9195339  4.683034302e-08  -8.325394315e-08
292  4.679163875e-08  -8.318513555e-08
292.0804661  4.675297711e-08  -8.311640375e-08
292.2612261  4.666628229e-08  -8.296227963e-08
292.5220751  4.654155327e-08  -8.274053915e-08
292.834721  4.639264162e-08  -8.247580733e-08
293.165279  4.623588872e-08  -8.219713549e-08
293.4779249  4.608827893e-08  -8.19347181e-08
293.7387739  4.596560458e-08  -8.171663036e-08
293.9195339  4.58808504e-08  -8.156595627e-08
294  4.584318874e-08  -8.149900221e-08
294.0804661  4.58055683e-08  -8.143212142e-08
294.2612261  4.572120722e-08  -8.128214617e-08
294.5220751  4.559983328e-08  -8.106637028e-08
294.834721  4.545492336e-08  -8.080875264e-08
295.165279  4.530237834e-08  -8.05375615e-08
295.4779249  4.515872674e-08  -8.028218088e-08
295.7387739  4.503933876e-08  -8.006993558e-08
295.9195339  4.495685343e-08  -7.992329498e-08
296  4.492019952e-08  -7.985813248e-08
296.0804661  4.488358545e-08  -7.979304079e-08
296.2612261  4.48014801e-08  -7.964707574e-08
296.5220751  4.46833492e-08  -7.943706525e-08
296.834721  4.454230747e-08  -7.918632439e-08
297.165279  4.43938301e-08  -7.892236462e-08
297.4779249  4.425400489e-08  -7.867378647e-08
297.7387739  4.413779397e-08  -7.846718928e-08
297.9195339  4.405750206e-08  -7.832444811e-08
298  4.402182242e-08  -7.826101763e-08
298.0804661  4.398618129e-08  -7.819765563e-08
298.2612261  4.390625679e-08  -7.805556763e-08
298.5220751  4.379126133e-08  -7.785113125e-08
298.834721  4.365395958e-08  -7.760703925e-08
299.165279  4.350941516e-08  -7.73500714e-08
299.4779249  4.337328979e-08  -7.710807074e-08
299.7387739  4.326015095e-08  -7.690693502e-08
299.9195339  4.318198003e-08  -7.67679645e-08
300  4.31472425e-08  -7.670620889e-08
300.0804661  4.311254222e-08  -7.66445195e-08
300.2612261  4.303472663e-08  -7.650618068e-08
300.5220751  4.292276327e-08  -7.63071347e-08
300.834721  4.278907835e-08  -7.606947262e-08
301.165279  4.264833753e-08  -7.581926672e-08
301.4779249  4.251579042e-08  -7.558362742e-08
301.7387739  4.240562281e-08  -7.538777389e-08
301.9195339  4.232950332e-08  -7.525245035e-08
302  4.229567701e-08  -7.519231468e-08
302.0804661  4.226188672e-08  -7.513224306e-08
302.2612261  4.218611095e-08  -7.499753058e-08
302.5220751  4.20770804e-08  -7.480369849e-08
302.834721  4.194689401e-08  -7.457225601e-08
303.165279  4.180983249e-08  -7.432859109e-08
303.4779249  4.168074684e-08  -7.409910549e-08
303.7387739  4.157345356e-08  -7.390836188e-08
303.9195339  4.149931864e-08  -7.377656646e-08
304  4.146637386e-08  -7.371799797e-08
304.0804661  4.143346394e-08  -7.365949145e-08
304.2612261  4.135966158e-08  -7.352828724e-08
304.5220751  4.125346844e-08  -7.333949946e-08
304.834721  4.112666687e-08  -7.311407443e-08
305.165279  4.09931652e-08  -7.287673813e-08
305.4779249  4.086742875e-08  -7.265320667e-08
305.7387739  4.076291667e-08  -7.246740741e-08
305.9195339  4.069070206e-08  -7.233902588e-08
306  4.065861028e-08  -7.228197384e-08
306.0804661  4.062655225e-08  -7.222498177e-08
306.2612261  4.055465947e-08  -7.209717238e-08
306.5220751  4.045121205e-08  -7.191326586e-08
306.834721  4.0327686e-08  -7.169366399e-08
307.165279  4.019762935e-08  -7.146245218e-08
307.4779249  4.007513418e-08  -7.1244683e-08
307.7387739  3.997331377e-08  -7.106366892e-08
307.9195339  3.990295769e-08  -7.093859144e-08
308  3.987169149e-08  -7.088300709e-08
308.0804661  3.984045795e-08  -7.08274808e-08
308.2612261  3.977041339e-08  -7.070295713e-08
308.5220751  3.966962351e-08  -7.052377513e-08
308.834721  3.95492679e-08  -7.030980959e-08
309.165279  3.942254587e-08  -7.008452598e-08
309.4779249  3.930318821e-08  -6.987233459e-08
309.7387739  3.920397335e-08  -6.969595262e-08
309.9195339  3.91354164e-08  -6.95740736e-08
310  3.91049494e-08  -6.951991004e-08
310.0804661  3.907451402e-08  -6.946580269e-08
310.2612261  3.900625866e-08  -6.934445984e-08
310.5220751  3.890804153e-08  -6.916985161e-08
310.834721  3.879075529e-08  -6.896134274e-08
311.165279  3.866726168e-08  -6.874179855e-08
311.4779249  3.855094172e-08  -6.85350075e-08
311.7387739  3.845424961e-08  -6.836311042e-08
311.9195339  3.838743465e-08  -6.824432826e-08
312  3.835774147e-08  -6.819154039e-08
312.0804661  3.832807891e-08  -6.813880695e-08
312.2612261  3.8261556e-08  -6.8020544e-08
312.5220751  3.816583005e-08  -6.785036453e-08
312.834721  3.805151596e-08  -6.764713948e-08
313.165279  3.793114861e-08  -6.743315309e-08
313.4779249  3.781777031e-08  -6.723159167e-08
313.7387739  3.772352128e-08  -6.706403784e-08
313.9195339  3.765839332e-08  -6.69482548e-08
314  3.762944956e-08  -6.689679922e-08
314.0804661  3.760053545e-08  -6.684539635e-08
314.2612261  3.753569036e-08  -6.673011619e-08
314.5220751  3.744237711e-08  -6.656422597e-08
314.834721  3.733094161e-08  -6.636611841e-08
315.165279  3.721360222e-08  -6.615751506e-08
315.4779249  3.710307318e-08  -6.596101899e-08
315.7387739  3.701119055e-08  -6.57976721e-08
315.9195339  3.694769669e-08  -6.568479412e-08
316  3.691947884e-08  -6.563462906e-08
316.0804661  3.689128973e-08  -6.558451507e-08
316.2612261  3.682806989e-08  -6.547212426e-08
316.5220751  3.67370938e-08  -6.531038898e-08
316.834721  3.662844685e-08  -6.511723885e-08
317.165279  3.651404081e-08  -6.491385033e-08
317.4779249  3.640627209e-08  -6.472226149e-08
317.7387739  3.631668205e-08  -6.456299032e-08
317.9195339  3.625477136e-08  -6.445292686e-08
318  3.622725681e-08  -6.440401211e-08
318.0804661  3.61997701e-08  -6.435514685e-08
318.2612261  3.613812493e-08  -6.424555543e-08
318.5220751  3.604941328e-08  -6.408784583e-08
318.834721  3.59434682e-08  -6.389949903e-08
319.165279  3.583190441e-08  -6.370116339e-08
319.4779249  3.572681037e-08  -6.351432955e-08
319.7387739  3.563944187e-08  -6.335900777e-08
319.9195339  3.55790653e-08  -6.325167165e-08
320  3.555223229e-08  -6.320396851e-08
320.0804661  3.552542624e-08  -6.315631332e-08
320.2612261  3.5465307e-08  -6.304943467e-08
320.5220751  3.537878978e-08  -6.289562627e-08
320.834721  3.52754631e-08  -6.271193441e-08
321.165279  3.516665384e-08  -6.251849571e-08
321.4779249  3.506415202e-08  -6.233627026e-08
321.7387739  3.497893662e-08  -6.218477621e-08
321.9195339  3.492004696e-08  -6.208008348e-08
322  3.489387449e-08  -6.203355466e-08
322.0804661  3.486772818e-08  -6.198707232e-08
322.2612261  3.480908795e-08  -6.188282302e-08
322.5220751  3.472469772e-08  -6.173279594e-08
322.834721  3.462390905e-08  -6.155361609e-08
323.165279  3.451776982e-08  -6.136492413e-08
323.4779249  3.441778079e-08  -6.118716584e-08
323.7387739  3.433465257e-08  -6.103938235e-08
323.9195339  3.427720432e-08  -6.093725212e-08
324  3.425167221e-08  -6.08918617e-08
324.0804661  3.422616545e-08  -6.084651636e-08
324.2612261  3.416895903e-08  -6.074481605e-08
324.5220751  3.408663082e-08  -6.059845479e-08
324.834721  3.398830271e-08  -6.042364926e-08
325.165279  3.388475213e-08  -6.023955933e-08
325.4779249  3.378719934e-08  -6.006613217e-08
325.7387739  3.37060948e-08  -5.992194631e-08
325.9195339  3.365004412e-08  -5.982230066e-08
326  3.36251329e-08  -5.977801405e-08
326.0804661  3.360024627e-08  -5.973377114e-08
326.2612261  3.354443009e-08  -5.963454239e-08
326.5220751  3.346410131e-08  -5.949173567e-08
326.834721  3.336815913e-08  -5.932117179e-08
327.165279  3.326711875e-08  -5.914154444e-08
327.4779249  3.317192847e-08  -5.897231728e-08
327.7387739  3.309278639e-08  -5.883162024e-08
327.9195339  3.303809105e-08  -5.873438409e-08
328  3.301378196e-08  -5.869116792e-08
328.0804661  3.298949671e-08  -5.864799415e-08
328.2612261  3.293502881e-08  -5.855116233e-08
328.5220751  3.285663913e-08  -5.841180289e-08
328.834721  3.276301094e-08  -5.824535279e-08
329.165279  3.266440516e-08  -5.807005361e-08
329.4779249  3.25715063e-08  -5.790490008e-08
329.7387739  3.249426768e-08  -5.776758698e-08
329.9195339  3.244088695e-08  -5.767268792e-08
330  3.241716191e-08  -5.763051006e-08
330.0804661  3.239345999e-08  -5.758837332e-08
330.2612261  3.23402999e-08  -5.749386649e-08
330.5220751  3.226379116e-08  -5.735785095e-08
330.834721  3.217240762e-08  -5.719539133e-08
331.165279  3.207616355e-08  -5.702429075e-08
331.4779249  3.198548757e-08  -5.686308901e-08
331.7387739  3.191009553e-08  -5.672905872e-08
331.9195339  3.185799016e-08  -5.663642696e-08
332  3.183483173e-08  -5.659525641e-08
332.0804661  3.181169574e-08  -5.655412575e-08
332.2612261  3.175980444e-08  -5.646187455e-08
332.5220751  3.168512055e-08  -5.63291032e-08
332.834721  3.15959148e-08  -5.61705152e-08
333.165279  3.150196215e-08  -5.600348827e-08
333.4779249  3.141344296e-08  -5.584612082e-08
333.7387739  3.133984265e-08  -5.571527582e-08
333.9195339  3.128897478e-08  -5.562484405e-08
334  3.126636614e-08  -5.558465092e-08
334.0804661  3.124377928e-08  -5.55444965e-08
334.2612261  3.119311914e-08  -5.545443403e-08
334.5220751  3.112020603e-08  -5.532481072e-08
334.834721  3.103311358e-08  -5.51699797e-08
335.165279  3.094138456e-08  -5.500690588e-08
335.4779249  3.085495842e-08  -5.485325941e-08
335.7387739  3.078309692e-08  -5.472550563e-08
335.9195339  3.073343002e-08  -5.463720893e-08
336  3.071135496e-08  -5.459796437e-08
336.0804661  3.068930104e-08  -5.45587574e-08
336.2612261  3.063983576e-08  -5.447081913e-08
336.5220751  3.056864125e-08  -5.434425112e-08
336.834721  3.048359989e-08  -5.419306647e-08
337.165279  3.03940291e-08  -5.403382952e-08
337.4779249  3.030963451e-08  -5.388379469e-08
337.7387739  3.023946078e-08  -5.375904138e-08
337.9195339  3.019095962e-08  -5.36728171e-08
338  3.016940249e-08  -5.363449331e-08
338.0804661  3.014786587e-08  -5.359620599e-08
338.2612261  3.009956044e-08  -5.351032967e-08
338.5220751  3.00300342e-08  -5.338672747e-08
338.834721  2.994698389e-08  -5.323908247e-08
339.165279  2.985950824e-08  -5.308357021e-08
339.4779249  2.977708585e-08  -5.293704151e-08
339.7387739  2.970855062e-08  -5.28152011e-08
339.9195339  2.96611812e-08  -5.27309888e-08
340  2.96401269e-08  -5.269355893e-08
340.0804661  2.961909251e-08  -5.265616447e-08
340.2612261  2.957191313e-08  -5.257229001e-08
340.5220751  2.950400657e-08  -5.245156724e-08
340.834721  2.942288939e-08  -5.230735892e-08
341.165279  2.933744797e-08  -5.215546307e-08
341.4779249  2.925694051e-08  -5.201233869e-08
341.7387739  2.918999624e-08  -5.189332666e-08
341.9195339  2.914372574e-08  -5.181106799e-08
342  2.912315969e-08  -5.177450612e-08
342.0804661  2.910261298e-08  -5.173797864e-08
342.2612261  2.905652703e-08  -5.165604805e-08
342.5220751  2.899019327e-08  -5.153812136e-08
342.834721  2.891095329e-08  -5.13972503e-08
343.165279  2.882748731e-08  -5.124886634e-08
343.4779249  2.874883949e-08  -5.110904798e-08
343.7387739  2.868344029e-08  -5.099278273e-08
343.9195339  2.863823702e-08  -5.091242137e-08
344  2.861814515e-08  -5.087670249e-08
344.0804661  2.859807207e-08  -5.084101701e-08
344.2612261  2.855304804e-08  -5.07609743e-08
344.5220751  2.84882418e-08  -5.06457632e-08
344.834721  2.841082505e-08  -5.050813341e-08
345.165279  2.832927775e-08  -5.036316044e-08
345.4779249  2.825243618e-08  -5.02265532e-08
345.7387739  2.818853771e-08  -5.011295594e-08
345.9195339  2.814437109e-08  -5.00344375e-08
346  2.812473981e-08  -4.999953744e-08
346.0804661  2.810512679e-08  -4.996466984e-08
346.2612261  2.806113429e-08  -4.988646095e-08
346.5220751  2.799781184e-08  -4.977388772e-08
346.834721  2.792216617e-08  -4.963940652e-08
347.165279  2.784248273e-08  -4.949774708e-08
347.4779249  2.776739586e-08  -4.93642593e-08
347.7387739  2.770495534e-08  -4.925325393e-08
347.9195339  2.766179581e-08  -4.917652589e-08
348  2.7642612e-08  -4.914242133e-08
348.0804661  2.762344593e-08  -4.910834831e-08
348.2612261  2.758045557e-08  -4.903192102e-08
348.5220751  2.751857471e-08  -4.89219106e-08
348.834721  2.744464976e-08  -4.879048846e-08
349.165279  2.736677724e-08  -4.865204842e-08
349.4779249  2.729339526e-08  -4.852159156e-08
349.7387739  2.723237133e-08  -4.841310459e-08
349.9195339  2.719019036e-08  -4.833811619e-08
350  2.717144134e-08  -4.830478461e-08
350.0804661  2.715270956e-08  -4.827148366e-08
350.2612261  2.711069298e-08  -4.819678752e-08
350.5220751  2.705021291e-08  -4.80892674e-08
350.834721  2.697796003e-08  -4.796081783e-08
351.165279  2.690184727e-08  -4.782550625e-08
351.4779249  2.683012206e-08  -4.769799478e-08
351.7387739  2.677047479e-08  -4.759195519e-08
351.9195339  2.672924479e-08  -4.751865741e-08
352  2.671091832e-08  -4.748607702e-08
352.0804661  2.66926086e-08  -4.74535264e-08
352.2612261  2.665153838e-08  -4.738051268e-08
352.5220751  2.659241968e-08  -4.727541277e-08
352.834721  2.652179187e-08  -4.714985221e-08
353.165279  2.644738944e-08  -4.701758122e-08
353.4779249  2.637727452e-08  -4.689293247e-08
353.7387739  2.631896529e-08  -4.678927163e-08
353.9195339  2.627865962e-08  -4.671761711e-08
354  2.626074386e-08  -4.668576686e-08
354.0804661  2.624284437e-08  -4.665394555e-08
354.2612261  2.620269402e-08  -4.658256715e-08
354.5220751  2.614489861e-08  -4.647981975e-08
354.834721  2.607585042e-08  -4.635706742e-08
355.165279  2.600311055e-08  -4.622775209e-08
355.4779249  2.593456098e-08  -4.610588618e-08
355.7387739  2.587755249e-08  -4.600453777e-08
355.9195339  2.583814539e-08  -4.59344807e-08
356  2.582062889e-08  -4.590334025e-08
356.0804661  2.580312822e-08  -4.587222795e-08
356.2612261  2.576387213e-08  -4.580243933e-08
356.5220751  2.570736318e-08  -4.570197899e-08
356.834721  2.563985071e-08  -4.558195682e-08
357.165279  2.556872722e-08  -4.545551506e-08
357.4779249  2.550169955e-08  -4.533635476e-08
357.7387739  2.544595574e-08  -4.523725464e-08
357.9195339  2.54074223e-08  -4.516875076e-08
358  2.539029401e-08  -4.513830046e-08
358.0804661  2.537318111e-08  -4.510787752e-08
358.2612261  2.53347945e-08  -4.503963467e-08
358.5220751  2.527953643e-08  -4.494139809e-08
358.834721  2.521351722e-08  -4.482403061e-08
359.165279  2.514396546e-08  -4.470038303e-08
359.4779249  2.507841769e-08  -4.458385367e-08
359.7387739  2.502390367e-08  -4.448693986e-08
359.9195339  2.498621982e-08  -4.441994635e-08
360  2.496946904e-08  -4.439016718e-08
360.0804661  2.495273323e-08  -4.436041462e-08
360.2612261  2.491519218e-08  -4.429367499e-08
360.5220751  2.486115055e-08  -4.419760098e-08
360.834721  2.479658354e-08  -4.408281519e-08
361.165279  2.472856033e-08  -4.396188504e-08
361.4779249  2.466445185e-08  -4.38479144e-08
361.7387739  2.46111339e-08  -4.375312693e-08
361.9195339  2.457427636e-08  -4.368760241e-08
362  2.455789274e-08  -4.365847598e-08
362.0804661  2.454152368e-08  -4.362937543e-08
362.2612261  2.450480504e-08  -4.356409784e-08
362.5220751  2.445194657e-08  -4.347012724e-08
362.834721  2.438879205e-08  -4.335785253e-08
363.165279  2.432225563e-08  -4.323956557e-08
363.4779249  2.425954714e-08  -4.312808381e-08
363.7387739  2.420739263e-08  -4.303536468e-08
363.9195339  2.417133887e-08  -4.29712691e-08
364  2.415531241e-08  -4.294277762e-08
364.0804661  2.413930012e-08  -4.291431133e-08
364.2612261  2.410338148e-08  -4.285045597e-08
364.5220751  2.405167397e-08  -4.275853151e-08
364.834721  2.398989353e-08  -4.26486996e-08
365.165279  2.39248035e-08  -4.2532984e-08
365.4779249  2.3863457e-08  -4.242392355e-08
365.7387739  2.381243437e-08  -4.233321665e-08
365.9195339  2.377716259e-08  -4.227051127e-08
366  2.376148362e-08  -4.224263754e-08
366.0804661  2.374581842e-08  -4.221478831e-08
366.2612261  2.371067812e-08  -4.215231666e-08
366.5220751  2.366009041e-08  -4.206238295e-08
366.834721  2.359964687e-08  -4.195492777e-08
367.165279  2.353596414e-08  -4.184171403e-08
367.4779249  2.347594285e-08  -4.173500952e-08
367.7387739  2.342602156e-08  -4.164626055e-08
367.9195339  2.339151068e-08  -4.158490788e-08
368  2.337616983e-08  -4.155763525e-08
368.0804661  2.336084238e-08  -4.153038645e-08
368.2612261  2.332645944e-08  -4.146926123e-08
368.5220751  2.327696138e-08  -4.138126468e-08
368.834721  2.321781878e-08  -4.127612228e-08
369.165279  2.315550552e-08  -4.116534315e-08
369.4779249  2.309677385e-08  -4.10609313e-08
369.7387739  2.304792435e-08  -4.097408773e-08
369.9195339  2.301415396e-08  -4.091405149e-08
370  2.299914215e-08  -4.088736383e-08
370.0804661  2.29841434e-08  -4.086069938e-08
370.2612261  2.295049753e-08  -4.08008845e-08
370.5220751  2.290205994e-08  -4.071477323e-08
370.834721  2.284418347e-08  -4.061188172e-08
371.165279  2.278320306e-08  -4.050347211e-08
371.4779249  2.272572656e-08  -4.040129167e-08
371.7387739  2.267792023e-08  -4.031630263e-08
371.9195339  2.264487058e-08  -4.02575477e-08
372  2.263017905e-08  -4.023142942e-08
372.0804661  2.261550022e-08  -4.020533373e-08
372.2612261  2.258257178e-08  -4.014679428e-08
372.5220751  2.253516641e-08  -4.006251806e-08
372.834721  2.247852236e-08  -3.996181753e-08
373.165279  2.241883937e-08  -3.985571443e-08
373.4779249  2.236258468e-08  -3.97557061e-08
373.7387739  2.231579383e-08  -3.967252236e-08
373.9195339  2.228344579e-08  -3.961501474e-08
374  2.226906604e-08  -3.958945073e-08
374.0804661  2.225469865e-08  -3.956390872e-08
374.2612261  2.222246862e-08  -3.950661087e-08
374.5220751  2.217606812e-08  -3.94241211e-08
374.834721  2.212062386e-08  -3.932555353e-08
375.165279  2.206220396e-08  -3.922169592e-08
375.4779249  2.200713879e-08  -3.91238023e-08
375.7387739  2.196133659e-08  -3.904237617e-08
375.9195339  2.192967165e-08  -3.898608294e-08
376  2.191559545e-08  -3.896105858e-08
376.0804661  2.190153129e-08  -3.893605563e-08
376.2612261  2.186998124e-08  -3.887996665e-08
376.5220751  2.182455913e-08  -3.879921622e-08
376.834721  2.177028307e-08  -3.870272545e-08
377.165279  2.171309301e-08  -3.860105424e-08
377.4779249  2.165918609e-08  -3.850521972e-08
377.7387739  2.161434658e-08  -3.842550503e-08
377.9195339  2.158334679e-08  -3.837039429e-08
378  2.156956617e-08  -3.834589542e-08
378.0804661  2.155579728e-08  -3.832141739e-08
378.2612261  2.152490938e-08  -3.826650557e-08
378.5220751  2.148044e-08  -3.818744889e-08
378.834721  2.142730153e-08  -3.80929805e-08
379.165279  2.137130913e-08  -3.799343846e-08
379.4779249  2.131853017e-08  -3.789960919e-08
379.7387739  2.127462817e-08  -3.78215612e-08
379.9195339  2.124427617e-08  -3.776760207e-08
380  2.123078341e-08  -3.774361496e-08
380.0804661  2.121730209e-08  -3.771964815e-08
380.2612261  2.118705905e-08  -3.766588276e-08
380.5220751  2.114351756e-08  -3.758847565e-08
380.834721  2.109148703e-08  -3.749597694e-08
381.165279  2.10366611e-08  -3.739850862e-08
381.4779249  2.098498074e-08  -3.730663242e-08
381.7387739  2.094199189e-08  -3.72302078e-08
381.9195339  2.091227083e-08  -3.717737037e-08
382  2.089905847e-08  -3.715388172e-08
382.0804661  2.088585723e-08  -3.713041286e-08
382.2612261  2.085624233e-08  -3.707776414e-08
382.5220751  2.081360464e-08  -3.70019638e-08
382.834721  2.076265333e-08  -3.691138369e-08
383.165279  2.070896365e-08  -3.681593537e-08
383.4779249  2.065835345e-08  -3.67259617e-08
383.7387739  2.061625414e-08  -3.665111846e-08
383.9195339  2.058714772e-08  -3.659937372e-08
384  2.05742085e-08  -3.657637066e-08
384.0804661  2.056128012e-08  -3.655338688e-08
384.2612261  2.053227712e-08  -3.650182598e-08
384.5220751  2.049051991e-08  -3.642759094e-08
384.834721  2.044061997e-08  -3.633887995e-08
385.165279  2.038803726e-08  -3.624539957e-08
385.4779249  2.033846968e-08  -3.615727943e-08
385.7387739  2.0297237e-08  -3.608397689e-08
385.9195339  2.026872941e-08  -3.603329674e-08
386  2.025605631e-08  -3.601076678e-08
386.0804661  2.024339378e-08  -3.598825561e-08
386.2612261  2.021498696e-08  -3.593775459e-08
386.5220751  2.017408761e-08  -3.586504465e-08
386.834721  2.012521208e-08  -3.577815481e-08
387.165279  2.007370795e-08  -3.568659191e-08
387.4779249  2.002515627e-08  -3.560027781e-08
387.7387739  1.998476804e-08  -3.552847652e-08
387.9195339  1.995684397e-08  -3.547883372e-08
388  1.994443018e-08  -3.545676477e-08
388.0804661  1.993202669e-08  -3.543471412e-08
388.2612261  1.990420081e-08  -3.538524589e-08
388.5220751  1.986413742e-08  -3.531402208e-08
388.834721  1.981626013e-08  -3.52289069e-08
389.165279  1.976580707e-08  -3.513921258e-08
389.4779249  1.97182454e-08  -3.505465849e-08
389.7387739  1.967868012e-08  -3.498432021e-08
389.9195339  1.96513247e-08  -3.493568836e-08
390  1.963916363e-08  -3.491406868e-08
390.0804661  1.96270126e-08  -3.489246684e-08
390.2612261  1.959975288e-08  -3.484400512e-08
390.5220751  1.956050419e-08  -3.477422967e-08
390.834721  1.951359979e-08  -3.469084407e-08
391.165279  1.946417113e-08  -3.46029709e-08
391.4779249  1.941757435e-08  -3.452013218e-08
391.7387739  1.937881116e-08  -3.445121985e-08
391.9195339  1.935201e-08  -3.440357334e-08
392  1.934009525e-08  -3.438239156e-08
392.0804661  1.932819028e-08  -3.436122716e-08
392.2612261  1.93014824e-08  -3.431374649e-08
392.5220751  1.926302781e-08  -3.424538277e-08
392.834721  1.921707171e-08  -3.416368305e-08
393.165279  1.916864158e-08  -3.407758503e-08
393.4779249  1.912298536e-08  -3.399641841e-08
393.7387739  1.908500404e-08  -3.392889607e-08
393.9195339  1.905874317e-08  -3.388221007e-08
394  1.904706853e-08  -3.386145516e-08
394.0804661  1.903540342e-08  -3.384071719e-08
394.2612261  1.900923349e-08  -3.379419287e-08
394.5220751  1.897155301e-08  -3.372720535e-08
394.834721  1.892652137e-08  -3.364714911e-08
395.165279  1.887906468e-08  -3.356278165e-08
395.4779249  1.88343254e-08  -3.348324516e-08
395.7387739  1.879710633e-08  -3.341707793e-08
395.9195339  1.877137221e-08  -3.337132837e-08
396  1.875993166e-08  -3.335098962e-08
396.0804661  1.874850041e-08  -3.333066739e-08
396.2612261  1.872285495e-08  -3.328507546e-08
396.5220751  1.86859292e-08  -3.321942969e-08
396.834721  1.86417989e-08  -3.314097581e-08
397.165279  1.85952913e-08  -3.305829565e-08
397.4779249  1.855144606e-08  -3.298034856e-08
397.7387739  1.851497023e-08  -3.291550263e-08
397.9195339  1.84897497e-08  -3.287066613e-08
398  1.847853741e-08  -3.285073317e-08
398.0804661  1.846733418e-08  -3.283081633e-08
398.2612261  1.844220012e-08  -3.278613355e-08
398.5220751  1.840601031e-08  -3.27217961e-08
398.834721  1.836275889e-08  -3.264490469e-08
399.165279  1.831717679e-08  -3.256386986e-08
399.4779249  1.827420337e-08  -3.248747266e-08
399.7387739  1.82384523e-08  -3.24239152e-08
399.9195339  1.821373263e-08  -3.237996912e-08
