#L=3 M=1
#R     Re(V)   Im(V)

0.08046609183  -2.703354937e-05  1.865482256e-05
0.2612261349  -0.0009254672229  0.0006383778053
0.5220750502  -0.007401433467  0.005098866209
0.8347210423  -0.03036414836  0.02086397133
1.165278958  -0.08306248894  0.0568588994
1.47792495  -0.170523349  0.11622849
1.738773865  -0.2792526449  0.1896076831
1.919533908  -0.3771783079  0.2554199542
2  -0.4271152371  0.2890634859
2.080466092  -0.363643179  0.2467666089
2.261226135  -0.2581596821  0.1767421083
2.52207505  -0.1643052192  0.1144294156
2.834721042  -0.1012741686  0.07256755849
3.165278958  -0.06485565172  0.04843126637
3.47792495  -0.0456515016  0.03585643735
3.738773865  -0.03630827006  0.02994758121
3.919533908  -0.03224051742  0.02754642536
4  -0.03092508091  0.02683376135
4.080466092  -0.02794472538  0.0243852401
4.261226135  -0.02230770761  0.01972697919
4.52207505  -0.01619582668  0.0146243408
4.834721042  -0.01110175759  0.0103109044
5.165278958  -0.007486802666  0.007196493535
5.47792495  -0.005175243475  0.005166274691
5.738773865  -0.003808414302  0.00394248796
5.919533908  -0.003080124338  0.003279629406
6  -0.002802387142  0.00302418816
6.080466092  -0.002549571142  0.002790120899
6.261226135  -0.002061053269  0.002332791122
6.52207505  -0.001514250349  0.001810409487
6.834721042  -0.001042749566  0.001346419127
7.165278958  -0.000698163644  0.0009940254291
7.47792495  -0.0004731050846  0.0007532456893
7.738773865  -0.0003383714745  0.0006021658407
7.919533908  -0.000266192258  0.0005178155024
8  -0.0002386256957  0.0004847241834
8.080466092  -0.0002135277375  0.0004540721517
8.261226135  -0.0001650699774  0.0003931378965
8.52207505  -0.0001110693265  0.0003214435457
8.834721042  -6.506514119e-05  0.0002551963105
9.165278958  -3.223580972e-05  0.0002024997635
9.47792495  -1.159017278e-05  0.0001646901239
9.738773865  1.688411795e-07  0.000139845739
9.919533908  6.145195804e-06  0.0001254473516
10  8.340510778e-06  0.0001196683117
10.08046609  1.028561844e-05  0.0001142390398
10.26122613  1.385716684e-05  0.0001031941955
10.52207505  1.742559918e-05  8.966571715e-05
10.83472104  1.987996753e-05  7.64659809e-05
11.16527896  2.099137291e-05  6.527602589e-05
11.47792495  2.111923711e-05  5.670029429e-05
11.73877387  2.077631983e-05  5.071640522e-05
11.91953391  2.037530222e-05  4.708269973e-05
12  2.016458154e-05  4.558332642e-05
12.08046609  1.99376429e-05  4.415081186e-05
12.26122613  1.93799634e-05  4.115721209e-05
12.52207505  1.849328134e-05  3.732114384e-05
12.83472104  1.736355055e-05  3.33562941e-05
13.16527896  1.615011968e-05  2.977791084e-05
13.47792495  1.502409147e-05  2.686644574e-05
13.73877387  1.411821405e-05  2.472964728e-05
13.91953391  1.351325425e-05  2.338332116e-05
14  1.325053227e-05  2.281602378e-05
14.08046609  1.299202594e-05  2.22672387e-05
14.26122613  1.242709877e-05  2.109789379e-05
14.52207505  1.165128221e-05  1.955161978e-05
14.83472104  1.078324096e-05  1.789135239e-05
15.16527896  9.937416064e-06  1.633306437e-05
15.47792495  9.202596921e-06  1.501932796e-05
15.73877387  8.635348219e-06  1.40269513e-05
15.91953391  8.265402429e-06  1.338875421e-05
16  8.106563529e-06  1.311674224e-05
16.08046609  7.951223393e-06  1.285182341e-05
16.26122613  7.614653076e-06  1.228137586e-05
16.52207505  7.157811962e-06  1.151424588e-05
16.83472104  6.652157459e-06  1.067372315e-05
17.16527896  6.163125441e-06  9.868301677e-06
17.47792495  5.739864133e-06  9.176328729e-06
17.73877387  5.413421455e-06  8.645468192e-06
17.91953391  5.20040841e-06  8.300247667e-06
18  5.108881659e-06  8.152178392e-06
18.08046609  5.019316813e-06  8.007428652e-06
18.26122613  4.825028378e-06  7.693900342e-06
18.52207505  4.560652726e-06  7.268224483e-06
18.83472104  4.26685413e-06  6.796322497e-06
19.16527896  3.981205138e-06  6.338516005e-06
19.47792495  3.732502767e-06  5.940616209e-06
19.73877387  3.539596783e-06  5.632368363e-06
19.91953391  3.413144832e-06  5.430468788e-06
20  3.358661421e-06  5.343513633e-06
20.08046609  3.305254709e-06  5.258296646e-06
20.26122613  3.189079177e-06  5.072988128e-06
20.52207505  3.030240683e-06  4.819758913e-06
20.83472104  2.852619527e-06  4.536741888e-06
21.16527896  2.678706057e-06  4.259769858e-06
21.47792495  2.526219195e-06  4.017016148e-06
21.73877387  2.407203778e-06  3.827600127e-06
21.91953391  2.328815771e-06  3.702865517e-06
22  2.294946751e-06  3.648976455e-06
22.08046609  2.261690351e-06  3.596064829e-06
22.26122613  2.189149052e-06  3.48065882e-06
22.52207505  2.08951148e-06  3.322163069e-06
22.83472104  1.977433488e-06  3.143899453e-06
23.16527896  1.866980362e-06  2.968239005e-06
23.47792495  1.769517199e-06  2.813250234e-06
23.73877387  1.693023373e-06  2.691614664e-06
23.91953391  1.642429184e-06  2.611166019e-06
24  1.620515179e-06  2.576321734e-06
24.08046609  1.598965319e-06  2.542056825e-06
24.26122613  1.551846218e-06  2.467137259e-06
24.52207505  1.486866846e-06  2.363822211e-06
24.83472104  1.413399755e-06  2.247014892e-06
25.16527896  1.3405905e-06  2.131256047e-06
25.47792495  1.275991032e-06  2.028551643e-06
25.73877387  1.225047371e-06  1.947559096e-06
25.91953391  1.191230527e-06  1.893795949e-06
26  1.176552413e-06  1.870460284e-06
26.08046609  1.162099663e-06  1.847482959e-06
26.26122613  1.130433373e-06  1.797139302e-06
26.52207505  1.086613778e-06  1.727474424e-06
26.83472104  1.036852765e-06  1.648364211e-06
27.16527896  9.872995379e-07  1.569584688e-06
27.47792495  9.4312663e-07  1.499359015e-06
27.73877387  9.081483202e-07  1.44375096e-06
27.91953391  8.848572576e-07  1.406723192e-06
28  8.747294867e-07  1.390622233e-06
28.08046609  8.647461985e-07  1.374750976e-06
28.26122613  8.428338038e-07  1.339915056e-06
28.52207505  8.124217021e-07  1.291566505e-06
28.83472104  7.777553603e-07  1.236454701e-06
29.16527896  7.430901826e-07  1.181344797e-06
29.47792495  7.120630504e-07  1.132018606e-06
29.73877387  6.874068677e-07  1.092820816e-06
29.91953391  6.709448359e-07  1.066649892e-06
30  6.637753098e-07  1.055251962e-06
30.08046609  6.567012924e-07  1.04400587e-06
30.26122613  6.411505791e-07  1.019283746e-06
30.52207505  6.195122619e-07  9.84883712e-07
30.83472104  5.947658746e-07  9.455425565e-07
31.16527896  5.69930723e-07  9.060602925e-07
31.47792495  5.476231071e-07  8.705962419e-07
31.73877387  5.298410099e-07  8.423267424e-07
31.91953391  5.179406376e-07  8.234078518e-07
32  5.127506727e-07  8.15156986e-07
32.08046609  5.076255522e-07  8.07009208e-07
32.26122613  4.963438858e-07  7.890739206e-07
32.52207505  4.806104001e-07  7.640612523e-07
32.83472104  4.62565068e-07  7.353732744e-07
33.16527896  4.443974305e-07  7.064908595e-07
33.47792495  4.280278546e-07  6.804669546e-07
33.73877387  4.149435106e-07  6.59665822e-07
33.91953391  4.061688891e-07  6.457161685e-07
34  4.023374794e-07  6.396250983e-07
34.08046609  3.985511407e-07  6.336056806e-07
34.26122613  3.902065488e-07  6.203396765e-07
34.52207505  3.785459377e-07  6.018019562e-07
34.83472104  3.651378143e-07  5.804860887e-07
35.16527896  3.516008305e-07  5.589653625e-07
35.47792495  3.393698975e-07  5.395209604e-07
35.73877387  3.295699195e-07  5.239412238e-07
35.91953391  3.229857706e-07  5.134739243e-07
36  3.201077266e-07  5.088984888e-07
36.08046609  3.172616682e-07  5.043739031e-07
36.26122613  3.109826925e-07  4.943917596e-07
36.52207505  3.021929873e-07  4.804181272e-07
36.83472104  2.920630522e-07  4.64313834e-07
37.16527896  2.818101121e-07  4.480139908e-07
37.47792495  2.725235337e-07  4.33250443e-07
37.73877387  2.650666059e-07  4.213956236e-07
37.91953391  2.600484073e-07  4.134178291e-07
38  2.578527538e-07  4.099272393e-07
38.08046609  2.556802245e-07  4.064734117e-07
38.26122613  2.508826489e-07  3.988463575e-07
38.52207505  2.441560377e-07  3.881525755e-07
38.83472104  2.363879862e-07  3.758031402e-07
39.16527896  2.285079234e-07  3.632756324e-07
39.47792495  2.213547735e-07  3.519037508e-07
39.73877387  2.155997778e-07  3.427546163e-07
39.91953391  2.117211834e-07  3.365885332e-07
40  2.100226795e-07  3.338882984e-07
40.08046609  2.083411741e-07  3.312150872e-07
40.26122613  2.04624755e-07  3.25306826e-07
40.52207505  1.994065658e-07  3.170110918e-07
40.83472104  1.933694171e-07  3.074133982e-07
41.16527896  1.872327902e-07  2.976575571e-07
41.47792495  1.816511178e-07  2.887839673e-07
41.73877387  1.771525519e-07  2.816322706e-07
41.91953391  1.741166808e-07  2.768059259e-07
42  1.727861782e-07  2.746907294e-07
42.08046609  1.714683601e-07  2.725956983e-07
42.26122613  1.685535049e-07  2.679617414e-07
42.52207505  1.644554846e-07  2.61446821e-07
42.83472104  1.597064252e-07  2.538968966e-07
43.16527896  1.548702334e-07  2.462084514e-07
43.47792495  1.50463419e-07  2.392026188e-07
43.73877387  1.469060709e-07  2.335472443e-07
43.91953391  1.445024698e-07  2.297260652e-07
44  1.434483161e-07  2.280502004e-07
44.08046609  1.424037574e-07  2.263895897e-07
44.26122613  1.400916975e-07  2.227139402e-07
44.52207505  1.368373235e-07  2.175402256e-07
44.83472104  1.330602308e-07  2.115355073e-07
45.16527896  1.292073956e-07  2.054103755e-07
45.47792495  1.256908311e-07  1.998198376e-07
45.73877387  1.228479993e-07  1.953003815e-07
45.91953391  1.209250499e-07  1.922433294e-07
46  1.200811487e-07  1.909017183e-07
46.08046609  1.192445963e-07  1.895717902e-07
46.26122613  1.17391757e-07  1.866261972e-07
46.52207505  1.147809593e-07  1.824756225e-07
46.83472104  1.117466234e-07  1.776517185e-07
47.16527896  1.086466978e-07  1.727235417e-07
47.47792495  1.058130522e-07  1.682186897e-07
47.73877387  1.035192506e-07  1.645720667e-07
47.91953391  1.019661025e-07  1.621029145e-07
48  1.012840854e-07  1.610186624e-07
48.08046609  1.00607761e-07  1.599434604e-07
48.26122613  9.910892247e-08  1.57560648e-07
48.52207505  9.69948553e-08  1.54199762e-07
48.83472104  9.453471416e-08  1.50288697e-07
49.16527896  9.201786019e-08  1.462874716e-07
49.47792495  8.971400615e-08  1.426248676e-07
49.73877387  8.784678262e-08  1.396564068e-07
49.91953391  8.658129422e-08  1.37644568e-07
50  8.602528954e-08  1.36760647e-07
50.08046609  8.547374087e-08  1.358838101e-07
50.26122613  8.425076325e-08  1.339395538e-07
50.52207505  8.252422258e-08  1.311947468e-07
50.83472104  8.051269826e-08  1.279968805e-07
51.16527896  7.845213649e-08  1.247210559e-07
51.47792495  7.65635445e-08  1.217186241e-07
51.73877387  7.503115485e-08  1.192824731e-07
51.91953391  7.399170248e-08  1.176299802e-07
52  7.353477803e-08  1.169035743e-07
52.08046609  7.308137524e-08  1.161827669e-07
52.26122613  7.207551949e-08  1.14583685e-07
52.52207505  7.065430954e-08  1.123242844e-07
52.83472104  6.899672632e-08  1.09689104e-07
53.16527896  6.729670064e-08  1.069864498e-07
53.47792495  6.573671091e-08  1.045064209e-07
53.73877387  6.446962558e-08  1.024920434e-07
53.91953391  6.360945033e-08  1.011245604e-07
54  6.323115591e-08  1.005231583e-07
54.08046609  6.285566952e-08  9.992622029e-08
54.26122613  6.202228287e-08  9.860132505e-08
54.52207505  6.084384557e-08  9.672787773e-08
54.83472104  5.946803749e-08  9.454065576e-08
55.16527896  5.805543531e-08  9.229493953e-08
55.47792495  5.675777023e-08  9.023194716e-08
55.73877387  5.570273464e-08  8.85546805e-08
55.91953391  5.498598241e-08  8.741520746e-08
56  5.46706267e-08  8.69138636e-08
56.08046609  5.435752854e-08  8.641610873e-08
56.26122613  5.366231315e-08  8.531087435e-08
56.52207505  5.267854497e-08  8.374690668e-08
56.83472104  5.152894247e-08  8.191930013e-08
57.16527896  5.034737727e-08  8.004088017e-08
57.47792495  4.926084264e-08  7.83135372e-08
57.73877387  4.837666575e-08  7.690789703e-08
57.91953391  4.777557548e-08  7.595230019e-08
58  4.751100161e-08  7.55316879e-08
58.08046609  4.724825666e-08  7.511398319e-08
58.26122613  4.666461414e-08  7.418612431e-08
58.52207505  4.583817237e-08  7.287226983e-08
58.83472104  4.487158039e-08  7.133560841e-08
59.16527896  4.387715846e-08  6.975470368e-08
59.47792495  4.296184522e-08  6.829956378e-08
59.73877387  4.221637534e-08  6.71144362e-08
59.91953391  4.170925709e-08  6.630823351e-08
60  4.148596139e-08  6.595324413e-08
60.08046609  4.1264158e-08  6.560062718e-08
60.26122613  4.077127607e-08  6.4817057e-08
60.52207505  4.007291372e-08  6.370681968e-08
60.83472104  3.925546052e-08  6.2407255e-08
61.16527896  3.841371565e-08  6.106907208e-08
61.47792495  3.763824446e-08  5.983624923e-08
61.73877387  3.700617173e-08  5.883139734e-08
61.91953391  3.657593577e-08  5.814742e-08
62  3.638642622e-08  5.784614291e-08
62.08046609  3.619814245e-08  5.754681454e-08
62.26122613  3.577960022e-08  5.688142758e-08
62.52207505  3.518622105e-08  5.593808963e-08
62.83472104  3.449112778e-08  5.483304941e-08
63.16527896  3.377477671e-08  5.369421412e-08
63.47792495  3.311427677e-08  5.264416942e-08
63.73877387  3.257551883e-08  5.178766681e-08
63.91953391  3.220859366e-08  5.120433923e-08
64  3.204691766e-08  5.094731116e-08
64.08046609  3.188625483e-08  5.069189381e-08
64.26122613  3.15289951e-08  5.012393208e-08
64.52207505  3.102221879e-08  4.931827299e-08
64.83472104  3.042815179e-08  4.837384156e-08
65.16527896  2.981543332e-08  4.739975854e-08
65.47792495  2.925004437e-08  4.650091868e-08
65.73877387  2.878854808e-08  4.576724454e-08
65.91953391  2.847407657e-08  4.526730634e-08
66  2.833546984e-08  4.504695317e-08
66.08046609  2.819770548e-08  4.482793916e-08
66.26122613  2.789126989e-08  4.434077627e-08
66.52207505  2.745636305e-08  4.36493733e-08
66.83472104  2.694620451e-08  4.283833723e-08
67.16527896  2.641963839e-08  4.200121684e-08
67.47792495  2.593338961e-08  4.122819188e-08
67.73877387  2.553623318e-08  4.059680347e-08
67.91953391  2.526546948e-08  4.016635075e-08
68  2.514609254e-08  3.997656858e-08
68.08046609  2.502741984e-08  3.978790596e-08
68.26122613  2.476337421e-08  3.936813346e-08
68.52207505  2.438844639e-08  3.87720835e-08
68.83472104  2.394836857e-08  3.807245984e-08
69.16527896  2.349381956e-08  3.734983028e-08
69.47792495  2.307378298e-08  3.668206765e-08
69.73877387  2.273049695e-08  3.613632092e-08
69.91953391  2.24963501e-08  3.576408067e-08
70  2.23930887e-08  3.559991853e-08
70.08046609  2.22904191e-08  3.543669722e-08
70.26122613  2.206191783e-08  3.507343216e-08
70.52207505  2.173731156e-08  3.455738202e-08
70.83472104  2.135607359e-08  3.395130034e-08
71.16527896  2.096203955e-08  3.332487583e-08
71.47792495  2.059768517e-08  3.274563522e-08
71.73877387  2.02997347e-08  3.227196173e-08
71.91953391  2.009642023e-08  3.194873797e-08
72  2.000673292e-08  3.180615554e-08
72.08046609  1.991754538e-08  3.166436763e-08
72.26122613  1.971899853e-08  3.134872329e-08
72.52207505  1.943682268e-08  3.090012786e-08
72.83472104  1.910523199e-08  3.037297407e-08
73.16527896  1.876229799e-08  2.9827787e-08
73.47792495  1.844499865e-08  2.932335321e-08
73.73877387  1.818538555e-08  2.891062742e-08
73.91953391  1.800815753e-08  2.862887517e-08
74  1.792995838e-08  2.85045563e-08
74.08046609  1.785218324e-08  2.838091151e-08
74.26122613  1.767900008e-08  2.810558968e-08
74.52207505  1.743277013e-08  2.771414005e-08
74.83472104  1.71432668e-08  2.725389559e-08
75.16527896  1.684368326e-08  2.67776259e-08
75.47792495  1.656633169e-08  2.633669997e-08
75.73877387  1.633928621e-08  2.597574929e-08
75.91953391  1.618422948e-08  2.572924435e-08
76  1.611579711e-08  2.562045245e-08
76.08046609  1.604772606e-08  2.551223496e-08
76.26122613  1.589611609e-08  2.527120959e-08
76.52207505  1.568047474e-08  2.492838888e-08
76.83472104  1.542680838e-08  2.452511705e-08
77.16527896  1.51641628e-08  2.410757031e-08
77.47792495  1.492087312e-08  2.372079506e-08
77.73877387  1.47216136e-08  2.340401773e-08
77.91953391  1.458548168e-08  2.318759893e-08
78  1.452538825e-08  2.309206405e-08
78.08046609  1.446560399e-08  2.299702067e-08
78.26122613  1.433242141e-08  2.278529066e-08
78.52207505  1.414292013e-08  2.248402671e-08
78.83472104  1.391989693e-08  2.212947054e-08
79.16527896  1.368885662e-08  2.176216899e-08
79.47792495  1.347473029e-08  2.142175682e-08
79.73877387  1.329927442e-08  2.114282188e-08
79.91953391  1.317936211e-08  2.095218859e-08
80  1.312641747e-08  2.086801865e-08
80.08046609  1.307373843e-08  2.078427095e-08
80.26122613  1.29563598e-08  2.059766563e-08
80.52207505  1.278928684e-08  2.033205762e-08
80.83472104  1.259257032e-08  2.001932308e-08
81.16527896  1.23886795e-08  1.969518306e-08
81.47792495  1.219962048e-08  1.93946222e-08
81.73877387  1.204463616e-08  1.914823238e-08
81.91953391  1.193867885e-08  1.897978435e-08
82  1.189188637e-08  1.890539495e-08
82.08046609  1.184532292e-08  1.883136966e-08
82.26122613  1.174155039e-08  1.866639493e-08
82.52207505  1.159379456e-08  1.843149677e-08
82.83472104  1.141974757e-08  1.815480163e-08
83.16527896  1.123926642e-08  1.786787764e-08
83.47792495  1.107183437e-08  1.760169875e-08
83.73877387  1.093452119e-08  1.738340202e-08
83.91953391  1.084061468e-08  1.723411203e-08
84  1.079913614e-08  1.716817059e-08
84.08046609  1.075785579e-08  1.710254423e-08
84.26122613  1.066583995e-08  1.695625996e-08
84.52207505  1.053478212e-08  1.674790781e-08
84.83472104  1.038034089e-08  1.650238138e-08
85.16527896  1.022011699e-08  1.624766182e-08
85.47792495  1.007141003e-08  1.601125157e-08
85.73877387  9.949404473e-09  1.581729048e-08
85.91953391  9.865940925e-09  1.568460242e-08
86  9.829068357e-09  1.562598342e-08
86.08046609  9.792367885e-09  1.556763802e-08
86.26122613  9.710546055e-09  1.543755992e-08
86.52207505  9.593972168e-09  1.525223395e-08
86.83472104  9.456545284e-09  1.503375645e-08
87.16527896  9.313910553e-09  1.480699967e-08
87.47792495  9.181471062e-09  1.4596451e-08
87.73877387  9.07277032e-09  1.442364154e-08
87.91953391  8.998386686e-09  1.430538847e-08
88  8.965519754e-09  1.425313753e-08
88.08046609  8.932802745e-09  1.420112492e-08
88.26122613  8.859849296e-09  1.408514553e-08
88.52207505  8.755880337e-09  1.391985853e-08
88.83472104  8.633267322e-09  1.372493172e-08
89.16527896  8.505954787e-09  1.352253374e-08
89.47792495  8.38769335e-09  1.333452495e-08
89.73877387  8.290593759e-09  1.318015868e-08
89.91953391  8.224130101e-09  1.307449658e-08
90  8.194757806e-09  1.302780131e-08
90.08046609  8.165516522e-09  1.298131432e-08
90.26122613  8.100302641e-09  1.287763908e-08
90.52207505  8.00733793e-09  1.272984633e-08
90.83472104  7.897663275e-09  1.255548857e-08
91.16527896  7.783739619e-09  1.237437586e-08
91.47792495  7.67787331e-09  1.220607251e-08
91.73877387  7.590920364e-09  1.20678371e-08
91.91953391  7.531385992e-09  1.197319099e-08
92  7.505071792e-09  1.193135739e-08
92.08046609  7.478872418e-09  1.188970635e-08
92.26122613  7.420433414e-09  1.179680162e-08
92.52207505  7.337104469e-09  1.166432755e-08
92.83472104  7.238763925e-09  1.150798845e-08
93.16527896  7.13657453e-09  1.134553055e-08
93.47792495  7.041576591e-09  1.119450543e-08
93.73877387  6.963524154e-09  1.10704198e-08
93.91953391  6.910069983e-09  1.098543983e-08
94  6.886439652e-09  1.094787298e-08
94.08046609  6.862910245e-09  1.091046657e-08
94.26122613  6.810418837e-09  1.082701717e-08
94.52207505  6.735551665e-09  1.070799539e-08
94.83472104  6.64716832e-09  1.056748597e-08
95.16527896  6.555292282e-09  1.042142396e-08
95.47792495  6.469850914e-09  1.028559162e-08
95.73877387  6.399627793e-09  1.017395283e-08
95.91953391  6.351523676e-09  1.009747822e-08
96  6.330255339e-09  1.00636664e-08
96.08046609  6.309075951e-09  1.002999599e-08
96.26122613  6.261820347e-09  9.954870327e-09
96.52207505  6.194404487e-09  9.847694441e-09
96.83472104  6.114792683e-09  9.721129777e-09
97.16527896  6.032005835e-09  9.589517516e-09
97.47792495  5.954990293e-09  9.467080319e-09
97.73877387  5.891672726e-09  9.366419787e-09
97.91953391  5.84828879e-09  9.297449194e-09
98  5.829104721e-09  9.266950888e-09
98.08046609  5.80999925e-09  9.236577534e-09
98.26122613  5.767365086e-09  9.168798908e-09
98.52207505  5.706528088e-09  9.072081917e-09
98.83472104  5.634663653e-09  8.957833809e-09
99.16527896  5.559908043e-09  8.838989389e-09
99.47792495  5.490340636e-09  8.728393032e-09
99.73877387  5.43312955e-09  8.637440415e-09
99.91953391  5.393920762e-09  8.575107359e-09
100  5.376580596e-09  8.54754044e-09
100.0804661  5.359310056e-09  8.520084207e-09
100.2612261  5.320765446e-09  8.458807044e-09
100.5220751  5.265751744e-09  8.371347768e-09
100.834721  5.200747341e-09  8.268005551e-09
101.165279  5.13310593e-09  8.16047109e-09
101.4779249  5.070138793e-09  8.060367661e-09
101.7387739  5.018340937e-09  7.97802085e-09
101.9195339  4.982834293e-09  7.921573361e-09
102  4.967129392e-09  7.896606139e-09
102.0804661  4.951486314e-09  7.871737204e-09
102.2612261  4.916569442e-09  7.816227317e-09
102.5220751  4.86672279e-09  7.736982477e-09
102.834721  4.807807418e-09  7.643320432e-09
103.165279  4.746483036e-09  7.545828611e-09
103.4779249  4.689378799e-09  7.45504586e-09
103.7387739  4.642391027e-09  7.380345989e-09
103.9195339  4.610174875e-09  7.329129634e-09
104  4.595923627e-09  7.306473391e-09
104.0804661  4.581727404e-09  7.283904625e-09
104.2612261  4.550036162e-09  7.233522757e-09
104.5220751  4.504784998e-09  7.161583697e-09
104.834721  4.451286878e-09  7.076533852e-09
105.165279  4.395584646e-09  6.987979971e-09
105.4779249  4.343700279e-09  6.905495627e-09
105.7387739  4.30099641e-09  6.837606187e-09
105.9195339  4.271711524e-09  6.791049876e-09
106  4.25875542e-09  6.770452618e-09
106.0804661  4.2458484e-09  6.749933391e-09
106.2612261  4.217031731e-09  6.704121441e-09
106.5220751  4.17587691e-09  6.638694635e-09
106.834721  4.127209162e-09  6.561323983e-09
107.165279  4.076521763e-09  6.480742546e-09
107.4779249  4.029295031e-09  6.405662782e-09
107.7387739  3.990414828e-09  6.343852101e-09
107.9195339  3.963746909e-09  6.301456175e-09
108  3.951947244e-09  6.282697391e-09
108.0804661  3.940191455e-09  6.264008359e-09
108.2612261  3.91394208e-09  6.222277822e-09
108.5220751  3.876446577e-09  6.1626685e-09
108.834721  3.832095173e-09  6.092159854e-09
109.165279  3.785890467e-09  6.018704878e-09
109.4779249  3.742828534e-09  5.950246197e-09
109.7387739  3.707368424e-09  5.893872687e-09
109.9195339  3.683041799e-09  5.855198885e-09
110  3.672276891e-09  5.83808513e-09
110.0804661  3.661551285e-09  5.821033856e-09
110.2612261  3.63759957e-09  5.782956075e-09
110.5220751  3.6033798e-09  5.728554423e-09
110.834721  3.562893412e-09  5.664190275e-09
111.165279  3.520703985e-09  5.597118679e-09
111.4779249  3.481373793e-09  5.534592619e-09
111.7387739  3.448979036e-09  5.483092322e-09
111.9195339  3.426751322e-09  5.447755311e-09
112  3.416914169e-09  5.432116475e-09
112.0804661  3.40711229e-09  5.416533717e-09
112.2612261  3.385221068e-09  5.381731652e-09
112.5220751  3.353939546e-09  5.332001147e-09
112.834721  3.316920956e-09  5.273150007e-09
113.165279  3.278335278e-09  5.211807553e-09
113.4779249  3.242355405e-09  5.154607737e-09
113.7387739  3.212713453e-09  5.107483775e-09
113.9195339  3.192371042e-09  5.075143968e-09
114  3.183367331e-09  5.060830114e-09
114.0804661  3.174395339e-09  5.046566688e-09
114.2612261  3.154355518e-09  5.014707929e-09
114.5220751  3.125714637e-09  4.969175441e-09
114.834721  3.091813445e-09  4.915280256e-09
115.165279  3.056468363e-09  4.859089614e-09
115.4779249  3.023502103e-09  4.806680758e-09
115.7387739  2.996336963e-09  4.763494363e-09
115.9195339  2.977691186e-09  4.733851817e-09
116  2.9694376e-09  4.720730494e-09
116.0804661  2.961212592e-09  4.7076546e-09
116.2612261  2.94283942e-09  4.678445435e-09
116.5220751  2.916576151e-09  4.636692811e-09
116.834721  2.885482578e-09  4.587261101e-09
117.165279  2.853056925e-09  4.535711686e-09
117.4779249  2.822806398e-09  4.487620227e-09
117.7387739  2.797873825e-09  4.447983107e-09
117.9195339  2.780757676e-09  4.420772322e-09
118  2.773180458e-09  4.408726269e-09
118.0804661  2.765629031e-09  4.396721217e-09
118.2612261  2.748758913e-09  4.369901565e-09
118.5220751  2.724640293e-09  4.331558445e-09
118.834721  2.696079885e-09  4.286153892e-09
119.165279  2.666289021e-09  4.238793193e-09
119.4779249  2.638490137e-09  4.194599289e-09
119.7387739  2.615573532e-09  4.158167098e-09
119.9195339  2.599838872e-09  4.133152567e-09
120  2.592872587e-09  4.122077758e-09
120.0804661  2.585929619e-09  4.111040018e-09
120.2612261  2.57041739e-09  4.086379101e-09
120.5220751  2.548236657e-09  4.05111678e-09
120.834721  2.521965755e-09  4.009352021e-09
121.165279  2.494556899e-09  3.965778173e-09
121.4779249  2.468975049e-09  3.925108849e-09
121.7387739  2.447881935e-09  3.891575594e-09
121.9195339  2.433397096e-09  3.868547995e-09
122  2.426983578e-09  3.858351959e-09
122.0804661  2.420591175e-09  3.848189492e-09
122.2612261  2.406307766e-09  3.82548212e-09
122.5220751  2.385881043e-09  3.793008276e-09
122.834721  2.361682899e-09  3.75453873e-09
123.165279  2.336431114e-09  3.714394135e-09
123.4779249  2.31285747e-09  3.676917402e-09
123.7387739  2.293416472e-09  3.646010635e-09
123.9195339  2.280064198e-09  3.624783557e-09
124  2.274151639e-09  3.615383932e-09
124.0804661  2.268258232e-09  3.606014755e-09
124.2612261  2.255088664e-09  3.585078137e-09
124.5220751  2.236252111e-09  3.555132302e-09
124.834721  2.213933541e-09  3.519650851e-09
125.165279  2.190638287e-09  3.482616696e-09
125.4779249  2.168886612e-09  3.448036479e-09
125.7387739  2.150944855e-09  3.419513165e-09
125.9195339  2.138620525e-09  3.399920282e-09
126  2.133162694e-09  3.391243573e-09
126.0804661  2.127722263e-09  3.382594525e-09
126.2612261  2.115563914e-09  3.363265514e-09
126.5220751  2.098171271e-09  3.335615168e-09
126.834721  2.077559775e-09  3.302847577e-09
127.165279  2.05604193e-09  3.268639096e-09
127.4779249  2.035945828e-09  3.236690865e-09
127.7387739  2.019366688e-09  3.210333802e-09
127.9195339  2.007976783e-09  3.192226444e-09
128  2.002932353e-09  3.184206948e-09
128.0804661  1.997903755e-09  3.176212619e-09
128.2612261  1.986664865e-09  3.15834534e-09
128.5220751  1.970585329e-09  3.132782534e-09
128.834721  1.951526597e-09  3.102483485e-09
129.165279  1.93162588e-09  3.070845871e-09
129.4779249  1.913036418e-09  3.041292854e-09
129.7387739  1.897697579e-09  3.016907589e-09
129.9195339  1.887158359e-09  3.000152624e-09
130  1.882490318e-09  2.992731501e-09
130.0804661  1.877836701e-09  2.985333309e-09
130.2612261  1.867435081e-09  2.968797098e-09
130.5220751  1.852551466e-09  2.945135534e-09
130.834721  1.834907219e-09  2.917085195e-09
131.165279  1.816479962e-09  2.887790047e-09
131.4779249  1.799263606e-09  2.860419956e-09
131.7387739  1.785055372e-09  2.837832095e-09
131.9195339  1.77529172e-09  2.822310109e-09
132  1.770966865e-09  2.815434573e-09
132.0804661  1.766655172e-09  2.808579961e-09
132.2612261  1.757017076e-09  2.79325758e-09
132.5220751  1.743224216e-09  2.771330071e-09
132.834721  1.726870331e-09  2.745331113e-09
133.165279  1.709787539e-09  2.718173358e-09
133.4779249  1.69382436e-09  2.692795533e-09
133.7387739  1.680648188e-09  2.671848416e-09
133.9195339  1.671592615e-09  2.657452115e-09
134  1.66758111e-09  2.651074734e-09
134.0804661  1.663581631e-09  2.644716473e-09
134.2612261  1.654640782e-09  2.630502555e-09
134.5220751  1.641844147e-09  2.610158815e-09
134.834721  1.626669023e-09  2.58603382e-09
135.165279  1.610814685e-09  2.560829027e-09
135.4779249  1.595996798e-09  2.537271958e-09
135.7387739  1.583764022e-09  2.517824625e-09
135.9195339  1.575355792e-09  2.504457451e-09
136  1.571630784e-09  2.498535536e-09
136.0804661  1.56791678e-09  2.492631114e-09
136.2612261  1.559613515e-09  2.479430812e-09
136.5220751  1.547727994e-09  2.460535535e-09
136.834721  1.533631131e-09  2.43812473e-09
137.165279  1.518900748e-09  2.414706771e-09
137.4779249  1.505130952e-09  2.392815926e-09
137.7387739  1.493761665e-09  2.374741346e-09
137.9195339  1.485946034e-09  2.362316269e-09
138  1.482483317e-09  2.356811337e-09
138.0804661  1.479030681e-09  2.35132243e-09
138.2612261  1.471311212e-09  2.33905023e-09
138.5220751  1.460260057e-09  2.321481407e-09
138.834721  1.447150811e-09  2.300640688e-09
139.165279  1.43345011e-09  2.278859689e-09
139.4779249  1.420640691e-09  2.258495625e-09
139.7387739  1.410062775e-09  2.241679144e-09
139.9195339  1.402790323e-09  2.2301176e-09
140  1.399568044e-09  2.224994908e-09
140.0804661  1.396355011e-09  2.219886917e-09
140.2612261  1.389170768e-09  2.208465605e-09
140.5220751  1.37888467e-09  2.192113048e-09
140.834721  1.366681164e-09  2.172712248e-09
141.165279  1.353924969e-09  2.1524328e-09
141.4779249  1.341996659e-09  2.1334695e-09
141.7387739  1.332144924e-09  2.117807481e-09
141.9195339  1.325370975e-09  2.107038443e-09
142  1.322369375e-09  2.102266582e-09
142.0804661  1.319376267e-09  2.097508221e-09
142.2612261  1.312683331e-09  2.086867973e-09
142.5220751  1.303099605e-09  2.071632029e-09
142.834721  1.291727771e-09  2.053553399e-09
143.165279  1.279839015e-09  2.03465298e-09
143.4779249  1.268720076e-09  2.016976396e-09
143.7387739  1.259535512e-09  2.002375029e-09
143.9195339  1.253219619e-09  1.992334194e-09
144  1.250420808e-09  1.987884721e-09
144.0804661  1.247629806e-09  1.983447663e-09
144.2612261  1.241388403e-09  1.973525252e-09
144.5220751  1.232450275e-09  1.959315662e-09
144.834721  1.221843018e-09  1.942452535e-09
145.165279  1.21075187e-09  1.924820131e-09
145.4779249  1.200377287e-09  1.908326904e-09
145.7387739  1.191806404e-09  1.89470115e-09
145.9195339  1.185911895e-09  1.885330221e-09
146  1.183299653e-09  1.88117735e-09
146.0804661  1.1806946e-09  1.877035907e-09
146.2612261  1.174868665e-09  1.867773996e-09
146.5220751  1.166524644e-09  1.854508901e-09
146.834721  1.156621099e-09  1.838764516e-09
147.165279  1.146264199e-09  1.8222994e-09
147.4779249  1.136574968e-09  1.806895727e-09
147.7387739  1.128569214e-09  1.794168398e-09
147.9195339  1.123062799e-09  1.78541445e-09
148  1.120622399e-09  1.781534769e-09
148.0804661  1.118188624e-09  1.77766562e-09
148.2612261  1.112745407e-09  1.769012144e-09
148.5220751  1.104948731e-09  1.756617201e-09
148.834721  1.095693611e-09  1.741903665e-09
149.165279  1.086013395e-09  1.726514323e-09
149.4779249  1.076955898e-09  1.712114963e-09
149.7387739  1.069471141e-09  1.700215902e-09
149.9195339  1.064322558e-09  1.692030826e-09
150  1.062040612e-09  1.68840305e-09
150.0804661  1.059764778e-09  1.684784991e-09
150.2612261  1.054674503e-09  1.676692612e-09
150.5220751  1.047382645e-09  1.665100216e-09
150.834721  1.038725666e-09  1.651337588e-09
151.165279  1.029669766e-09  1.636940768e-09
151.4779249  1.021195216e-09  1.623468159e-09
151.7387739  1.014191295e-09  1.612333519e-09
151.9195339  1.009372999e-09  1.604673523e-09
152  1.00723732e-09  1.601278278e-09
152.0804661  1.005107285e-09  1.597892008e-09
152.2612261  1.000342843e-09  1.590317628e-09
152.5220751  9.935170845e-10  1.579466225e-09
152.834721  9.854124521e-10  1.566581703e-09
153.165279  9.769331699e-10  1.553101572e-09
153.4779249  9.689971174e-10  1.540485053e-09
153.7387739  9.624374376e-10  1.530056654e-09
153.9195339  9.579243259e-10  1.522881833e-09
154  9.559238055e-10  1.51970146e-09
154.0804661  9.539285047e-10  1.516529386e-09
154.2612261  9.494651844e-10  1.509433722e-09
154.5220751  9.430702266e-10  1.499267193e-09
154.834721  9.354761861e-10  1.487194396e-09
155.165279  9.27530019e-10  1.474561797e-09
155.4779249  9.200919208e-10  1.462736912e-09
155.7387739  9.139430944e-10  1.452961677e-09
155.9195339  9.097122626e-10  1.446235616e-09
156  9.078367659e-10  1.443254003e-09
156.0804661  9.059660999e-10  1.44028007e-09
156.2612261  9.0178135e-10  1.433627269e-09
156.5220751  8.957849737e-10  1.424094394e-09
156.834721  8.886634067e-10  1.412772722e-09
157.165279  8.812106343e-10  1.400924509e-09
157.4779249  8.742334634e-10  1.389832394e-09
157.7387739  8.684649943e-10  1.38066184e-09
157.9195339  8.644955185e-10  1.374351276e-09
158  8.627357855e-10  1.371553701e-09
158.0804661  8.609805278e-10  1.36876324e-09
158.2612261  8.570537429e-10  1.362520545e-09
158.5220751  8.514265055e-10  1.353574518e-09
158.834721  8.447425725e-10  1.342948584e-09
159.165279  8.377468845e-10  1.331827031e-09
159.4779249  8.311967866e-10  1.321413865e-09
159.7387739  8.257807873e-10  1.312803658e-09
159.9195339  8.220535308e-10  1.306878168e-09
160  8.20401092e-10  1.304251166e-09
160.0804661  8.187528031e-10  1.301630761e-09
160.2612261  8.150651341e-10  1.295768206e-09
160.5220751  8.097800995e-10  1.287366203e-09
160.834721  8.035019217e-10  1.277385328e-09
161.165279  7.969300872e-10  1.266937606e-09
161.4779249  7.90776074e-10  1.257154124e-09
161.7387739  7.856870133e-10  1.249063675e-09
161.9195339  7.821844544e-10  1.243495403e-09
162  7.806315544e-10  1.241026645e-09
162.0804661  7.790825063e-10  1.238564011e-09
162.2612261  7.756166916e-10  1.233054154e-09
162.5220751  7.706491889e-10  1.225156954e-09
162.834721  7.647475642e-10  1.215774713e-09
163.165279  7.585691372e-10  1.205952419e-09
163.4779249  7.527828118e-10  1.196753478e-09
163.7387739  7.479972905e-10  1.189145587e-09
163.9195339  7.447033686e-10  1.183909e-09
164  7.432428983e-10  1.181587185e-09
164.0804661  7.417860065e-10  1.179271058e-09
164.2612261  7.385262207e-10  1.17408874e-09
164.5220751  7.338536296e-10  1.166660383e-09
164.834721  7.283017785e-10  1.157834202e-09
165.165279  7.224888341e-10  1.148592942e-09
165.4779249  7.170441469e-10  1.139937128e-09
165.7387739  7.125406965e-10  1.132777666e-09
165.9195339  7.094406742e-10  1.127849335e-09
166  7.080661098e-10  1.125664091e-09
166.0804661  7.066948728e-10  1.123484136e-09
166.2612261  7.036265922e-10  1.118606267e-09
166.5220751  6.992281502e-10  1.111613745e-09
166.834721  6.940014891e-10  1.103304542e-09
167.165279  6.885283878e-10  1.094603556e-09
167.4779249  6.834014171e-10  1.086452838e-09
167.7387739  6.791603196e-10  1.079710458e-09
167.9195339  6.762406602e-10  1.075068863e-09
168  6.749460087e-10  1.073010662e-09
168.0804661  6.73654454e-10  1.070957383e-09
168.2612261  6.707643353e-10  1.066362752e-09
168.5220751  6.666209653e-10  1.059775736e-09
168.834721  6.61696903e-10  1.051947597e-09
169.165279  6.565400795e-10  1.04374942e-09
169.4779249  6.517088349e-10  1.03606884e-09
169.7387739  6.47711962e-10  1.029714721e-09
169.9195339  6.449602184e-10  1.025340074e-09
170  6.437399692e-10  1.023400156e-09
170.0804661  6.425226044e-10  1.021464822e-09
170.2612261  6.397983767e-10  1.01713392e-09
170.5220751  6.358925325e-10  1.010924516e-09
170.834721  6.312502876e-10  1.003544402e-09
171.165279  6.263880611e-10  9.958145678e-10
171.4779249  6.218323078e-10  9.885719562e-10
171.7387739  6.18062976e-10  9.825795758e-10
171.9195339  6.154676918e-10  9.784536641e-10
172  6.143167723e-10  9.766239638e-10
172.0804661  6.131685418e-10  9.747985385e-10
172.2612261  6.105989087e-10  9.707134063e-10
172.5220751  6.069144365e-10  9.648559333e-10
172.834721  6.025348738e-10  9.578934247e-10
173.165279  5.979472777e-10  9.506001901e-10
173.4779249  5.93648378e-10  9.437659172e-10
173.7387739  5.900912182e-10  9.381108421e-10
173.9195339  5.876418386e-10  9.342168856e-10
174  5.865555754e-10  9.32489974e-10
174.0804661  5.854718209e-10  9.307670509e-10
174.2612261  5.830463735e-10  9.269111411e-10
174.5220751  5.795683865e-10  9.213819326e-10
174.834721  5.754338697e-10  9.148089913e-10
175.165279  5.711024985e-10  9.07923096e-10
175.4779249  5.670432691e-10  9.014698445e-10
175.7387739  5.6368411e-10  8.961295453e-10
175.9195339  5.613709017e-10  8.924520703e-10
176  5.603449846e-10  8.908210953e-10
176.0804661  5.5932141e-10  8.891938445e-10
176.2612261  5.570305479e-10  8.855518947e-10
176.5220751  5.537453143e-10  8.803291204e-10
176.834721  5.498395732e-10  8.741198802e-10
177.165279  5.457474446e-10  8.676143263e-10
177.4779249  5.419120286e-10  8.615168871e-10
177.7387739  5.387377907e-10  8.564705708e-10
177.9195339  5.365517697e-10  8.529952945e-10
178  5.355822201e-10  8.514539311e-10
178.0804661  5.346148595e-10  8.499160477e-10
178.2612261  5.324497197e-10  8.464739679e-10
178.5220751  5.293445615e-10  8.415374726e-10
178.834721  5.256525723e-10  8.356680493e-10
179.165279  5.217840027e-10  8.295179034e-10
179.4779249  5.181577538e-10  8.237529922e-10
179.7387739  5.151563548e-10  8.189814505e-10
179.9195339  5.130892208e-10  8.156951775e-10
180  5.121723629e-10  8.142375819e-10
180.0804661  5.112575519e-10  8.127832406e-10
180.2612261  5.092099452e-10  8.095280116e-10
180.5220751  5.062731467e-10  8.048591697e-10
180.834721  5.02781024e-10  7.993074889e-10
181.165279  4.991215165e-10  7.934897041e-10
181.4779249  4.956908943e-10  7.880357949e-10
181.7387739  4.92851163e-10  7.835212679e-10
181.9195339  4.908952409e-10  7.804117967e-10
182  4.900276754e-10  7.790325648e-10
182.0804661  4.891620255e-10  7.776563784e-10
182.2612261  4.872243782e-10  7.745759597e-10
182.5220751  4.844451031e-10  7.701575444e-10
182.834721  4.811400029e-10  7.649031867e-10
183.165279  4.776761452e-10  7.593964407e-10
183.4779249  4.744286212e-10  7.54233616e-10
183.7387739  4.717402195e-10  7.499596688e-10
183.9195339  4.698884063e-10  7.47015707e-10
184  4.69066987e-10  7.457098371e-10
184.0804661  4.682473618e-10  7.444068194e-10
184.2612261  4.664126634e-10  7.414900661e-10
184.5220751  4.637808808e-10  7.373061303e-10
184.834721  4.606509115e-10  7.323301909e-10
185.165279  4.573702849e-10  7.271147406e-10
185.4779249  4.542942565e-10  7.22224555e-10
185.7387739  4.517476097e-10  7.181759658e-10
185.9195339  4.499933259e-10  7.153870535e-10
186  4.492151385e-10  7.141499125e-10
186.0804661  4.484386325e-10  7.129154446e-10
186.2612261  4.467003886e-10  7.10152032e-10
186.5220751  4.442068047e-10  7.061878007e-10
186.834721  4.412409477e-10  7.014727625e-10
187.165279  4.381320432e-10  6.965303114e-10
187.4779249  4.352167569e-10  6.918956691e-10
187.7387739  4.328029894e-10  6.880583278e-10
187.9195339  4.311401356e-10  6.854147684e-10
188  4.304024782e-10  6.842420609e-10
188.0804661  4.296663978e-10  6.830718605e-10
188.2612261  4.280185868e-10  6.804522157e-10
188.5220751  4.256545841e-10  6.76693989e-10
188.834721  4.228426211e-10  6.722236073e-10
189.165279  4.198947645e-10  6.675371857e-10
189.4779249  4.171302451e-10  6.631422285e-10
189.7387739  4.148411231e-10  6.595030452e-10
189.9195339  4.132640402e-10  6.56995842e-10
190  4.125644061e-10  6.558835828e-10
190.0804661  4.118662518e-10  6.547736763e-10
190.2612261  4.103032863e-10  6.522889167e-10
190.5220751  4.080608676e-10  6.487239808e-10
190.834721  4.053933149e-10  6.444831787e-10
191.165279  4.025965981e-10  6.400370349e-10
191.4779249  3.999735852e-10  6.358670409e-10
191.7387739  3.97801464e-10  6.324138623e-10
191.9195339  3.963048976e-10  6.300346619e-10
192  3.956409587e-10  6.289791501e-10
192.0804661  3.949784097e-10  6.279258478e-10
192.2612261  3.934951009e-10  6.255677242e-10
192.5220751  3.91366839e-10  6.221842717e-10
192.834721  3.888348879e-10  6.181590453e-10
193.165279  3.861801065e-10  6.139385467e-10
193.4779249  3.836899966e-10  6.099798382e-10
193.7387739  3.81627773e-10  6.067013716e-10
193.9195339  3.802068401e-10  6.044424115e-10
194  3.795764333e-10  6.034402081e-10
194.0804661  3.789473326e-10  6.024400809e-10
194.2612261  3.775388582e-10  6.00200927e-10
194.5220751  3.755178498e-10  5.969879832e-10
194.834721  3.73113312e-10  5.93165315e-10
195.165279  3.705919093e-10  5.891568581e-10
195.4779249  3.68226703e-10  5.85396718e-10
195.7387739  3.662677717e-10  5.822824627e-10
195.9195339  3.649179317e-10  5.80136524e-10
196  3.643190451e-10  5.791844305e-10
196.0804661  3.637213866e-10  5.782342894e-10
196.2612261  3.623832615e-10  5.761069748e-10
196.5220751  3.604630854e-10  5.730543316e-10
196.834721  3.581783439e-10  5.694221121e-10
197.165279  3.557823588e-10  5.656130407e-10
197.4779249  3.535346129e-10  5.620396359e-10
197.7387739  3.516728272e-10  5.590798201e-10
197.9195339  3.503898541e-10  5.570401845e-10
198  3.498206153e-10  5.561352243e-10
198.0804661  3.49252532e-10  5.552321011e-10
198.2612261  3.479805815e-10  5.53209989e-10
198.5220751  3.461552608e-10  5.503081442e-10
198.834721  3.439832243e-10  5.468551002e-10
199.165279  3.417052448e-10  5.432336307e-10
199.4779249  3.395680283e-10  5.398359425e-10
199.7387739  3.377976642e-10  5.370214662e-10
199.9195339  3.365776222e-10  5.350818769e-10
200  3.360362873e-10  5.342212775e-10
200.0804661  3.354960402e-10  5.333624075e-10
200.2612261  3.342863758e-10  5.314393162e-10
200.5220751  3.325503428e-10  5.286794184e-10
200.834721  3.304844051e-10  5.253950474e-10
201.165279  3.28317525e-10  5.219502007e-10
201.4779249  3.262843795e-10  5.187179619e-10
201.7387739  3.246001025e-10  5.160403445e-10
201.9195339  3.234393236e-10  5.141949699e-10
202  3.229242671e-10  5.133761473e-10
202.0804661  3.224102355e-10  5.125589539e-10
202.2612261  3.212592327e-10  5.107291212e-10
202.5220751  3.19607297e-10  5.081029192e-10
202.834721  3.176412994e-10  5.0497743e-10
203.165279  3.155790795e-10  5.016989694e-10
203.4779249  3.136439828e-10  4.986226056e-10
203.7387739  3.12040818e-10  4.960739382e-10
203.9195339  3.10935881e-10  4.943173397e-10
204  3.10445587e-10  4.935378837e-10
204.0804661  3.099562589e-10  4.927599634e-10
204.2612261  3.08860537e-10  4.910180146e-10
204.5220751  3.072878571e-10  4.885178114e-10
204.834721  3.054160537e-10  4.855420696e-10
205.165279  3.034524863e-10  4.824204439e-10
205.4779249  3.016098185e-10  4.794910211e-10
205.7387739  3.000831233e-10  4.77063923e-10
205.9195339  2.990308354e-10  4.753910246e-10
206  2.985638889e-10  4.746486858e-10
206.0804661  2.980978534e-10  4.739077953e-10
206.2612261  2.970542566e-10  4.722487137e-10
206.5220751  2.955563131e-10  4.698673242e-10
206.834721  2.937733398e-10  4.670328022e-10
207.165279  2.919028155e-10  4.640590939e-10
207.4779249  2.901473291e-10  4.612682697e-10
207.7387739  2.88692768e-10  4.589558484e-10
207.9195339  2.876901473e-10  4.573619095e-10
208  2.872452267e-10  4.566545869e-10
208.0804661  2.868011659e-10  4.559486312e-10
208.2612261  2.858067467e-10  4.543677309e-10
208.5220751  2.843793179e-10  4.520984437e-10
208.834721  2.826801638e-10  4.493971751e-10
209.165279  2.808974418e-10  4.465630524e-10
209.4779249  2.792242336e-10  4.439030319e-10
209.7387739  2.778377551e-10  4.416988464e-10
209.9195339  2.768820149e-10  4.401794369e-10
210  2.764578852e-10  4.395051671e-10
210.0804661  2.760345672e-10  4.388321878e-10
210.2612261  2.750865709e-10  4.373250893e-10
210.5220751  2.737257107e-10  4.351616311e-10
210.834721  2.721056915e-10  4.325861689e-10
211.165279  2.704058721e-10  4.298838427e-10
211.4779249  2.688103577e-10  4.273473376e-10
211.7387739  2.674881734e-10  4.252453651e-10
211.9195339  2.665767077e-10  4.23796342e-10
212  2.661722138e-10  4.231532887e-10
212.0804661  2.657684868e-10  4.225114546e-10
212.2612261  2.648643369e-10  4.210740618e-10
212.5220751  2.635663545e-10  4.19010565e-10
212.834721  2.620210883e-10  4.165539432e-10
213.165279  2.603995881e-10  4.139761267e-10
213.4779249  2.588774783e-10  4.115563182e-10
213.7387739  2.576160433e-10  4.095509234e-10
213.9195339  2.567464135e-10  4.081684098e-10
214  2.563604746e-10  4.075548548e-10
214.0804661  2.559752606e-10  4.069424521e-10
214.2612261  2.551125459e-10  4.055709319e-10
214.5220751  2.53873987e-10  4.03601905e-10
214.834721  2.523993728e-10  4.012576036e-10
215.165279  2.508519011e-10  3.987974756e-10
215.4779249  2.493991803e-10  3.964879799e-10
215.7387739  2.481951758e-10  3.945738866e-10
215.9195339  2.473650987e-10  3.932542528e-10
216  2.469967028e-10  3.926685869e-10
216.0804661  2.466289923e-10  3.92084011e-10
216.2612261  2.458054549e-10  3.907747737e-10
216.5220751  2.446230847e-10  3.88895074e-10
216.834721  2.432152811e-10  3.866569864e-10
217.165279  2.417378191e-10  3.843081579e-10
217.4779249  2.403507259e-10  3.821029951e-10
217.7387739  2.392010427e-10  3.802752603e-10
217.9195339  2.384083791e-10  3.790151053e-10
218  2.380565777e-10  3.784558212e-10
218.0804661  2.377054251e-10  3.778975684e-10
218.2612261  2.369189493e-10  3.766472507e-10
218.5220751  2.357897364e-10  3.748520591e-10
218.834721  2.344451438e-10  3.727144626e-10
219.165279  2.33033925e-10  3.704709456e-10
219.4779249  2.317089335e-10  3.683645105e-10
219.7387739  2.30610657e-10  3.666185005e-10
219.9195339  2.298534013e-10  3.654146363e-10
220  2.295173057e-10  3.648803207e-10
220.0804661  2.291818241e-10  3.643469813e-10
220.2612261  2.284304264e-10  3.631524297e-10
220.5220751  2.273515287e-10  3.614372278e-10
220.834721  2.260667717e-10  3.593947563e-10
221.165279  2.247182636e-10  3.572509351e-10
221.4779249  2.234520672e-10  3.552379707e-10
221.7387739  2.224024635e-10  3.535693396e-10
221.9195339  2.216787347e-10  3.524187754e-10
222  2.213575109e-10  3.519081025e-10
222.0804661  2.210368686e-10  3.513983542e-10
222.2612261  2.203186881e-10  3.502566106e-10
222.5220751  2.192874391e-10  3.486171592e-10
222.834721  2.180593507e-10  3.466647778e-10
223.165279  2.167702388e-10  3.446153832e-10
223.4779249  2.155597343e-10  3.426909563e-10
223.7387739  2.145562379e-10  3.410956252e-10
223.9195339  2.138642704e-10  3.399955543e-10
224  2.135571356e-10  3.395072797e-10
224.0804661  2.132505519e-10  3.390198813e-10
224.2612261  2.12563842e-10  3.379281688e-10
224.5220751  2.115777386e-10  3.363604887e-10
224.834721  2.104033456e-10  3.344934708e-10
225.165279  2.091705181e-10  3.325335555e-10
225.4779249  2.080127918e-10  3.306930339e-10
225.7387739  2.070529933e-10  3.291671726e-10
225.9195339  2.063911291e-10  3.28114959e-10
226  2.060973482e-10  3.276479142e-10
226.0804661  2.058040898e-10  3.271817001e-10
226.2612261  2.051472101e-10  3.261374108e-10
226.5220751  2.042039014e-10  3.246377644e-10
226.834721  2.030804109e-10  3.228516701e-10
227.165279  2.019009445e-10  3.209765867e-10
227.4779249  2.007932589e-10  3.192156185e-10
227.7387739  1.998748947e-10  3.177556283e-10
227.9195339  1.992415758e-10  3.167487953e-10
228  1.989604582e-10  3.163018821e-10
228.0804661  1.986798362e-10  3.158557569e-10
228.2612261  1.980512451e-10  3.148564402e-10
228.5220751  1.971485216e-10  3.13421315e-10
228.834721  1.96073309e-10  3.117119716e-10
229.165279  1.949444559e-10  3.099173519e-10
229.4779249  1.938842379e-10  3.082318463e-10
229.7387739  1.930051799e-10  3.06834344e-10
229.9195339  1.923989417e-10  3.058705631e-10
230  1.921298379e-10  3.054427493e-10
230.0804661  1.918612044e-10  3.050156831e-10
230.2612261  1.912594527e-10  3.040590347e-10
230.5220751  1.903952369e-10  3.026851281e-10
230.834721  1.89365834e-10  3.010486116e-10
231.165279  1.882850101e-10  2.993303475e-10
231.4779249  1.872698395e-10  2.97716457e-10
231.7387739  1.864280862e-10  2.963782607e-10
231.9195339  1.858475508e-10  2.954553415e-10
232  1.8558985e-10  2.950456558e-10
232.0804661  1.853325957e-10  2.9463668e-10
232.2612261  1.847563198e-10  2.937205323e-10
232.5220751  1.839286573e-10  2.924047372e-10
232.834721  1.829427418e-10  2.908373558e-10
233.165279  1.819075158e-10  2.891915818e-10
233.4779249  1.809351151e-10  2.876456859e-10
233.7387739  1.801287828e-10  2.863638009e-10
233.9195339  1.795726537e-10  2.854796821e-10
234  1.793257809e-10  2.850872105e-10
234.0804661  1.790793322e-10  2.846954131e-10
234.2612261  1.785272487e-10  2.838177259e-10
234.5220751  1.777342998e-10  2.825571175e-10
234.834721  1.767896858e-10  2.81055396e-10
235.165279  1.757977685e-10  2.79478473e-10
235.4779249  1.748659936e-10  2.779971629e-10
235.7387739  1.740933086e-10  2.767687695e-10
235.9195339  1.735603648e-10  2.7592151e-10
236  1.733237786e-10  2.755453918e-10
236.0804661  1.730875955e-10  2.751699143e-10
236.2612261  1.725584958e-10  2.743287661e-10
236.5220751  1.71798528e-10  2.731205902e-10
236.834721  1.708931564e-10  2.716812553e-10
237.165279  1.699423918e-10  2.701697556e-10
237.4779249  1.690492228e-10  2.687498202e-10
237.7387739  1.683085143e-10  2.67572262e-10
237.9195339  1.677976054e-10  2.667600331e-10
238  1.675707958e-10  2.663994574e-10
238.0804661  1.673443693e-10  2.660394907e-10
238.2612261  1.668371148e-10  2.652330715e-10
238.5220751  1.661084956e-10  2.640747326e-10
238.834721  1.652404263e-10  2.626946998e-10
239.165279  1.643287824e-10  2.612453933e-10
239.4779249  1.634723157e-10  2.598838062e-10
239.7387739  1.627620087e-10  2.587545796e-10
239.9195339  1.622720506e-10  2.579756575e-10
240  1.620545367e-10  2.576298599e-10
240.0804661  1.618373871e-10  2.572846415e-10
240.2612261  1.613509044e-10  2.565112445e-10
240.5220751  1.606520947e-10  2.55400296e-10
240.834721  1.598194986e-10  2.540766576e-10
241.165279  1.589450596e-10  2.526864984e-10
241.4779249  1.581235002e-10  2.513804059e-10
241.7387739  1.574421097e-10  2.502971498e-10
241.9195339  1.569720796e-10  2.49549909e-10
242  1.56763408e-10  2.492181686e-10
242.0804661  1.565550831e-10  2.488869793e-10
242.2612261  1.560883596e-10  2.481449952e-10
242.5220751  1.554179079e-10  2.470791294e-10
242.834721  1.546190596e-10  2.458091422e-10
243.165279  1.537800183e-10  2.444752573e-10
243.4779249  1.529916728e-10  2.432219673e-10
243.7387739  1.523377974e-10  2.421824542e-10
243.9195339  1.518867308e-10  2.414653608e-10
244  1.516864736e-10  2.411469974e-10
244.0804661  1.514865464e-10  2.408291586e-10
244.2612261  1.51038627e-10  2.401170687e-10
244.5220751  1.503951634e-10  2.390941079e-10
244.834721  1.496284346e-10  2.378751835e-10
245.165279  1.488230853e-10  2.365948613e-10
245.4779249  1.480663554e-10  2.353918327e-10
245.7387739  1.474386727e-10  2.343939599e-10
245.9195339  1.470056586e-10  2.337055661e-10
246  1.46813412e-10  2.333999377e-10
246.0804661  1.466214795e-10  2.330948087e-10
246.2612261  1.461914624e-10  2.324111792e-10
246.5220751  1.455736937e-10  2.314290675e-10
246.834721  1.448375472e-10  2.302587619e-10
247.165279  1.440642794e-10  2.29029442e-10
247.4779249  1.433376555e-10  2.278742754e-10
247.7387739  1.427349164e-10  2.269160573e-10
247.9195339  1.42319095e-10  2.262549957e-10
248  1.421344774e-10  2.259614957e-10
248.0804661  1.419501591e-10  2.256684716e-10
248.2612261  1.415371924e-10  2.250119484e-10
248.5220751  1.409438972e-10  2.24068744e-10
248.834721  1.402368807e-10  2.229447485e-10
249.165279  1.39494173e-10  2.217640121e-10
249.4779249  1.387962294e-10  2.206544405e-10
249.7387739  1.382172538e-10  2.19734001e-10
249.9195339  1.378178122e-10  2.190989797e-10
250  1.376404633e-10  2.188170353e-10
250.0804661  1.374633995e-10  2.185355442e-10
250.2612261  1.370666783e-10  2.179048477e-10
250.5220751  1.364967024e-10  2.169987155e-10
250.834721  1.358174435e-10  2.159188484e-10
251.165279  1.35103858e-10  2.147844097e-10
251.4779249  1.344332468e-10  2.137182905e-10
251.7387739  1.338769193e-10  2.128338563e-10
251.9195339  1.334930894e-10  2.12223654e-10
252  1.333226684e-10  2.119527233e-10
252.0804661  1.331525192e-10  2.116822249e-10
252.2612261  1.327712827e-10  2.110761455e-10
252.5220751  1.322235347e-10  2.102053507e-10
252.834721  1.31570736e-10  2.091675492e-10
253.165279  1.30884913e-10  2.080772466e-10
253.4779249  1.302403599e-10  2.070525538e-10
253.7387739  1.297056256e-10  2.062024479e-10
253.9195339  1.293366808e-10  2.056159096e-10
254  1.291728655e-10  2.053554805e-10
254.0804661  1.290093095e-10  2.050954636e-10
254.2612261  1.28642838e-10  2.045128572e-10
254.5220751  1.281162857e-10  2.036757589e-10
254.834721  1.274887199e-10  2.026780719e-10
255.165279  1.268293734e-10  2.016298609e-10
255.4779249  1.262096726e-10  2.006446776e-10
255.7387739  1.256955336e-10  1.998273135e-10
255.9195339  1.253407866e-10  1.992633465e-10
256  1.251832721e-10  1.990129342e-10
256.0804661  1.250260049e-10  1.987629152e-10
256.2612261  1.246736176e-10  1.982026994e-10
256.5220751  1.241672844e-10  1.973977449e-10
256.834721  1.2356379e-10  1.96438326e-10
257.165279  1.229297028e-10  1.954302716e-10
257.4779249  1.223337134e-10  1.944827839e-10
257.7387739  1.21839225e-10  1.936966598e-10
257.9195339  1.214980252e-10  1.931542298e-10
258  1.213465229e-10  1.929133756e-10
258.0804661  1.211952567e-10  1.926728967e-10
258.2612261  1.208563089e-10  1.921340467e-10
258.5220751  1.203692703e-10  1.913597661e-10
258.834721  1.197887479e-10  1.904368675e-10
259.165279  1.191787676e-10  1.894671376e-10
259.4779249  1.18605409e-10  1.885556278e-10
259.7387739  1.181296769e-10  1.87799322e-10
259.9195339  1.178014082e-10  1.872774494e-10
260  1.176556449e-10  1.870457188e-10
260.0804661  1.175101069e-10  1.868143465e-10
260.2612261  1.171839882e-10  1.862958919e-10
260.5220751  1.167153686e-10  1.855508933e-10
260.834721  1.161567767e-10  1.846628593e-10
261.165279  1.155698119e-10  1.837297188e-10
261.4779249  1.150180608e-10  1.8285256e-10
261.7387739  1.145602377e-10  1.821247253e-10
261.9195339  1.142443164e-10  1.816224824e-10
262  1.141040331e-10  1.813994638e-10
262.0804661  1.13963965e-10  1.811767873e-10
262.2612261  1.136500971e-10  1.806778088e-10
262.5220751  1.131990669e-10  1.799607733e-10
262.834721  1.126614189e-10  1.791060353e-10
263.165279  1.120964353e-10  1.782078399e-10
263.4779249  1.115653218e-10  1.773634902e-10
263.7387739  1.111246047e-10  1.766628502e-10
263.9195339  1.108204778e-10  1.761793575e-10
264  1.106854291e-10  1.759646608e-10
264.0804661  1.10550586e-10  1.75750291e-10
264.2612261  1.102484208e-10  1.752699171e-10
264.5220751  1.098141936e-10  1.745795946e-10
264.834721  1.092965543e-10  1.737566657e-10
265.165279  1.087525714e-10  1.728918568e-10
265.4779249  1.082411762e-10  1.720788546e-10
265.7387739  1.078168038e-10  1.71404199e-10
265.9195339  1.075239467e-10  1.709386228e-10
266  1.073939e-10  1.707318781e-10
266.0804661  1.072640498e-10  1.705254458e-10
266.2612261  1.069730676e-10  1.700628503e-10
266.5220751  1.065548978e-10  1.693980554e-10
266.834721  1.060563801e-10  1.686055257e-10
267.165279  1.055324682e-10  1.67772625e-10
267.4779249  1.050399192e-10  1.66989584e-10
267.7387739  1.046311695e-10  1.66339765e-10
267.9195339  1.043490848e-10  1.658913144e-10
268  1.042238194e-10  1.656921709e-10
268.0804661  1.040987419e-10  1.654933261e-10
268.2612261  1.038184497e-10  1.650477252e-10
268.5220751  1.0341563e-10  1.644073335e-10
268.834721  1.029353926e-10  1.636438652e-10
269.165279  1.024306695e-10  1.628414704e-10
269.4779249  1.019561394e-10  1.620870754e-10
269.7387739  1.015623273e-10  1.614610038e-10
269.9195339  1.01290543e-10  1.610289284e-10
270  1.011698495e-10  1.608370532e-10
270.0804661  1.010493357e-10  1.606454637e-10
270.2612261  1.007792656e-10  1.602161137e-10
270.5220751  1.003911248e-10  1.595990581e-10
270.834721  9.992836914e-11  1.588633818e-10
271.165279  9.944199769e-11  1.580901619e-10
271.4779249  9.89847012e-11  1.573631644e-10
271.7387739  9.860517644e-11  1.567598064e-10
271.9195339  9.834324438e-11  1.56343394e-10
272  9.8226924e-11  1.56158471e-10
272.0804661  9.811077555e-11  1.559738214e-10
272.2612261  9.785048356e-11  1.555600163e-10
272.5220751  9.74763844e-11  1.549652837e-10
272.834721  9.703035236e-11  1.542561942e-10
273.165279  9.65615376e-11  1.535108854e-10
273.4779249  9.612072912e-11  1.528101001e-10
273.7387739  9.575487416e-11  1.522284739e-10
273.9195339  9.550236892e-11  1.51827048e-10
274  9.539023289e-11  1.516487772e-10
274.0804661  9.52782614e-11  1.51470768e-10
274.2612261  9.502732569e-11  1.510718373e-10
274.5220751  9.4666663e-11  1.504984657e-10
274.834721  9.423663455e-11  1.498148182e-10
275.165279  9.378462144e-11  1.490962202e-10
275.4779249  9.335959272e-11  1.484205212e-10
275.7387739  9.300682095e-11  1.478596943e-10
275.9195339  9.276333832e-11  1.474726123e-10
276  9.265520731e-11  1.473007086e-10
276.0804661  9.254723381e-11  1.471290552e-10
276.2612261  9.23052537e-11  1.467443619e-10
276.5220751  9.195745251e-11  1.461914371e-10
276.834721  9.154274352e-11  1.455321441e-10
277.165279  9.110681464e-11  1.448391163e-10
277.4779249  9.069689266e-11  1.441874336e-10
277.7387739  9.035664665e-11  1.436465198e-10
277.9195339  9.01218025e-11  1.43273171e-10
278  9.001750608e-11  1.431073634e-10
278.0804661  8.991336049e-11  1.429417956e-10
278.2612261  8.967995516e-11  1.425707342e-10
278.5220751  8.934446898e-11  1.420373875e-10
278.834721  8.894442921e-11  1.414014153e-10
279.165279  8.852390262e-11  1.407328736e-10
279.4779249  8.812844762e-11  1.401041901e-10
279.7387739  8.780019743e-11  1.395823469e-10
279.9195339  8.757362659e-11  1.392221508e-10
280  8.747300273e-11  1.390621818e-10
280.0804661  8.737252334e-11  1.389024424e-10
280.2612261  8.714733075e-11  1.385444374e-10
280.5220751  8.682364001e-11  1.380298427e-10
280.834721  8.643765118e-11  1.374162083e-10
281.165279  8.603187844e-11  1.367711219e-10
281.4779249  8.565028203e-11  1.361644704e-10
281.7387739  8.533352372e-11  1.356608967e-10
281.9195339  8.511487888e-11  1.353133011e-10
282  8.501777348e-11  1.351589256e-10
282.0804661  8.492080652e-11  1.350047702e-10
282.2612261  8.470348231e-11  1.346592741e-10
282.5220751  8.439109284e-11  1.341626459e-10
282.834721  8.401856685e-11  1.335704143e-10
283.165279  8.362693115e-11  1.329478026e-10
283.4779249  8.32586146e-11  1.323622631e-10
283.7387739  8.295286874e-11  1.318761967e-10
283.9195339  8.27418195e-11  1.315406764e-10
284  8.264808595e-11  1.313916613e-10
284.0804661  8.25544851e-11  1.312428573e-10
284.2612261  8.234470166e-11  1.309093493e-10
284.5220751  8.204314325e-11  1.3042994e-10
284.834721  8.168352055e-11  1.298582217e-10
285.165279  8.130543494e-11  1.292571516e-10
285.4779249  8.094984751e-11  1.286918484e-10
285.7387739  8.065465785e-11  1.28222564e-10
285.9195339  8.045088976e-11  1.278986191e-10
286  8.036038854e-11  1.277547427e-10
286.0804661  8.027001454e-11  1.276110686e-10
286.2612261  8.006746005e-11  1.27289053e-10
286.5220751  7.977628519e-11  1.268261512e-10
286.834721  7.942903314e-11  1.262740994e-10
287.165279  7.906393893e-11  1.256936827e-10
287.4779249  7.872055635e-11  1.251477824e-10
287.7387739  7.843548853e-11  1.246945895e-10
287.9195339  7.823870222e-11  1.24381744e-10
288  7.815130049e-11  1.242427951e-10
288.0804661  7.806402077e-11  1.241040402e-10
288.2612261  7.786839836e-11  1.23793045e-10
288.5220751  7.758718094e-11  1.233459733e-10
288.834721  7.72517924e-11  1.228127818e-10
289.165279  7.689915757e-11  1.222521726e-10
289.4779249  7.656748058e-11  1.217248816e-10
289.7387739  7.629212097e-11  1.212871225e-10
289.9195339  7.610203133e-11  1.209849232e-10
290  7.601760257e-11  1.208507006e-10
290.0804661  7.593329086e-11  1.207166642e-10
290.2612261  7.574431779e-11  1.2041624e-10
290.5220751  7.547265198e-11  1.199843531e-10
290.834721  7.514864389e-11  1.194692539e-10
291.165279  7.480796167e-11  1.189276467e-10
291.4779249  7.448751468e-11  1.184182088e-10
291.7387739  7.422146922e-11  1.179952571e-10
291.9195339  7.403780464e-11  1.177032722e-10
292  7.395622833e-11  1.175735844e-10
292.0804661  7.387476434e-11  1.174440752e-10
292.2612261  7.369217122e-11  1.171537936e-10
292.5220751  7.342967033e-11  1.167364769e-10
292.834721  7.311658242e-11  1.162387383e-10
293.165279  7.278736993e-11  1.157153653e-10
293.4779249  7.247769975e-11  1.152230602e-10
293.7387739  7.222059292e-11  1.148143188e-10
293.9195339  7.204309455e-11  1.145321367e-10
294  7.196425582e-11  1.144068011e-10
294.0804661  7.18855249e-11  1.142816368e-10
294.2612261  7.1709055e-11  1.140010898e-10
294.5220751  7.14553505e-11  1.135977574e-10
294.834721  7.115274409e-11  1.13116682e-10
295.165279  7.083454106e-11  1.126108115e-10
295.4779249  7.053521567e-11  1.121349522e-10
295.7387739  7.02866895e-11  1.117398521e-10
295.9195339  7.011511058e-11  1.114670807e-10
296  7.003889992e-11  1.113459231e-10
296.0804661  6.996279278e-11  1.1122493e-10
296.2612261  6.979220133e-11  1.109537284e-10
296.5220751  6.954694186e-11  1.105638216e-10
296.834721  6.925439867e-11  1.100987445e-10
297.165279  6.894676623e-11  1.096096789e-10
297.4779249  6.865737371e-11  1.091496106e-10
297.7387739  6.841708683e-11  1.087676091e-10
297.9195339  6.825119204e-11  1.085038741e-10
298  6.817750503e-11  1.083867285e-10
298.0804661  6.810391743e-11  1.082697409e-10
298.2612261  6.793897101e-11  1.080075136e-10
298.5220751  6.770182148e-11  1.076304998e-10
298.834721  6.741894258e-11  1.071807867e-10
299.165279  6.712146213e-11  1.067078604e-10
299.4779249  6.684160956e-11  1.062629585e-10
299.7387739  6.660923636e-11  1.058935379e-10
299.9195339  6.644880122e-11  1.056384826e-10
300  6.637753823e-11  1.055251906e-10
300.0804661  6.630637074e-11  1.054120505e-10
300.2612261  6.614684666e-11  1.051584435e-10
300.5220751  6.591748739e-11  1.047938144e-10
300.834721  6.564389219e-11  1.043588603e-10
301.165279  6.535616435e-11  1.039014384e-10
301.4779249  6.508547681e-11  1.034711068e-10
301.7387739  6.486070658e-11  1.031137732e-10
301.9195339  6.470551689e-11  1.028670569e-10
302  6.463658286e-11  1.027574675e-10
302.0804661  6.45677406e-11  1.02648024e-10
302.2612261  6.441342637e-11  1.024026994e-10
302.5220751  6.419155227e-11  1.020499701e-10
302.834721  6.392687755e-11  1.016291974e-10
303.165279  6.364852114e-11  1.011866741e-10
303.4779249  6.338664081e-11  1.007703439e-10
303.7387739  6.316917698e-11  1.004246259e-10
303.9195339  6.301902828e-11  1.001859236e-10
304  6.295233247e-11  1.000798924e-10
304.0804661  6.288572486e-11  9.997400145e-11
304.2612261  6.273641763e-11  9.973663691e-11
304.5220751  6.252173747e-11  9.939534427e-11
304.834721  6.226563647e-11  9.898820193e-11
305.165279  6.199628761e-11  9.855999848e-11
305.4779249  6.174287284e-11  9.815712663e-11
305.7387739  6.153243225e-11  9.782257395e-11
305.9195339  6.138712932e-11  9.759157534e-11
306  6.132258508e-11  9.748896468e-11
306.0804661  6.125812565e-11  9.738648884e-11
306.2612261  6.111363172e-11  9.715677635e-11
306.5220751  6.090586741e-11  9.682647834e-11
306.834721  6.0658009e-11  9.643243984e-11
307.165279  6.039732015e-11  9.601800385e-11
307.4779249  6.015204466e-11  9.562807161e-11
307.7387739  5.994835688e-11  9.530425436e-11
307.9195339  5.980771326e-11  9.508066299e-11
308  5.974523784e-11  9.498134128e-11
308.0804661  5.968284398e-11  9.488214922e-11
308.2612261  5.954297834e-11  9.465979467e-11
308.5220751  5.934186425e-11  9.434006899e-11
308.834721  5.910193213e-11  9.395863149e-11
309.165279  5.88495713e-11  9.355743517e-11
309.4779249  5.861212341e-11  9.317994702e-11
309.7387739  5.841493007e-11  9.286645445e-11
309.9195339  5.827876761e-11  9.264998711e-11
310  5.821828195e-11  9.255382866e-11
310.0804661  5.815787473e-11  9.245779492e-11
310.2612261  5.802246063e-11  9.224251729e-11
310.5220751  5.782774293e-11  9.193296044e-11
310.834721  5.759543487e-11  9.156364345e-11
311.165279  5.735108485e-11  9.117518249e-11
311.4779249  5.712116669e-11  9.080966489e-11
311.7387739  5.693022088e-11  9.050610447e-11
311.9195339  5.679836934e-11  9.029649052e-11
312  5.673979787e-11  9.020337519e-11
312.0804661  5.668130187e-11  9.011037987e-11
312.2612261  5.655017036e-11  8.990191059e-11
312.5220751  5.636160649e-11  8.960213692e-11
312.834721  5.613663361e-11  8.92444812e-11
313.165279  5.589999118e-11  8.886827354e-11
313.4779249  5.567731802e-11  8.851427386e-11
313.7387739  5.549238371e-11  8.822027037e-11
313.9195339  5.536468035e-11  8.801725106e-11
314  5.530795083e-11  8.792706403e-11
314.0804661  5.525129395e-11  8.783699248e-11
314.2612261  5.512428353e-11  8.763507479e-11
314.5220751  5.494164158e-11  8.734471562e-11
314.834721  5.472372769e-11  8.69982821e-11
315.165279  5.449450293e-11  8.663386685e-11
315.4779249  5.427880254e-11  8.629095228e-11
315.7387739  5.409965405e-11  8.600614694e-11
315.9195339  5.397594323e-11  8.580947487e-11
316  5.392098659e-11  8.572210631e-11
316.0804661  5.386609988e-11  8.563484892e-11
316.2612261  5.37430561e-11  8.543923729e-11
316.5220751  5.356611428e-11  8.515794004e-11
316.834721  5.335499527e-11  8.482230882e-11
317.165279  5.31329109e-11  8.446924518e-11
317.4779249  5.29239229e-11  8.413700178e-11
317.7387739  5.275034437e-11  8.38610514e-11
317.9195339  5.263047724e-11  8.367048992e-11
318  5.257722741e-11  8.35858348e-11
318.0804661  5.252404491e-11  8.350128671e-11
318.2612261  5.240482004e-11  8.331174628e-11
318.5220751  5.223336621e-11  8.303917368e-11
318.834721  5.202878939e-11  8.271394307e-11
319.165279  5.181358017e-11  8.237180934e-11
319.4779249  5.161105545e-11  8.204984109e-11
319.7387739  5.144284035e-11  8.178241735e-11
319.9195339  5.132667449e-11  8.159774005e-11
320  5.127506825e-11  8.151569786e-11
320.0804661  5.122352685e-11  8.143375875e-11
320.2612261  5.110797954e-11  8.125006481e-11
320.5220751  5.094181069e-11  8.098589413e-11
320.834721  5.07435343e-11  8.067067976e-11
321.165279  5.05349464e-11  8.033907243e-11
321.4779249  5.033864657e-11  8.002700034e-11
321.7387739  5.017559726e-11  7.976778902e-11
321.9195339  5.006299636e-11  7.95887792e-11
322  5.001297321e-11  7.950925376e-11
322.0804661  4.996301252e-11  7.942982763e-11
322.2612261  4.985100748e-11  7.925176508e-11
322.5220751  4.968992934e-11  7.899568747e-11
322.834721  4.949772195e-11  7.869012144e-11
323.165279  4.92955124e-11  7.836865423e-11
323.4779249  4.910520928e-11  7.806611555e-11
323.7387739  4.894713655e-11  7.781481586e-11
323.9195339  4.883797014e-11  7.764126609e-11
324  4.878947215e-11  7.756416532e-11
324.0804661  4.874103435e-11  7.748716023e-11
324.2612261  4.863244206e-11  7.731452319e-11
324.5220751  4.847626861e-11  7.706624292e-11
324.834721  4.828990868e-11  7.676997301e-11
325.165279  4.809384486e-11  7.645827612e-11
325.4779249  4.790931994e-11  7.616492347e-11
325.7387739  4.775604263e-11  7.59212474e-11
325.9195339  4.765018576e-11  7.575295905e-11
326  4.760315748e-11  7.567819478e-11
326.0804661  4.755618721e-11  7.560352272e-11
326.2612261  4.745088365e-11  7.543611401e-11
326.5220751  4.729943677e-11  7.519534791e-11
326.834721  4.71187121e-11  7.490803679e-11
327.165279  4.692857122e-11  7.460575603e-11
327.4779249  4.674961526e-11  7.432125675e-11
327.7387739  4.660095984e-11  7.408492845e-11
327.9195339  4.649829284e-11  7.392171126e-11
328  4.645268114e-11  7.384919903e-11
328.0804661  4.640712536e-11  7.37767757e-11
328.2612261  4.630499173e-11  7.361440645e-11
328.5220751  4.615810079e-11  7.338088327e-11
328.834721  4.598280814e-11  7.310220782e-11
329.165279  4.579837678e-11  7.28090039e-11
329.4779249  4.56247893e-11  7.253303928e-11
329.7387739  4.548058955e-11  7.230379447e-11
329.9195339  4.538099776e-11  7.214546617e-11
330  4.533675174e-11  7.207512507e-11
330.0804661  4.529255964e-11  7.200486967e-11
330.2612261  4.519348212e-11  7.184735895e-11
330.5220751  4.505098365e-11  7.162081878e-11
330.834721  4.488092827e-11  7.13504694e-11
331.165279  4.470200192e-11  7.10660172e-11
331.4779249  4.453359081e-11  7.079828184e-11
331.7387739  4.439368742e-11  7.057586726e-11
331.9195339  4.429706097e-11  7.042225317e-11
332  4.425413186e-11  7.035400566e-11
332.0804661  4.421125475e-11  7.02858408e-11
332.2612261  4.411512425e-11  7.013301517e-11
332.5220751  4.397686156e-11  6.991320894e-11
332.834721  4.38118568e-11  6.965088889e-11
333.165279  4.363823947e-11  6.937487681e-11
333.4779249  4.34748206e-11  6.911507798e-11
333.7387739  4.333906087e-11  6.889925088e-11
333.9195339  4.324529443e-11  6.875018356e-11
334  4.320363548e-11  6.86839553e-11
334.0804661  4.316202668e-11  6.861780677e-11
334.2612261  4.306873864e-11  6.846950001e-11
334.5220751  4.293456154e-11  6.825618894e-11
334.834721  4.277442845e-11  6.800161374e-11
335.165279  4.260593221e-11  6.773374304e-11
335.4779249  4.244732906e-11  6.748160009e-11
335.7387739  4.231556659e-11  6.727212773e-11
335.9195339  4.222455917e-11  6.712744664e-11
336  4.218412554e-11  6.706316636e-11
336.0804661  4.21437403e-11  6.699896301e-11
336.2612261  4.205319446e-11  6.685501571e-11
336.5220751  4.192295893e-11  6.664797084e-11
336.834721  4.176752593e-11  6.640086772e-11
337.165279  4.160397059e-11  6.614085192e-11
337.4779249  4.145001385e-11  6.589609571e-11
337.7387739  4.132210823e-11  6.569275487e-11
337.9195339  4.1233763e-11  6.555230604e-11
338  4.11945117e-11  6.54899054e-11
338.0804661  4.115530709e-11  6.542757898e-11
338.2612261  4.106740728e-11  6.528783828e-11
338.5220751  4.094097519e-11  6.508684001e-11
338.834721  4.079007771e-11  6.484694733e-11
339.165279  4.063129042e-11  6.459451165e-11
339.4779249  4.04818177e-11  6.435688402e-11
339.7387739  4.035763425e-11  6.415946057e-11
339.9195339  4.027185829e-11  6.402309631e-11
340  4.023374807e-11  6.396250972e-11
340.0804661  4.019568292e-11  6.390199479e-11
340.2612261  4.01103369e-11  6.376631402e-11
340.5220751  3.998757573e-11  6.357115168e-11
340.834721  3.984105587e-11  6.333821843e-11
341.165279  3.96868708e-11  6.309309923e-11
341.4779249  3.954172629e-11  6.286235247e-11
341.7387739  3.942113579e-11  6.267064099e-11
341.9195339  3.933783996e-11  6.253821957e-11
342  3.930083124e-11  6.247938413e-11
342.0804661  3.926386604e-11  6.242061786e-11
342.2612261  3.918098528e-11  6.22888563e-11
342.5220751  3.906176787e-11  6.209932773e-11
342.834721  3.891947412e-11  6.187311303e-11
343.165279  3.876973213e-11  6.163505731e-11
343.4779249  3.862876631e-11  6.141095371e-11
343.7387739  3.851164472e-11  6.122475702e-11
343.9195339  3.843074346e-11  6.109614243e-11
344  3.839479827e-11  6.103899774e-11
344.0804661  3.835889509e-11  6.098191985e-11
344.2612261  3.827839463e-11  6.085394243e-11
344.5220751  3.816259893e-11  6.06698536e-11
344.834721  3.802438586e-11  6.045012624e-11
345.165279  3.787893418e-11  6.021889115e-11
345.4779249  3.774200351e-11  6.000120253e-11
345.7387739  3.762823178e-11  5.982033135e-11
345.9195339  3.754964297e-11  5.969539301e-11
346  3.751472483e-11  5.963988111e-11
346.0804661  3.747984726e-11  5.958443372e-11
346.2612261  3.740164555e-11  5.946011077e-11
346.5220751  3.728915438e-11  5.92812754e-11
346.834721  3.715488235e-11  5.906781341e-11
347.165279  3.701357433e-11  5.884316578e-11
347.4779249  3.688054099e-11  5.863167303e-11
347.7387739  3.67700048e-11  5.845594562e-11
347.9195339  3.669364956e-11  5.833455816e-11
348  3.665972346e-11  5.828062338e-11
348.0804661  3.662583656e-11  5.822675091e-11
348.2612261  3.654985526e-11  5.810595793e-11
348.5220751  3.644055611e-11  5.793219713e-11
348.834721  3.631009104e-11  5.772478734e-11
349.165279  3.617278582e-11  5.750650326e-11
349.4779249  3.604351746e-11  5.730099596e-11
349.7387739  3.593610701e-11  5.713023778e-11
349.9195339  3.58619096e-11  5.701228078e-11
350  3.582894192e-11  5.695986965e-11
350.0804661  3.57960121e-11  5.690751874e-11
350.2612261  3.572217599e-11  5.679013611e-11
350.5220751  3.561596078e-11  5.662127807e-11
350.834721  3.548917388e-11  5.641971574e-11
351.165279  3.535573616e-11  5.620758011e-11
351.4779249  3.523010563e-11  5.600785614e-11
351.7387739  3.512571547e-11  5.584189952e-11
351.9195339  3.505360312e-11  5.572725729e-11
352  3.502156154e-11  5.567631846e-11
352.0804661  3.498955656e-11  5.562543782e-11
352.2612261  3.491779337e-11  5.551135067e-11
352.5220751  3.481455826e-11  5.534723031e-11
352.834721  3.469132579e-11  5.515131871e-11
353.165279  3.456162558e-11  5.494512488e-11
353.4779249  3.443951073e-11  5.475099004e-11
353.7387739  3.43380395e-11  5.458967386e-11
353.9195339  3.42679423e-11  5.447823526e-11
354  3.423679578e-11  5.442871937e-11
354.0804661  3.420568463e-11  5.437925972e-11
354.2612261  3.413592492e-11  5.426835764e-11
354.5220751  3.403557014e-11  5.410881636e-11
354.834721  3.391577319e-11  5.391836646e-11
355.165279  3.378968558e-11  5.371791583e-11
355.4779249  3.3670969e-11  5.352918346e-11
355.7387739  3.357231931e-11  5.337235289e-11
355.9195339  3.350417005e-11  5.326401108e-11
356  3.347388875e-11  5.32158707e-11
356.0804661  3.344364166e-11  5.316778469e-11
356.2612261  3.337581867e-11  5.305996157e-11
356.5220751  3.327824832e-11  5.29048469e-11
356.834721  3.31617726e-11  5.271967699e-11
357.165279  3.303917751e-11  5.252477867e-11
357.4779249  3.292374634e-11  5.234126937e-11
357.7387739  3.282782457e-11  5.218877556e-11
357.9195339  3.276155866e-11  5.208342784e-11
358  3.27321139e-11  5.203661737e-11
358.0804661  3.270270222e-11  5.198985948e-11
358.2612261  3.26367518e-11  5.188501331e-11
358.5220751  3.254187368e-11  5.173417868e-11
358.834721  3.242860931e-11  5.155411409e-11
359.165279  3.230939128e-11  5.136458454e-11
359.4779249  3.219713703e-11  5.118612581e-11
359.7387739  3.210385314e-11  5.103782564e-11
359.9195339  3.203940848e-11  5.093537327e-11
360  3.201077268e-11  5.088984887e-11
360.0804661  3.198216887e-11  5.084437531e-11
360.2612261  3.191802931e-11  5.0742408e-11
360.5220751  3.182575478e-11  5.059571248e-11
360.834721  3.171559609e-11  5.042058521e-11
361.165279  3.159964411e-11  5.023624794e-11
361.4779249  3.149046242e-11  5.006267389e-11
361.7387739  3.139972985e-11  4.991842973e-11
361.9195339  3.133704668e-11  4.981877775e-11
362  3.130919332e-11  4.977449724e-11
362.0804661  3.12813709e-11  4.973026592e-11
362.2612261  3.121898287e-11  4.963108314e-11
362.5220751  3.112922665e-11  4.948839116e-11
362.834721  3.102207201e-11  4.931803965e-11
363.165279  3.09092793e-11  4.913872489e-11
363.4779249  3.080306981e-11  4.896987596e-11
363.7387739  3.071480528e-11  4.882955542e-11
363.9195339  3.065382615e-11  4.873261247e-11
364  3.062672971e-11  4.86895353e-11
364.0804661  3.059966321e-11  4.864650571e-11
364.2612261  3.053896961e-11  4.85500167e-11
364.5220751  3.045164968e-11  4.841119787e-11
364.834721  3.034740133e-11  4.824546669e-11
365.165279  3.023766515e-11  4.807101112e-11
365.4779249  3.013433129e-11  4.790673378e-11
365.7387739  3.004845467e-11  4.777020949e-11
365.9195339  2.998912428e-11  4.767588767e-11
366  2.996276022e-11  4.76339748e-11
366.0804661  2.993642512e-11  4.759210798e-11
366.2612261  2.987737104e-11  4.749822543e-11
366.5220751  2.979240847e-11  4.736315427e-11
366.834721  2.969097232e-11  4.720189385e-11
367.165279  2.958419381e-11  4.703214031e-11
367.4779249  2.948364266e-11  4.687228684e-11
367.7387739  2.940007685e-11  4.673943621e-11
367.9195339  2.934234201e-11  4.664765094e-11
368  2.931668669e-11  4.660686482e-11
368.0804661  2.92910594e-11  4.656612326e-11
368.2612261  2.923359198e-11  4.647476312e-11
368.5220751  2.915091082e-11  4.634331888e-11
368.834721  2.905219632e-11  4.618638527e-11
369.165279  2.894828034e-11  4.602118251e-11
369.4779249  2.885042245e-11  4.586561071e-11
369.7387739  2.876909323e-11  4.573631575e-11
369.9195339  2.871290272e-11  4.564698562e-11
370  2.868793341e-11  4.560729009e-11
370.0804661  2.866299123e-11  4.55676377e-11
370.2612261  2.860705958e-11  4.547871909e-11
370.5220751  2.85265867e-11  4.535078552e-11
370.834721  2.84305067e-11  4.519804016e-11
371.165279  2.832936166e-11  4.503724255e-11
371.4779249  2.823411092e-11  4.488581554e-11
371.7387739  2.815494685e-11  4.475996267e-11
371.9195339  2.810025136e-11  4.467300928e-11
372  2.807594616e-11  4.463436953e-11
372.0804661  2.805166723e-11  4.459577155e-11
372.2612261  2.799722236e-11  4.450921659e-11
372.5220751  2.791888737e-11  4.438468177e-11
372.834721  2.782535794e-11  4.423599125e-11
373.165279  2.772689563e-11  4.407945858e-11
373.4779249  2.763416915e-11  4.393204456e-11
373.7387739  2.755710142e-11  4.380952439e-11
373.9195339  2.750385347e-11  4.372487226e-11
374  2.748019129e-11  4.368725478e-11
374.0804661  2.745655456e-11  4.364967775e-11
374.2612261  2.74035493e-11  4.356541143e-11
374.5220751  2.73272844e-11  4.34441676e-11
374.834721  2.723622472e-11  4.329940341e-11
375.165279  2.714036022e-11  4.314700066e-11
375.4779249  2.705007814e-11  4.300347268e-11
375.7387739  2.697504048e-11  4.288417987e-11
375.9195339  2.692319435e-11  4.280175631e-11
376  2.690015489e-11  4.276512881e-11
376.0804661  2.687714007e-11  4.272854048e-11
376.2612261  2.682552898e-11  4.264649059e-11
376.5220751  2.675126888e-11  4.252843391e-11
376.834721  2.66626011e-11  4.238747231e-11
377.165279  2.65692526e-11  4.223906941e-11
377.4779249  2.648133799e-11  4.209930518e-11
377.7387739  2.640826658e-11  4.198313825e-11
377.9195339  2.63577782e-11  4.190287322e-11
378  2.63353419e-11  4.18672046e-11
378.0804661  2.631292947e-11  4.183157394e-11
378.2612261  2.626266878e-11  4.175167086e-11
378.5220751  2.619035056e-11  4.163670134e-11
378.834721  2.610399969e-11  4.149942309e-11
379.165279  2.601308834e-11  4.135489473e-11
379.4779249  2.59274671e-11  4.121877643e-11
379.7387739  2.585630043e-11  4.11056376e-11
379.9195339  2.580712737e-11  4.102746362e-11
380  2.578527538e-11  4.099272393e-11
380.0804661  2.576344651e-11  4.095802099e-11
380.2612261  2.571449404e-11  4.088019769e-11
380.5220751  2.564405708e-11  4.076821895e-11
380.834721  2.555995084e-11  4.063450915e-11
381.165279  2.54714007e-11  4.049373457e-11
381.4779249  2.538800142e-11  4.036114867e-11
381.7387739  2.531868021e-11  4.025094372e-11
381.9195339  2.527078156e-11  4.017479576e-11
382  2.524949571e-11  4.01409561e-11
382.0804661  2.522823227e-11  4.010715206e-11
382.2612261  2.518054736e-11  4.00313439e-11
382.5220751  2.511193325e-11  3.992226307e-11
382.834721  2.503000199e-11  3.9792011e-11
383.165279  2.494373985e-11  3.965487381e-11
383.4779249  2.486249368e-11  3.952571087e-11
383.7387739  2.479496081e-11  3.941834897e-11
383.9195339  2.474829714e-11  3.934416434e-11
384  2.472755992e-11  3.931119688e-11
384.0804661  2.470684442e-11  3.927826395e-11
384.2612261  2.46603879e-11  3.920440864e-11
384.5220751  2.459354031e-11  3.909813619e-11
384.834721  2.451371688e-11  3.897123509e-11
385.165279  2.442967216e-11  3.883762309e-11
385.4779249  2.435051274e-11  3.871177761e-11
385.7387739  2.428471313e-11  3.86071712e-11
385.9195339  2.423924643e-11  3.853488948e-11
386  2.421904096e-11  3.850276738e-11
386.0804661  2.419885654e-11  3.847067875e-11
386.2612261  2.415359063e-11  3.839871624e-11
386.5220751  2.408845528e-11  3.829516584e-11
386.834721  2.401067494e-11  3.817151279e-11
387.165279  2.392877958e-11  3.80413178e-11
387.4779249  2.385164293e-11  3.791868807e-11
387.7387739  2.378752348e-11  3.781675272e-11
387.9195339  2.374321708e-11  3.774631562e-11
388  2.372352708e-11  3.7715013e-11
388.0804661  2.370385749e-11  3.768374283e-11
388.2612261  2.365974576e-11  3.76136152e-11
388.5220751  2.359627028e-11  3.751270362e-11
388.834721  2.35204706e-11  3.739219938e-11
389.165279  2.344065899e-11  3.726531706e-11
389.4779249  2.336548339e-11  3.714580496e-11
389.7387739  2.330299287e-11  3.704645924e-11
389.9195339  2.325981143e-11  3.697781057e-11
390  2.324062121e-11  3.694730248e-11
390.0804661  2.322145077e-11  3.691682584e-11
390.2612261  2.317845808e-11  3.684847724e-11
390.5220751  2.311659196e-11  3.675012419e-11
390.834721  2.304271273e-11  3.663267301e-11
391.165279  2.296492156e-11  3.650900274e-11
391.4779249  2.28916475e-11  3.639251365e-11
391.7387739  2.28307365e-11  3.629567902e-11
391.9195339  2.278864592e-11  3.622876456e-11
392  2.276994032e-11  3.619902691e-11
392.0804661  2.275125391e-11  3.616931976e-11
392.2612261  2.270934637e-11  3.61026963e-11
392.5220751  2.264904091e-11  3.600682434e-11
392.834721  2.257702403e-11  3.589233387e-11
393.165279  2.250119223e-11  3.577177856e-11
393.4779249  2.242976228e-11  3.565822118e-11
393.7387739  2.237038313e-11  3.556382185e-11
393.9195339  2.23293505e-11  3.549858929e-11
394  2.231111491e-11  3.546959886e-11
394.0804661  2.229289794e-11  3.544063801e-11
394.2612261  2.225204285e-11  3.537568771e-11
394.5220751  2.219325103e-11  3.528222209e-11
394.834721  2.212304045e-11  3.517060323e-11
395.165279  2.20491091e-11  3.50530692e-11
395.4779249  2.197946784e-11  3.494235544e-11
395.7387739  2.192157456e-11  3.485031828e-11
395.9195339  2.188156813e-11  3.478671716e-11
396  2.186378846e-11  3.475845152e-11
396.0804661  2.184602684e-11  3.473021458e-11
396.2612261  2.180619263e-11  3.466688726e-11
396.5220751  2.17488691e-11  3.457575588e-11
396.834721  2.168041073e-11  3.446692263e-11
397.165279  2.160832296e-11  3.435231948e-11
397.4779249  2.154041691e-11  3.42443643e-11
397.7387739  2.148396509e-11  3.415461875e-11
397.9195339  2.144495422e-11  3.409260033e-11
398  2.142761685e-11  3.406503785e-11
398.0804661  2.1410297e-11  3.403750323e-11
398.2612261  2.137145322e-11  3.397575046e-11
398.5220751  2.131555419e-11  3.388688371e-11
398.834721  2.124879581e-11  3.378075306e-11
399.165279  2.117849673e-11  3.366899352e-11
399.4779249  2.111227427e-11  3.356371486e-11
399.7387739  2.105722106e-11  3.347619278e-11
399.9195339  2.101917616e-11  3.341571005e-11
