#L=5 M=2
#R     Re(V)   Im(V)

0.08046609183  5.924004511e-16  -1.068291576e-15
0.2612261349  3.041184588e-17  4.743162048e-17
0.5220750502  -4.593054409e-17  -1.211424045e-16
0.8347210423  -5.308083632e-16  -2.323100878e-17
1.165278958  -4.547117619e-16  3.141989783e-17
1.47792495  -1.690216331e-15  7.28789355e-17
1.738773865  -1.151322037e-16  1.024285436e-17
1.919533908  -1.216037749e-15  -1.034142524e-17
2  -4.055962589e-15  3.435438242e-17
2.080466092  -1.379657297e-15  -9.91986752e-17
2.261226135  4.230445907e-16  -2.266343176e-16
2.52207505  -7.389236046e-16  -1.765008586e-16
2.834721042  1.834992203e-16  -1.545898809e-16
3.165278958  -1.182413641e-16  2.271206084e-16
3.47792495  -5.553655962e-17  -1.24996292e-16
3.738773865  -2.347404957e-16  8.982173689e-16
3.919533908  9.515246344e-17  2.306461883e-16
4  -2.15423989e-16  -4.057954158e-16
4.080466092  1.54884679e-16  3.610950443e-16
4.261226135  1.025747284e-16  2.323434963e-16
4.52207505  7.108829756e-17  1.656038238e-16
4.834721042  -7.372848951e-17  -2.272052721e-16
5.165278958  5.690462195e-17  -2.037648911e-16
5.47792495  5.170420148e-17  -1.32899153e-16
5.738773865  -1.980366591e-17  5.651926849e-17
5.919533908  -2.125737068e-18  5.719042171e-18
6  9.591404083e-18  -5.525728652e-17
6.080466092  -2.433988685e-18  5.199440074e-17
6.261226135  -1.316907109e-17  -4.652215687e-18
6.52207505  -1.241373683e-19  1.626991899e-17
6.834721042  -1.359127209e-18  -3.801889204e-17
7.165278958  4.242043975e-18  2.84782859e-17
7.47792495  -2.206040459e-18  -2.947038797e-17
7.738773865  5.830316759e-19  1.049447101e-17
7.919533908  -1.558389091e-18  4.004930396e-19
8  -3.004638963e-18  -4.964576563e-18
8.080466092  -6.293587112e-19  -9.265425634e-18
8.261226135  -4.056403768e-19  6.225058321e-18
8.52207505  -4.488393336e-19  -7.442366219e-18
8.834721042  1.189559053e-18  -4.030440881e-19
9.165278958  -7.373185423e-19  1.406776341e-18
9.47792495  -1.900635258e-20  -1.837039288e-19
9.738773865  6.715224337e-19  -1.618687293e-18
9.919533908  -7.438026194e-20  3.905904673e-19
10  1.994490356e-19  5.841481126e-19
10.08046609  -1.88269992e-19  5.619083971e-19
10.26122613  7.914719811e-20  1.726338811e-19
10.52207505  -9.354968707e-20  -2.105870877e-19
10.83472104  1.084614136e-19  -1.393735046e-18
11.16527896  2.328038119e-20  6.277489136e-19
11.47792495  -1.393999613e-19  -1.737228982e-19
11.73877387  -4.506167826e-20  -1.535618701e-19
11.91953391  -8.478664829e-20  1.685764854e-19
12  5.931905905e-20  3.15015485e-19
12.08046609  -9.929738775e-20  -1.816215585e-19
12.26122613  1.276618224e-20  -2.748408855e-19
12.52207505  -3.474144788e-20  5.066270127e-20
12.83472104  7.828833499e-20  -3.631186774e-20
13.16527896  7.536803724e-20  -5.502688401e-21
13.47792495  7.476735103e-20  2.294675868e-21
13.73877387  3.666535816e-20  1.613488094e-20
13.91953391  5.831422939e-20  -8.962672963e-20
14  -5.704177085e-20  -1.362102625e-20
14.08046609  -5.210630601e-20  2.107616335e-20
14.26122613  -7.046526842e-20  1.128635714e-19
14.52207505  6.577723087e-20  -3.412980665e-20
14.83472104  2.959349826e-20  -6.330642116e-20
15.16527896  1.987293477e-20  -6.208772254e-20
15.47792495  -5.102436892e-20  -1.086507248e-20
15.73877387  2.803673511e-20  -2.132195139e-20
15.91953391  -8.858879592e-21  5.294199864e-20
16  6.42322787e-20  -1.482643093e-20
16.08046609  5.12442075e-20  5.142710216e-21
16.26122613  1.218679595e-20  -2.054127965e-20
16.52207505  -2.075783052e-20  4.622546361e-20
16.83472104  7.056038049e-21  -2.82776829e-20
17.16527896  -6.053517325e-21  -1.656991831e-20
17.47792495  -4.675281381e-20  2.222795e-20
17.73877387  -9.83930834e-21  -3.162548663e-22
17.91953391  6.977905923e-21  -1.407425079e-20
18  3.360333237e-20  -3.026292098e-20
18.08046609  -6.32236252e-21  3.28631502e-20
18.26122613  2.068338033e-21  8.907733745e-21
18.52207505  4.109857426e-20  2.581954789e-21
18.83472104  4.698274126e-20  4.822952957e-20
19.16527896  1.828983395e-20  6.699521699e-21
19.47792495  -2.208114067e-20  -7.660428415e-21
19.73877387  -1.946417323e-20  2.769269792e-21
19.91953391  -2.475384443e-20  -2.221683296e-20
20  -6.458256083e-21  -4.664644631e-21
20.08046609  -8.608394244e-21  2.842756753e-20
20.26122613  -1.137362341e-21  -2.608729885e-20
20.52207505  -1.526715523e-20  -8.164724429e-21
20.83472104  -4.211805393e-20  -2.573668392e-20
21.16527896  -1.471741916e-21  -2.068714756e-20
21.47792495  -2.269990763e-20  4.211295176e-20
21.73877387  -7.226303913e-21  1.793157327e-20
21.91953391  -6.905209387e-21  -4.016321317e-20
22  -3.312777828e-21  1.524333736e-20
22.08046609  -1.435902891e-20  2.163162686e-20
22.26122613  -1.989826282e-21  2.46953353e-20
22.52207505  1.293470203e-21  5.8314159e-21
22.83472104  2.187173226e-20  1.507690122e-20
23.16527896  4.831616443e-20  2.845478049e-20
23.47792495  4.79057547e-21  2.851155342e-20
23.73877387  -9.003256903e-21  1.019461933e-20
23.91953391  -1.925909331e-20  -5.388744128e-22
24  1.636187784e-20  4.040566715e-20
24.08046609  4.071566789e-20  -3.008063539e-20
24.26122613  -1.468877991e-21  -3.171950545e-20
24.52207505  8.720387861e-22  -7.375779625e-22
24.83472104  3.073095638e-20  -4.695993687e-20
25.16527896  -1.514830837e-20  -3.002096752e-20
25.47792495  -3.820943396e-20  -1.943036551e-20
25.73877387  9.791302734e-21  -5.966646325e-20
25.91953391  -1.127996239e-20  -1.78741239e-20
26  -5.704403209e-20  -2.706852063e-20
26.08046609  -2.842821215e-20  4.718968895e-21
26.26122613  -3.740585104e-20  -6.019831923e-20
26.52207505  -5.009688777e-20  -1.148896886e-20
26.83472104  6.726018698e-21  1.271522111e-21
27.16527896  -6.313733826e-21  1.0899866e-20
27.47792495  -2.251387205e-20  -1.240371194e-20
27.73877387  3.770841153e-21  3.340869265e-21
27.91953391  7.808633211e-21  -6.621819087e-21
28  1.076940572e-21  3.868149884e-20
28.08046609  1.225805567e-20  6.814175957e-21
28.26122613  -1.336045059e-20  -2.966068625e-20
28.52207505  -1.603064762e-20  -7.870618286e-21
28.83472104  1.981272708e-20  2.663905778e-20
29.16527896  -1.950953782e-20  -1.557489459e-20
29.47792495  -1.964351042e-20  -2.827560459e-20
29.73877387  1.124753808e-20  -5.773173346e-20
29.91953391  -4.508102864e-20  1.034786342e-20
30  1.029815255e-20  5.013930622e-21
30.08046609  4.180210697e-21  -2.069457562e-20
30.26122613  -7.972734634e-21  -2.103007876e-20
30.52207505  -2.44180891e-21  -1.522537804e-20
30.83472104  1.802476904e-20  3.265342832e-20
31.16527896  1.14922117e-20  1.301710271e-20
31.47792495  -3.952131787e-21  2.571976042e-20
31.73877387  -2.37105399e-20  3.769979873e-21
31.91953391  -1.226112939e-21  5.693585339e-22
32  3.456933977e-21  1.707635613e-20
32.08046609  1.098846153e-20  -3.634453698e-21
32.26122613  -8.076820696e-21  3.151061158e-21
32.52207505  1.205433706e-21  9.276220459e-21
32.83472104  6.097437211e-21  -4.527833228e-20
33.16527896  -5.335426086e-21  -1.509678494e-21
33.47792495  -1.547176957e-20  7.226472455e-21
33.73877387  -1.952810584e-21  1.649312989e-20
33.91953391  -1.090254781e-20  -1.249498979e-20
34  3.184409536e-21  3.206386149e-22
34.08046609  -4.485711973e-21  -1.221908918e-20
34.26122613  5.658782625e-21  1.591415744e-20
34.52207505  3.353405402e-21  9.219567472e-22
34.83472104  -5.089206367e-21  -1.695102774e-20
35.16527896  -2.068870839e-21  -8.135502893e-21
35.47792495  -2.25909627e-21  -2.839151032e-21
35.73877387  -5.523157688e-22  1.23902111e-20
35.91953391  1.12010341e-20  -2.187654009e-21
36  -3.647966647e-21  1.140959882e-20
36.08046609  7.845019415e-21  -1.011344001e-21
36.26122613  -3.07684684e-20  -6.781334844e-21
36.52207505  -2.359205815e-21  -6.887754088e-21
36.83472104  -1.222345797e-20  6.542730208e-21
37.16527896  -2.146347029e-20  -2.127068459e-21
37.47792495  -5.270730264e-21  -1.218918001e-20
37.73877387  9.803260807e-21  -4.445550255e-22
37.91953391  -6.569282204e-22  1.784033847e-20
38  -1.541835584e-21  1.694494157e-20
38.08046609  -2.511423569e-21  -1.268230841e-20
38.26122613  4.953828642e-21  4.803409348e-21
38.52207505  6.454113107e-21  6.942644709e-21
38.83472104  -1.836759722e-21  5.689851249e-21
39.16527896  1.373616536e-21  6.451643984e-21
39.47792495  -1.969626211e-21  -1.441214758e-20
39.73877387  3.687886766e-21  -6.360799576e-21
39.91953391  2.110916686e-21  5.815782258e-22
40  -1.629612116e-21  -1.827052204e-23
40.08046609  -2.745261752e-25  -3.263568508e-24
40.26122613  -2.672134764e-25  -3.176635108e-24
40.52207505  -2.570575e-25  -3.055900812e-24
40.83472104  -2.45472463e-25  -2.918177836e-24
41.16527896  -2.338804724e-25  -2.780372194e-24
41.47792495  -2.235003513e-25  -2.656973265e-24
41.73877387  -2.152495328e-25  -2.558887494e-24
41.91953391  -2.097401951e-25  -2.493392461e-24
42  -2.073407172e-25  -2.464867456e-24
42.08046609  -2.04973204e-25  -2.436722448e-24
42.26122613  -1.997688547e-25  -2.374853118e-24
42.52207505  -1.925278854e-25  -2.28877244e-24
42.83472104  -1.842488056e-25  -2.190350699e-24
43.16527896  -1.759434192e-25  -2.091616224e-24
43.47792495  -1.684874229e-25  -2.002979304e-24
43.73877387  -1.625476569e-25  -1.932367336e-24
43.91953391  -1.585747384e-25  -1.885137262e-24
44  -1.568426892e-25  -1.864546653e-24
44.08046609  -1.551326714e-25  -1.844217953e-24
44.26122613  -1.513699595e-25  -1.799486816e-24
44.52207505  -1.461261542e-25  -1.737148433e-24
44.83472104  -1.401178637e-25  -1.665721846e-24
45.16527896  -1.340763434e-25  -1.593900224e-24
45.47792495  -1.286401373e-25  -1.529274579e-24
45.73877387  -1.243006014e-25  -1.477686155e-24
45.91953391  -1.213935219e-25  -1.443126779e-24
46  -1.201249857e-25  -1.428046414e-24
46.08046609  -1.188718878e-25  -1.413149581e-24
46.26122613  -1.161121061e-25  -1.380341283e-24
46.52207505  -1.12260216e-25  -1.334549994e-24
46.83472104  -1.078382203e-25  -1.281981288e-24
47.16527896  -1.033822297e-25  -1.22900845e-24
47.47792495  -9.93642048e-26  -1.181242151e-24
47.73877387  -9.615077236e-26  -1.14304085e-24
47.91953391  -9.399501632e-26  -1.117413212e-24
48  -9.305354325e-26  -1.106220975e-24
48.08046609  -9.212305348e-26  -1.095159308e-24
48.26122613  -9.00720879e-26  -1.07077742e-24
48.52207505  -8.720555442e-26  -1.036700056e-24
48.83472104  -8.390890843e-26  -9.975095121e-25
49.16527896  -8.058037666e-26  -9.579399101e-25
49.47792495  -7.757315835e-26  -9.221900843e-25
49.73877387  -7.516400081e-26  -8.935500077e-25
49.91953391  -7.354568688e-26  -8.743114838e-25
50  -7.283838584e-26  -8.659030856e-25
50.08046609  -7.213900802e-26  -8.575888787e-25
50.26122613  -7.059628769e-26  -8.392490119e-25
50.52207505  -6.843736203e-26  -8.135836931e-25
50.83472104  -6.595043596e-26  -7.840191039e-25
51.16527896  -6.343490024e-26  -7.54114403e-25
51.47792495  -6.115812251e-26  -7.270480583e-25
51.73877387  -5.933125637e-26  -7.053302647e-25
51.91953391  -5.810260826e-26  -6.907240899e-25
52  -5.756523436e-26  -6.843357864e-25
52.08046609  -5.703364988e-26  -6.780163075e-25
52.26122613  -5.586023652e-26  -6.640667638e-25
52.52207505  -5.421620107e-26  -6.445224624e-25
52.83472104  -5.231952908e-26  -6.219748165e-25
53.16527896  -5.039782071e-26  -5.99129538e-25
53.47792495  -4.865562486e-26  -5.784183053e-25
53.73877387  -4.72556586e-26  -5.617754996e-25
53.91953391  -4.631306915e-26  -5.505699916e-25
54  -4.590053843e-26  -5.456658244e-25
54.08046609  -4.549228837e-26  -5.408125457e-25
54.26122613  -4.459053874e-26  -5.300925417e-25
54.52207505  -4.33257492e-26  -5.150567175e-25
54.83472104  -4.186455779e-26  -4.976860669e-25
55.16527896  -4.038177708e-26  -4.800587626e-25
55.47792495  -3.903544068e-26  -4.640535089e-25
55.73877387  -3.795210539e-26  -4.511748137e-25
55.91953391  -3.722194659e-26  -4.424946823e-25
56  -3.690219308e-26  -4.386934511e-25
56.08046609  -3.658563963e-26  -4.349302621e-25
56.26122613  -3.58860107e-26  -4.266130699e-25
56.52207505  -3.49037231e-26  -4.149356302e-25
56.83472104  -3.376742489e-26  -4.014273116e-25
57.16527896  -3.261267152e-26  -3.876995978e-25
57.47792495  -3.15626786e-26  -3.75217277e-25
57.73877387  -3.071673117e-26  -3.651606498e-25
57.91953391  -3.014602041e-26  -3.583760375e-25
58  -2.989595131e-26  -3.554032148e-25
58.08046609  -2.964829898e-26  -3.524591227e-25
58.26122613  -2.910064513e-26  -3.459486111e-25
58.52207505  -2.833100876e-26  -3.367991701e-25
58.83472104  -2.743962343e-26  -3.26202377e-25
59.16527896  -2.653254075e-26  -3.154189736e-25
59.47792495  -2.570665017e-26  -3.056007824e-25
59.73877387  -2.504047206e-26  -2.976812539e-25
59.91953391  -2.459063706e-26  -2.923336131e-25
60  -2.439342804e-26  -2.899891914e-25
60.08046609  -2.419806171e-26  -2.876666754e-25
60.26122613  -2.376580639e-26  -2.825280221e-25
60.52207505  -2.315780968e-26  -2.753001542e-25
60.83472104  -2.245283647e-26  -2.669194293e-25
61.16527896  -2.173454607e-26  -2.583803895e-25
61.47792495  -2.107973448e-26  -2.505959862e-25
61.73877387  -2.055097061e-26  -2.443100387e-25
61.91953391  -2.019362409e-26  -2.400619015e-25
62  -2.003688483e-26  -2.381985844e-25
62.08046609  -1.988156309e-26  -2.363521188e-25
62.26122613  -1.953773991e-26  -2.322647472e-25
62.52207505  -1.905373139e-26  -2.265108515e-25
62.83472104  -1.849192787e-26  -2.198321286e-25
63.16527896  -1.791883738e-26  -2.130192261e-25
63.47792495  -1.739578413e-26  -2.068011665e-25
63.73877387  -1.697298043e-26  -2.01774874e-25
63.91953391  -1.668701829e-26  -1.983753547e-25
64  -1.65615315e-26  -1.968835671e-25
64.08046609  -1.643714428e-26  -1.954048512e-25
64.26122613  -1.616167212e-26  -1.921300369e-25
64.52207505  -1.5773584e-26  -1.875164434e-25
64.83472104  -1.532267039e-26  -1.821559802e-25
65.16527896  -1.486218923e-26  -1.76681778e-25
65.47792495  -1.444145303e-26  -1.71680064e-25
65.73877387  -1.410102692e-26  -1.676330767e-25
65.91953391  -1.387061033e-26  -1.648938831e-25
66  -1.376945419e-26  -1.636913385e-25
66.08046609  -1.366915768e-26  -1.624990131e-25
66.26122613  -1.344694197e-26  -1.598573116e-25
66.52207505  -1.313365523e-26  -1.561329574e-25
66.83472104  -1.276931206e-26  -1.51801644e-25
67.16527896  -1.239685158e-26  -1.47373832e-25
67.47792495  -1.205618839e-26  -1.433240263e-25
67.73877387  -1.178030003e-26  -1.400442641e-25
67.91953391  -1.159343569e-26  -1.378228199e-25
68  -1.151136601e-26  -1.368471752e-25
68.08046609  -1.142997332e-26  -1.358795785e-25
68.26122613  -1.124956758e-26  -1.337349142e-25
68.52207505  -1.099505235e-26  -1.307092359e-25
68.83472104  -1.069879826e-26  -1.271873658e-25
69.16527896  -1.039564742e-26  -1.235835072e-25
69.47792495  -1.011810784e-26  -1.202841153e-25
69.73877387  -9.893147733e-27  -1.176097884e-25
69.91953391  -9.740678099e-27  -1.157972287e-25
70  -9.673688503e-27  -1.15000856e-25
70.08046609  -9.607235784e-27  -1.142108658e-25
70.26122613  -9.45988795e-27  -1.12459194e-25
70.52207505  -9.251876856e-27  -1.099863571e-25
70.83472104  -9.009552314e-27  -1.071056018e-25
71.16527896  -8.761357516e-27  -1.041550608e-25
71.47792495  -8.533923038e-27  -1.014513186e-25
71.73877387  -8.349426412e-27  -9.925802184e-26
71.91953391  -8.224303976e-27  -9.777056572e-26
72  -8.169309696e-27  -9.711679345e-26
72.08046609  -8.114743962e-27  -9.646811574e-26
72.26122613  -7.993709846e-27  -9.502926157e-26
72.52207505  -7.822742004e-27  -9.299679504e-26
72.83472104  -7.623415163e-27  -9.062719658e-26
73.16527896  -7.419081506e-27  -8.819807707e-26
73.47792495  -7.23167733e-27  -8.597021531e-26
73.73877387  -7.079537195e-27  -8.416157266e-26
73.91953391  -6.976297941e-27  -8.293426389e-26
74  -6.930906187e-27  -8.239464651e-26
74.08046609  -6.885858629e-27  -8.185912091e-26
74.26122613  -6.785902964e-27  -8.067084749e-26
74.52207505  -6.644628484e-27  -7.899137577e-26
74.83472104  -6.479798102e-27  -7.703187139e-26
75.16527896  -6.310687829e-27  -7.502148764e-26
75.47792495  -6.15546161e-27  -7.31761576e-26
75.73877387  -6.029353103e-27  -7.167697905e-26
75.91953391  -5.943730916e-27  -7.065910208e-26
76  -5.906072655e-27  -7.021142048e-26
76.08046609  -5.86869246e-27  -6.976704455e-26
76.26122613  -5.785722998e-27  -6.878070318e-26
76.52207505  -5.668392428e-27  -6.738587679e-26
76.83472104  -5.531402043e-27  -6.575733443e-26
77.16527896  -5.39074459e-27  -6.408519794e-26
77.47792495  -5.261534889e-27  -6.254915239e-26
77.73877387  -5.15649048e-27  -6.130038394e-26
77.91953391  -5.085132372e-27  -6.04520784e-26
78  -5.053737996e-27  -6.007886191e-26
78.08046609  -5.022569512e-27  -5.970833082e-26
78.26122613  -4.95336638e-27  -5.888564364e-26
78.52207505  -4.855452743e-27  -5.772164585e-26
78.83472104  -4.741056465e-27  -5.636170234e-26
79.16527896  -4.623510628e-27  -5.496431686e-26
79.47792495  -4.515451897e-27  -5.367971414e-26
79.73877387  -4.42754536e-27  -5.263468081e-26
79.91953391  -4.367799401e-27  -5.192442055e-26
80  -4.341506114e-27  -5.161184583e-26
80.08046609  -4.315397302e-27  -5.130146414e-26
80.26122613  -4.257411201e-27  -5.061212509e-26
80.52207505  -4.175327926e-27  -4.963631872e-26
80.83472104  -4.079366033e-27  -4.849552326e-26
81.16527896  -3.980692451e-27  -4.732249124e-26
81.47792495  -3.889919186e-27  -4.624337822e-26
81.73877387  -3.816028649e-27  -4.536496717e-26
81.91953391  -3.765784841e-27  -4.476766853e-26
82  -3.743667116e-27  -4.45047329e-26
82.08046609  -3.721700797e-27  -4.42435972e-26
82.26122613  -3.672901382e-27  -4.366346952e-26
82.52207505  -3.603790194e-27  -4.284187538e-26
82.83472104  -3.522944932e-27  -4.188078651e-26
83.16527896  -3.439759251e-27  -4.089187473e-26
83.47792495  -3.363182763e-27  -3.998153307e-26
83.73877387  -3.30081173e-27  -3.924006592e-26
83.91953391  -3.258381717e-27  -3.873565772e-26
84  -3.239698707e-27  -3.8513554e-26
84.08046609  -3.221140556e-27  -3.829293462e-26
84.26122613  -3.179901678e-27  -3.780268663e-26
84.52207505  -3.12147194e-27  -3.710807362e-26
84.83472104  -3.053082376e-27  -3.629505815e-26
85.16527896  -2.982667893e-27  -3.545797043e-26
85.47792495  -2.917806681e-27  -3.468690004e-26
85.73877387  -2.864947897e-27  -3.405851456e-26
85.91953391  -2.828973403e-27  -3.363084959e-26
86  -2.813128894e-27  -3.344248999e-26
86.08046609  -2.797387821e-27  -3.325536004e-26
86.26122613  -2.762400073e-27  -3.283942552e-26
86.52207505  -2.712806265e-27  -3.224985409e-26
86.83472104  -2.654726947e-27  -3.155940688e-26
87.16527896  -2.594891435e-27  -3.084808202e-26
87.47792495  -2.539741427e-27  -3.019245845e-26
87.73877387  -2.494772645e-27  -2.965786935e-26
87.91953391  -2.464155307e-27  -2.929389029e-26
88  -2.450667018e-27  -2.913354145e-26
88.08046609  -2.437264789e-27  -2.897421568e-26
88.26122613  -2.407468428e-27  -2.861999639e-26
88.52207505  -2.36521609e-27  -2.81177004e-26
88.83472104  -2.315708455e-27  -2.75291534e-26
89.16527896  -2.264674047e-27  -2.69224561e-26
89.47792495  -2.217608691e-27  -2.636294292e-26
89.73877387  -2.179212348e-27  -2.590648701e-26
89.91953391  -2.153059622e-27  -2.559558327e-26
90  -2.141535521e-27  -2.54585847e-26
90.08046609  -2.130083318e-27  -2.532244086e-26
90.26122613  -2.104616477e-27  -2.501969092e-26
90.52207505  -2.068489564e-27  -2.459021401e-26
90.83472104  -2.026137983e-27  -2.408673821e-26
91.16527896  -1.982455957e-27  -2.356744607e-26
91.47792495  -1.942148845e-27  -2.308827493e-26
91.73877387  -1.909249789e-27  -2.269717079e-26
91.91953391  -1.886832976e-27  -2.243067961e-26
92  -1.876952901e-27  -2.231322523e-26
92.08046609  -1.867133131e-27  -2.219648776e-26
92.26122613  -1.845291609e-27  -2.193683563e-26
92.52207505  -1.814296039e-27  -2.156836015e-26
92.83472104  -1.777942529e-27  -2.113618944e-26
93.16527896  -1.740426979e-27  -2.06902044e-26
93.47792495  -1.705791553e-27  -2.027845829e-26
93.73877387  -1.677508494e-27  -1.994222915e-26
93.91953391  -1.658229996e-27  -1.971304627e-26
94  -1.649731312e-27  -1.961201387e-26
94.08046609  -1.6412834e-27  -1.951158505e-26
94.26122613  -1.62248926e-27  -1.928816023e-26
94.52207505  -1.595808801e-27  -1.89709828e-26
94.83472104  -1.564501964e-27  -1.859880696e-26
95.16527896  -1.532177883e-27  -1.821453813e-26
95.47792495  -1.502320205e-27  -1.785958991e-26
95.73877387  -1.477927643e-27  -1.756961101e-26
95.91953391  -1.461295276e-27  -1.737188535e-26
96  -1.453961613e-27  -1.728470274e-26
96.08046609  -1.446670854e-27  -1.719803016e-26
96.26122613  -1.430447765e-27  -1.700517e-26
96.52207505  -1.407409375e-27  -1.67312895e-26
96.83472104  -1.380364254e-27  -1.640977697e-26
97.16527896  -1.352426674e-27  -1.607765489e-26
97.47792495  -1.326608224e-27  -1.577072502e-26
97.73877387  -1.305506444e-27  -1.551986697e-26
97.91953391  -1.291113177e-27  -1.534875973e-26
98  -1.284765556e-27  -1.527329918e-26
98.08046609  -1.278454314e-27  -1.519827111e-26
98.26122613  -1.264408085e-27  -1.503128948e-26
98.52207505  -1.244454542e-27  -1.479408166e-26
98.83472104  -1.221020889e-27  -1.451550228e-26
99.16527896  -1.196802565e-27  -1.422759472e-26
99.47792495  -1.174410792e-27  -1.396140122e-26
99.73877387  -1.156102098e-27  -1.374374737e-26
99.91953391  -1.143609993e-27  -1.359524117e-26
100  -1.138099779e-27  -1.352973571e-26
100.0804661  -1.132620514e-27  -1.346459819e-26
100.2612261  -1.120423657e-27  -1.331960189e-26
100.5220751  -1.103091832e-27  -1.311356107e-26
100.834721  -1.082728907e-27  -1.287148652e-26
101.165279  -1.061674627e-27  -1.262119314e-26
101.4779249  -1.042199524e-27  -1.238967302e-26
101.7387739  -1.026269313e-27  -1.220029459e-26
101.9195339  -1.015396742e-27  -1.207104141e-26
102  -1.010600034e-27  -1.201401812e-26
102.0804661  -1.005829741e-27  -1.195730886e-26
102.2612261  -9.9520916e-28  -1.183105134e-26
102.5220751  -9.801126905e-28  -1.165158444e-26
102.834721  -9.623691509e-28  -1.144064915e-26
103.165279  -9.440152233e-28  -1.122245757e-26
103.4779249  -9.270306041e-28  -1.102054434e-26
103.7387739  -9.131322375e-28  -1.085532049e-26
103.9195339  -9.036436429e-28  -1.074252003e-26
104  -8.994567869e-28  -1.069274666e-26
104.0804661  -8.952925455e-28  -1.064324214e-26
104.2612261  -8.860196848e-28  -1.053300633e-26
104.5220751  -8.728350957e-28  -1.037626787e-26
104.834721  -8.573328713e-28  -1.019197735e-26
105.165279  -8.412906649e-28  -1.000126752e-26
105.4779249  -8.264391351e-28  -9.824712462e-27
105.7387739  -8.142817822e-28  -9.680185792e-27
105.9195339  -8.059794575e-28  -9.581487716e-27
106  -8.023154351e-28  -9.5379298e-27
106.0804661  -7.986708309e-28  -9.494602728e-27
106.2612261  -7.905537474e-28  -9.398106799e-27
106.5220751  -7.790092804e-28  -9.260866119e-27
106.834721  -7.654305939e-28  -9.099442628e-27
107.165279  -7.513732788e-28  -8.932329198e-27
107.4779249  -7.383541169e-28  -8.777557338e-27
107.7387739  -7.276929488e-28  -8.65081732e-27
107.9195339  -7.204103986e-28  -8.564242327e-27
108  -7.171959129e-28  -8.526028505e-27
108.0804661  -7.139981484e-28  -8.488013466e-27
108.2612261  -7.068751103e-28  -8.403334754e-27
108.5220751  -6.967416987e-28  -8.282868707e-27
108.834721  -6.848185697e-28  -8.141126491e-27
109.165279  -6.724703887e-28  -7.994331256e-27
109.4779249  -6.610297352e-28  -7.858324711e-27
109.7387739  -6.516579808e-28  -7.746913249e-27
109.9195339  -6.452545413e-28  -7.67078913e-27
110  -6.424276549e-28  -7.63718309e-27
110.0804661  -6.396152067e-28  -7.603748692e-27
110.2612261  -6.333495015e-28  -7.529261958e-27
110.5220751  -6.244334474e-28  -7.423267864e-27
110.834721  -6.139391712e-28  -7.298511858e-27
111.165279  -6.030667246e-28  -7.169260159e-27
111.4779249  -5.929896072e-28  -7.049463338e-27
111.7387739  -5.847320924e-28  -6.951297962e-27
111.9195339  -5.790885551e-28  -6.884207563e-27
112  -5.765967669e-28  -6.854585173e-27
112.0804661  -5.741174788e-28  -6.825111384e-27
112.2612261  -5.68593186e-28  -6.759438565e-27
112.5220751  -5.607301958e-28  -6.665963298e-27
112.834721  -5.514723997e-28  -6.555906574e-27
113.165279  -5.418775381e-28  -6.441842812e-27
113.4779249  -5.329813648e-28  -6.336085061e-27
113.7387739  -5.25689238e-28  -6.249396221e-27
113.9195339  -5.20704274e-28  -6.190134945e-27
114  -5.185029491e-28  -6.163965584e-27
114.0804661  -5.16312474e-28  -6.137925205e-27
114.2612261  -5.114310107e-28  -6.079894345e-27
114.5220751  -5.044813179e-28  -5.997276364e-27
114.834721  -4.962962806e-28  -5.8999726e-27
115.165279  -4.878102881e-28  -5.799091081e-27
115.4779249  -4.799395178e-28  -5.705523325e-27
115.7387739  -4.734859277e-28  -5.628803015e-27
115.9195339  -4.690731576e-28  -5.576343982e-27
116  -4.671242392e-28  -5.553175231e-27
116.0804661  -4.651847613e-28  -5.530118708e-27
116.2612261  -4.608620482e-28  -5.478730274e-27
116.5220751  -4.547064123e-28  -5.405552044e-27
116.834721  -4.474544001e-28  -5.319340087e-27
117.165279  -4.399332162e-28  -5.229928217e-27
117.4779249  -4.329549785e-28  -5.146970893e-27
117.7387739  -4.272315201e-28  -5.078930392e-27
117.9195339  -4.233171031e-28  -5.032395783e-27
118  -4.215880528e-28  -5.011840824e-27
118.0804661  -4.198672363e-28  -4.99138375e-27
118.2612261  -4.160313654e-28  -4.945782898e-27
118.5220751  -4.105677765e-28  -4.880831726e-27
118.834721  -4.041292015e-28  -4.804289915e-27
119.165279  -3.974494817e-28  -4.724881375e-27
119.4779249  -3.912499643e-28  -4.651181481e-27
119.7387739  -3.861637464e-28  -4.590716498e-27
119.9195339  -3.826843903e-28  -4.549353895e-27
120  -3.811473132e-28  -4.531081115e-27
120.0804661  -3.796174339e-28  -4.512893903e-27
120.2612261  -3.762067421e-28  -4.472347582e-27
120.5220751  -3.713476984e-28  -4.414583247e-27
120.834721  -3.656199425e-28  -4.346491657e-27
121.165279  -3.596758013e-28  -4.275827677e-27
121.4779249  -3.541572608e-28  -4.210223241e-27
121.7387739  -3.496284776e-28  -4.156385045e-27
121.9195339  -3.46529791e-28  -4.119547843e-27
122  -3.451607109e-28  -4.103272213e-27
122.0804661  -3.437979373e-28  -4.087071552e-27
122.2612261  -3.407594097e-28  -4.050949523e-27
122.5220751  -3.364296611e-28  -3.99947745e-27
122.834721  -3.313244423e-28  -3.938786583e-27
123.165279  -3.260247496e-28  -3.87578381e-27
123.4779249  -3.2110303e-28  -3.817274384e-27
123.7387739  -3.170629451e-28  -3.769245836e-27
123.9195339  -3.142980679e-28  -3.736376962e-27
124  -3.130763255e-28  -3.721852882e-27
124.0804661  -3.118601201e-28  -3.707394627e-27
124.2612261  -3.091480639e-28  -3.675153689e-27
124.5220751  -3.052827349e-28  -3.629202639e-27
124.834721  -3.007239161e-28  -3.575007379e-27
125.165279  -2.95990048e-28  -3.518731133e-27
125.4779249  -2.915925141e-28  -3.466453228e-27
125.7387739  -2.879817806e-28  -3.423528811e-27
125.9195339  -2.855102433e-28  -3.394147162e-27
126  -2.844179935e-28  -3.381162491e-27
126.0804661  -2.833306155e-28  -3.368235737e-27
126.2612261  -2.809055527e-28  -3.339406578e-27
126.5220751  -2.774485776e-28  -3.298310042e-27
126.834721  -2.733703385e-28  -3.249827915e-27
127.165279  -2.691342993e-28  -3.199469861e-27
127.4779249  -2.651981106e-28  -3.152676431e-27
127.7387739  -2.619653673e-28  -3.114245563e-27
127.9195339  -2.597521368e-28  -3.087934668e-27
128  -2.587739297e-28  -3.076305737e-27
128.0804661  -2.578000177e-28  -3.064727866e-27
128.2612261  -2.556277604e-28  -3.03890406e-27
128.5220751  -2.52530574e-28  -3.002084694e-27
128.834721  -2.488758809e-28  -2.958637684e-27
129.165279  -2.450787302e-28  -2.913497138e-27
129.4779249  -2.415493955e-28  -2.87154039e-27
129.7387739  -2.386500907e-28  -2.837073441e-27
129.9195339  -2.366647712e-28  -2.813471953e-27
130  -2.357871999e-28  -2.803039381e-27
130.0804661  -2.349134227e-28  -2.792651913e-27
130.2612261  -2.329642969e-28  -2.769480696e-27
130.5220751  -2.301847359e-28  -2.736437262e-27
130.834721  -2.269040577e-28  -2.697436542e-27
131.165279  -2.234945903e-28  -2.656904778e-27
131.4779249  -2.203247529e-28  -2.619221735e-27
131.7387739  -2.17720156e-28  -2.588258275e-27
131.9195339  -2.159363169e-28  -2.567051987e-27
132  -2.151477218e-28  -2.557677164e-27
132.0804661  -2.143624845e-28  -2.54834226e-27
132.2612261  -2.126106776e-28  -2.527516771e-27
132.5220751  -2.101120567e-28  -2.497813153e-27
132.834721  -2.07162284e-28  -2.462746241e-27
133.165279  -2.040959185e-28  -2.426293273e-27
133.4779249  -2.012443332e-28  -2.392393613e-27
133.7387739  -1.989007019e-28  -2.364532512e-27
133.9195339  -1.972953111e-28  -2.34544762e-27
134  -1.965855305e-28  -2.337009743e-27
134.0804661  -1.95878727e-28  -2.328607261e-27
134.2612261  -1.943017377e-28  -2.309860004e-27
134.5220751  -1.920520697e-28  -2.28311594e-27
134.834721  -1.893956034e-28  -2.251535855e-27
135.165279  -1.866334433e-28  -2.218699282e-27
135.4779249  -1.840641129e-28  -2.18815507e-27
135.7387739  -1.819519891e-28  -2.163046133e-27
135.9195339  -1.805049347e-28  -2.145843543e-27
136  -1.798650939e-28  -2.138237112e-27
136.0804661  -1.792278975e-28  -2.130662118e-27
136.2612261  -1.778060702e-28  -2.113759428e-27
136.5220751  -1.757774075e-28  -2.089642677e-27
136.834721  -1.733813866e-28  -2.061158769e-27
137.165279  -1.708894266e-28  -2.031534335e-27
137.4779249  -1.685708701e-28  -2.003971325e-27
137.7387739  -1.666644844e-28  -1.981308202e-27
137.9195339  -1.653581687e-28  -1.965778715e-27
138  -1.647805016e-28  -1.958911405e-27
138.0804661  -1.642051874e-28  -1.952072068e-27
138.2612261  -1.629213181e-28  -1.936809423e-27
138.5220751  -1.610891935e-28  -1.915029117e-27
138.834721  -1.589248415e-28  -1.88929929e-27
139.165279  -1.566732931e-28  -1.862532872e-27
139.4779249  -1.54577925e-28  -1.837623125e-27
139.7387739  -1.528546903e-28  -1.817137303e-27
139.9195339  -1.516736857e-28  -1.803097514e-27
140  -1.511513829e-28  -1.796888376e-27
140.0804661  -1.506311772e-28  -1.790704168e-27
140.2612261  -1.494701782e-28  -1.776902207e-27
140.5220751  -1.478131299e-28  -1.757203209e-27
140.834721  -1.458551981e-28  -1.733927306e-27
141.165279  -1.438179172e-28  -1.7097081e-27
141.4779249  -1.419215189e-28  -1.687163708e-27
141.7387739  -1.403615999e-28  -1.668619383e-27
141.9195339  -1.392923553e-28  -1.655908198e-27
142  -1.38819435e-28  -1.65028612e-27
142.0804661  -1.38348387e-28  -1.644686299e-27
142.2612261  -1.372970019e-28  -1.632187427e-27
142.5220751  -1.357961689e-28  -1.614345518e-27
142.834721  -1.340224625e-28  -1.593259687e-27
143.165279  -1.321764599e-28  -1.571314399e-27
143.4779249  -1.304577297e-28  -1.550882126e-27
143.7387739  -1.290436753e-28  -1.53407184e-27
143.9195339  -1.280742661e-28  -1.522547499e-27
144  -1.27645464e-28  -1.517449898e-27
144.0804661  -1.272183359e-28  -1.512372197e-27
144.2612261  -1.262648957e-28  -1.501037695e-27
144.5220751  -1.249036724e-28  -1.484855466e-27
144.834721  -1.232946453e-28  -1.465727344e-27
145.165279  -1.216196701e-28  -1.44581523e-27
145.4779249  -1.200598378e-28  -1.427271936e-27
145.7387739  -1.187762667e-28  -1.412012837e-27
145.9195339  -1.178961807e-28  -1.401550371e-27
146  -1.175068554e-28  -1.396922069e-27
146.0804661  -1.171190291e-28  -1.392311589e-27
146.2612261  -1.162532438e-28  -1.382019128e-27
146.5220751  -1.150169841e-28  -1.367322467e-27
146.834721  -1.135553928e-28  -1.349947063e-27
147.165279  -1.120335741e-28  -1.331855674e-27
147.4779249  -1.106160711e-28  -1.315004391e-27
147.7387739  -1.09449403e-28  -1.301135035e-27
147.9195339  -1.086493571e-28  -1.291624086e-27
148  -1.082954092e-28  -1.287416352e-27
148.0804661  -1.079428058e-28  -1.283224601e-27
148.2612261  -1.071555856e-28  -1.273866124e-27
148.5220751  -1.060313496e-28  -1.260501201e-27
148.834721  -1.047019553e-28  -1.244697354e-27
149.165279  -1.033174958e-28  -1.228238893e-27
149.4779249  -1.020276719e-28  -1.21290546e-27
149.7387739  -1.009658959e-28  -1.200283062e-27
149.9195339  -1.002376783e-28  -1.191626007e-27
150  -9.991548126e-29  -1.187795728e-27
150.0804661  -9.959449187e-29  -1.183979804e-27
150.2612261  -9.887779402e-29  -1.175459697e-27
150.5220751  -9.785412964e-29  -1.16329037e-27
150.834721  -9.66434427e-29  -1.148897717e-27
151.165279  -9.538235475e-29  -1.133905898e-27
151.4779249  -9.420723461e-29  -1.119936064e-27
151.7387739  -9.323971052e-29  -1.108434133e-27
151.9195339  -9.2576045e-29  -1.100544474e-27
152  -9.228238523e-29  -1.097053445e-27
152.0804661  -9.198981166e-29  -1.093575329e-27
152.2612261  -9.133650773e-29  -1.085808849e-27
152.5220751  -9.040326335e-29  -1.074714435e-27
152.834721  -8.929932317e-29  -1.061590789e-27
153.165279  -8.814920129e-29  -1.047918134e-27
153.4779249  -8.707727424e-29  -1.03517506e-27
153.7387739  -8.61945607e-29  -1.024681357e-27
153.9195339  -8.558898998e-29  -1.01748233e-27
154  -8.532101512e-29  -1.014296643e-27
154.0804661  -8.50540186e-29  -1.011122587e-27
154.2612261  -8.445778063e-29  -1.004034507e-27
154.5220751  -8.360594295e-29  -9.93907857e-28
154.834721  -8.259812768e-29  -9.819269441e-28
155.165279  -8.15479522e-29  -9.694424529e-28
155.4779249  -8.056899088e-29  -9.57804556e-28
155.7387739  -7.97626973e-29  -9.48219334e-28
155.9195339  -7.920948173e-29  -9.416427045e-28
156  -7.896465618e-29  -9.387322173e-28
156.0804661  -7.872071303e-29  -9.358322199e-28
156.2612261  -7.817591486e-29  -9.293556566e-28
156.5220751  -7.739746884e-29  -9.201014865e-28
156.834721  -7.647633098e-29  -9.091509952e-28
157.165279  -7.551629817e-29  -8.977381205e-28
157.4779249  -7.462120151e-29  -8.87097207e-28
157.7387739  -7.388385971e-29  -8.783316841e-28
157.9195339  -7.337788973e-29  -8.723167104e-28
158  -7.315395607e-29  -8.69654586e-28
158.0804661  -7.293081931e-29  -8.670019351e-28
158.2612261  -7.243245115e-29  -8.61077332e-28
158.5220751  -7.172025868e-29  -8.526107844e-28
158.834721  -7.087738258e-29  -8.425906693e-28
159.165279  -6.999875737e-29  -8.321455685e-28
159.4779249  -6.917941445e-29  -8.224052159e-28
159.7387739  -6.850436733e-29  -8.143802525e-28
159.9195339  -6.804108758e-29  -8.088727805e-28
160  -6.783603303e-29  -8.06435091e-28
160.0804661  -6.763169908e-29  -8.04005968e-28
160.2612261  -6.717529341e-29  -7.985802153e-28
160.5220751  -6.652298796e-29  -7.908256049e-28
160.834721  -6.575086612e-29  -7.816466166e-28
161.165279  -6.494585424e-29  -7.720766315e-28
161.4779249  -6.419502603e-29  -7.631507821e-28
161.7387739  -6.35763309e-29  -7.557957313e-28
161.9195339  -6.315167423e-29  -7.507474108e-28
162  -6.296370155e-29  -7.485127906e-28
162.0804661  -6.277638129e-29  -7.462859265e-28
162.2612261  -6.235794841e-29  -7.413115944e-28
162.5220751  -6.17598435e-29  -7.342013203e-28
162.834721  -6.105176895e-29  -7.257837266e-28
163.165279  -6.031340567e-29  -7.170060604e-28
163.4779249  -5.962462215e-29  -7.088177985e-28
163.7387739  -5.905696651e-29  -7.020695054e-28
163.9195339  -5.866729653e-29  -6.974371069e-28
164  -5.849479868e-29  -6.953864516e-28
164.0804661  -5.832289226e-29  -6.933428272e-28
164.2612261  -5.793886416e-29  -6.887774994e-28
164.5220751  -5.73898736e-29  -6.822510968e-28
164.834721  -5.673984618e-29  -6.745235677e-28
165.165279  -5.606189939e-29  -6.66464133e-28
165.4779249  -5.542936981e-29  -6.589446182e-28
165.7387739  -5.490799801e-29  -6.527465477e-28
165.9195339  -5.455005899e-29  -6.48491367e-28
166  -5.439159703e-29  -6.466075704e-28
166.0804661  -5.423367185e-29  -6.447301551e-28
166.2612261  -5.38808533e-29  -6.405358465e-28
166.5220751  -5.337642156e-29  -6.345391595e-28
166.834721  -5.277906616e-29  -6.274377955e-28
167.165279  -5.215595171e-29  -6.200302079e-28
167.4779249  -5.157448629e-29  -6.131177441e-28
167.7387739  -5.10951354e-29  -6.074192185e-28
167.9195339  -5.076600851e-29  -6.035065564e-28
168  -5.062029229e-29  -6.017742813e-28
168.0804661  -5.047506381e-29  -6.000478044e-28
168.2612261  -5.015058956e-29  -5.96190453e-28
168.5220751  -4.968663102e-29  -5.906749115e-28
168.834721  -4.9137126e-29  -5.841423932e-28
169.165279  -4.856383372e-29  -5.773270918e-28
169.4779249  -4.802877514e-29  -5.709663128e-28
169.7387739  -4.75876189e-29  -5.657218453e-28
169.9195339  -4.72846839e-29  -5.621205525e-28
170  -4.715055517e-29  -5.605260294e-28
170.0804661  -4.70168701e-29  -5.589367808e-28
170.2612261  -4.671816746e-29  -5.553858023e-28
170.5220751  -4.629101312e-29  -5.503077894e-28
170.834721  -4.578502776e-29  -5.44292633e-28
171.165279  -4.525705664e-29  -5.380161098e-28
171.4779249  -4.476422005e-29  -5.32157266e-28
171.7387739  -4.435781971e-29  -5.273259767e-28
171.9195339  -4.407872141e-29  -5.240080548e-28
172  -4.395513897e-29  -5.225389061e-28
172.0804661  -4.383196057e-29  -5.210745607e-28
172.2612261  -4.355671658e-29  -5.178024588e-28
172.5220751  -4.31630674e-29  -5.131227554e-28
172.834721  -4.269670696e-29  -5.075786603e-28
173.165279  -4.221000833e-29  -5.017927846e-28
173.4779249  -4.175562866e-29  -4.963911168e-28
173.7387739  -4.138088986e-29  -4.919362202e-28
173.9195339  -4.112350867e-29  -4.888764713e-28
174  -4.10095354e-29  -4.875215566e-28
174.0804661  -4.089593049e-29  -4.861710208e-28
174.2612261  -4.064206312e-29  -4.831530443e-28
174.5220751  -4.027894905e-29  -4.788363425e-28
174.834721  -3.984870656e-29  -4.737216177e-28
175.165279  -3.93996341e-29  -4.68383042e-28
175.4779249  -3.898031981e-29  -4.633982317e-28
175.7387739  -3.863445471e-29  -4.592865858e-28
175.9195339  -3.839688072e-29  -4.56462305e-28
176  -3.829167216e-29  -4.552115852e-28
176.0804661  -3.818679977e-29  -4.539648617e-28
176.2612261  -3.795243258e-29  -4.511787034e-28
176.5220751  -3.76171765e-29  -4.471931774e-28
176.834721  -3.721989032e-29  -4.424702374e-28
177.165279  -3.680515615e-29  -4.375398755e-28
177.4779249  -3.641784849e-29  -4.329355602e-28
177.7387739  -3.609834238e-29  -4.291372701e-28
177.9195339  -3.587885259e-29  -4.265279743e-28
178  -3.578164685e-29  -4.25372392e-28
178.0804661  -3.568474822e-29  -4.242204606e-28
178.2612261  -3.546818806e-29  -4.216459923e-28
178.5220751  -3.515837399e-29  -4.179629213e-28
178.834721  -3.479119045e-29  -4.135978415e-28
179.165279  -3.44078264e-29  -4.090404078e-28
179.4779249  -3.404976355e-29  -4.047837549e-28
179.7387739  -3.375434544e-29  -4.01271823e-28
179.9195339  -3.355138362e-29  -3.988590119e-28
180  -3.346149251e-29  -3.97790386e-28
180.0804661  -3.337188225e-29  -3.967250988e-28
180.2612261  -3.317159956e-29  -3.943441371e-28
180.5220751  -3.288504474e-29  -3.909375721e-28
180.834721  -3.254538516e-29  -3.868996973e-28
181.165279  -3.219070859e-29  -3.826833004e-28
181.4779249  -3.185939394e-29  -3.787446303e-28
181.7387739  -3.15860106e-29  -3.754946479e-28
181.9195339  -3.13981696e-29  -3.732615931e-28
182  -3.131497079e-29  -3.722725253e-28
182.0804661  -3.123202908e-29  -3.712865138e-28
182.2612261  -3.104664053e-29  -3.690826139e-28
182.5220751  -3.07813706e-29  -3.659290836e-28
182.834721  -3.046690217e-29  -3.621906813e-28
183.165279  -3.013848577e-29  -3.582864656e-28
183.4779249  -2.983165996e-29  -3.546389189e-28
183.7387739  -2.957845297e-29  -3.51628793e-28
183.9195339  -2.940445897e-29  -3.495603514e-28
184  -2.932738908e-29  -3.486441442e-28
184.0804661  -2.925055475e-29  -3.477307374e-28
184.2612261  -2.907880789e-29  -3.456890098e-28
184.5220751  -2.883303505e-29  -3.427672611e-28
184.834721  -2.854164503e-29  -3.393032151e-28
185.165279  -2.823729014e-29  -3.356850427e-28
185.4779249  -2.795290623e-29  -3.323042854e-28
185.7387739  -2.771819165e-29  -3.295139973e-28
185.9195339  -2.755689029e-29  -3.275964459e-28
186  -2.748543872e-29  -3.267470294e-28
186.0804661  -2.741420321e-29  -3.259001813e-28
186.2612261  -2.725496281e-29  -3.240071306e-28
186.5220751  -2.702706642e-29  -3.212978973e-28
186.834721  -2.675683936e-29  -3.180854366e-28
187.165279  -2.647455224e-29  -3.147296059e-28
187.4779249  -2.621075379e-29  -3.115935687e-28
187.7387739  -2.599300415e-29  -3.090049599e-28
187.9195339  -2.584334821e-29  -3.072258494e-28
188  -2.577705174e-29  -3.064377167e-28
188.0804661  -2.571095361e-29  -3.056519417e-28
188.2612261  -2.556318962e-29  -3.038953227e-28
188.5220751  -2.535169905e-29  -3.013811218e-28
188.834721  -2.510089648e-29  -2.983995797e-28
189.165279  -2.483886733e-29  -2.952845757e-28
189.4779249  -2.459396888e-29  -2.923732219e-28
189.7387739  -2.439179719e-29  -2.899698038e-28
189.9195339  -2.425283567e-29  -2.883178286e-28
190  -2.419127359e-29  -2.875859783e-28
190.0804661  -2.412989375e-29  -2.868562944e-28
190.2612261  -2.39926706e-29  -2.85224985e-28
190.5220751  -2.379624991e-29  -2.828899348e-28
190.834721  -2.35632924e-29  -2.801205348e-28
191.165279  -2.331987668e-29  -2.772268076e-28
191.4779249  -2.309234646e-29  -2.745219271e-28
191.7387739  -2.2904492e-29  -2.722887125e-28
191.9195339  -2.277536037e-29  -2.70753595e-28
192  -2.271815021e-29  -2.700734803e-28
192.0804661  -2.266110763e-29  -2.693953579e-28
192.2612261  -2.253357468e-29  -2.678792456e-28
192.5220751  -2.235100909e-29  -2.657089049e-28
192.834721  -2.213446021e-29  -2.631345708e-28
193.165279  -2.190816208e-29  -2.604443375e-28
193.4779249  -2.169660654e-29  -2.579293642e-28
193.7387739  -2.152192224e-29  -2.558527163e-28
193.9195339  -2.140183379e-29  -2.544251044e-28
194  -2.134862749e-29  -2.537925876e-28
194.0804661  -2.129557544e-29  -2.531619046e-28
194.2612261  -2.117695849e-29  -2.517517857e-28
194.5220751  -2.100714226e-29  -2.497330095e-28
194.834721  -2.080569437e-29  -2.47338196e-28
195.165279  -2.059515187e-29  -2.448352657e-28
195.4779249  -2.039830201e-29  -2.424951136e-28
195.7387739  -2.023574313e-29  -2.405626129e-28
195.9195339  -2.012398131e-29  -2.392339878e-28
196  -2.007446181e-29  -2.386452997e-28
196.0804661  -2.002508441e-29  -2.38058301e-28
196.2612261  -1.991467817e-29  -2.36745791e-28
196.5220751  -1.975660387e-29  -2.34866603e-28
196.834721  -1.956906539e-29  -2.326371447e-28
197.165279  -1.937303725e-29  -2.303067612e-28
197.4779249  -1.918973636e-29  -2.281276793e-28
197.7387739  -1.903835049e-29  -2.263280033e-28
197.9195339  -1.893426197e-29  -2.250905985e-28
198  -1.888814018e-29  -2.245423025e-28
198.0804661  -1.884214942e-29  -2.23995564e-28
198.2612261  -1.873931073e-29  -2.227730172e-28
198.5220751  -1.85920596e-29  -2.21022495e-28
198.834721  -1.84173437e-29  -2.189454716e-28
199.165279  -1.82346976e-29  -2.167741739e-28
199.4779249  -1.806389032e-29  -2.147436161e-28
199.7387739  -1.792280838e-29  -2.130664333e-28
199.9195339  -1.782579695e-29  -2.11913161e-28
200  -1.778280904e-29  -2.114021205e-28
200.0804661  -1.773994203e-29  -2.108925173e-28
200.2612261  -1.764408387e-29  -2.09752955e-28
200.5220751  -1.750681724e-29  -2.081211286e-28
200.834721  -1.73439317e-29  -2.061847445e-28
201.165279  -1.717363372e-29  -2.041602413e-28
201.4779249  -1.701435629e-29  -2.022667504e-28
201.7387739  -1.688278451e-29  -2.007026245e-28
201.9195339  -1.679230557e-29  -1.996270104e-28
202  -1.675221053e-29  -1.991503603e-28
202.0804661  -1.671222714e-29  -1.986750376e-28
202.2612261  -1.662281322e-29  -1.976120845e-28
202.5220751  -1.649476481e-29  -1.960898444e-28
202.834721  -1.634280295e-29  -1.94283321e-28
203.165279  -1.618390819e-29  -1.923943793e-28
203.4779249  -1.603527965e-29  -1.906274826e-28
203.7387739  -1.591249242e-29  -1.891677874e-28
203.9195339  -1.582804805e-29  -1.881639123e-28
204  -1.579062552e-29  -1.877190331e-28
204.0804661  -1.575330618e-29  -1.872753806e-28
204.2612261  -1.566984612e-29  -1.86283207e-28
204.5220751  -1.555031521e-29  -1.848622229e-28
204.834721  -1.540844776e-29  -1.83175702e-28
205.165279  -1.526009188e-29  -1.814120466e-28
205.4779249  -1.512130632e-29  -1.797621632e-28
205.7387739  -1.500663969e-29  -1.783990058e-28
205.9195339  -1.492777428e-29  -1.774614534e-28
206  -1.489282261e-29  -1.770459477e-28
206.0804661  -1.485796638e-29  -1.766315767e-28
206.2612261  -1.478001137e-29  -1.757048472e-28
206.5220751  -1.466835658e-29  -1.743774944e-28
206.834721  -1.453582445e-29  -1.728019519e-28
207.165279  -1.439721613e-29  -1.711541754e-28
207.4779249  -1.426753557e-29  -1.696125323e-28
207.7387739  -1.416038154e-29  -1.683386847e-28
207.9195339  -1.40866778e-29  -1.674624943e-28
208  -1.405401229e-29  -1.670741666e-28
208.0804661  -1.402143513e-29  -1.666868891e-28
208.2612261  -1.394857407e-29  -1.658207165e-28
208.5220751  -1.384420784e-29  -1.645800102e-28
208.834721  -1.372031555e-29  -1.631071781e-28
209.165279  -1.359072967e-29  -1.615666605e-28
209.4779249  -1.346947783e-29  -1.60125218e-28
209.7387739  -1.336927911e-29  -1.589340552e-28
209.9195339  -1.330035456e-29  -1.581146797e-28
210  -1.32698059e-29  -1.577515172e-28
210.0804661  -1.323933908e-29  -1.573893274e-28
210.2612261  -1.31711951e-29  -1.565792315e-28
210.5220751  -1.307357873e-29  -1.554187676e-28
210.834721  -1.295768855e-29  -1.540410646e-28
211.165279  -1.283646013e-29  -1.525999005e-28
211.4779249  -1.272301668e-29  -1.512512842e-28
211.7387739  -1.262926208e-29  -1.501367292e-28
211.9195339  -1.256476581e-29  -1.493699971e-28
212  -1.253617867e-29  -1.490301531e-28
212.0804661  -1.250766739e-29  -1.486912109e-28
212.2612261  -1.244389469e-29  -1.479330807e-28
212.5220751  -1.235253385e-29  -1.468469826e-28
212.834721  -1.224406052e-29  -1.455574511e-28
213.165279  -1.213057921e-29  -1.442083847e-28
213.4779249  -1.202437474e-29  -1.429458255e-28
213.7387739  -1.193659494e-29  -1.419022988e-28
213.9195339  -1.187620476e-29  -1.411843801e-28
214  -1.184943652e-29  -1.408661591e-28
214.0804661  -1.182273865e-29  -1.405487746e-28
214.2612261  -1.176301968e-29  -1.398388352e-28
214.5220751  -1.167746041e-29  -1.388217063e-28
214.834721  -1.157586638e-29  -1.37613956e-28
215.165279  -1.146957151e-29  -1.36350322e-28
215.4779249  -1.13700829e-29  -1.351676009e-28
215.7387739  -1.128784669e-29  -1.341899764e-28
215.9195339  -1.123126655e-29  -1.335173515e-28
216  -1.120618614e-29  -1.332191954e-28
216.0804661  -1.118117104e-29  -1.329218158e-28
216.2612261  -1.112521398e-29  -1.32256598e-28
216.5220751  -1.104503905e-29  -1.31303478e-28
216.834721  -1.094983022e-29  -1.30171635e-28
217.165279  -1.085020636e-29  -1.28987306e-28
217.4779249  -1.075695262e-29  -1.278787051e-28
217.7387739  -1.067986348e-29  -1.26962269e-28
217.9195339  -1.062682113e-29  -1.263317014e-28
218  -1.060330801e-29  -1.260521773e-28
218.0804661  -1.057985556e-29  -1.257733745e-28
218.2612261  -1.052739201e-29  -1.251496875e-28
218.5220751  -1.045221763e-29  -1.242560141e-28
218.834721  -1.036293945e-29  -1.231946746e-28
219.165279  -1.026951239e-29  -1.220840134e-28
219.4779249  -1.018205095e-29  -1.210442713e-28
219.7387739  -1.010974399e-29  -1.201846857e-28
219.9195339  -1.005998888e-29  -1.195931967e-28
220  -1.003793211e-29  -1.193309858e-28
220.0804661  -1.001593174e-29  -1.190694453e-28
220.2612261  -9.966714638e-30  -1.184843522e-28
220.5220751  -9.896187529e-30  -1.176459255e-28
220.834721  -9.812421538e-30  -1.16650115e-28
221.165279  -9.724754668e-30  -1.156079309e-28
221.4779249  -9.642677976e-30  -1.146322027e-28
221.7387739  -9.574817142e-30  -1.138254728e-28
221.9195339  -9.528118491e-30  -1.13270319e-28
222  -9.507415895e-30  -1.130242065e-28
222.0804661  -9.486765759e-30  -1.127787175e-28
222.2612261  -9.440567542e-30  -1.122295129e-28
222.5220751  -9.374362255e-30  -1.114424641e-28
222.834721  -9.29572292e-30  -1.105075993e-28
223.165279  -9.213413918e-30  -1.095291095e-28
223.4779249  -9.136346413e-30  -1.086129306e-28
223.7387739  -9.072621993e-30  -1.078553744e-28
223.9195339  -9.028767094e-30  -1.073340272e-28
224  -9.009324483e-30  -1.071028933e-28
224.0804661  -8.989930701e-30  -1.068723399e-28
224.2612261  -8.946541588e-30  -1.0635653e-28
224.5220751  -8.884358091e-30  -1.056172923e-28
224.834721  -8.810489947e-30  -1.047391474e-28
225.165279  -8.733167835e-30  -1.038199417e-28
225.4779249  -8.660763162e-30  -1.029591946e-28
225.7387739  -8.600889503e-30  -1.022474163e-28
225.9195339  -8.559682159e-30  -1.017575432e-28
226  -8.541412653e-30  -1.015403552e-28
226.0804661  -8.523188624e-30  -1.013237079e-28
226.2612261  -8.482415094e-30  -1.008389919e-28
226.5220751  -8.423976584e-30  -1.001442747e-28
226.834721  -8.354551656e-30  -9.931895078e-29
227.165279  -8.281874103e-30  -9.845495967e-29
227.4779249  -8.213812618e-30  -9.764584441e-29
227.7387739  -8.157526068e-30  -9.697670963e-29
227.9195339  -8.118785179e-30  -9.651615775e-29
228  -8.10160858e-30  -9.631196225e-29
228.0804661  -8.084474362e-30  -9.610827058e-29
228.2612261  -8.046137762e-30  -9.56525249e-29
228.5220751  -7.991188687e-30  -9.499929003e-29
228.834721  -7.925904145e-30  -9.422318708e-29
229.165279  -7.857555032e-30  -9.341065249e-29
229.4779249  -7.793541532e-30  -9.264965969e-29
229.7387739  -7.740598575e-30  -9.202027356e-29
229.9195339  -7.704156859e-30  -9.158705426e-29
230  -7.687999082e-30  -9.139497053e-29
230.0804661  -7.671880827e-30  -9.120335663e-29
230.2612261  -7.635816116e-30  -9.077461917e-29
230.5220751  -7.584120374e-30  -9.016005995e-29
230.834721  -7.522696412e-30  -8.942985158e-29
231.165279  -7.45838362e-30  -8.866530079e-29
231.4779249  -7.398145284e-30  -8.794918716e-29
231.7387739  -7.348320843e-30  -8.735687397e-29
231.9195339  -7.314023673e-30  -8.694914904e-29
232  -7.298816238e-30  -8.676836298e-29
232.0804661  -7.283645679e-30  -8.658801531e-29
232.2612261  -7.249700286e-30  -8.61844723e-29
232.5220751  -7.201039596e-30  -8.560599379e-29
232.834721  -7.1432175e-30  -8.491860443e-29
233.165279  -7.082670903e-30  -8.419882619e-29
233.4779249  -7.025955421e-30  -8.352459226e-29
233.7387739  -6.979041324e-30  -8.296687724e-29
233.9195339  -6.946745674e-30  -8.258294641e-29
234  -6.932425234e-30  -8.241270495e-29
234.0804661  -6.918139224e-30  -8.224287278e-29
234.2612261  -6.886172005e-30  -8.186284633e-29
234.5220751  -6.840344426e-30  -8.131804785e-29
234.834721  -6.785884826e-30  -8.067063185e-29
235.165279  -6.728854465e-30  -7.999265465e-29
235.4779249  -6.67542834e-30  -7.935752462e-29
235.7387739  -6.631231917e-30  -7.883211732e-29
235.9195339  -6.600805404e-30  -7.847040679e-29
236  -6.587313325e-30  -7.831001288e-29
236.0804661  -6.573853408e-30  -7.815000133e-29
236.2612261  -6.543733709e-30  -7.77919382e-29
236.5220751  -6.500552289e-30  -7.727859727e-29
236.834721  -6.449233562e-30  -7.666851999e-29
237.165279  -6.395487988e-30  -7.602959235e-29
237.4779249  -6.345134992e-30  -7.543099569e-29
237.7387739  -6.303477803e-30  -7.493577482e-29
237.9195339  -6.274797814e-30  -7.459482698e-29
238  -6.262079784e-30  -7.444363497e-29
238.0804661  -6.249391817e-30  -7.429280035e-29
238.2612261  -6.220998612e-30  -7.39552618e-29
238.5220751  -6.180290163e-30  -7.347131956e-29
238.834721  -6.131906985e-30  -7.28961401e-29
239.165279  -6.081231749e-30  -7.229371264e-29
239.4779249  -6.033751512e-30  -7.172926736e-29
239.7387739  -5.994468191e-30  -7.126226705e-29
239.9195339  -5.967421087e-30  -7.094073094e-29
240  -5.955426768e-30  -7.079814242e-29
240.0804661  -5.943460566e-30  -7.065588815e-29
240.2612261  -5.916681675e-30  -7.033754057e-29
240.5220751  -5.878285659e-30  -6.988108855e-29
240.834721  -5.832647683e-30  -6.933854406e-29
241.165279  -5.784843956e-30  -6.877025312e-29
241.4779249  -5.740050687e-30  -6.823775052e-29
241.7387739  -5.702987886e-30  -6.779714776e-29
241.9195339  -5.677468278e-30  -6.749377054e-29
242  -5.666150986e-30  -6.735923052e-29
242.0804661  -5.654860006e-30  -6.722500328e-29
242.2612261  -5.629591383e-30  -6.692460977e-29
242.5220751  -5.59335889e-30  -6.649387773e-29
242.834721  -5.550289542e-30  -6.598186911e-29
243.165279  -5.505172865e-30  -6.544552182e-29
243.4779249  -5.462894181e-30  -6.494291263e-29
243.7387739  -5.427909606e-30  -6.452701583e-29
243.9195339  -5.403819697e-30  -6.424063487e-29
244  -5.393136109e-30  -6.411362832e-29
244.0804661  -5.382477154e-30  -6.398691462e-29
244.2612261  -5.358622237e-30  -6.370332725e-29
244.5220751  -5.32441506e-30  -6.329667217e-29
244.834721  -5.283750441e-30  -6.281325097e-29
245.165279  -5.241149577e-30  -6.23068117e-29
245.4779249  -5.201225438e-30  -6.183219334e-29
245.7387739  -5.168186972e-30  -6.143943189e-29
245.9195339  -5.145435952e-30  -6.116896766e-29
246  -5.135345838e-30  -6.104901633e-29
246.0804661  -5.1252788e-30  -6.092933933e-29
246.2612261  -5.102747915e-30  -6.066149207e-29
246.5220751  -5.0704377e-30  -6.027738807e-29
246.834721  -5.032025583e-30  -5.982074463e-29
247.165279  -4.991781476e-30  -5.934232249e-29
247.4779249  -4.95406321e-30  -5.889392756e-29
247.7387739  -4.922848108e-30  -5.852284228e-29
247.9195339  -4.901351606e-30  -5.826729176e-29
248  -4.891817585e-30  -5.815395128e-29
248.0804661  -4.882305195e-30  -5.804086793e-29
248.2612261  -4.861015019e-30  -5.778777022e-29
248.5220751  -4.83048249e-30  -5.742479936e-29
248.834721  -4.794181403e-30  -5.699325186e-29
249.165279  -4.75614622e-30  -5.654108943e-29
249.4779249  -4.720495633e-30  -5.611727507e-29
249.7387739  -4.690989794e-30  -5.576650951e-29
249.9195339  -4.670669371e-30  -5.552494023e-29
250  -4.661656694e-30  -5.541779748e-29
250.0804661  -4.652664299e-30  -5.531089585e-29
250.2612261  -4.632537363e-30  -5.507162673e-29
250.5220751  -4.603671615e-30  -5.472847058e-29
250.834721  -4.569350004e-30  -5.43204551e-29
251.165279  -4.533386264e-30  -5.389291798e-29
251.4779249  -4.499674825e-30  -5.349215623e-29
251.7387739  -4.471772116e-30  -5.316044869e-29
251.9195339  -4.45255481e-30  -5.293199326e-29
252  -4.444031148e-30  -5.283066393e-29
252.0804661  -4.435526516e-30  -5.272956083e-29
252.2612261  -4.416490748e-30  -5.250326352e-29
252.5220751  -4.3891886e-30  -5.217869545e-29
252.834721  -4.356724064e-30  -5.179275688e-29
253.165279  -4.322703835e-30  -5.138832424e-29
253.4779249  -4.290811933e-30  -5.100919315e-29
253.7387739  -4.264413578e-30  -5.069536938e-29
253.9195339  -4.246231479e-30  -5.04792205e-29
254  -4.238166742e-30  -5.038334687e-29
254.0804661  -4.230119871e-30  -5.028768562e-29
254.2612261  -4.212108183e-30  -5.00735626e-29
254.5220751  -4.186273585e-30  -4.976644076e-29
254.834721  -4.15555217e-30  -4.940122443e-29
255.165279  -4.123356342e-30  -4.901848028e-29
255.4779249  -4.093172603e-30  -4.865965583e-29
255.7387739  -4.06818662e-30  -4.836262235e-29
255.9195339  -4.050976485e-30  -4.815802818e-29
256  -4.043342652e-30  -4.806727713e-29
256.0804661  -4.035725597e-30  -4.797672555e-29
256.2612261  -4.018675509e-30  -4.777403402e-29
256.5220751  -3.994218997e-30  -4.748329488e-29
256.834721  -3.965134556e-30  -4.713753891e-29
257.165279  -3.93465217e-30  -4.677516415e-29
257.4779249  -3.906072828e-30  -4.64354128e-29
257.7387739  -3.882413515e-30  -4.615415078e-29
257.9195339  -3.866116414e-30  -4.596041076e-29
258  -3.858887372e-30  -4.587447187e-29
258.0804661  -3.851674095e-30  -4.578872039e-29
258.2612261  -3.835527381e-30  -4.559676819e-29
258.5220751  -3.81236558e-30  -4.532142059e-29
258.834721  -3.784819184e-30  -4.499394889e-29
259.165279  -3.755946813e-30  -4.4650714e-29
259.4779249  -3.728875142e-30  -4.432888585e-29
259.7387739  -3.706462603e-30  -4.406244548e-29
259.9195339  -3.691023596e-30  -4.387890649e-29
260  -3.684174999e-30  -4.379749033e-29
260.0804661  -3.677341222e-30  -4.371625036e-29
260.2612261  -3.662043594e-30  -4.353439208e-29
260.5220751  -3.640098762e-30  -4.327351181e-29
260.834721  -3.613998155e-30  -4.296322767e-29
261.165279  -3.586639344e-30  -4.263798598e-29
261.4779249  -3.560985129e-30  -4.233300856e-29
261.7387739  -3.53974484e-30  -4.208050389e-29
261.9195339  -3.525112678e-30  -4.190655669e-29
262  -3.518621815e-30  -4.182939328e-29
262.0804661  -3.512144892e-30  -4.175239558e-29
262.2612261  -3.497645702e-30  -4.158002914e-29
262.5220751  -3.476845309e-30  -4.133275397e-29
262.834721  -3.452104416e-30  -4.10386341e-29
263.165279  -3.426169161e-30  -4.073031567e-29
263.4779249  -3.401848215e-30  -4.044118815e-29
263.7387739  -3.381710626e-30  -4.020179239e-29
263.9195339  -3.367837478e-30  -4.003686834e-29
264  -3.361683153e-30  -3.996370569e-29
264.0804661  -3.355541944e-30  -3.989069898e-29
264.2612261  -3.34179392e-30  -3.97272624e-29
264.5220751  -3.322070262e-30  -3.949278746e-29
264.834721  -3.298608729e-30  -3.921387664e-29
265.165279  -3.274013005e-30  -3.892148255e-29
265.4779249  -3.250946724e-30  -3.864727049e-29
265.7387739  -3.231846892e-30  -3.84202116e-29
265.9195339  -3.218688094e-30  -3.826377974e-29
266  -3.212850512e-30  -3.819438253e-29
266.0804661  -3.207025278e-30  -3.812513213e-29
266.2612261  -3.193984272e-30  -3.797010058e-29
266.5220751  -3.17527412e-30  -3.77476742e-29
266.834721  -3.153016896e-30  -3.748308022e-29
267.165279  -3.129682215e-30  -3.720567741e-29
267.4779249  -3.107797169e-30  -3.694550788e-29
267.7387739  -3.089674425e-30  -3.673006461e-29
267.9195339  -3.077188246e-30  -3.658162885e-29
268  -3.071648913e-30  -3.651577724e-29
268.0804661  -3.066121211e-30  -3.645006388e-29
268.2612261  -3.053745973e-30  -3.6302947e-29
268.5220751  -3.035990241e-30  -3.609186677e-29
268.834721  -3.014867194e-30  -3.584075588e-29
269.165279  -2.992720203e-30  -3.557747235e-29
269.4779249  -2.971947764e-30  -3.533052949e-29
269.7387739  -2.954745397e-30  -3.512602767e-29
269.9195339  -2.942892831e-30  -3.498512431e-29
270  -2.937634459e-30  -3.492261276e-29
270.0804661  -2.932387046e-30  -3.486023148e-29
270.2612261  -2.920639015e-30  -3.472057083e-29
270.5220751  -2.903782467e-30  -3.452018011e-29
270.834721  -2.883728023e-30  -3.428177278e-29
271.165279  -2.862700137e-30  -3.403179317e-29
271.4779249  -2.842976128e-30  -3.379731405e-29
271.7387739  -2.826641105e-30  -3.360312322e-29
271.9195339  -2.815385671e-30  -3.346931857e-29
272  -2.810392092e-30  -3.340995487e-29
272.0804661  -2.805408842e-30  -3.335071398e-29
272.2612261  -2.79425195e-30  -3.321808079e-29
272.5220751  -2.77824292e-30  -3.302776536e-29
272.834721  -2.759195742e-30  -3.280133241e-29
273.165279  -2.739222797e-30  -3.256389395e-29
273.4779249  -2.720487176e-30  -3.23411648e-29
273.7387739  -2.704969877e-30  -3.215669508e-29
273.9195339  -2.694277441e-30  -3.202958334e-29
274  -2.689533524e-30  -3.197318763e-29
274.0804661  -2.684799349e-30  -3.191690774e-29
274.2612261  -2.674199845e-30  -3.179090078e-29
274.5220751  -2.658989982e-30  -3.161008586e-29
274.834721  -2.640892664e-30  -3.139494485e-29
275.165279  -2.621914606e-30  -3.116933361e-29
275.4779249  -2.604111174e-30  -3.095768631e-29
275.7387739  -2.589365149e-30  -3.078238551e-29
275.9195339  -2.579203755e-30  -3.066158681e-29
276  -2.574695337e-30  -3.060799071e-29
276.0804661  -2.57019611e-30  -3.055450388e-29
276.2612261  -2.560122396e-30  -3.043474751e-29
276.5220751  -2.545666431e-30  -3.026289493e-29
276.834721  -2.528465221e-30  -3.005840686e-29
277.165279  -2.510425816e-30  -2.984395433e-29
277.4779249  -2.49350194e-30  -2.964276321e-29
277.7387739  -2.479483688e-30  -2.947611416e-29
277.9195339  -2.469823408e-30  -2.93612727e-29
278  -2.465537222e-30  -2.93103185e-29
278.0804661  -2.461259711e-30  -2.925946744e-29
278.2612261  -2.451682189e-30  -2.91456098e-29
278.5220751  -2.437937717e-30  -2.898221545e-29
278.834721  -2.421582263e-30  -2.878778174e-29
279.165279  -2.404428826e-30  -2.85838616e-29
279.4779249  -2.388335195e-30  -2.839254043e-29
279.7387739  -2.375003954e-30  -2.823405858e-29
279.9195339  -2.365816742e-30  -2.812484096e-29
280  -2.361740357e-30  -2.807638087e-29
280.0804661  -2.357672164e-30  -2.802801817e-29
280.2612261  -2.348563098e-30  -2.791972955e-29
280.5220751  -2.335490378e-30  -2.776432099e-29
280.834721  -2.319933488e-30  -2.75793806e-29
281.165279  -2.303616638e-30  -2.738540581e-29
281.4779249  -2.288307028e-30  -2.720340509e-29
281.7387739  -2.275624588e-30  -2.705263618e-29
281.9195339  -2.266884153e-30  -2.694872986e-29
282  -2.263005914e-30  -2.690262533e-29
282.0804661  -2.259135414e-30  -2.68566128e-29
282.2612261  -2.2504688e-30  -2.675358405e-29
282.5220751  -2.238030571e-30  -2.660571833e-29
282.834721  -2.223227994e-30  -2.642974522e-29
283.165279  -2.207701425e-30  -2.62451653e-29
283.4779249  -2.193132488e-30  -2.60719697e-29
283.7387739  -2.181063013e-30  -2.592848772e-29
283.9195339  -2.172744697e-30  -2.582959954e-29
284  -2.169053673e-30  -2.578572062e-29
284.0804661  -2.165369961e-30  -2.574192865e-29
284.2612261  -2.157121408e-30  -2.56438698e-29
284.5220751  -2.14528272e-30  -2.550313142e-29
284.834721  -2.131192944e-30  -2.53356321e-29
285.165279  -2.116413214e-30  -2.51599306e-29
285.4779249  -2.10254428e-30  -2.499505664e-29
285.7387739  -2.091054144e-30  -2.485846184e-29
285.9195339  -2.083134808e-30  -2.476431674e-29
286  -2.079620741e-30  -2.472254149e-29
286.0804661  -2.076113588e-30  -2.468084844e-29
286.2612261  -2.068260206e-30  -2.45874874e-29
286.5220751  -2.056988257e-30  -2.445348642e-29
286.834721  -2.043572324e-30  -2.429399774e-29
287.165279  -2.029498659e-30  -2.412668994e-29
287.4779249  -2.016291552e-30  -2.396968379e-29
287.7387739  -2.005349191e-30  -2.383960095e-29
287.9195339  -1.997807114e-30  -2.37499407e-29
288  -1.994460375e-30  -2.371015465e-29
288.0804661  -1.991120175e-30  -2.367044633e-29
288.2612261  -1.983640475e-30  -2.358152763e-29
288.5220751  -1.972904471e-30  -2.345389796e-29
288.834721  -1.960125802e-30  -2.330198508e-29
289.165279  -1.946719914e-30  -2.314261582e-29
289.4779249  -1.934138785e-30  -2.29930513e-29
289.7387739  -1.923714557e-30  -2.286912803e-29
289.9195339  -1.916529339e-30  -2.278371012e-29
290  -1.913340884e-30  -2.274580574e-29
290.0804661  -1.910158615e-30  -2.270797492e-29
290.2612261  -1.903032415e-30  -2.262325862e-29
290.5220751  -1.89280343e-30  -2.250165639e-29
290.834721  -1.880627663e-30  -2.235691082e-29
291.165279  -1.867853586e-30  -2.220505253e-29
291.4779249  -1.855864756e-30  -2.206252926e-29
291.7387739  -1.845930811e-30  -2.194443447e-29
291.9195339  -1.839083285e-30  -2.186303105e-29
292  -1.836044615e-30  -2.182690733e-29
292.0804661  -1.833011801e-30  -2.179085322e-29
292.2612261  -1.826220136e-30  -2.171011387e-29
292.5220751  -1.816470988e-30  -2.159421595e-29
292.834721  -1.804865834e-30  -2.145625382e-29
293.165279  -1.792689765e-30  -2.131150465e-29
293.4779249  -1.78126158e-30  -2.117564633e-29
293.7387739  -1.77179174e-30  -2.106306884e-29
293.9195339  -1.765263889e-30  -2.098546572e-29
294  -1.762367017e-30  -2.095102769e-29
294.0804661  -1.75947569e-30  -2.091665557e-29
294.2612261  -1.753000731e-30  -2.083968123e-29
294.5220751  -1.743705868e-30  -2.072918385e-29
294.834721  -1.732640968e-30  -2.059764427e-29
295.165279  -1.721031126e-30  -2.045962641e-29
295.4779249  -1.710133822e-30  -2.03300792e-29
295.7387739  -1.701103473e-30  -2.022272637e-29
295.9195339  -1.694878355e-30  -2.014872213e-29
296  -1.692115768e-30  -2.011588049e-29
296.0804661  -1.689358434e-30  -2.008310129e-29
296.2612261  -1.683183416e-30  -2.000969264e-29
296.5220751  -1.674318805e-30  -1.990431011e-29
296.834721  -1.663765607e-30  -1.977885364e-29
297.165279  -1.652692098e-30  -1.964721171e-29
297.4779249  -1.642297676e-30  -1.952364277e-29
297.7387739  -1.633683661e-30  -1.942123932e-29
297.9195339  -1.627745337e-30  -1.935064449e-29
298  -1.625109969e-30  -1.931931523e-29
298.0804661  -1.622479578e-30  -1.928804513e-29
298.2612261  -1.616588725e-30  -1.921801464e-29
298.5220751  -1.608131757e-30  -1.911747815e-29
298.834721  -1.598063393e-30  -1.89977854e-29
299.165279  -1.587498088e-30  -1.8872185e-29
299.4779249  -1.577580201e-30  -1.875428111e-29
299.7387739  -1.569360728e-30  -1.865656797e-29
299.9195339  -1.563694195e-30  -1.858920421e-29
300  -1.561179395e-30  -1.855930825e-29
300.0804661  -1.558669312e-30  -1.852946837e-29
300.2612261  -1.553047778e-30  -1.846263954e-29
300.5220751  -1.544977167e-30  -1.836669609e-29
300.834721  -1.535368349e-30  -1.825246642e-29
301.165279  -1.525284766e-30  -1.813259272e-29
301.4779249  -1.51581861e-30  -1.802005901e-29
301.7387739  -1.507973159e-30  -1.792679226e-29
301.9195339  -1.502564295e-30  -1.786249166e-29
302  -1.500163799e-30  -1.783395455e-29
302.0804661  -1.497767776e-30  -1.780547062e-29
302.2612261  -1.492401581e-30  -1.774167726e-29
302.5220751  -1.484697288e-30  -1.765008858e-29
302.834721  -1.4755242e-30  -1.754103887e-29
303.165279  -1.4658974e-30  -1.742659543e-29
303.4779249  -1.456859612e-30  -1.731915416e-29
303.7387739  -1.44936886e-30  -1.723010407e-29
303.9195339  -1.44420436e-30  -1.716870847e-29
304  -1.441912269e-30  -1.714146008e-29
304.0804661  -1.439624421e-30  -1.711426213e-29
304.2612261  -1.434500396e-30  -1.705334769e-29
304.5220751  -1.42714354e-30  -1.696588936e-29
304.834721  -1.418383747e-30  -1.686175289e-29
305.165279  -1.409190234e-30  -1.675246037e-29
305.4779249  -1.400558803e-30  -1.664984988e-29
305.7387739  -1.393404541e-30  -1.656479997e-29
305.9195339  -1.38847187e-30  -1.650616035e-29
306  -1.386282625e-30  -1.64801346e-29
306.0804661  -1.384097406e-30  -1.645415671e-29
306.2612261  -1.379203141e-30  -1.639597365e-29
306.5220751  -1.372175932e-30  -1.631243416e-29
306.834721  -1.363808287e-30  -1.621295956e-29
307.165279  -1.355025918e-30  -1.610855471e-29
307.4779249  -1.346780097e-30  -1.601052836e-29
307.7387739  -1.33994516e-30  -1.592927459e-29
307.9195339  -1.3352325e-30  -1.587325046e-29
308  -1.333140861e-30  -1.584838505e-29
308.0804661  -1.331053044e-30  -1.582356507e-29
308.2612261  -1.326376839e-30  -1.576797433e-29
308.5220751  -1.319662503e-30  -1.568815427e-29
308.834721  -1.311667073e-30  -1.559310455e-29
309.165279  -1.303274967e-30  -1.549333916e-29
309.4779249  -1.295395194e-30  -1.539966437e-29
309.7387739  -1.288863397e-30  -1.532201434e-29
309.9195339  -1.284359604e-30  -1.526847322e-29
310  -1.282360629e-30  -1.52447094e-29
310.0804661  -1.280365283e-30  -1.522098872e-29
310.2612261  -1.275896106e-30  -1.516785913e-29
310.5220751  -1.269478824e-30  -1.509157045e-29
310.834721  -1.261836806e-30  -1.500072209e-29
311.165279  -1.253815269e-30  -1.490536203e-29
311.4779249  -1.246283089e-30  -1.481581944e-29
311.7387739  -1.240039164e-30  -1.474159162e-29
311.9195339  -1.235733725e-30  -1.469040855e-29
312  -1.233822753e-30  -1.46676909e-29
312.0804661  -1.231915227e-30  -1.464501422e-29
312.2612261  -1.227642669e-30  -1.459422203e-29
312.5220751  -1.221507516e-30  -1.45212873e-29
312.834721  -1.214201169e-30  -1.44344294e-29
313.165279  -1.206531618e-30  -1.434325375e-29
313.4779249  -1.199329618e-30  -1.425763634e-29
313.7387739  -1.193359155e-30  -1.418665945e-29
313.9195339  -1.189242151e-30  -1.413771648e-29
314  -1.18741478e-30  -1.411599269e-29
314.0804661  -1.185590685e-30  -1.409430784e-29
314.2612261  -1.181504922e-30  -1.404573626e-29
314.5220751  -1.175637811e-30  -1.397598802e-29
314.834721  -1.168650389e-30  -1.389292152e-29
315.165279  -1.161315283e-30  -1.380572175e-29
315.4779249  -1.154427026e-30  -1.372383411e-29
315.7387739  -1.148716423e-30  -1.365594644e-29
315.9195339  -1.144778486e-30  -1.360913221e-29
316  -1.143030564e-30  -1.358835291e-29
316.0804661  -1.141285754e-30  -1.356761061e-29
316.2612261  -1.137377511e-30  -1.352114939e-29
316.5220751  -1.131765142e-30  -1.345442952e-29
316.834721  -1.125080835e-30  -1.337496645e-29
317.165279  -1.11806361e-30  -1.329154564e-29
317.4779249  -1.111473571e-30  -1.321320323e-29
317.7387739  -1.106009983e-30  -1.314825207e-29
317.9195339  -1.102242267e-30  -1.310346144e-29
318  -1.10056987e-30  -1.308357997e-29
318.0804661  -1.098900432e-30  -1.306373369e-29
318.2612261  -1.095160949e-30  -1.301927869e-29
318.5220751  -1.089790759e-30  -1.295543785e-29
318.834721  -1.083394632e-30  -1.287940067e-29
319.165279  -1.076679641e-30  -1.279957282e-29
319.4779249  -1.070373157e-30  -1.27246013e-29
319.7387739  -1.065144447e-30  -1.266244238e-29
319.9195339  -1.061538595e-30  -1.261957598e-29
320  -1.059938016e-30  -1.26005483e-29
320.0804661  -1.058340253e-30  -1.258155408e-29
320.2612261  -1.054761251e-30  -1.253900689e-29
320.5220751  -1.049621371e-30  -1.247790397e-29
320.834721  -1.043499313e-30  -1.240512491e-29
321.165279  -1.03707177e-30  -1.232871425e-29
321.4779249  -1.031034981e-30  -1.225694888e-29
321.7387739  -1.026029682e-30  -1.219744585e-29
321.9195339  -1.022577794e-30  -1.215640979e-29
322  -1.021045531e-30  -1.213819424e-29
322.0804661  -1.019515946e-30  -1.212001053e-29
322.2612261  -1.016089604e-30  -1.207927816e-29
322.5220751  -1.011168814e-30  -1.202077979e-29
322.834721  -1.005307485e-30  -1.195110027e-29
323.165279  -9.991534129e-31  -1.187794064e-29
323.4779249  -9.933732198e-31  -1.180922567e-29
323.7387739  -9.885804866e-31  -1.175224964e-29
323.9195339  -9.852750964e-31  -1.171295514e-29
324  -9.838078366e-31  -1.169551235e-29
324.0804661  -9.823431254e-31  -1.167809986e-29
324.2612261  -9.790620466e-31  -1.163909438e-29
324.5220751  -9.743497393e-31  -1.158307445e-29
324.834721  -9.687365249e-31  -1.151634453e-29
325.165279  -9.628427075e-31  -1.14462788e-29
325.4779249  -9.573067204e-31  -1.138046695e-29
325.7387739  -9.527162991e-31  -1.1325896e-29
325.9195339  -9.49550344e-31  -1.128825911e-29
326  -9.481449549e-31  -1.127155184e-29
326.0804661  -9.46741992e-31  -1.125487341e-29
326.2612261  -9.435991803e-31  -1.121751165e-29
326.5220751  -9.390853213e-31  -1.116385087e-29
326.834721  -9.337082913e-31  -1.109992871e-29
327.165279  -9.280622257e-31  -1.103280826e-29
327.4779249  -9.227587241e-31  -1.096976021e-29
327.7387739  -9.183609134e-31  -1.091747901e-29
327.9195339  -9.153277115e-31  -1.088142029e-29
328  -9.139812294e-31  -1.086541331e-29
328.0804661  -9.126370576e-31  -1.084943379e-29
328.2612261  -9.09625894e-31  -1.081363706e-29
328.5220751  -9.053009895e-31  -1.076222257e-29
328.834721  -9.001488544e-31  -1.070097397e-29
329.165279  -8.947387097e-31  -1.063665814e-29
329.4779249  -8.896566023e-31  -1.057624202e-29
329.7387739  -8.85442221e-31  -1.052614144e-29
329.9195339  -8.825354485e-31  -1.049158571e-29
330  -8.812450684e-31  -1.047624567e-29
330.0804661  -8.79956889e-31  -1.046093178e-29
330.2612261  -8.770711087e-31  -1.042662561e-29
330.5220751  -8.729261728e-31  -1.037735059e-29
330.834721  -8.679882467e-31  -1.03186485e-29
331.165279  -8.628028236e-31  -1.025700417e-29
331.4779249  -8.579316109e-31  -1.019909517e-29
331.7387739  -8.538919673e-31  -1.015107187e-29
331.9195339  -8.511056373e-31  -1.011794796e-29
332  -8.498687037e-31  -1.010324329e-29
332.0804661  -8.486338668e-31  -1.008856354e-29
332.2612261  -8.458675384e-31  -1.005567742e-29
332.5220751  -8.418940632e-31  -1.000844072e-29
332.834721  -8.37160228e-31  -9.952164867e-30
333.165279  -8.321889217e-31  -9.893065954e-30
333.4779249  -8.27518661e-31  -9.837545873e-30
333.7387739  -8.23645524e-31  -9.791502001e-30
333.9195339  -8.209739667e-31  -9.759742515e-30
334  -8.197879645e-31  -9.745643314e-30
334.0804661  -8.186039606e-31  -9.731567871e-30
334.2612261  -8.159514666e-31  -9.700035009e-30
334.5220751  -8.121413939e-31  -9.654740846e-30
334.834721  -8.076020658e-31  -9.600777292e-30
335.165279  -8.028348317e-31  -9.544104388e-30
335.4779249  -7.983561045e-31  -9.490861258e-30
335.7387739  -7.946416765e-31  -9.44670412e-30
335.9195339  -7.920795206e-31  -9.416245198e-30
336  -7.909420671e-31  -9.402723145e-30
336.0804661  -7.898065188e-31  -9.389223742e-30
336.2612261  -7.87262537e-31  -9.358980874e-30
336.5220751  -7.836082322e-31  -9.31553848e-30
336.834721  -7.79254331e-31  -9.263779282e-30
337.165279  -7.746816509e-31  -9.209419239e-30
337.4779249  -7.703855325e-31  -9.158346962e-30
337.7387739  -7.668224245e-31  -9.115988717e-30
337.9195339  -7.643645798e-31  -9.086769848e-30
338  -7.632734171e-31  -9.073798099e-30
338.0804661  -7.621840712e-31  -9.06084795e-30
338.2612261  -7.597435579e-31  -9.031835117e-30
338.5220751  -7.562377852e-31  -8.990158474e-30
338.834721  -7.520607048e-31  -8.940501321e-30
339.165279  -7.476735574e-31  -8.888346891e-30
339.4779249  -7.43551588e-31  -8.8393449e-30
339.7387739  -7.401327958e-31  -8.798702281e-30
339.9195339  -7.37774437e-31  -8.770666101e-30
340  -7.367274245e-31  -8.75821921e-30
340.0804661  -7.35682145e-31  -8.745792923e-30
340.2612261  -7.333403187e-31  -8.71795328e-30
340.5220751  -7.299762185e-31  -8.67796084e-30
340.834721  -7.259677993e-31  -8.630308733e-30
341.165279  -7.21757631e-31  -8.580258233e-30
341.4779249  -7.178017896e-31  -8.53323117e-30
341.7387739  -7.145206714e-31  -8.494225221e-30
341.9195339  -7.122572229e-31  -8.467317335e-30
342  -7.112523307e-31  -8.455371172e-30
342.0804661  -7.102490922e-31  -8.443444667e-30
342.2612261  -7.080014184e-31  -8.41672431e-30
342.5220751  -7.047724853e-31  -8.378338737e-30
342.834721  -7.009249891e-31  -8.332599683e-30
343.165279  -6.968836876e-31  -8.284556672e-30
343.4779249  -6.930863659e-31  -8.239414094e-30
343.7387739  -6.89936622e-31  -8.201969922e-30
343.9195339  -6.877637436e-31  -8.176138734e-30
344  -6.867990464e-31  -8.164670408e-30
344.0804661  -6.858359275e-31  -8.153220846e-30
344.2612261  -6.836781048e-31  -8.127568639e-30
344.5220751  -6.805781675e-31  -8.09071657e-30
344.834721  -6.768842531e-31  -8.046803297e-30
345.165279  -6.730041219e-31  -8.000676278e-30
345.4779249  -6.693581018e-31  -7.957332374e-30
345.7387739  -6.663337548e-31  -7.921378922e-30
345.9195339  -6.642473283e-31  -7.896575473e-30
346  -6.63320999e-31  -7.885563267e-30
346.0804661  -6.623961765e-31  -7.874568972e-30
346.2612261  -6.603241235e-31  -7.849936395e-30
346.5220751  -6.57347326e-31  -7.814548212e-30
346.834721  -6.538000268e-31  -7.772377903e-30
347.165279  -6.500737618e-31  -7.728080046e-30
347.4779249  -6.465721926e-31  -7.686453374e-30
347.7387739  -6.436675694e-31  -7.6519232e-30
347.9195339  -6.416636861e-31  -7.628101025e-30
348  -6.407739907e-31  -7.617524322e-30
348.0804661  -6.398857342e-31  -7.606964724e-30
348.2612261  -6.378955765e-31  -7.583305721e-30
348.5220751  -6.350363602e-31  -7.549315342e-30
348.834721  -6.316290633e-31  -7.50880938e-30
349.165279  -6.280497306e-31  -7.466258256e-30
349.4779249  -6.246861087e-31  -7.426271503e-30
349.7387739  -6.218958234e-31  -7.393100577e-30
349.9195339  -6.199707721e-31  -7.370215558e-30
350  -6.191160642e-31  -7.360054786e-30
350.0804661  -6.182627307e-31  -7.349910354e-30
350.2612261  -6.163507901e-31  -7.327181194e-30
350.5220751  -6.136038768e-31  -7.294525876e-30
350.834721  -6.103303028e-31  -7.255609613e-30
351.165279  -6.068913182e-31  -7.214726947e-30
351.4779249  -6.036594676e-31  -7.176306691e-30
351.7387739  -6.009784052e-31  -7.144434208e-30
351.9195339  -5.991286616e-31  -7.122444447e-30
352  -5.983073776e-31  -7.112681018e-30
352.0804661  -5.974874066e-31  -7.1029332e-30
352.2612261  -5.956501895e-31  -7.081092354e-30
352.5220751  -5.930105665e-31  -7.049712502e-30
352.834721  -5.898647511e-31  -7.012315033e-30
353.165279  -5.865598603e-31  -6.973026476e-30
353.4779249  -5.834539143e-31  -6.936102974e-30
353.7387739  -5.808772158e-31  -6.90547117e-30
353.9195339  -5.790994318e-31  -6.884336866e-30
354  -5.783100861e-31  -6.87495312e-30
354.0804661  -5.775219954e-31  -6.865584293e-30
354.2612261  -5.757561827e-31  -6.844592304e-30
354.5220751  -5.732190873e-31  -6.814431301e-30
354.834721  -5.701953638e-31  -6.778485261e-30
355.165279  -5.670186246e-31  -6.740720171e-30
355.4779249  -5.640330085e-31  -6.705227152e-30
355.7387739  -5.615560569e-31  -6.675781139e-30
355.9195339  -5.598470509e-31  -6.655464468e-30
356  -5.59088232e-31  -6.646443625e-30
356.0804661  -5.583306127e-31  -6.637437043e-30
356.2612261  -5.566330505e-31  -6.617256415e-30
356.5220751  -5.541939566e-31  -6.588260454e-30
356.834721  -5.512869395e-31  -6.553701821e-30
357.165279  -5.482327041e-31  -6.517393056e-30
357.4779249  -5.453621197e-31  -6.483267534e-30
357.7387739  -5.429805263e-31  -6.454955141e-30
357.9195339  -5.41337274e-31  -6.43542015e-30
358  -5.406076401e-31  -6.426746258e-30
358.0804661  -5.398791532e-31  -6.418086003e-30
358.2612261  -5.382468432e-31  -6.398681093e-30
358.5220751  -5.359014483e-31  -6.370799027e-30
358.834721  -5.331060179e-31  -6.337566937e-30
359.165279  -5.30168917e-31  -6.302650667e-30
359.4779249  -5.274083269e-31  -6.269832758e-30
359.7387739  -5.251179192e-31  -6.242604381e-30
359.9195339  -5.235375453e-31  -6.223816888e-30
360  -5.228358205e-31  -6.215474781e-30
360.0804661  -5.221351928e-31  -6.207145715e-30
360.2612261  -5.205652841e-31  -6.188482633e-30
360.5220751  -5.18309497e-31  -6.161665825e-30
360.834721  -5.15620785e-31  -6.129702403e-30
361.165279  -5.127957126e-31  -6.096117928e-30
361.4779249  -5.101403262e-31  -6.064550682e-30
361.7387739  -5.079371359e-31  -6.038359145e-30
361.9195339  -5.064169056e-31  -6.02028664e-30
362  -5.057418766e-31  -6.012261892e-30
362.0804661  -5.050678971e-31  -6.00424962e-30
362.2612261  -5.035576783e-31  -5.986296132e-30
362.5220751  -5.013876077e-31  -5.960498322e-30
362.834721  -4.988009832e-31  -5.929748517e-30
363.165279  -4.960830823e-31  -5.897438098e-30
363.4779249  -4.935283426e-31  -5.86706734e-30
363.7387739  -4.914085947e-31  -5.841867766e-30
363.9195339  -4.899459063e-31  -5.82447932e-30
364  -4.892964187e-31  -5.816758208e-30
364.0804661  -4.886479353e-31  -5.809049034e-30
364.2612261  -4.871948267e-31  -5.791774473e-30
364.5220751  -4.851067704e-31  -5.766951648e-30
364.834721  -4.826178275e-31  -5.737363083e-30
365.165279  -4.800024768e-31  -5.706271782e-30
365.4779249  -4.775440475e-31  -5.677045962e-30
365.7387739  -4.755041497e-31  -5.652795647e-30
365.9195339  -4.740965276e-31  -5.636061829e-30
366  -4.734714828e-31  -5.628631293e-30
366.0804661  -4.728473992e-31  -5.621212184e-30
366.2612261  -4.71448946e-31  -5.604587366e-30
366.5220751  -4.694393805e-31  -5.580697642e-30
366.834721  -4.670439261e-31  -5.552220468e-30
367.165279  -4.645267272e-31  -5.522295996e-30
367.4779249  -4.621604812e-31  -5.494166051e-30
367.7387739  -4.601970144e-31  -5.470824348e-30
367.9195339  -4.588421019e-31  -5.454717142e-30
368  -4.582404543e-31  -5.447564753e-30
368.0804661  -4.576397269e-31  -5.440423302e-30
368.2612261  -4.562935922e-31  -5.424420447e-30
368.5220751  -4.543591637e-31  -5.401423951e-30
368.834721  -4.52053206e-31  -5.374010715e-30
369.165279  -4.496299717e-31  -5.345203294e-30
369.4779249  -4.473519797e-31  -5.318122513e-30
369.7387739  -4.454616885e-31  -5.295650722e-30
369.9195339  -4.44157242e-31  -5.280143456e-30
370  -4.43577996e-31  -5.273257376e-30
370.0804661  -4.429996311e-31  -5.266381772e-30
370.2612261  -4.417035899e-31  -5.250974428e-30
370.5220751  -4.398411048e-31  -5.228833196e-30
370.834721  -4.376208428e-31  -5.20243871e-30
371.165279  -4.352875857e-31  -5.174700939e-30
371.4779249  -4.330941058e-31  -5.148624839e-30
371.7387739  -4.3127389e-31  -5.126986105e-30
371.9195339  -4.300177727e-31  -5.112053376e-30
372  -4.294599801e-31  -5.105422335e-30
372.0804661  -4.289030314e-31  -5.098801326e-30
372.2612261  -4.276549646e-31  -5.083964302e-30
372.5220751  -4.258613812e-31  -5.062642174e-30
372.834721  -4.237231945e-31  -5.0372234e-30
373.165279  -4.214761166e-31  -5.010510127e-30
373.4779249  -4.193635845e-31  -4.985396335e-30
373.7387739  -4.176104909e-31  -4.96455555e-30
373.9195339  -4.164006672e-31  -4.95017316e-30
374  -4.158634247e-31  -4.943786418e-30
374.0804661  -4.153269907e-31  -4.937409288e-30
374.2612261  -4.141248795e-31  -4.923118584e-30
374.5220751  -4.123973e-31  -4.902581111e-30
374.834721  -4.103377394e-31  -4.878097044e-30
375.165279  -4.081732221e-31  -4.852365252e-30
375.4779249  -4.061382417e-31  -4.828173395e-30
375.7387739  -4.044494563e-31  -4.808097107e-30
375.9195339  -4.032839866e-31  -4.794241997e-30
376  -4.027664335e-31  -4.788089323e-30
376.0804661  -4.022496551e-31  -4.781945859e-30
376.2612261  -4.010915757e-31  -4.768178606e-30
376.5220751  -3.994272388e-31  -4.74839296e-30
376.834721  -3.974430173e-31  -4.724804526e-30
377.165279  -3.95357612e-31  -4.700013217e-30
377.4779249  -3.933969467e-31  -4.676704818e-30
377.7387739  -3.917697877e-31  -4.657361144e-30
377.9195339  -3.906468233e-31  -4.644011338e-30
378  -3.901481392e-31  -4.638082979e-30
378.0804661  -3.896501976e-31  -4.632163447e-30
378.2612261  -3.885343165e-31  -4.618897846e-30
378.5220751  -3.8693059e-31  -4.599832738e-30
378.834721  -3.850185744e-31  -4.577102688e-30
379.165279  -3.830089937e-31  -4.553212783e-30
379.4779249  -3.811195581e-31  -4.530751162e-30
379.7387739  -3.795514687e-31  -4.512109708e-30
379.9195339  -3.784692471e-31  -4.499244253e-30
380  -3.779886499e-31  -4.493530911e-30
380.0804661  -3.775087645e-31  -4.487826031e-30
380.2612261  -3.764333334e-31  -4.475041301e-30
380.5220751  -3.748877079e-31  -4.456666898e-30
380.834721  -3.730449109e-31  -4.434759718e-30
381.165279  -3.711080203e-31  -4.411733953e-30
381.4779249  -3.692868722e-31  -4.390084135e-30
381.7387739  -3.677754144e-31  -4.372115918e-30
381.9195339  -3.667322551e-31  -4.359714834e-30
382  -3.662689989e-31  -4.354207643e-30
382.0804661  -3.658064253e-31  -4.348708566e-30
382.2612261  -3.647697772e-31  -4.336384887e-30
382.5220751  -3.632798594e-31  -4.318672738e-30
382.834721  -3.615034319e-31  -4.297554559e-30
383.165279  -3.59636242e-31  -4.275357396e-30
383.4779249  -3.578805753e-31  -4.254486022e-30
383.7387739  -3.564234237e-31  -4.237163397e-30
383.9195339  -3.554177235e-31  -4.225207628e-30
384  -3.54971097e-31  -4.21989813e-30
384.0804661  -3.545251251e-31  -4.214596414e-30
384.2612261  -3.535256697e-31  -4.202714883e-30
384.5220751  -3.520891769e-31  -4.185637849e-30
384.834721  -3.50376401e-31  -4.165276361e-30
385.165279  -3.485760599e-31  -4.143873898e-30
385.4779249  -3.468831977e-31  -4.123749143e-30
385.7387739  -3.454781337e-31  -4.107045736e-30
385.9195339  -3.445083632e-31  -4.0955171e-30
386  -3.440776876e-31  -4.090397226e-30
386.0804661  -3.4364764e-31  -4.085284818e-30
386.2612261  -3.426838601e-31  -4.073827398e-30
386.5220751  -3.412986139e-31  -4.057359585e-30
386.834721  -3.396468965e-31  -4.03772396e-30
387.165279  -3.37910683e-31  -4.017083845e-30
387.4779249  -3.362780707e-31  -3.997675342e-30
387.7387739  -3.349229773e-31  -3.981565985e-30
387.9195339  -3.33987677e-31  -3.970447131e-30
388  -3.335723045e-31  -3.965509181e-30
388.0804661  -3.331575346e-31  -3.960578394e-30
388.2612261  -3.322279823e-31  -3.949527871e-30
388.5220751  -3.308919041e-31  -3.933644567e-30
388.834721  -3.292987701e-31  -3.914705383e-30
389.165279  -3.276240869e-31  -3.894796741e-30
389.4779249  -3.260492862e-31  -3.876075502e-30
389.7387739  -3.247421426e-31  -3.860536173e-30
389.9195339  -3.238399194e-31  -3.849810538e-30
390  -3.234392317e-31  -3.845047162e-30
390.0804661  -3.230391224e-31  -3.84029066e-30
390.2612261  -3.221424154e-31  -3.829630604e-30
390.5220751  -3.208535208e-31  -3.814308217e-30
390.834721  -3.193166076e-31  -3.796037387e-30
391.165279  -3.177009752e-31  -3.77683074e-30
391.4779249  -3.161816584e-31  -3.758769095e-30
391.7387739  -3.149205353e-31  -3.743776857e-30
391.9195339  -3.140500589e-31  -3.733428629e-30
392  -3.136634658e-31  -3.728832808e-30
392.0804661  -3.132774277e-31  -3.724243587e-30
392.2612261  -3.124122465e-31  -3.713958308e-30
392.5220751  -3.111686406e-31  -3.699174315e-30
392.834721  -3.096856923e-31  -3.681545018e-30
393.165279  -3.081267429e-31  -3.66301222e-30
393.4779249  -3.066606871e-31  -3.645583741e-30
393.7387739  -3.054437421e-31  -3.631116693e-30
393.9195339  -3.046037422e-31  -3.621130771e-30
394  -3.042306799e-31  -3.616695804e-30
394.0804661  -3.038581504e-31  -3.612267172e-30
394.2612261  -3.030232345e-31  -3.602341688e-30
394.5220751  -3.018231079e-31  -3.588074576e-30
394.834721  -3.003919696e-31  -3.571061198e-30
395.165279  -2.988874419e-31  -3.553175365e-30
395.4779249  -2.974725239e-31  -3.536354813e-30
395.7387739  -2.962979972e-31  -3.522392033e-30
395.9195339  -2.954872605e-31  -3.512753992e-30
396  -2.951271904e-31  -3.508473477e-30
396.0804661  -2.94767632e-31  -3.504199045e-30
396.2612261  -2.939617775e-31  -3.494619043e-30
396.5220751  -2.928034014e-31  -3.480848262e-30
396.834721  -2.914220149e-31  -3.464426332e-30
397.165279  -2.899697484e-31  -3.447161781e-30
397.4779249  -2.886039398e-31  -3.430925042e-30
397.7387739  -2.874701499e-31  -3.417446542e-30
397.9195339  -2.866875172e-31  -3.408142601e-30
398  -2.863399247e-31  -3.40401042e-30
398.0804661  -2.859928238e-31  -3.399884083e-30
398.2612261  -2.852148804e-31  -3.390635887e-30
398.5220751  -2.840966032e-31  -3.377341802e-30
398.834721  -2.827630015e-31  -3.361487939e-30
399.165279  -2.813609319e-31  -3.344820128e-30
399.4779249  -2.800422943e-31  -3.329144159e-30
399.7387739  -2.789476345e-31  -3.316130837e-30
399.9195339  -2.781919978e-31  -3.307147825e-30
