#L=8 M=-8
#R     Re(V)   Im(V)

0.08046609183  -3.204753298e-12  -8.85311146e-16
0.2612261349  -4.016852127e-08  -3.471044785e-16
0.5220750502  -1.02268527e-05  -3.642330546e-17
0.8347210423  -0.0004369746719  -3.650330279e-17
1.165278958  -0.006308294919  2.632204991e-17
1.47792495  -0.04227272436  9.351099738e-17
1.738773865  -0.1552683114  -2.126184733e-16
1.919533908  -0.3426742891  -8.734247372e-11
2  -0.4756458698  1.335041154e-06
2.080466092  -0.3336969883  -4.734206908e-11
2.261226135  -0.1575523579  -5.662295072e-16
2.52207505  -0.05895393378  1.166126387e-16
2.834721042  -0.02075521186  4.521579697e-17
3.165278958  -0.008220793188  2.267868514e-17
3.47792495  -0.004668127415  1.748046083e-17
3.738773865  -0.004300973347  1.301143238e-17
3.919533908  -0.00496533741  1.034470257e-17
4  -0.005484621679  9.955377989e-18
4.080466092  -0.004561217435  9.637496334e-18
4.261226135  -0.003045618012  7.975724747e-18
4.52207505  -0.001739041779  5.191158896e-18
4.834721042  -0.0009153118905  3.313813567e-18
5.165278958  -0.000478069671  1.92962336e-18
5.47792495  -0.0002644211014  1.595692041e-18
5.738773865  -0.0001634465725  5.01478579e-19
5.919533908  -0.0001177628934  4.794428997e-19
6  -0.0001018961173  7.350708032e-19
6.080466092  -8.82238141e-05  9.576709517e-19
6.261226135  -6.395546702e-05  4.076105061e-19
6.52207505  -4.033857563e-05  1.97390152e-20
6.834721042  -2.325574662e-05  7.625358949e-20
7.165278958  -1.29382168e-05  2.561259281e-19
7.47792495  -7.343553874e-06  1.200681399e-19
7.738773865  -4.501478005e-06  -3.655585508e-19
7.919533908  -3.160474838e-06  -9.799914726e-20
8  -2.685783668e-06  -2.280988113e-19
8.080466092  -2.273068639e-06  2.227753422e-19
8.261226135  -1.532999115e-06  4.273462134e-19
8.52207505  -8.081661925e-07  1.095637081e-19
8.834721042  -2.921875292e-07  1.339595268e-19
9.165278958  5.902953903e-10  2.016202136e-19
9.47792495  1.389235412e-07  -1.211396171e-19
9.738773865  1.939257322e-07  2.447817682e-20
9.919533908  2.118347953e-07  -1.99855509e-19
10  2.160197478e-07  6.008307028e-20
10.08046609  2.18348575e-07  -1.157919359e-19
10.26122613  2.182068378e-07  -3.199982795e-20
10.52207505  2.089392709e-07  1.128338211e-19
10.83472104  1.901220937e-07  2.409690085e-19
11.16527896  1.667224023e-07  -4.563001509e-20
11.47792495  1.444439084e-07  2.724810404e-19
11.73877387  1.269150548e-07  1.154121621e-19
11.91953391  1.155944896e-07  -2.539454982e-19
12  1.107967561e-07  -7.192921687e-20
12.08046609  1.061527776e-07  1.636469953e-20
12.26122613  9.628771522e-08  1.242509501e-19
12.52207505  8.342502542e-08  -3.856616043e-20
12.83472104  7.004812629e-08  -1.963776661e-19
13.16527896  5.810739012e-08  -1.878593127e-19
13.47792495  4.864478457e-08  5.334536738e-20
13.73877387  4.193246591e-08  -5.501688932e-20
13.91953391  3.783606892e-08  8.337298185e-20
14  3.614569635e-08  -3.395028502e-22
14.08046609  3.453240288e-08  -7.00260892e-20
14.26122613  3.117223079e-08  -8.261508288e-20
14.52207505  2.690756107e-08  9.474573497e-20
14.83472104  2.258409427e-08  -5.86935964e-21
15.16527896  1.879711479e-08  -1.6227621e-20
15.47792495  1.582956554e-08  4.686911495e-20
15.73877387  1.373511576e-08  3.479013679e-20
15.91953391  1.245861974e-08  6.816864404e-20
16  1.193182638e-08  9.983864227e-22
16.08046609  1.142886883e-08  -6.74749267e-20
16.26122613  1.038021604e-08  1.026100449e-19
16.52207505  9.045556019e-09  1.687690575e-20
16.83472104  7.685282313e-09  5.879426259e-20
17.16527896  6.484424764e-09  6.980565841e-21
17.47792495  5.534478861e-09  -1.694311855e-20
17.73877387  4.857610444e-09  8.395488743e-20
17.91953391  4.441807157e-09  1.148600312e-19
18  4.269370978e-09  2.163096333e-20
18.08046609  4.104234541e-09  -1.845213663e-20
18.26122613  3.758204154e-09  -3.933950814e-20
18.52207505  3.313954667e-09  3.385342699e-20
18.83472104  2.855867931e-09  -1.679697115e-19
19.16527896  2.445977099e-09  -4.955552434e-20
19.47792495  2.117225766e-09  -3.938709446e-20
19.73877387  1.880036058e-09  6.191090519e-20
19.91953391  1.732909983e-09  1.514669042e-19
20  1.67154369e-09  -5.036725e-20
20.08046609  1.612568139e-09  6.365184089e-20
20.26122613  1.488288054e-09  -3.809163101e-20
20.52207505  1.327196482e-09  -9.12943073e-20
20.83472104  1.159010872e-09  1.409450873e-19
21.16527896  1.006417007e-09  -7.730366426e-20
21.47792495  8.823309606e-10  9.29571338e-20
21.73877387  7.917071411e-10  -1.109639854e-20
21.91953391  7.349690527e-10  1.35969323e-20
22  7.111739424e-10  -6.537612055e-20
22.08046609  6.88229797e-10  -1.063281988e-19
22.26122613  6.396215192e-10  -6.919218926e-21
22.52207505  5.760510756e-10  1.759186299e-20
22.83472104  5.089169726e-10  -7.519056693e-20
23.16527896  4.472313394e-10  3.06664273e-20
23.47792495  3.964423621e-10  1.41112526e-19
23.73877387  3.589431779e-10  -7.89159743e-21
23.91953391  3.352706272e-10  5.396451786e-20
24  3.252945446e-10  1.336720234e-21
24.08046609  3.156469346e-10  5.403570495e-20
24.26122613  2.951117992e-10  5.284836387e-20
24.52207505  2.680439063e-10  1.092231682e-19
24.83472104  2.391700284e-10  -4.761321107e-21
25.16527896  2.123445757e-10  -1.191408706e-19
25.47792495  1.900172638e-10  4.711581853e-20
25.73877387  1.733754248e-10  2.937922076e-20
25.91953391  1.627941193e-10  -3.763912705e-21
26  1.583162073e-10  -9.552746478e-20
26.08046609  1.539746999e-10  1.560420862e-20
26.26122613  1.446960276e-10  -4.083568141e-20
26.52207505  1.323820789e-10  -2.076440477e-20
26.83472104  1.191318652e-10  8.352066996e-20
27.16527896  1.067034422e-10  1.292905069e-19
27.47792495  9.626175298e-11  3.053160542e-20
27.73877387  8.841501296e-11  -8.608546462e-21
27.91953391  8.339484028e-11  -9.943028418e-21
28  8.126263545e-11  5.463252374e-20
28.08046609  7.919082623e-11  1.046930055e-19
28.26122613  7.474733379e-11  5.617958114e-21
28.52207505  6.881544259e-11  -6.656547178e-20
28.83472104  6.238431653e-11  -6.579876164e-20
29.16527896  5.630189848e-11  -5.620182865e-20
29.47792495  5.115014342e-11  6.245694992e-20
29.73877387  4.725111277e-11  -3.419902365e-21
29.91953391  4.474314091e-11  4.443861365e-21
30  4.367457779e-11  9.904308922e-21
30.08046609  4.263429403e-11  -4.070318692e-20
30.26122613  4.039630906e-11  -7.435248936e-21
30.52207505  3.739333266e-11  4.239695153e-20
30.83472104  3.411620828e-11  -4.838350789e-20
31.16527896  3.099431552e-11  -1.135439739e-19
31.47792495  2.833130256e-11  -5.465825044e-20
31.73877387  2.630329894e-11  -8.942011868e-20
31.91953391  2.499267431e-11  4.266062415e-20
32  2.443272039e-11  -2.084520623e-20
32.08046609  2.388667127e-11  -1.463663034e-21
32.26122613  2.270878454e-11  -4.226508526e-20
32.52207505  2.112114971e-11  1.075034983e-19
32.83472104  1.937857662e-11  2.883916743e-21
33.16527896  1.770797974e-11  1.995115489e-20
33.47792495  1.627403206e-11  2.695929762e-20
33.73877387  1.517603501e-11  3.073931582e-20
33.91953391  1.446349046e-11  -2.511987843e-20
34  1.415832076e-11  -2.951330907e-20
34.08046609  1.386028865e-11  8.971272993e-21
34.26122613  1.321587446e-11  -1.051474467e-20
34.52207505  1.234383209e-11  3.452880708e-20
34.83472104  1.138180178e-11  -4.874365948e-20
35.16527896  1.045431223e-11  -1.186818541e-20
35.47792495  9.653797372e-12  -8.360018663e-20
35.73877387  9.037852171e-12  3.665061416e-20
35.91953391  8.636660534e-12  1.012029992e-19
36  8.464466168e-12  -3.749433819e-20
36.08046609  8.2960782e-12  -6.631549908e-20
36.26122613  7.931215096e-12  -1.113436992e-19
36.52207505  7.435721118e-12  -6.980229048e-20
36.83472104  6.886612219e-12  -4.511642034e-20
37.16527896  6.354560616e-12  9.684942017e-20
37.47792495  5.893079285e-12  -9.566681225e-20
37.73877387  5.536457937e-12  -1.39572078e-20
37.91953391  5.303409711e-12  3.367353963e-21
38  5.203190498e-12  7.617741833e-20
38.08046609  5.10507124e-12  -5.493466734e-21
38.26122613  4.89206427e-12  1.673247038e-21
38.52207505  4.601877436e-12  -2.951034082e-21
38.83472104  4.27898135e-12  3.834222902e-21
39.16527896  3.964706895e-12  4.739713773e-21
39.47792495  3.69090826e-12  9.313159374e-21
39.73877387  3.478499469e-12  -1.643571011e-22
39.91953391  3.339280874e-12  4.512070802e-21
40  3.279307812e-12  -1.612436043e-21
40.08046609  3.22052918e-12  -4.382553368e-27
40.26122613  3.092709548e-12  -4.20861414e-27
40.52207505  2.918078822e-12  -3.970973544e-27
40.83472104  2.723050966e-12  -3.70557617e-27
41.16527896  2.5324597e-12  -3.446216185e-27
41.47792495  2.36575036e-12  -3.219355151e-27
41.73877387  2.235964611e-12  -3.042740398e-27
41.91953391  2.150671604e-12  -2.926672157e-27
42  2.113871066e-12  -2.87659333e-27
42.08046609  2.077768866e-12  -2.827464814e-27
42.26122613  1.999140278e-12  -2.720465634e-27
42.52207505  1.891437786e-12  -2.573902168e-27
42.83472104  1.77075559e-12  -2.40967569e-27
43.16527896  1.652384607e-12  -2.248594352e-27
43.47792495  1.548470125e-12  -2.107185678e-27
43.73877387  1.467312677e-12  -1.996745179e-27
43.91953391  1.413847619e-12  -1.923988978e-27
44  1.39074664e-12  -1.892552755e-27
44.08046609  1.368064288e-12  -1.861686207e-27
44.26122613  1.318594141e-12  -1.794366351e-27
44.52207505  1.2506723e-12  -1.701937103e-27
44.83472104  1.174334609e-12  -1.598055415e-27
45.16527896  1.099207886e-12  -1.495821634e-27
45.47792495  1.033038107e-12  -1.405776623e-27
45.73877387  9.812088226e-13  -1.335246411e-27
45.91953391  9.469888524e-13  -1.288679267e-27
46  9.321839534e-13  -1.268532498e-27
46.08046609  9.176357798e-13  -1.248735084e-27
46.26122613  8.858656325e-13  -1.205501703e-27
46.52207505  8.421518553e-13  -1.146015218e-27
46.83472104  7.928858501e-13  -1.078973162e-27
47.16527896  7.442527383e-13  -1.012792359e-27
47.47792495  7.012882161e-13  -9.54325473e-28
47.73877387  6.67545335e-13  -9.084075606e-28
47.91953391  6.452215155e-13  -8.780289101e-28
48  6.355518269e-13  -8.648702259e-28
48.08046609  6.260428881e-13  -8.519302929e-28
48.26122613  6.052529912e-13  -8.236390316e-28
48.52207505  5.76590949e-13  -7.846352149e-28
48.83472104  5.442064773e-13  -7.405658501e-28
49.16527896  5.121480684e-13  -6.969401973e-28
49.47792495  4.837475855e-13  -6.582923151e-28
49.73877387  4.613881459e-13  -6.278651922e-28
49.91953391  4.465678075e-13  -6.076974122e-28
50  4.401412463e-13  -5.989520334e-28
50.08046609  4.338172816e-13  -5.903462698e-28
50.26122613  4.199759256e-13  -5.715107065e-28
50.52207505  4.008588636e-13  -5.454958687e-28
50.83472104  3.792085368e-13  -5.16033719e-28
51.16527896  3.577206336e-13  -4.867925983e-28
51.47792495  3.386357589e-13  -4.608215615e-28
51.73877387  3.23576458e-13  -4.403285971e-28
51.91953391  3.135776075e-13  -4.267219836e-28
52  3.092374014e-13  -4.208157539e-28
52.08046609  3.049638399e-13  -4.150002155e-28
52.26122613  2.956009019e-13  -4.02258963e-28
52.52207505  2.826475495e-13  -3.846318106e-28
52.83472104  2.679460375e-13  -3.646257318e-28
53.16527896  2.533198576e-13  -3.447221661e-28
53.47792495  2.402985671e-13  -3.270025625e-28
53.73877387  2.3000238e-13  -3.12991328e-28
53.91953391  2.23155165e-13  -3.036735161e-28
54  2.201802038e-13  -2.996251361e-28
54.08046609  2.172492444e-13  -2.956366344e-28
54.26122613  2.108218785e-13  -2.868901606e-28
54.52207505  2.019159942e-13  -2.747708748e-28
54.83472104  1.917879698e-13  -2.609884792e-28
55.16527896  1.816894625e-13  -2.472462509e-28
55.47792495  1.726792801e-13  -2.349850345e-28
55.73877387  1.655409372e-13  -2.252710506e-28
55.91953391  1.60786737e-13  -2.188014505e-28
56  1.587193458e-13  -2.159881077e-28
56.08046609  1.566814485e-13  -2.132149008e-28
56.26122613  1.522086636e-13  -2.071282556e-28
56.52207505  1.460021434e-13  -1.986823126e-28
56.83472104  1.389307926e-13  -1.890594927e-28
57.16527896  1.318654933e-13  -1.794449078e-28
57.47792495  1.255487459e-13  -1.708489657e-28
57.73877387  1.205352561e-13  -1.640265195e-28
57.91953391  1.171916268e-13  -1.594764493e-28
58  1.157364523e-13  -1.574962221e-28
58.08046609  1.143013268e-13  -1.555432778e-28
58.26122613  1.111489911e-13  -1.512535233e-28
58.52207505  1.067688726e-13  -1.452929802e-28
58.83472104  1.017697763e-13  -1.384901211e-28
59.16527896  9.676534722e-14  -1.316800049e-28
59.47792495  9.228260187e-14  -1.255798054e-28
59.73877387  8.871874045e-14  -1.207300394e-28
59.91953391  8.633885193e-14  -1.174914448e-28
60  8.530232224e-14  -1.160809167e-28
60.08046609  8.427960069e-14  -1.146891791e-28
60.26122613  8.203145821e-14  -1.116298668e-28
60.52207505  7.890378197e-14  -1.073736694e-28
60.83472104  7.532834388e-14  -1.025081497e-28
61.16527896  7.174265768e-14  -9.762868413e-29
61.47792495  6.852504098e-14  -9.325009411e-29
61.73877387  6.596295559e-14  -8.976356276e-29
61.91953391  6.424998055e-14  -8.743251588e-29
62  6.350338891e-14  -8.641654069e-29
62.08046609  6.276642424e-14  -8.541366606e-29
62.26122613  6.114530074e-14  -8.320761238e-29
62.52207505  5.888730201e-14  -8.013488756e-29
62.83472104  5.630213784e-14  -7.66169502e-29
63.16527896  5.370520043e-14  -7.30829916e-29
63.47792495  5.137095201e-14  -6.990650484e-29
63.73877387  4.950952562e-14  -6.737344272e-29
63.91953391  4.826359993e-14  -6.567796488e-29
64  4.772020954e-14  -6.493850959e-29
64.08046609  4.718360835e-14  -6.420829315e-29
64.26122613  4.600245798e-14  -6.260096272e-29
64.52207505  4.435546882e-14  -6.03597106e-29
64.83472104  4.246716686e-14  -5.77900757e-29
65.16527896  4.056726971e-14  -5.520466189e-29
65.47792495  3.885688103e-14  -5.287713456e-29
65.73877387  3.749105936e-14  -5.101850015e-29
65.91953391  3.657589451e-14  -4.977312755e-29
66  3.61765117e-14  -4.922964033e-29
66.08046609  3.578196855e-14  -4.869273899e-29
66.26122613  3.491297805e-14  -4.751020127e-29
66.52207505  3.3700009e-14  -4.585957142e-29
66.83472104  3.230746261e-14  -4.396456954e-29
67.16527896  3.090428514e-14  -4.205510069e-29
67.47792495  2.963921095e-14  -4.033356524e-29
67.73877387  2.86276782e-14  -3.895705348e-29
67.91953391  2.794922922e-14  -3.803380804e-29
68  2.765297707e-14  -3.763066285e-29
68.08046609  2.736020989e-14  -3.723226007e-29
68.26122613  2.671501012e-14  -3.635426075e-29
68.52207505  2.581353913e-14  -3.5127523e-29
68.83472104  2.477730673e-14  -3.371739952e-29
69.16527896  2.373170341e-14  -3.229452393e-29
69.47792495  2.278770324e-14  -3.100991173e-29
69.73877387  2.203197048e-14  -2.998149715e-29
69.91953391  2.152461473e-14  -2.929107842e-29
70  2.130294998e-14  -2.89894331e-29
70.08046609  2.108381873e-14  -2.869123539e-29
70.26122613  2.060063408e-14  -2.803370912e-29
70.52207505  1.992490984e-14  -2.711417157e-29
70.83472104  1.914725038e-14  -2.605591875e-29
71.16527896  1.83615231e-14  -2.498668709e-29
71.47792495  1.765121815e-14  -2.402009149e-29
71.73877387  1.70819152e-14  -2.324537391e-29
71.91953391  1.669937934e-14  -2.272481231e-29
72  1.653216153e-14  -2.249725934e-29
72.08046609  1.636680212e-14  -2.227223532e-29
72.26122613  1.600199646e-14  -2.177580129e-29
72.52207505  1.549138012e-14  -2.108094549e-29
72.83472104  1.49030774e-14  -2.028037269e-29
73.16527896  1.43079302e-14  -1.947048581e-29
73.47792495  1.376924602e-14  -1.873743479e-29
73.73877387  1.333702304e-14  -1.814925807e-29
73.91953391  1.304635313e-14  -1.775370929e-29
74  1.291923001e-14  -1.758071789e-29
74.08046609  1.279348171e-14  -1.740959738e-29
74.26122613  1.251592832e-14  -1.703189778e-29
74.52207505  1.212711944e-14  -1.650279974e-29
74.83472104  1.16786814e-14  -1.58925573e-29
75.16527896  1.122449073e-14  -1.527448655e-29
75.47792495  1.08129088e-14  -1.471439855e-29
75.73877387  1.048232637e-14  -1.426453609e-29
75.91953391  1.025983341e-14  -1.396176373e-29
76  1.016248172e-14  -1.382928581e-29
76.08046609  1.006615531e-14  -1.369820312e-29
76.26122613  9.853444058e-15  -1.340874186e-29
76.52207505  9.555236998e-15  -1.300293639e-29
76.83472104  9.210950283e-15  -1.253442491e-29
77.16527896  8.861856905e-15  -1.205937244e-29
77.47792495  8.545161622e-15  -1.162840786e-29
77.73877387  8.290542117e-15  -1.128191711e-29
77.91953391  8.119045838e-15  -1.104854193e-29
78  8.043974471e-15  -1.094638348e-29
78.08046609  7.969673573e-15  -1.08452735e-29
78.26122613  7.805527851e-15  -1.062190108e-29
78.52207505  7.575236513e-15  -1.030851653e-29
78.83472104  7.309106517e-15  -9.946362102e-30
79.16527896  7.038974467e-15  -9.578761604e-30
79.47792495  6.79365408e-15  -9.24492526e-30
79.73877387  6.596235133e-15  -8.976274048e-30
79.91953391  6.463170697e-15  -8.795197597e-30
80  6.404898104e-15  -8.715899216e-30
80.08046609  6.347208695e-15  -8.637394442e-30
80.26122613  6.219708015e-15  -8.46388925e-30
80.52207505  6.040703019e-15  -8.220296069e-30
80.83472104  5.833653268e-15  -7.938539086e-30
81.16527896  5.623277778e-15  -7.65225638e-30
81.47792495  5.432033851e-15  -7.392008244e-30
81.73877387  5.277995788e-15  -7.182390509e-30
81.91953391  5.174100426e-15  -7.041007854e-30
82  5.128583566e-15  -6.979067701e-30
82.08046609  5.083511176e-15  -6.917732391e-30
82.26122613  4.983856176e-15  -6.782120095e-30
82.52207505  4.843851813e-15  -6.591599668e-30
82.83472104  4.681773311e-15  -6.371040361e-30
83.16527896  4.516933227e-15  -6.146723044e-30
83.47792495  4.366940778e-15  -5.942610653e-30
83.73877387  4.246026794e-15  -5.778068754e-30
83.91953391  4.164420157e-15  -5.667016991e-30
84  4.128654425e-15  -5.618346348e-30
84.08046609  4.093229669e-15  -5.57013971e-30
84.26122613  4.014876006e-15  -5.463514652e-30
84.52207505  3.904727691e-15  -5.313622867e-30
84.83472104  3.777107825e-15  -5.139955484e-30
85.16527896  3.647194702e-15  -4.963167396e-30
85.47792495  3.528875781e-15  -4.802156904e-30
85.73877387  3.433418096e-15  -4.67225639e-30
85.91953391  3.368952564e-15  -4.584530548e-30
86  3.340688997e-15  -4.546068983e-30
86.08046609  3.312688645e-15  -4.507965607e-30
86.26122613  3.250734233e-15  -4.423656941e-30
86.52207505  3.163586904e-15  -4.305065306e-30
86.83472104  3.0625373e-15  -4.167555208e-30
87.16527896  2.959582076e-15  -4.027451909e-30
87.47792495  2.865733852e-15  -3.899741578e-30
87.73877387  2.789960532e-15  -3.796627896e-30
87.91953391  2.738758347e-15  -3.726951052e-30
88  2.716302032e-15  -3.6963921e-30
88.08046609  2.694050119e-15  -3.666111301e-30
88.26122613  2.644797953e-15  -3.599088078e-30
88.52207505  2.575477954e-15  -3.50475619e-30
88.83472104  2.495039478e-15  -3.395294082e-30
89.16527896  2.413015737e-15  -3.283674717e-30
89.47792495  2.338185549e-15  -3.181844467e-30
89.73877387  2.277723099e-15  -3.09956609e-30
89.91953391  2.236843933e-15  -3.043936994e-30
90  2.218909159e-15  -3.019531035e-30
90.08046609  2.20113402e-15  -2.99534231e-30
90.26122613  2.16177778e-15  -2.941785638e-30
90.52207505  2.106355159e-15  -2.86636555e-30
90.83472104  2.041997127e-15  -2.778785996e-30
91.16527896  1.976318431e-15  -2.68940926e-30
91.47792495  1.916352359e-15  -2.607806363e-30
91.73877387  1.867866041e-15  -2.541825318e-30
91.91953391  1.835066411e-15  -2.497190999e-30
92  1.820671784e-15  -2.477602534e-30
92.08046609  1.806402508e-15  -2.458184649e-30
92.26122613  1.774798732e-15  -2.41517767e-30
92.52207505  1.730269802e-15  -2.35458191e-30
92.83472104  1.678526403e-15  -2.284168573e-30
93.16527896  1.625680924e-15  -2.212255506e-30
93.47792495  1.577395287e-15  -2.146547551e-30
93.73877387  1.538327102e-15  -2.093382871e-30
93.91953391  1.511884971e-15  -2.05739995e-30
94  1.50027691e-15  -2.041603494e-30
94.08046609  1.488767793e-15  -2.025941683e-30
94.26122613  1.463269585e-15  -1.991243268e-30
94.52207505  1.427325035e-15  -1.942329285e-30
94.83472104  1.385529472e-15  -1.88545314e-30
95.16527896  1.342812524e-15  -1.827323157e-30
95.47792495  1.303753123e-15  -1.77417043e-30
95.73877387  1.272129599e-15  -1.731136576e-30
95.91953391  1.250715609e-15  -1.701996038e-30
96  1.241312162e-15  -1.68919966e-30
96.08046609  1.231987204e-15  -1.676510092e-30
96.26122613  1.211321999e-15  -1.648388514e-30
96.52207505  1.182176328e-15  -1.608726566e-30
96.83472104  1.148265075e-15  -1.56257953e-30
97.16527896  1.113581971e-15  -1.515382146e-30
97.47792495  1.081846457e-15  -1.472195894e-30
97.73877387  1.056136688e-15  -1.437209583e-30
97.91953391  1.038718985e-15  -1.413507263e-30
98  1.031068281e-15  -1.403096048e-30
98.08046609  1.023480137e-15  -1.392769968e-30
98.26122613  1.006659267e-15  -1.369879829e-30
98.52207505  9.829244889e-16  -1.33758112e-30
98.83472104  9.552922192e-16  -1.299978637e-30
99.16527896  9.270120226e-16  -1.261494442e-30
99.47792495  9.011179686e-16  -1.226257353e-30
99.73877387  8.801280928e-16  -1.197693957e-30
99.91953391  8.659015401e-16  -1.178334211e-30
100  8.596508716e-16  -1.16982819e-30
100.0804661  8.53450298e-16  -1.16139034e-30
100.2612261  8.397016462e-16  -1.14268093e-30
100.5220751  8.202931832e-16  -1.116269548e-30
100.834721  7.976845811e-16  -1.08550336e-30
101.165279  7.745309152e-16  -1.05399544e-30
101.4779249  7.533172378e-16  -1.025127491e-30
101.7387739  7.361115196e-16  -1.001713644e-30
101.9195339  7.244447137e-16  -9.858372466e-31
102  7.193173936e-16  -9.788598984e-31
102.0804661  7.142303631e-16  -9.719373768e-31
102.2612261  7.02947914e-16  -9.565840194e-31
102.5220751  6.870140491e-16  -9.349009328e-31
102.834721  6.684426298e-16  -9.096286152e-31
103.165279  6.494116814e-16  -8.837309622e-31
103.4779249  6.319645352e-16  -8.599885756e-31
103.7387739  6.178059872e-16  -8.407213717e-31
103.9195339  6.082013727e-16  -8.276512415e-31
104  6.039792996e-16  -8.219057694e-31
104.0804661  5.997897672e-16  -8.162045792e-31
104.2612261  5.904955861e-16  -8.035568924e-31
104.5220751  5.773642646e-16  -7.856875566e-31
104.834721  5.620511137e-16  -7.648491486e-31
105.165279  5.463496943e-16  -7.434823778e-31
105.4779249  5.319464455e-16  -7.238821808e-31
105.7387739  5.202519027e-16  -7.079680391e-31
105.9195339  5.123155745e-16  -6.971681425e-31
106  5.088260301e-16  -6.924195084e-31
106.0804661  5.05362875e-16  -6.877067855e-31
106.2612261  4.976782967e-16  -6.772494747e-31
106.5220751  4.868167881e-16  -6.624689407e-31
106.834721  4.741440715e-16  -6.452236825e-31
107.165279  4.611425733e-16  -6.275310127e-31
107.4779249  4.492092087e-16  -6.112918779e-31
107.7387739  4.395151499e-16  -5.981000304e-31
107.9195339  4.329338653e-16  -5.891441012e-31
108  4.300394606e-16  -5.852053439e-31
108.0804661  4.271665408e-16  -5.812958235e-31
108.2612261  4.207902173e-16  -5.726188091e-31
108.5220751  4.11774363e-16  -5.603498744e-31
108.834721  4.012498581e-16  -5.46027941e-31
109.165279  3.904463325e-16  -5.313263112e-31
109.4779249  3.805249112e-16  -5.178250647e-31
109.7387739  3.724613191e-16  -5.068519853e-31
109.9195339  3.669849077e-16  -4.993995873e-31
110  3.645758873e-16  -4.961213494e-31
110.0804661  3.621844248e-16  -4.928670047e-31
110.2612261  3.568755123e-16  -4.856425423e-31
110.5220751  3.493661597e-16  -4.754236818e-31
110.834721  3.405960562e-16  -4.634891689e-31
111.165279  3.315886439e-16  -4.512317221e-31
111.4779249  3.233122965e-16  -4.399691215e-31
111.7387739  3.16582566e-16  -4.308111846e-31
111.9195339  3.120104014e-16  -4.245893016e-31
112  3.099987223e-16  -4.218517729e-31
112.0804661  3.080014443e-16  -4.191338415e-31
112.2612261  3.035666624e-16  -4.130989115e-31
112.5220751  2.972915157e-16  -4.045595803e-31
112.834721  2.899594531e-16  -3.945819791e-31
113.165279  2.824251207e-16  -3.843291256e-31
113.4779249  2.754987524e-16  -3.749036005e-31
113.7387739  2.698641711e-16  -3.672359621e-31
113.9195339  2.660347159e-16  -3.620247714e-31
114  2.643494711e-16  -3.597314603e-31
114.0804661  2.626760796e-16  -3.574542794e-31
114.2612261  2.589597019e-16  -3.523969665e-31
114.5220751  2.536992781e-16  -3.452384883e-31
114.834721  2.475501137e-16  -3.368705961e-31
115.165279  2.412281759e-16  -3.282675907e-31
115.4779249  2.354135009e-16  -3.203548775e-31
115.7387739  2.306812062e-16  -3.139150868e-31
115.9195339  2.27463895e-16  -3.095369126e-31
116  2.260477585e-16  -3.076098087e-31
116.0804661  2.246414112e-16  -3.056960264e-31
116.2612261  2.21517488e-16  -3.014449362e-31
116.5220751  2.170941984e-16  -2.95425645e-31
116.834721  2.119213804e-16  -2.883863823e-31
117.165279  2.066006721e-16  -2.811458679e-31
117.4779249  2.017045552e-16  -2.74483145e-31
117.7387739  1.977181459e-16  -2.690583682e-31
117.9195339  1.950070545e-16  -2.65369067e-31
118  1.938135079e-16  -2.637448675e-31
118.0804661  1.926280726e-16  -2.62131706e-31
118.2612261  1.899943607e-16  -2.585477041e-31
118.5220751  1.862639851e-16  -2.534713426e-31
118.834721  1.818996857e-16  -2.475323263e-31
119.165279  1.774085319e-16  -2.414206845e-31
119.4779249  1.732738663e-16  -2.357941579e-31
119.7387739  1.699060519e-16  -2.312111762e-31
119.9195339  1.676149381e-16  -2.280933879e-31
120  1.666060981e-16  -2.267205405e-31
120.0804661  1.656040003e-16  -2.25356868e-31
120.2612261  1.633772046e-16  -2.223266048e-31
120.5220751  1.60222205e-16  -2.180332253e-31
120.834721  1.565295777e-16  -2.130082324e-31
121.165279  1.527279172e-16  -2.078348652e-31
121.4779249  1.492264558e-16  -2.030700143e-31
121.7387739  1.463732778e-16  -1.991873589e-31
121.9195339  1.444316805e-16  -1.965451988e-31
122  1.435765891e-16  -1.953815752e-31
122.0804661  1.42727119e-16  -1.942256012e-31
122.2612261  1.408391468e-16  -1.91656415e-31
122.5220751  1.381634015e-16  -1.880152132e-31
122.834721  1.350304804e-16  -1.837518786e-31
123.165279  1.318036552e-16  -1.793607575e-31
123.4779249  1.288303554e-16  -1.753146382e-31
123.7387739  1.264066243e-16  -1.720163818e-31
123.9195339  1.247567827e-16  -1.69771248e-31
124  1.240300565e-16  -1.68782306e-31
124.0804661  1.233080308e-16  -1.677997607e-31
124.2612261  1.217030314e-16  -1.65615649e-31
124.5220751  1.194276715e-16  -1.625192988e-31
124.834721  1.167625448e-16  -1.58892547e-31
125.165279  1.14016384e-16  -1.551555225e-31
125.4779249  1.114849273e-16  -1.517106713e-31
125.7387739  1.094206067e-16  -1.489015071e-31
125.9195339  1.080150176e-16  -1.469887564e-31
126  1.073957763e-16  -1.461460819e-31
126.0804661  1.067804771e-16  -1.453087718e-31
126.2612261  1.054124932e-16  -1.43447195e-31
126.5220751  1.03472598e-16  -1.408073511e-31
126.834721  1.011995742e-16  -1.377141799e-31
127.165279  9.885648701e-17  -1.345256651e-31
127.4779249  9.6695717e-17  -1.315852509e-31
127.7387739  9.493304682e-17  -1.29186578e-31
127.9195339  9.373251993e-17  -1.275528796e-31
128  9.320353426e-17  -1.268330265e-31
128.0804661  9.267786358e-17  -1.261176845e-31
128.2612261  9.150896051e-17  -1.245270205e-31
128.5220751  8.985092416e-17  -1.222707351e-31
128.834721  8.790747682e-17  -1.196260574e-31
129.165279  8.590333641e-17  -1.168987875e-31
129.4779249  8.405441539e-17  -1.143827429e-31
129.7387739  8.254561455e-17  -1.123295399e-31
129.9195339  8.151771981e-17  -1.109307625e-31
130  8.106472936e-17  -1.10314325e-31
130.0804661  8.061453412e-17  -1.097016913e-31
130.2612261  7.961330467e-17  -1.083392005e-31
130.5220751  7.819273091e-17  -1.064060585e-31
130.834721  7.652705365e-17  -1.041393752e-31
131.165279  7.480870258e-17  -1.018010125e-31
131.4779249  7.322283455e-17  -9.964293512e-32
131.7387739  7.192826005e-17  -9.788125512e-32
131.9195339  7.10460822e-17  -9.668077182e-32
132  7.065724942e-17  -9.615164127e-32
132.0804661  7.027077973e-17  -9.562572643e-32
132.2612261  6.941114476e-17  -9.445591988e-32
132.5220751  6.819115717e-17  -9.279573908e-32
132.834721  6.676020096e-17  -9.084846843e-32
133.165279  6.528344727e-17  -8.883887576e-32
133.4779249  6.392004757e-17  -8.69835372e-32
133.7387739  6.280671413e-17  -8.546849326e-32
133.9195339  6.204785116e-17  -8.443581904e-32
134  6.171332167e-17  -8.398058536e-32
134.0804661  6.138079498e-17  -8.352807714e-32
134.2612261  6.064103799e-17  -8.252140266e-32
134.5220751  5.959091958e-17  -8.109238286e-32
134.834721  5.835881154e-17  -7.941570834e-32
135.165279  5.708681355e-17  -7.768475085e-32
135.4779249  5.591203284e-17  -7.608608838e-32
135.7387739  5.495241852e-17  -7.478022816e-32
135.9195339  5.42981732e-17  -7.388991949e-32
136  5.400972084e-17  -7.349738838e-32
136.0804661  5.372297009e-17  -7.310717288e-32
136.2612261  5.308495758e-17  -7.22389541e-32
136.5220751  5.217905169e-17  -7.100618126e-32
136.834721  5.11158171e-17  -6.955931272e-32
137.165279  5.001777726e-17  -6.806508059e-32
137.4779249  4.900330731e-17  -6.668457184e-32
137.7387739  4.817438668e-17  -6.555656191e-32
137.9195339  4.760911194e-17  -6.4787326e-32
138  4.735985131e-17  -6.44481277e-32
138.0804661  4.711203987e-17  -6.411090148e-32
138.2612261  4.656058968e-17  -6.336047826e-32
138.5220751  4.577740924e-17  -6.229471239e-32
138.834721  4.485793527e-17  -6.104347587e-32
139.165279  4.390804064e-17  -5.975084237e-32
139.4779249  4.303014496e-17  -5.855618632e-32
139.7387739  4.231260403e-17  -5.757974387e-32
139.9195339  4.182317122e-17  -5.691371499e-32
140  4.160732419e-17  -5.661998652e-32
140.0804661  4.13927142e-17  -5.632794143e-32
140.2612261  4.09150822e-17  -5.567797131e-32
140.5220751  4.023658553e-17  -5.475466097e-32
140.834721  3.943977847e-17  -5.367035176e-32
141.165279  3.861633841e-17  -5.254979988e-32
141.4779249  3.785506316e-17  -5.1513843e-32
141.7387739  3.723265999e-17  -5.066686569e-32
141.9195339  3.680802559e-17  -5.008901566e-32
142  3.662073094e-17  -4.983414176e-32
142.0804661  3.643449461e-17  -4.958070805e-32
142.2612261  3.601995618e-17  -4.901659679e-32
142.5220751  3.543095646e-17  -4.82150755e-32
142.834721  3.473905413e-17  -4.727352251e-32
143.165279  3.40237966e-17  -4.630018734e-32
143.4779249  3.336232619e-17  -4.540004665e-32
143.7387739  3.282136849e-17  -4.466390178e-32
143.9195339  3.245222013e-17  -4.416155814e-32
144  3.228937799e-17  -4.393995966e-32
144.0804661  3.212744326e-17  -4.3719596e-32
144.2612261  3.17669512e-17  -4.322903199e-32
144.5220751  3.125463352e-17  -4.253186099e-32
144.834721  3.065264271e-17  -4.171266119e-32
145.165279  3.00301382e-17  -4.086554598e-32
145.4779249  2.945426757e-17  -4.008189099e-32
145.7387739  2.898318476e-17  -3.944083314e-32
145.9195339  2.866165102e-17  -3.900328431e-32
146  2.851979541e-17  -3.881024467e-32
146.0804661  2.837871947e-17  -3.861826602e-32
146.2612261  2.806462341e-17  -3.819083852e-32
146.5220751  2.761814867e-17  -3.758326775e-32
146.834721  2.709338357e-17  -3.686915807e-32
147.165279  2.655057225e-17  -3.613049077e-32
147.4779249  2.604827347e-17  -3.544695367e-32
147.7387739  2.563726513e-17  -3.488764621e-32
147.9195339  2.535667712e-17  -3.450581705e-32
148  2.523287111e-17  -3.433733963e-32
148.0804661  2.510973639e-17  -3.416977572e-32
148.2612261  2.48355522e-17  -3.3796661e-32
148.5220751  2.444573128e-17  -3.326618576e-32
148.834721  2.398743371e-17  -3.264252628e-32
149.165279  2.351323618e-17  -3.199722984e-32
149.4779249  2.307430159e-17  -3.139991985e-32
149.7387739  2.271504777e-17  -3.091104087e-32
149.9195339  2.246974262e-17  -3.057722525e-32
150  2.236149196e-17  -3.042991584e-32
150.0804661  2.225382045e-17  -3.028339453e-32
150.2612261  2.201404006e-17  -2.995709712e-32
150.5220751  2.167306519e-17  -2.949309244e-32
150.834721  2.127209128e-17  -2.894744002e-32
151.165279  2.085708732e-17  -2.838269525e-32
151.4779249  2.047283484e-17  -2.785979765e-32
151.7387739  2.015825684e-17  -2.743171431e-32
151.9195339  1.994341535e-17  -2.713935419e-32
152  1.984859711e-17  -2.701032384e-32
152.0804661  1.975427949e-17  -2.688197475e-32
152.2612261  1.954421371e-17  -2.659611351e-32
152.5220751  1.92454363e-17  -2.61895319e-32
152.834721  1.889399736e-17  -2.571128753e-32
153.165279  1.853016011e-17  -2.521617134e-32
153.4779249  1.81931893e-17  -2.475761547e-32
153.7387739  1.791725152e-17  -2.438211443e-32
153.9195339  1.77287637e-17  -2.412561686e-32
154  1.76455671e-17  -2.401240143e-32
154.0804661  1.756280406e-17  -2.389977603e-32
154.2612261  1.737845233e-17  -2.364890691e-32
154.5220751  1.711619886e-17  -2.329202773e-32
154.834721  1.680764644e-17  -2.287214411e-32
155.165279  1.648812188e-17  -2.24373294e-32
155.4779249  1.61921115e-17  -2.203451322e-32
155.7387739  1.594965698e-17  -2.17045768e-32
155.9195339  1.578401035e-17  -2.147916192e-32
156  1.571088764e-17  -2.137965523e-32
156.0804661  1.563814113e-17  -2.128066049e-32
156.2612261  1.547608328e-17  -2.106012928e-32
156.5220751  1.524550226e-17  -2.074635053e-32
156.834721  1.497414953e-17  -2.037708892e-32
157.165279  1.469307307e-17  -1.999459507e-32
157.4779249  1.443261265e-17  -1.964015589e-32
157.7387739  1.421922617e-17  -1.934977578e-32
157.9195339  1.407341279e-17  -1.915135034e-32
158  1.400903839e-17  -1.906374851e-32
158.0804661  1.3944991e-17  -1.897659168e-32
158.2612261  1.380229714e-17  -1.878241135e-32
158.5220751  1.359923161e-17  -1.850607617e-32
158.834721  1.336020451e-17  -1.818080384e-32
159.165279  1.311254812e-17  -1.784378862e-32
159.4779249  1.288299749e-17  -1.753141203e-32
159.7387739  1.269489138e-17  -1.727543389e-32
159.9195339  1.256633027e-17  -1.710048566e-32
160  1.250956661e-17  -1.702324066e-32
160.0804661  1.24530877e-17  -1.694638316e-32
160.2612261  1.232724301e-17  -1.677513147e-32
160.5220751  1.214812414e-17  -1.653138332e-32
160.834721  1.193723701e-17  -1.624440436e-32
161.165279  1.171868147e-17  -1.59469901e-32
161.4779249  1.151605336e-17  -1.567125016e-32
161.7387739  1.1349972e-17  -1.544524369e-32
161.9195339  1.123644428e-17  -1.529075316e-32
162  1.118631326e-17  -1.522253397e-32
162.0804661  1.113643062e-17  -1.515465279e-32
162.2612261  1.102527237e-17  -1.500338666e-32
162.5220751  1.086703034e-17  -1.47880481e-32
162.834721  1.068068182e-17  -1.453446172e-32
163.165279  1.048750975e-17  -1.427158974e-32
163.4779249  1.030837145e-17  -1.402781514e-32
163.7387739  1.016151126e-17  -1.382796519e-32
163.9195339  1.006110574e-17  -1.369133157e-32
164  1.001676478e-17  -1.36309916e-32
164.0804661  9.972640844e-18  -1.357094697e-32
164.2612261  9.874305622e-18  -1.343713065e-32
164.5220751  9.734294962e-18  -1.324660166e-32
164.834721  9.569380659e-18  -1.302218334e-32
165.165279  9.398386717e-18  -1.278949174e-32
165.4779249  9.239777452e-18  -1.257365344e-32
165.7387739  9.109719682e-18  -1.239666851e-32
165.9195339  9.020787168e-18  -1.227564756e-32
166  8.981509126e-18  -1.222219731e-32
166.0804661  8.942421018e-18  -1.216900551e-32
166.2612261  8.85530037e-18  -1.205045019e-32
166.5220751  8.731237094e-18  -1.188162267e-32
166.834721  8.58507616e-18  -1.168272428e-32
167.165279  8.433491496e-18  -1.147644517e-32
167.4779249  8.292852974e-18  -1.128506177e-32
167.7387739  8.177507122e-18  -1.112809708e-32
167.9195339  8.098621962e-18  -1.102074876e-32
168  8.063778175e-18  -1.097333271e-32
168.0804661  8.029100878e-18  -1.092614323e-32
168.2612261  7.951803946e-18  -1.082095619e-32
168.5220751  7.841712674e-18  -1.067114203e-32
168.834721  7.711985892e-18  -1.049460752e-32
169.165279  7.577414499e-18  -1.031148037e-32
169.4779249  7.452532287e-18  -1.014153844e-32
169.7387739  7.350088392e-18  -1.000213097e-32
169.9195339  7.280016015e-18  -9.906775229e-33
170  7.249062021e-18  -9.864652483e-33
170.0804661  7.218254194e-18  -9.822728645e-33
170.2612261  7.149576182e-18  -9.729270385e-33
170.5220751  7.051745469e-18  -9.596140612e-33
170.834721  6.936443007e-18  -9.439234971e-33
171.165279  6.816807936e-18  -9.276433439e-33
171.4779249  6.705761955e-18  -9.125320093e-33
171.7387739  6.614650263e-18  -9.001333683e-33
171.9195339  6.552319744e-18  -8.916513205e-33
172  6.524783197e-18  -8.879040982e-33
172.0804661  6.497375172e-18  -8.841743655e-33
172.2612261  6.436270684e-18  -8.758591581e-33
172.5220751  6.349215241e-18  -8.640124986e-33
172.834721  6.246592432e-18  -8.500474043e-33
173.165279  6.140090272e-18  -8.355544011e-33
173.4779249  6.041212877e-18  -8.220989894e-33
173.7387739  5.96006969e-18  -8.110568801e-33
173.9195339  5.90455051e-18  -8.035017314e-33
174  5.880020948e-18  -8.001637051e-33
174.0804661  5.855604562e-18  -7.968410798e-33
174.2612261  5.801165005e-18  -7.894328481e-33
174.5220751  5.723593678e-18  -7.78876804e-33
174.834721  5.632133539e-18  -7.664307457e-33
175.165279  5.53719582e-18  -7.535114521e-33
175.4779249  5.44903624e-18  -7.415145397e-33
175.7387739  5.376674928e-18  -7.316674837e-33
175.9195339  5.327157247e-18  -7.249290296e-33
176  5.305277406e-18  -7.21951582e-33
176.0804661  5.28349737e-18  -7.189877159e-33
176.2612261  5.234931771e-18  -7.123788229e-33
176.5220751  5.165720351e-18  -7.029604097e-33
176.834721  5.084101742e-18  -6.918536043e-33
177.165279  4.999362133e-18  -6.803220877e-33
177.4779249  4.920656247e-18  -6.696116508e-33
177.7387739  4.856042614e-18  -6.608189127e-33
177.9195339  4.811820501e-18  -6.548010889e-33
178  4.792278922e-18  -6.521418361e-33
178.0804661  4.772825483e-18  -6.494945776e-33
178.2612261  4.729444171e-18  -6.435911716e-33
178.5220751  4.66761226e-18  -6.351769752e-33
178.834721  4.594682787e-18  -6.252526028e-33
179.165279  4.518949177e-18  -6.149466385e-33
179.4779249  4.448593778e-18  -6.053725507e-33
179.7387739  4.390825072e-18  -5.975112826e-33
179.9195339  4.351282214e-18  -5.921302201e-33
180  4.333806952e-18  -5.897521554e-33
180.0804661  4.316409636e-18  -5.873846976e-33
180.2612261  4.277610337e-18  -5.821048201e-33
180.5220751  4.222301632e-18  -5.745783132e-33
180.834721  4.157054545e-18  -5.656993735e-33
181.165279  4.089285234e-18  -5.564772052e-33
181.4779249  4.02631607e-18  -5.479082494e-33
181.7387739  3.97460308e-18  -5.408710538e-33
181.9195339  3.939200587e-18  -5.360534197e-33
182  3.923553836e-18  -5.339241818e-33
182.0804661  3.907976109e-18  -5.318043371e-33
182.2612261  3.873232073e-18  -5.27076307e-33
182.5220751  3.823697527e-18  -5.203355579e-33
182.834721  3.765251988e-18  -5.12382185e-33
183.165279  3.704535342e-18  -5.041197558e-33
183.4779249  3.648108358e-18  -4.964410715e-33
183.7387739  3.601760101e-18  -4.901339183e-33
183.9195339  3.570026081e-18  -4.858154964e-33
184  3.555999578e-18  -4.83906745e-33
184.0804661  3.542034282e-18  -4.820063226e-33
184.2612261  3.510884132e-18  -4.777673549e-33
184.5220751  3.466467552e-18  -4.717230677e-33
184.834721  3.414051754e-18  -4.645902327e-33
185.165279  3.359588793e-18  -4.571788161e-33
185.4779249  3.308964066e-18  -4.502897133e-33
185.7387739  3.267374681e-18  -4.446301559e-33
185.9195339  3.238895307e-18  -4.40754632e-33
186  3.226306402e-18  -4.390415114e-33
186.0804661  3.21377184e-18  -4.37335786e-33
186.2612261  3.185810872e-18  -4.335308077e-33
186.5220751  3.145936578e-18  -4.281046429e-33
186.834721  3.098873274e-18  -4.217001848e-33
187.165279  3.049962748e-18  -4.150443535e-33
187.4779249  3.004490712e-18  -4.08856438e-33
187.7387739  2.967128217e-18  -4.037720832e-33
187.9195339  2.941540068e-18  -4.002900023e-33
188  2.930228341e-18  -3.987506824e-33
188.0804661  2.918964926e-18  -3.972179369e-33
188.2612261  2.893837644e-18  -3.937985717e-33
188.5220751  2.857999876e-18  -3.889217045e-33
188.834721  2.815693956e-18  -3.831646396e-33
189.165279  2.771719525e-18  -3.771805209e-33
189.4779249  2.730829139e-18  -3.716160846e-33
189.7387739  2.697225769e-18  -3.670432781e-33
189.9195339  2.674209244e-18  -3.639111486e-33
190  2.664033608e-18  -3.625264298e-33
190.0804661  2.653900974e-18  -3.61147563e-33
190.2612261  2.631294675e-18  -3.580712577e-33
190.5220751  2.599048486e-18  -3.536831389e-33
190.834721  2.560976293e-18  -3.485022073e-33
191.165279  2.521395502e-18  -3.431159829e-33
191.4779249  2.48458407e-18  -3.381066178e-33
191.7387739  2.454327964e-18  -3.33989313e-33
191.9195339  2.433601619e-18  -3.311688352e-33
192  2.424437816e-18  -3.299218086e-33
192.0804661  2.415312338e-18  -3.286799973e-33
192.2612261  2.394951587e-18  -3.259092701e-33
192.5220751  2.365905001e-18  -3.21956559e-33
192.834721  2.331605132e-18  -3.172889719e-33
193.165279  2.29593991e-18  -3.124355851e-33
193.4779249  2.262764307e-18  -3.079209899e-33
193.7387739  2.235492341e-18  -3.042097724e-33
193.9195339  2.216808e-18  -3.01667174e-33
194  2.208546454e-18  -3.005429281e-33
194.0804661  2.200319103e-18  -2.994233357e-33
194.2612261  2.181960969e-18  -2.969251281e-33
194.5220751  2.155768215e-18  -2.933607716e-33
194.834721  2.124833581e-18  -2.891511316e-33
195.165279  2.092662046e-18  -2.847731719e-33
195.4779249  2.062731144e-18  -2.807001215e-33
195.7387739  2.038122748e-18  -2.773513672e-33
195.9195339  2.021261284e-18  -2.750568293e-33
196  2.013805236e-18  -2.740421969e-33
196.0804661  2.006379735e-18  -2.730317216e-33
196.2612261  1.989809674e-18  -2.707768383e-33
196.5220751  1.966165347e-18  -2.675592762e-33
196.834721  1.938236315e-18  -2.637586438e-33
197.165279  1.909185687e-18  -2.598053827e-33
197.4779249  1.882153813e-18  -2.561268373e-33
197.7387739  1.859925617e-18  -2.531019848e-33
197.9195339  1.844693307e-18  -2.51029145e-33
198  1.837957207e-18  -2.501124845e-33
198.0804661  1.831248427e-18  -2.491995418e-33
198.2612261  1.816276728e-18  -2.471621664e-33
198.5220751  1.79491073e-18  -2.442546434e-33
198.834721  1.769669186e-18  -2.408197292e-33
199.165279  1.743409659e-18  -2.37246286e-33
199.4779249  1.718970925e-18  -2.339206198e-33
199.7387739  1.69887213e-18  -2.3118554e-33
199.9195339  1.685097493e-18  -2.293110628e-33
200  1.679005609e-18  -2.284820684e-33
200.0804661  1.672938185e-18  -2.276564026e-33
200.2612261  1.659396883e-18  -2.258136781e-33
200.5220751  1.640070045e-18  -2.231836477e-33
200.834721  1.617234254e-18  -2.200761127e-33
201.165279  1.593473677e-18  -2.168427311e-33
201.4779249  1.571357069e-18  -2.138330638e-33
201.7387739  1.55316543e-18  -2.113575131e-33
201.9195339  1.540696486e-18  -2.096607171e-33
202  1.535181693e-18  -2.089102543e-33
202.0804661  1.529688824e-18  -2.081627749e-33
202.2612261  1.517429025e-18  -2.064944396e-33
202.5220751  1.499929308e-18  -2.04113047e-33
202.834721  1.479249448e-18  -2.012988949e-33
203.165279  1.457728714e-18  -1.983703152e-33
203.4779249  1.437693824e-18  -1.956439317e-33
203.7387739  1.421212159e-18  -1.934010774e-33
203.9195339  1.409914054e-18  -1.918636112e-33
204  1.404916784e-18  -1.911835739e-33
204.0804661  1.399939188e-18  -1.905062137e-33
204.2612261  1.388828746e-18  -1.88994285e-33
204.5220751  1.372967935e-18  -1.868359177e-33
204.834721  1.354222219e-18  -1.842849673e-33
205.165279  1.334711254e-18  -1.816298805e-33
205.4779249  1.31654457e-18  -1.791577259e-33
205.7387739  1.30159773e-18  -1.771237333e-33
205.9195339  1.29135066e-18  -1.757292938e-33
206  1.286817992e-18  -1.751124803e-33
206.0804661  1.282302995e-18  -1.744980714e-33
206.2612261  1.272224491e-18  -1.731265707e-33
206.5220751  1.257835326e-18  -1.711684676e-33
206.834721  1.240826624e-18  -1.688538932e-33
207.165279  1.223120896e-18  -1.664444662e-33
207.4779249  1.206632574e-18  -1.642007061e-33
207.7387739  1.193064799e-18  -1.623543791e-33
207.9195339  1.183762209e-18  -1.610884661e-33
208  1.17964707e-18  -1.605284706e-33
208.0804661  1.175547819e-18  -1.599706372e-33
208.2612261  1.166396799e-18  -1.587253502e-33
208.5220751  1.153330469e-18  -1.569472608e-33
208.834721  1.137883367e-18  -1.548451917e-33
209.165279  1.12180084e-18  -1.526566528e-33
209.4779249  1.106821888e-18  -1.506182904e-33
209.7387739  1.094494503e-18  -1.48940758e-33
209.9195339  1.086041515e-18  -1.477904604e-33
210  1.082301986e-18  -1.472815785e-33
210.0804661  1.078576757e-18  -1.467746428e-33
210.2612261  1.070260196e-18  -1.456429103e-33
210.5220751  1.058384154e-18  -1.440267975e-33
210.834721  1.044342386e-18  -1.421159687e-33
211.165279  1.029720867e-18  -1.401262464e-33
211.4779249  1.016100685e-18  -1.382727878e-33
211.7387739  1.00489009e-18  -1.367472301e-33
211.9195339  9.972021286e-19  -1.357010386e-33
212  9.9380084e-19  -1.352381852e-33
212.0804661  9.904124368e-19  -1.347770853e-33
212.2612261  9.828473936e-19  -1.337476208e-33
212.5220751  9.720434513e-19  -1.322774011e-33
212.834721  9.592676549e-19  -1.30538848e-33
213.165279  9.459624693e-19  -1.287282547e-33
213.4779249  9.335667026e-19  -1.270414167e-33
213.7387739  9.233626103e-19  -1.256528257e-33
213.9195339  9.163642016e-19  -1.247004698e-33
214  9.132678045e-19  -1.242791066e-33
214.0804661  9.101830284e-19  -1.238593248e-33
214.2612261  9.032954755e-19  -1.229220543e-33
214.5220751  8.934581301e-19  -1.215833709e-33
214.834721  8.81823884e-19  -1.20000162e-33
215.165279  8.697058467e-19  -1.183511179e-33
215.4779249  8.584145022e-19  -1.168145717e-33
215.7387739  8.491184016e-19  -1.155495418e-33
215.9195339  8.427421217e-19  -1.146818463e-33
216  8.399208215e-19  -1.142979187e-33
216.0804661  8.371100119e-19  -1.139154188e-33
216.2612261  8.308338055e-19  -1.130613414e-33
216.5220751  8.218687796e-19  -1.118413648e-33
216.834721  8.112648834e-19  -1.103983677e-33
217.165279  8.002185166e-19  -1.088951585e-33
217.4779249  7.899243161e-19  -1.074943054e-33
217.7387739  7.814481206e-19  -1.063408496e-33
217.9195339  7.756336741e-19  -1.055496094e-33
218  7.730608242e-19  -1.051994914e-33
218.0804661  7.704974534e-19  -1.048506634e-33
218.2612261  7.647734319e-19  -1.040717283e-33
218.5220751  7.565963907e-19  -1.02958982e-33
218.834721  7.469233567e-19  -1.016426584e-33
219.165279  7.368453286e-19  -1.002712224e-33
219.4779249  7.274522613e-19  -9.89929971e-34
219.7387739  7.197171248e-19  -9.794038597e-34
219.9195339  7.14410535e-19  -9.721825579e-34
220  7.120622799e-19  -9.689870106e-34
220.0804661  7.097225979e-19  -9.658031297e-34
220.2612261  7.044977905e-19  -9.58693119e-34
220.5220751  6.970332159e-19  -9.485351931e-34
220.834721  6.882019441e-19  -9.365174414e-34
221.165279  6.789996969e-19  -9.239948598e-34
221.4779249  6.70421749e-19  -9.123218358e-34
221.7387739  6.633570246e-19  -9.027080333e-34
221.9195339  6.585099228e-19  -8.961120109e-34
222  6.563648838e-19  -8.931930038e-34
222.0804661  6.542276057e-19  -8.902845577e-34
222.2612261  6.49454537e-19  -8.83789281e-34
222.5220751  6.426347375e-19  -8.745087765e-34
222.834721  6.345653509e-19  -8.635278117e-34
223.165279  6.261558945e-19  -8.52084074e-34
223.4779249  6.18315931e-19  -8.414153123e-34
223.7387739  6.118582557e-19  -8.32627593e-34
223.9195339  6.07427255e-19  -8.265978084e-34
224  6.054662545e-19  -8.23929244e-34
224.0804661  6.035122857e-19  -8.212702485e-34
224.2612261  5.991483631e-19  -8.153317451e-34
224.5220751  5.929126028e-19  -8.068460116e-34
224.834721  5.85533422e-19  -7.968042912e-34
225.165279  5.778422718e-19  -7.863380373e-34
225.4779249  5.706710524e-19  -7.765793143e-34
225.7387739  5.647635401e-19  -7.685402666e-34
225.9195339  5.607096847e-19  -7.630237081e-34
226  5.589155023e-19  -7.605821528e-34
226.0804661  5.571276966e-19  -7.58149275e-34
226.2612261  5.53134671e-19  -7.527154947e-34
226.5220751  5.47428402e-19  -7.449503025e-34
226.834721  5.406750417e-19  -7.357602097e-34
227.165279  5.336352821e-19  -7.261803797e-34
227.4779249  5.270705929e-19  -7.172470339e-34
227.7387739  5.216621236e-19  -7.098870927e-34
227.9195339  5.179504025e-19  -7.048361166e-34
228  5.163075607e-19  -7.026005084e-34
228.0804661  5.146705067e-19  -7.003727762e-34
228.2612261  5.110139966e-19  -6.953969322e-34
228.5220751  5.057881818e-19  -6.882855505e-34
228.834721  4.996027533e-19  -6.798683094e-34
229.165279  4.931542118e-19  -6.710930194e-34
229.4779249  4.871400997e-19  -6.629089089e-34
229.7387739  4.821846913e-19  -6.56165501e-34
229.9195339  4.787836093e-19  -6.515372481e-34
230  4.772781841e-19  -6.494886388e-34
230.0804661  4.757780165e-19  -6.47447184e-34
230.2612261  4.724270882e-19  -6.428871812e-34
230.5220751  4.676376029e-19  -6.363695645e-34
230.834721  4.619680101e-19  -6.286542817e-34
231.165279  4.56056527e-19  -6.206098304e-34
231.4779249  4.505426229e-19  -6.131064117e-34
231.7387739  4.459988767e-19  -6.069232011e-34
231.9195339  4.42880075e-19  -6.026790803e-34
232  4.414995282e-19  -6.008004077e-34
232.0804661  4.401237614e-19  -5.989282397e-34
232.2612261  4.370505572e-19  -5.947461688e-34
232.5220751  4.326576609e-19  -5.887682374e-34
232.834721  4.274569773e-19  -5.816910548e-34
233.165279  4.220337604e-19  -5.743110448e-34
233.4779249  4.169746803e-19  -5.674265585e-34
233.7387739  4.128052902e-19  -5.617527784e-34
233.9195339  4.099432109e-19  -5.5785801e-34
234  4.08676242e-19  -5.561338962e-34
234.0804661  4.074136224e-19  -5.544157009e-34
234.2612261  4.045930322e-19  -5.505773917e-34
234.5220751  4.005609002e-19  -5.450903947e-34
234.834721  3.957868183e-19  -5.385937392e-34
235.165279  3.908078714e-19  -5.318182997e-34
235.4779249  3.861626862e-19  -5.254970491e-34
235.7387739  3.823340039e-19  -5.202869102e-34
235.9195339  3.797055928e-19  -5.167101217e-34
236  3.785420076e-19  -5.151266943e-34
236.0804661  3.773823831e-19  -5.135486566e-34
236.2612261  3.747917532e-19  -5.100232814e-34
236.5220751  3.710880622e-19  -5.049832329e-34
236.834721  3.667024044e-19  -4.990151517e-34
237.165279  3.621280207e-19  -4.92790249e-34
237.4779249  3.578597867e-19  -4.869819603e-34
237.7387739  3.543414364e-19  -4.821941266e-34
237.9195339  3.519258793e-19  -4.789069937e-34
238  3.508564738e-19  -4.774517277e-34
238.0804661  3.497906778e-19  -4.760013735e-34
238.2612261  3.474095528e-19  -4.727610962e-34
238.5220751  3.440051132e-19  -4.681282743e-34
238.834721  3.399733989e-19  -4.626418458e-34
239.165279  3.357677116e-19  -4.569186717e-34
239.4779249  3.318430531e-19  -4.515779267e-34
239.7387739  3.286075894e-19  -4.471750502e-34
239.9195339  3.263860786e-19  -4.441519787e-34
240  3.254025354e-19  -4.428135557e-34
240.0804661  3.244222843e-19  -4.414796125e-34
240.2612261  3.222321774e-19  -4.384992762e-34
240.5220751  3.191006069e-19  -4.342377793e-34
240.834721  3.153916676e-19  -4.291905888e-34
241.165279  3.11522251e-19  -4.239250178e-34
241.4779249  3.079109904e-19  -4.190107502e-34
241.7387739  3.049335945e-19  -4.149590569e-34
241.9195339  3.028891204e-19  -4.121769003e-34
242  3.01983917e-19  -4.109450834e-34
242.0804661  3.010817185e-19  -4.097173556e-34
242.2612261  2.990659086e-19  -4.069742057e-34
242.5220751  2.961833417e-19  -4.030515574e-34
242.834721  2.927689795e-19  -3.984052325e-34
243.165279  2.892064938e-19  -3.935573387e-34
243.4779249  2.858813219e-19  -3.890323857e-34
243.7387739  2.831395316e-19  -3.853013087e-34
243.9195339  2.812566984e-19  -3.827391159e-34
244  2.804230256e-19  -3.816046391e-34
244.0804661  2.795920975e-19  -3.804738974e-34
244.2612261  2.777354475e-19  -3.779473349e-34
244.5220751  2.750802778e-19  -3.743341328e-34
244.834721  2.719349606e-19  -3.700539293e-34
245.165279  2.686528368e-19  -3.655875569e-34
245.4779249  2.6558902e-19  -3.614182605e-34
245.7387739  2.63062489e-19  -3.579801122e-34
245.9195339  2.6132735e-19  -3.556189042e-34
246  2.605590391e-19  -3.54573373e-34
246.0804661  2.597932372e-19  -3.535312562e-34
246.2612261  2.580820326e-19  -3.512026185e-34
246.5220751  2.55634683e-19  -3.478722216e-34
246.834721  2.527352739e-19  -3.439266543e-34
247.165279  2.497094322e-19  -3.39809035e-34
247.4779249  2.468845512e-19  -3.359648868e-34
247.7387739  2.44554835e-19  -3.327945676e-34
247.9195339  2.429547459e-19  -3.306171379e-34
248  2.42246204e-19  -3.296529415e-34
248.0804661  2.415399573e-19  -3.286918684e-34
248.2612261  2.399617629e-19  -3.265442334e-34
248.5220751  2.377044804e-19  -3.234724833e-34
248.834721  2.350299964e-19  -3.198329978e-34
249.165279  2.322385954e-19  -3.160344098e-34
249.4779249  2.296323127e-19  -3.124877339e-34
249.7387739  2.274826776e-19  -3.095624723e-34
249.9195339  2.260061658e-19  -3.075532087e-34
250  2.253523181e-19  -3.066634411e-34
250.0804661  2.247005715e-19  -3.057765327e-34
250.2612261  2.232441029e-19  -3.037945444e-34
250.5220751  2.211607762e-19  -3.009595164e-34
250.834721  2.186921719e-19  -2.976001958e-34
251.165279  2.161153856e-19  -2.940936591e-34
251.4779249  2.137092374e-19  -2.908193299e-34
251.7387739  2.117244897e-19  -2.881184499e-34
251.9195339  2.103611376e-19  -2.862631762e-34
252  2.097573757e-19  -2.854415662e-34
252.0804661  2.091555385e-19  -2.846225755e-34
252.2612261  2.078105477e-19  -2.827922881e-34
252.5220751  2.058865438e-19  -2.801740694e-34
252.834721  2.0360652e-19  -2.770713725e-34
253.165279  2.012263369e-19  -2.73832377e-34
253.4779249  1.990035478e-19  -2.708075661e-34
253.7387739  1.971698816e-19  -2.683122805e-34
253.9195339  1.959102225e-19  -2.66598114e-34
254  1.953523582e-19  -2.658389624e-34
254.0804661  1.947962585e-19  -2.650822119e-34
254.2612261  1.935534314e-19  -2.633909507e-34
254.5220751  1.9177545e-19  -2.60971442e-34
254.834721  1.896682809e-19  -2.581039689e-34
255.165279  1.874683263e-19  -2.551102315e-34
255.4779249  1.854136431e-19  -2.523141821e-34
255.7387739  1.837185039e-19  -2.500074066e-34
255.9195339  1.825539283e-19  -2.484226313e-34
256  1.820381528e-19  -2.47720755e-34
256.0804661  1.81523996e-19  -2.470210812e-34
256.2612261  1.803748611e-19  -2.45457318e-34
256.5220751  1.787308039e-19  -2.432200557e-34
256.834721  1.767821836e-19  -2.405683385e-34
257.165279  1.747475592e-19  -2.377995855e-34
257.4779249  1.728471026e-19  -2.352134104e-34
257.7387739  1.712790655e-19  -2.330795976e-34
257.9195339  1.702017378e-19  -2.31613551e-34
258  1.697245845e-19  -2.309642322e-34
258.0804661  1.69248917e-19  -2.303169355e-34
258.2612261  1.681857633e-19  -2.28870177e-34
258.5220751  1.666646173e-19  -2.268001744e-34
258.834721  1.648615216e-19  -2.243464898e-34
259.165279  1.629786627e-19  -2.217842619e-34
259.4779249  1.61219794e-19  -2.193907621e-34
259.7387739  1.597684542e-19  -2.174157531e-34
259.9195339  1.587712383e-19  -2.160587239e-34
260  1.583295495e-19  -2.15457666e-34
260.0804661  1.578892256e-19  -2.148584654e-34
260.2612261  1.569050293e-19  -2.135191536e-34
260.5220751  1.55496762e-19  -2.116027584e-34
260.834721  1.538273255e-19  -2.093309595e-34
261.165279  1.520838723e-19  -2.069584374e-34
261.4779249  1.504550743e-19  -2.047419402e-34
261.7387739  1.491109494e-19  -2.029128311e-34
261.9195339  1.481873408e-19  -2.016559681e-34
262  1.477782387e-19  -2.010992546e-34
262.0804661  1.47370391e-19  -2.005442483e-34
262.2612261  1.464587496e-19  -1.993036705e-34
262.5220751  1.451542153e-19  -1.97528437e-34
262.834721  1.436076199e-19  -1.954238025e-34
263.165279  1.419923026e-19  -1.9322565e-34
263.4779249  1.404830727e-19  -1.911718631e-34
263.7387739  1.392375147e-19  -1.894768855e-34
263.9195339  1.383815809e-19  -1.883121157e-34
264  1.380024403e-19  -1.877961743e-34
264.0804661  1.376244535e-19  -1.872818032e-34
264.2612261  1.367795266e-19  -1.861320117e-34
264.5220751  1.355703821e-19  -1.844865863e-34
264.834721  1.34136758e-19  -1.825356851e-34
265.165279  1.326392935e-19  -1.804979088e-34
265.4779249  1.312400473e-19  -1.785937897e-34
265.7387739  1.300851633e-19  -1.770222031e-34
265.9195339  1.292914898e-19  -1.759421581e-34
266  1.289399146e-19  -1.754637283e-34
266.0804661  1.285894013e-19  -1.749867435e-34
266.2612261  1.278058578e-19  -1.739204836e-34
266.5220751  1.266844864e-19  -1.723945014e-34
266.834721  1.253548226e-19  -1.705850713e-34
267.165279  1.239658214e-19  -1.686948938e-34
267.4779249  1.226678066e-19  -1.669285321e-34
267.7387739  1.215963885e-19  -1.654705274e-34
267.9195339  1.208600298e-19  -1.644684773e-34
268  1.205338314e-19  -1.640245808e-34
268.0804661  1.202086109e-19  -1.63582015e-34
268.2612261  1.194815809e-19  -1.625926597e-34
268.5220751  1.184410248e-19  -1.611766524e-34
268.834721  1.172070887e-19  -1.594974901e-34
269.165279  1.159179715e-19  -1.577432366e-34
269.4779249  1.147131901e-19  -1.561037486e-34
269.7387739  1.137186503e-19  -1.547503612e-34
269.9195339  1.130350862e-19  -1.538201551e-34
270  1.127322644e-19  -1.534080697e-34
270.0804661  1.124303436e-19  -1.529972106e-34
270.2612261  1.117553757e-19  -1.520787022e-34
270.5220751  1.107892743e-19  -1.507640142e-34
270.834721  1.096435393e-19  -1.492048777e-34
271.165279  1.084464619e-19  -1.475758735e-34
271.4779249  1.073276002e-19  -1.460533066e-34
271.7387739  1.064039143e-19  -1.447963384e-34
271.9195339  1.05769011e-19  -1.439323507e-34
272  1.05487736e-19  -1.435495867e-34
272.0804661  1.052072919e-19  -1.431679534e-34
272.2612261  1.045803145e-19  -1.423147513e-34
272.5220751  1.036828494e-19  -1.410934649e-34
272.834721  1.0261843e-19  -1.396449841e-34
273.165279  1.015062154e-19  -1.381314626e-34
273.4779249  1.004665813e-19  -1.3671671e-34
273.7387739  9.960823603e-20  -1.355486586e-34
273.9195339  9.901821013e-20  -1.347457408e-34
274  9.875680758e-20  -1.343900196e-34
274.0804661  9.849617158e-20  -1.340353415e-34
274.2612261  9.791345792e-20  -1.332423744e-34
274.5220751  9.707930336e-20  -1.32107242e-34
274.834721  9.60898963e-20  -1.307608393e-34
275.165279  9.505597349e-20  -1.293538588e-34
275.4779249  9.408943941e-20  -1.28038582e-34
275.7387739  9.329138642e-20  -1.269525773e-34
275.9195339  9.274277324e-20  -1.262060147e-34
276  9.24997096e-20  -1.258752494e-34
276.0804661  9.225735356e-20  -1.25545447e-34
276.2612261  9.171549043e-20  -1.2480807e-34
276.5220751  9.093976821e-20  -1.237524535e-34
276.834721  9.001959942e-20  -1.225002714e-34
277.165279  8.905794879e-20  -1.211916401e-34
277.4779249  8.815890051e-20  -1.199681992e-34
277.7387739  8.741651383e-20  -1.189579463e-34
277.9195339  8.690613843e-20  -1.182634183e-34
278  8.668000837e-20  -1.179556965e-34
278.0804661  8.645453189e-20  -1.176488641e-34
278.2612261  8.595039117e-20  -1.169628205e-34
278.5220751  8.522863028e-20  -1.159806354e-34
278.834721  8.43724072e-20  -1.148154718e-34
279.165279  8.347751043e-20  -1.135976804e-34
279.4779249  8.264080086e-20  -1.124590711e-34
279.7387739  8.194983908e-20  -1.11518798e-34
279.9195339  8.14747902e-20  -1.108723431e-34
280  8.126430506e-20  -1.105859112e-34
280.0804661  8.105442393e-20  -1.103003012e-34
280.2612261  8.058513699e-20  -1.096616872e-34
280.5220751  7.991323705e-20  -1.087473538e-34
280.834721  7.911610539e-20  -1.076626029e-34
281.165279  7.828290064e-20  -1.06528763e-34
281.4779249  7.750380796e-20  -1.054685599e-34
281.7387739  7.686037977e-20  -1.045929713e-34
281.9195339  7.64179863e-20  -1.039909544e-34
282  7.622196365e-20  -1.037242033e-34
282.0804661  7.602649953e-20  -1.034582123e-34
282.2612261  7.558943409e-20  -1.028634459e-34
282.5220751  7.496363226e-20  -1.020118436e-34
282.834721  7.422113697e-20  -1.010014428e-34
283.165279  7.344497825e-20  -9.994523223e-35
283.4779249  7.271916813e-20  -9.895753691e-35
283.7387739  7.211970123e-20  -9.814177168e-35
283.9195339  7.170751086e-20  -9.758085571e-35
284  7.152486511e-20  -9.733230812e-35
284.0804661  7.134273612e-20  -9.708446375e-35
284.2612261  7.093547528e-20  -9.653025596e-35
284.5220751  7.035231638e-20  -9.573668296e-35
284.834721  6.966036632e-20  -9.479506501e-35
285.165279  6.893698672e-20  -9.381067719e-35
285.4779249  6.82604781e-20  -9.289007223e-35
285.7387739  6.770169106e-20  -9.212966491e-35
285.9195339  6.731745103e-20  -9.160678423e-35
286  6.714718487e-20  -9.137508302e-35
286.0804661  6.697739708e-20  -9.114403278e-35
286.2612261  6.659772036e-20  -9.062736194e-35
286.5220751  6.605402982e-20  -8.988749819e-35
286.834721  6.540886576e-20  -8.900954747e-35
287.165279  6.473434418e-20  -8.809164651e-35
287.4779249  6.410347829e-20  -8.723315298e-35
287.7387739  6.358235511e-20  -8.652399929e-35
287.9195339  6.322399469e-20  -8.603633607e-35
288  6.306519138e-20  -8.582023371e-35
288.0804661  6.290683115e-20  -8.560473428e-35
288.2612261  6.255269731e-20  -8.512282266e-35
288.5220751  6.204555663e-20  -8.44326966e-35
288.834721  6.14437223e-20  -8.361370975e-35
289.165279  6.081445328e-20  -8.275738928e-35
289.4779249  6.022586556e-20  -8.195642864e-35
289.7387739  5.97396325e-20  -8.129475405e-35
289.9195339  5.940524723e-20  -8.083971663e-35
290  5.925706359e-20  -8.06380657e-35
290.0804661  5.910929055e-20  -8.043697351e-35
290.2612261  5.877882205e-20  -7.998726611e-35
290.5220751  5.830554657e-20  -7.934322442e-35
290.834721  5.774386237e-20  -7.857887457e-35
291.165279  5.715652876e-20  -7.777962055e-35
291.4779249  5.660712341e-20  -7.703197999e-35
291.7387739  5.61532281e-20  -7.641431117e-35
291.9195339  5.584106536e-20  -7.598951457e-35
292  5.570272542e-20  -7.580125912e-35
292.0804661  5.556476617e-20  -7.561352172e-35
292.2612261  5.525623501e-20  -7.519366703e-35
292.5220751  5.481435377e-20  -7.459234718e-35
292.834721  5.428989293e-20  -7.387865155e-35
293.165279  5.374144108e-20  -7.313230852e-35
293.4779249  5.322836796e-20  -7.24341095e-35
293.7387739  5.280446036e-20  -7.185724849e-35
293.9195339  5.251290638e-20  -7.146049666e-35
294  5.238369561e-20  -7.128466434e-35
294.0804661  5.225483799e-20  -7.110931261e-35
294.2612261  5.19666529e-20  -7.071714521e-35
294.5220751  5.155389031e-20  -7.015545054e-35
294.834721  5.106395728e-20  -6.948874096e-35
295.165279  5.055157451e-20  -6.879148138e-35
295.4779249  5.007220814e-20  -6.81391511e-35
295.7387739  4.967612329e-20  -6.760015179e-35
295.9195339  4.940369131e-20  -6.722942151e-35
296  4.928295138e-20  -6.706511647e-35
296.0804661  4.916253924e-20  -6.690125748e-35
296.2612261  4.889323404e-20  -6.653478218e-35
296.5220751  4.850749327e-20  -6.600985929e-35
296.834721  4.804960403e-20  -6.538675547e-35
297.165279  4.757069817e-20  -6.473505186e-35
297.4779249  4.71226187e-20  -6.412529735e-35
297.7387739  4.675236103e-20  -6.362144412e-35
297.9195339  4.649768052e-20  -6.327487036e-35
298  4.638480457e-20  -6.312126676e-35
298.0804661  4.6272233e-20  -6.296807737e-35
298.2612261  4.602045603e-20  -6.262545479e-35
298.5220751  4.565980389e-20  -6.213467295e-35
298.834721  4.523166811e-20  -6.155205816e-35
299.165279  4.478384889e-20  -6.094265781e-35
299.4779249  4.436482475e-20  -6.03724423e-35
299.7387739  4.401855381e-20  -5.990123066e-35
299.9195339  4.378036071e-20  -5.957709324e-35
300  4.367478899e-20  -5.943342937e-35
300.0804661  4.356950005e-20  -5.929015032e-35
300.2612261  4.333400452e-20  -5.89696838e-35
300.5220751  4.299665773e-20  -5.85106163e-35
300.834721  4.259616249e-20  -5.796561525e-35
301.165279  4.217722461e-20  -5.739551715e-35
301.4779249  4.178519674e-20  -5.686203864e-35
301.7387739  4.146121425e-20  -5.642115751e-35
301.9195339  4.123834204e-20  -5.611786905e-35
302  4.113955799e-20  -5.598344195e-35
302.0804661  4.104103679e-20  -5.584937255e-35
302.2612261  4.082067202e-20  -5.554949626e-35
302.5220751  4.050498467e-20  -5.51199033e-35
302.834721  4.01301797e-20  -5.460986204e-35
303.165279  3.973808745e-20  -5.407629593e-35
303.4779249  3.937115494e-20  -5.357696765e-35
303.7387739  3.906789293e-20  -5.316428331e-35
303.9195339  3.885926458e-20  -5.288037814e-35
304  3.876679122e-20  -5.275453875e-35
304.0804661  3.867456231e-20  -5.2629032e-35
304.2612261  3.846826579e-20  -5.234830004e-35
304.5220751  3.817271797e-20  -5.194611331e-35
304.834721  3.782180215e-20  -5.146858083e-35
305.165279  3.745467533e-20  -5.096898811e-35
305.4779249  3.711108237e-20  -5.050142071e-35
305.7387739  3.682709244e-20  -5.011496216e-35
305.9195339  3.663171297e-20  -4.984908631e-35
306  3.654510967e-20  -4.9731235e-35
306.0804661  3.64587338e-20  -4.961369318e-35
306.2612261  3.626552389e-20  -4.935076969e-35
306.5220751  3.59887113e-20  -4.897407821e-35
306.834721  3.56600204e-20  -4.852678977e-35
307.165279  3.531612154e-20  -4.80588061e-35
307.4779249  3.499424549e-20  -4.762079145e-35
307.7387739  3.472818898e-20  -4.725873702e-35
307.9195339  3.454513876e-20  -4.700963903e-35
308  3.446399823e-20  -4.689922155e-35
308.0804661  3.438306941e-20  -4.678909217e-35
308.2612261  3.420203871e-20  -4.654274237e-35
308.5220751  3.39426632e-20  -4.618977957e-35
308.834721  3.363465864e-20  -4.577064149e-35
309.165279  3.331238138e-20  -4.533208086e-35
309.4779249  3.301072188e-20  -4.492157725e-35
309.7387739  3.276136094e-20  -4.458224245e-35
309.9195339  3.258978953e-20  -4.434876503e-35
310  3.251373512e-20  -4.424526883e-35
310.0804661  3.243787787e-20  -4.414204093e-35
310.2612261  3.226818719e-20  -4.391112284e-35
310.5220751  3.202504812e-20  -4.358025487e-35
310.834721  3.173630681e-20  -4.318733056e-35
311.165279  3.14341652e-20  -4.277617089e-35
311.4779249  3.115133425e-20  -4.239128951e-35
311.7387739  3.091752366e-20  -4.207311589e-35
311.9195339  3.075664421e-20  -4.185418828e-35
312  3.068532742e-20  -4.175713913e-35
312.0804661  3.061419432e-20  -4.166033994e-35
312.2612261  3.045506717e-20  -4.144379688e-35
312.5220751  3.022705351e-20  -4.113351184e-35
312.834721  2.995625848e-20  -4.076500914e-35
313.165279  2.967287728e-20  -4.037937898e-35
313.4779249  2.940759022e-20  -4.001837162e-35
313.7387739  2.91882699e-20  -3.971991663e-35
313.9195339  2.903735405e-20  -3.951454766e-35
314  2.897045227e-20  -3.942350653e-35
314.0804661  2.890372171e-20  -3.93326984e-35
314.2612261  2.875443921e-20  -3.912955212e-35
314.5220751  2.854052237e-20  -3.883845028e-35
314.834721  2.828645427e-20  -3.849270989e-35
315.165279  2.802056009e-20  -3.813087636e-35
315.4779249  2.777162725e-20  -3.779212412e-35
315.7387739  2.756581549e-20  -3.751205183e-35
315.9195339  2.742418866e-20  -3.731932352e-35
316  2.73614031e-20  -3.723388381e-35
316.0804661  2.72987772e-20  -3.714866138e-35
316.2612261  2.715867354e-20  -3.695800582e-35
316.5220751  2.695790075e-20  -3.668479064e-35
316.834721  2.671943005e-20  -3.636027547e-35
317.165279  2.646984318e-20  -3.602063323e-35
317.4779249  2.623616238e-20  -3.570263624e-35
317.7387739  2.604294958e-20  -3.543970883e-35
317.9195339  2.590998672e-20  -3.525877059e-35
318  2.58510405e-20  -3.517855553e-35
318.0804661  2.579224324e-20  -3.509854318e-35
318.2612261  2.566070142e-20  -3.491953873e-35
318.5220751  2.547218973e-20  -3.466300867e-35
318.834721  2.52482696e-20  -3.435829417e-35
319.165279  2.501389665e-20  -3.403935529e-35
319.4779249  2.479444624e-20  -3.374072327e-35
319.7387739  2.46129892e-20  -3.349379331e-35
319.9195339  2.448811084e-20  -3.332385661e-35
320  2.443274728e-20  -3.324851691e-35
320.0804661  2.437752277e-20  -3.317336641e-35
320.2612261  2.425397075e-20  -3.300523463e-35
320.5220751  2.407690153e-20  -3.276427569e-35
320.834721  2.386656132e-20  -3.247804098e-35
321.165279  2.364638836e-20  -3.217842571e-35
321.4779249  2.34402209e-20  -3.189786936e-35
321.7387739  2.326973761e-20  -3.166587267e-35
321.9195339  2.315240632e-20  -3.150620616e-35
322  2.310038737e-20  -3.143541785e-35
322.0804661  2.304849825e-20  -3.13648062e-35
322.2612261  2.293240544e-20  -3.120682505e-35
322.5220751  2.276601932e-20  -3.098040386e-35
322.834721  2.256835857e-20  -3.07114236e-35
323.165279  2.236144497e-20  -3.042985189e-35
323.4779249  2.21676814e-20  -3.016617499e-35
323.7387739  2.200744626e-20  -2.994812416e-35
323.9195339  2.189716335e-20  -2.979804921e-35
324  2.184826808e-20  -2.973151166e-35
324.0804661  2.179949409e-20  -2.966513914e-35
324.2612261  2.169036812e-20  -2.951663858e-35
324.5220751  2.153396037e-20  -2.930379613e-35
324.834721  2.134814339e-20  -2.905093309e-35
325.165279  2.115361606e-20  -2.878621684e-35
325.4779249  2.097144043e-20  -2.853830899e-35
325.7387739  2.082077986e-20  -2.833328741e-35
325.9195339  2.071708236e-20  -2.819217402e-35
326  2.067110568e-20  -2.812960813e-35
326.0804661  2.062524234e-20  -2.806719648e-35
326.2612261  2.052262606e-20  -2.792755442e-35
326.5220751  2.037554237e-20  -2.772740032e-35
326.834721  2.020079319e-20  -2.748959854e-35
327.165279  2.001784139e-20  -2.724063447e-35
327.4779249  1.984649592e-20  -2.700746452e-35
327.7387739  1.970478436e-20  -2.68146209e-35
327.9195339  1.96072423e-20  -2.668188393e-35
328  1.956399371e-20  -2.662303048e-35
328.0804661  1.952085109e-20  -2.656432123e-35
328.2612261  1.942431989e-20  -2.643295986e-35
328.5220751  1.928595247e-20  -2.624466702e-35
328.834721  1.912155025e-20  -2.602094556e-35
329.165279  1.894942079e-20  -2.578670873e-35
329.4779249  1.878820147e-20  -2.556731861e-35
329.7387739  1.865485766e-20  -2.538586198e-35
329.9195339  1.856307149e-20  -2.526095773e-35
330  1.852237399e-20  -2.520557585e-35
330.0804661  1.84817756e-20  -2.515032884e-35
330.2612261  1.839093491e-20  -2.502671121e-35
330.5220751  1.826071894e-20  -2.4849511e-35
330.834721  1.810599376e-20  -2.463895822e-35
331.165279  1.794398659e-20  -2.441849599e-35
331.4779249  1.779223903e-20  -2.42119952e-35
331.7387739  1.766672267e-20  -2.404119032e-35
331.9195339  1.758032098e-20  -2.392361336e-35
332  1.754201001e-20  -2.387147911e-35
332.0804661  1.750379178e-20  -2.381947107e-35
332.2612261  1.741827477e-20  -2.3703098e-35
332.5220751  1.729568512e-20  -2.353627582e-35
332.834721  1.715001408e-20  -2.333804408e-35
333.165279  1.699747827e-20  -2.313047064e-35
333.4779249  1.685459393e-20  -2.293603109e-35
333.7387739  1.673640256e-20  -2.277519417e-35
333.9195339  1.665503993e-20  -2.266447445e-35
334  1.661896245e-20  -2.261537958e-35
334.0804661  1.658297179e-20  -2.256640284e-35
334.2612261  1.650243727e-20  -2.245681004e-35
334.5220751  1.638698549e-20  -2.229970121e-35
334.834721  1.624978919e-20  -2.211300205e-35
335.165279  1.610611921e-20  -2.191749338e-35
335.4779249  1.597153197e-20  -2.173434467e-35
335.7387739  1.58601981e-20  -2.158283956e-35
335.9195339  1.578355313e-20  -2.147853972e-35
336  1.574956675e-20  -2.143229045e-35
336.0804661  1.571566166e-20  -2.13861518e-35
336.2612261  1.563979217e-20  -2.128290726e-35
336.5220751  1.553102376e-20  -2.113489327e-35
336.834721  1.540176301e-20  -2.095899294e-35
337.165279  1.52663953e-20  -2.077478216e-35
337.4779249  1.513957825e-20  -2.060220726e-35
337.7387739  1.503466676e-20  -2.045944184e-35
337.9195339  1.496244029e-20  -2.036115478e-35
338  1.493041246e-20  -2.031757073e-35
338.0804661  1.489846077e-20  -2.027409031e-35
338.2612261  1.482696078e-20  -2.017679185e-35
338.5220751  1.472445262e-20  -2.003729692e-35
338.834721  1.460262544e-20  -1.987151232e-35
339.165279  1.44750353e-20  -1.96978854e-35
339.4779249  1.435549783e-20  -1.953521668e-35
339.7387739  1.425660353e-20  -1.940063956e-35
339.9195339  1.418851699e-20  -1.930798619e-35
340  1.415832426e-20  -1.926689938e-35
340.0804661  1.41282029e-20  -1.92259097e-35
340.2612261  1.406079718e-20  -1.91341828e-35
340.5220751  1.39641552e-20  -1.900267067e-35
340.834721  1.384929404e-20  -1.884636557e-35
341.165279  1.372899276e-20  -1.868265744e-35
341.4779249  1.361627784e-20  -1.852927298e-35
341.7387739  1.352302329e-20  -1.840237052e-35
341.9195339  1.345881714e-20  -1.831499766e-35
342  1.343034452e-20  -1.82762516e-35
342.0804661  1.34019388e-20  -1.82375966e-35
342.2612261  1.333837095e-20  -1.815109233e-35
342.5220751  1.324722798e-20  -1.802706337e-35
342.834721  1.31388972e-20  -1.787964492e-35
343.165279  1.302542935e-20  -1.772523585e-35
343.4779249  1.29191111e-20  -1.758055608e-35
343.7387739  1.283114452e-20  -1.746084959e-35
343.9195339  1.277057688e-20  -1.737842808e-35
344  1.274371718e-20  -1.734187692e-35
344.0804661  1.271692024e-20  -1.730541116e-35
344.2612261  1.265695124e-20  -1.722380428e-35
344.5220751  1.257096506e-20  -1.710679275e-35
344.834721  1.246875857e-20  -1.696770835e-35
345.165279  1.23616996e-20  -1.68220206e-35
345.4779249  1.226138096e-20  -1.668550521e-35
345.7387739  1.217837438e-20  -1.657254838e-35
345.9195339  1.212121973e-20  -1.649477131e-35
346  1.209587301e-20  -1.646027905e-35
346.0804661  1.207058517e-20  -1.642586691e-35
346.2612261  1.201399218e-20  -1.634885416e-35
346.5220751  1.193284365e-20  -1.62384258e-35
346.834721  1.183638276e-20  -1.61071601e-35
347.165279  1.173533673e-20  -1.596965487e-35
347.4779249  1.164064738e-20  -1.584079992e-35
347.7387739  1.156229489e-20  -1.573417646e-35
347.9195339  1.150834286e-20  -1.566075758e-35
348  1.148441591e-20  -1.562819736e-35
348.0804661  1.146054423e-20  -1.559571235e-35
348.2612261  1.140711935e-20  -1.552301082e-35
348.5220751  1.133051077e-20  -1.541876051e-35
348.834721  1.123944217e-20  -1.529483274e-35
349.165279  1.114403968e-20  -1.516500734e-35
349.4779249  1.10546341e-20  -1.504334263e-35
349.7387739  1.098065027e-20  -1.494266412e-35
349.9195339  1.092970456e-20  -1.48733363e-35
350  1.090711039e-20  -1.484258975e-35
350.0804661  1.08845681e-20  -1.48119138e-35
350.2612261  1.083411734e-20  -1.474325951e-35
350.5220751  1.076177089e-20  -1.464480916e-35
350.834721  1.067576485e-20  -1.452777062e-35
351.165279  1.058566112e-20  -1.440515586e-35
351.4779249  1.050121678e-20  -1.429024251e-35
351.7387739  1.043133517e-20  -1.419514636e-35
351.9195339  1.038321254e-20  -1.412966023e-35
352  1.036186993e-20  -1.410061684e-35
352.0804661  1.034057606e-20  -1.407163976e-35
352.2612261  1.029291831e-20  -1.400678624e-35
352.5220751  1.022457458e-20  -1.391378288e-35
352.834721  1.014332326e-20  -1.380321463e-35
353.165279  1.005819635e-20  -1.368737242e-35
353.4779249  9.978412104e-21  -1.35788006e-35
353.7387739  9.912383879e-21  -1.348894822e-35
353.9195339  9.866913201e-21  -1.342707091e-35
354  9.846746325e-21  -1.339962747e-35
354.0804661  9.826625237e-21  -1.337224634e-35
354.2612261  9.781591345e-21  -1.331096342e-35
354.5220751  9.717008092e-21  -1.322307738e-35
354.834721  9.640223931e-21  -1.311858812e-35
355.165279  9.559773129e-21  -1.300910924e-35
355.4779249  9.484367649e-21  -1.290649612e-35
355.7387739  9.421960373e-21  -1.282157119e-35
355.9195339  9.37898177e-21  -1.276308515e-35
356  9.359919769e-21  -1.273714524e-35
356.0804661  9.340900805e-21  -1.271126389e-35
356.2612261  9.298332742e-21  -1.265333652e-35
356.5220751  9.237283608e-21  -1.257025977e-35
356.834721  9.16469793e-21  -1.247148389e-35
357.165279  9.088642238e-21  -1.236798595e-35
357.4779249  9.017352621e-21  -1.227097377e-35
357.7387739  8.958349061e-21  -1.219068068e-35
357.9195339  8.917713118e-21  -1.213538256e-35
358  8.89968977e-21  -1.211085607e-35
358.0804661  8.881706887e-21  -1.208638465e-35
358.2612261  8.841456948e-21  -1.203161181e-35
358.5220751  8.783730362e-21  -1.195305645e-35
358.834721  8.715092021e-21  -1.185965217e-35
359.165279  8.643168758e-21  -1.176177772e-35
359.4779249  8.575749228e-21  -1.167003202e-35
359.7387739  8.519946294e-21  -1.15940944e-35
359.9195339  8.481513313e-21  -1.154179411e-35
360  8.464466703e-21  -1.151859678e-35
360.0804661  8.447458154e-21  -1.149545125e-35
360.2612261  8.409388231e-21  -1.144364502e-35
360.5220751  8.354786365e-21  -1.136934183e-35
360.834721  8.289860513e-21  -1.128098958e-35
361.165279  8.221824034e-21  -1.118840433e-35
361.4779249  8.158044741e-21  -1.110161233e-35
361.7387739  8.105252488e-21  -1.102977169e-35
361.9195339  8.068891809e-21  -1.098029144e-35
362  8.052764028e-21  -1.095834446e-35
362.0804661  8.036672056e-21  -1.093644622e-35
362.2612261  8.000652972e-21  -1.088743081e-35
362.5220751  7.948990777e-21  -1.081712798e-35
362.834721  7.887557727e-21  -1.073352879e-35
363.165279  7.82317823e-21  -1.064592003e-35
363.4779249  7.762824134e-21  -1.05637891e-35
363.7387739  7.71286485e-21  -1.049580362e-35
363.9195339  7.678454223e-21  -1.044897703e-35
364  7.663191085e-21  -1.042820668e-35
364.0804661  7.64796165e-21  -1.040748219e-35
364.2612261  7.61387253e-21  -1.036109311e-35
364.5220751  7.564976849e-21  -1.0294555e-35
364.834721  7.506831021e-21  -1.021542912e-35
365.165279  7.445893446e-21  -1.013250419e-35
365.4779249  7.38876329e-21  -1.005476045e-35
365.7387739  7.341470644e-21  -9.990403781e-36
365.9195339  7.308895645e-21  -9.946075143e-36
366  7.294446432e-21  -9.926412396e-36
366.0804661  7.280028951e-21  -9.906792832e-36
366.2612261  7.247756652e-21  -9.862876114e-36
366.5220751  7.201465394e-21  -9.799882147e-36
366.834721  7.146414335e-21  -9.724967688e-36
367.165279  7.088717346e-21  -9.646452599e-36
367.4779249  7.034622707e-21  -9.572839652e-36
367.7387739  6.989840965e-21  -9.511899861e-36
367.9195339  6.958994454e-21  -9.46992338e-36
368  6.945311676e-21  -9.451303613e-36
368.0804661  6.931658784e-21  -9.432724515e-36
368.2612261  6.901097361e-21  -9.391135987e-36
368.5220751  6.857258742e-21  -9.331479615e-36
368.834721  6.805122227e-21  -9.260531318e-36
369.165279  6.750477267e-21  -9.186169485e-36
369.4779249  6.699241669e-21  -9.116447173e-36
369.7387739  6.656824966e-21  -9.058725769e-36
369.9195339  6.627606589e-21  -9.018964882e-36
370  6.614645764e-21  -9.001327561e-36
370.0804661  6.601713095e-21  -8.983728555e-36
370.2612261  6.572763305e-21  -8.944333167e-36
370.5220751  6.531235139e-21  -8.887820899e-36
370.834721  6.481844332e-21  -8.820609011e-36
371.165279  6.430074749e-21  -8.750160043e-36
371.4779249  6.381532853e-21  -8.684103367e-36
371.7387739  6.341344519e-21  -8.629414368e-36
371.9195339  6.313660245e-21  -8.591741115e-36
372  6.301379691e-21  -8.575029519e-36
372.0804661  6.289125672e-21  -8.558354033e-36
372.2612261  6.261694522e-21  -8.521025235e-36
372.5220751  6.222343567e-21  -8.467475756e-36
372.834721  6.175540244e-21  -8.403784962e-36
373.165279  6.126480484e-21  -8.337023568e-36
373.4779249  6.080477323e-21  -8.274421649e-36
373.7387739  6.04238926e-21  -8.222590735e-36
373.9195339  6.016150951e-21  -8.186885178e-36
374  6.004511598e-21  -8.171046141e-36
374.0804661  5.992897261e-21  -8.155241144e-36
374.2612261  5.966897578e-21  -8.119860313e-36
374.5220751  5.929598932e-21  -8.069103652e-36
374.834721  5.885234766e-21  -8.008732106e-36
375.165279  5.838729616e-21  -7.945447071e-36
375.4779249  5.795119901e-21  -7.886102195e-36
375.7387739  5.759012e-21  -7.836965922e-36
375.9195339  5.734137014e-21  -7.803115599e-36
376  5.723102228e-21  -7.788099266e-36
376.0804661  5.712091032e-21  -7.773115035e-36
376.2612261  5.687441075e-21  -7.739570935e-36
376.5220751  5.652077611e-21  -7.691447705e-36
376.834721  5.610013501e-21  -7.634206115e-36
377.165279  5.565917398e-21  -7.574199355e-36
377.4779249  5.524564862e-21  -7.517926088e-36
377.7387739  5.490324471e-21  -7.471331155e-36
377.9195339  5.46673529e-21  -7.439230579e-36
378  5.456270708e-21  -7.42499019e-36
378.0804661  5.445828379e-21  -7.410780082e-36
378.2612261  5.422451471e-21  -7.378968371e-36
378.5220751  5.388913318e-21  -7.333329055e-36
378.834721  5.349018772e-21  -7.279039847e-36
379.165279  5.307195154e-21  -7.222125525e-36
379.4779249  5.267971949e-21  -7.168749891e-36
379.7387739  5.235493369e-21  -7.124552462e-36
379.9195339  5.213117262e-21  -7.094102657e-36
380  5.20319064e-21  -7.080594333e-36
380.0804661  5.193285015e-21  -7.067114583e-36
380.2612261  5.171109209e-21  -7.036937352e-36
380.5220751  5.139293264e-21  -6.993641648e-36
380.834721  5.101445825e-21  -6.942138181e-36
381.165279  5.061766533e-21  -6.888141894e-36
381.4779249  5.024552672e-21  -6.83750061e-36
381.7387739  4.993736698e-21  -6.795565685e-36
381.9195339  4.972505395e-21  -6.76667375e-36
382  4.963086468e-21  -6.753856307e-36
382.0804661  4.953687361e-21  -6.741065835e-36
382.2612261  4.932645121e-21  -6.712431181e-36
382.5220751  4.902454603e-21  -6.671347387e-36
382.834721  4.866539316e-21  -6.622473227e-36
383.165279  4.828884033e-21  -6.571231247e-36
383.4779249  4.793566866e-21  -6.523171018e-36
383.7387739  4.764320355e-21  -6.483371846e-36
383.9195339  4.744169758e-21  -6.455950556e-36
384  4.73523011e-21  -6.443785324e-36
384.0804661  4.726309175e-21  -6.431645557e-36
384.2612261  4.706337088e-21  -6.404467186e-36
384.5220751  4.677681118e-21  -6.365471633e-36
384.834721  4.643590034e-21  -6.31907988e-36
385.165279  4.607845771e-21  -6.270438451e-36
385.4779249  4.574319502e-21  -6.224815308e-36
385.7387739  4.546554976e-21  -6.187032847e-36
385.9195339  4.527424883e-21  -6.161000276e-36
386  4.518937823e-21  -6.149450934e-36
386.0804661  4.510468437e-21  -6.137925643e-36
386.2612261  4.491506939e-21  -6.112122499e-36
386.5220751  4.464300153e-21  -6.075099022e-36
386.834721  4.431931869e-21  -6.031051686e-36
387.165279  4.397992483e-21  -5.984866366e-36
387.4779249  4.366157723e-21  -5.941545058e-36
387.7387739  4.339792994e-21  -5.905667465e-36
387.9195339  4.321626841e-21  -5.880946642e-36
388  4.313567292e-21  -5.869979065e-36
388.0804661  4.305524441e-21  -5.85903421e-36
388.2612261  4.287517566e-21  -5.834530135e-36
388.5220751  4.261679756e-21  -5.799369583e-36
388.834721  4.230938987e-21  -5.757536998e-36
389.165279  4.198704735e-21  -5.713672054e-36
389.4779249  4.16846808e-21  -5.672525476e-36
389.7387739  4.143425908e-21  -5.638447644e-36
389.9195339  4.126170536e-21  -5.614966226e-36
390  4.118514929e-21  -5.604548341e-36
390.0804661  4.110875102e-21  -5.594151929e-36
390.2612261  4.09377025e-21  -5.570875342e-36
390.5220751  4.069226024e-21  -5.537475123e-36
390.834721  4.040023205e-21  -5.497735408e-36
391.165279  4.009400326e-21  -5.456063249e-36
391.4779249  3.980673971e-21  -5.416971914e-36
391.7387739  3.956881743e-21  -5.384595027e-36
391.9195339  3.940487174e-21  -5.362285006e-36
392  3.933213351e-21  -5.352386659e-36
392.0804661  3.925954444e-21  -5.342508609e-36
392.2612261  3.909702159e-21  -5.320392211e-36
392.5220751  3.886380634e-21  -5.288655865e-36
392.834721  3.858631551e-21  -5.250894419e-36
393.165279  3.829531879e-21  -5.211295069e-36
393.4779249  3.802233256e-21  -5.174146617e-36
393.7387739  3.779622686e-21  -5.143377752e-36
393.9195339  3.764041919e-21  -5.122175166e-36
394  3.757129041e-21  -5.112767999e-36
394.0804661  3.750230267e-21  -5.103380024e-36
394.2612261  3.734784037e-21  -5.082360521e-36
394.5220751  3.712618544e-21  -5.052197323e-36
394.834721  3.686243988e-21  -5.016306358e-36
395.165279  3.658584596e-21  -4.978666967e-36
395.4779249  3.632636036e-21  -4.943355705e-36
395.7387739  3.611142888e-21  -4.914107447e-36
395.9195339  3.596331707e-21  -4.893952129e-36
396  3.58976017e-21  -4.885009463e-36
396.0804661  3.583201972e-21  -4.876084951e-36
396.2612261  3.56851804e-21  -4.856102796e-36
396.5220751  3.547445857e-21  -4.827427395e-36
396.834721  3.522371304e-21  -4.793305496e-36
397.165279  3.496074165e-21  -4.757519883e-36
397.4779249  3.471402587e-21  -4.72394636e-36
397.7387739  3.450966415e-21  -4.696136454e-36
397.9195339  3.436883213e-21  -4.676971782e-36
398  3.430634567e-21  -4.668468513e-36
398.0804661  3.424398541e-21  -4.659982419e-36
398.2612261  3.410435729e-21  -4.640981576e-36
398.5220751  3.390397828e-21  -4.613713644e-36
398.834721  3.366553139e-21  -4.581265368e-36
399.165279  3.341544815e-21  -4.547233596e-36
399.4779249  3.318081431e-21  -4.515304205e-36
399.7387739  3.298645338e-21  -4.488855225e-36
399.9195339  3.28525095e-21  -4.470627903e-36
