#L=8 M=5
#R     Re(V)   Im(V)

0.08046609183  8.820618298e-16  6.212609237e-16
0.2612261349  -2.990747838e-12  2.990781283e-12
0.5220750502  -7.639529027e-10  7.63952881e-10
0.8347210423  -3.285970983e-08  3.285970982e-08
1.165278958  -4.792235007e-07  4.792235011e-07
1.47792495  -3.251507869e-06  3.251507869e-06
1.738773865  -1.209065494e-05  1.209065495e-05
1.919533908  -2.69378103e-05  2.69378103e-05
2  -3.758676071e-05  3.758676071e-05
2.080466092  -5.177599054e-05  5.177599054e-05
2.261226135  -0.0001019426813  0.0001019426813
2.52207505  -0.0002482237933  0.0002482237933
2.834721042  -0.0006452496963  0.0006452496963
3.165278958  -0.001593268702  0.001593268702
3.47792495  -0.003451218077  0.003451218077
3.738773865  -0.006246258813  0.006246258813
3.919533908  -0.009195186568  0.009195186568
4  -0.01085733304  0.01085733304
4.080466092  -0.00902578778  0.00902578778
4.261226135  -0.006019185045  0.006019185045
4.52207505  -0.003427583234  0.003427583234
4.834721042  -0.001795259041  0.001795259041
5.165278958  -0.0009307532441  0.0009307532441
5.47792495  -0.000509891265  0.000509891265
5.738773865  -0.0003119236231  0.0003119236231
5.919533908  -0.0002227805622  0.0002227805622
6  -0.0001919218657  0.0001919218657
6.080466092  -0.0001653892076  0.0001653892076
6.261226135  -0.0001184719275  0.0001184719275
6.52207505  -7.315324945e-05  7.315324945e-05
6.834721042  -4.076447282e-05  4.076447282e-05
7.165278958  -2.154203582e-05  2.154203582e-05
7.47792495  -1.135888827e-05  1.135888827e-05
7.738773865  -6.32744993e-06  6.32744993e-06
7.919533908  -4.018381115e-06  4.018381115e-06
8  -3.217159206e-06  3.217159206e-06
8.080466092  -2.529959026e-06  2.529959026e-06
8.261226135  -1.327592169e-06  1.327592169e-06
8.52207505  -2.101553989e-07  2.101553989e-07
8.834721042  5.09334934e-07  -5.09334934e-07
9.165278958  8.426759921e-07  -8.426759921e-07
9.47792495  9.368091721e-07  -9.368091721e-07
9.738773865  9.266038229e-07  -9.266038229e-07
9.919533908  8.92895959e-07  -8.92895959e-07
10  8.734384049e-07  -8.734384049e-07
10.08046609  8.520141504e-07  -8.520141504e-07
10.26122613  7.989261376e-07  -7.989261376e-07
10.52207505  7.164115332e-07  -7.164115332e-07
10.83472104  6.175514225e-07  -6.175514225e-07
11.16527896  5.203314155e-07  -5.203314155e-07
11.47792495  4.385244835e-07  -4.385244835e-07
11.73877387  3.784710049e-07  -3.784710049e-07
11.91953391  3.411596832e-07  -3.411596832e-07
12  3.256409923e-07  -3.256409923e-07
12.08046609  3.107716663e-07  -3.107716663e-07
12.26122613  2.796443868e-07  -2.796443868e-07
12.52207505  2.399068867e-07  -2.399068867e-07
12.83472104  1.994853332e-07  -1.994853332e-07
13.16527896  1.641023316e-07  -1.641023316e-07
13.47792495  1.36493144e-07  -1.36493144e-07
13.73877387  1.171267015e-07  -1.171267015e-07
13.91953391  1.053937967e-07  -1.053937967e-07
14  1.005709173e-07  -1.005709173e-07
14.08046609  9.597804954e-08  -9.597804954e-08
14.26122613  8.644344722e-08  -8.644344722e-08
14.52207505  7.440300027e-08  -7.440300027e-08
14.83472104  6.226538527e-08  -6.226538527e-08
15.16527896  5.169067172e-08  -5.169067172e-08
15.47792495  4.344125015e-08  -4.344125015e-08
15.73877387  3.763867674e-08  -3.763867674e-08
15.91953391  3.411026523e-08  -3.411026523e-08
16  3.265592342e-08  -3.265592342e-08
16.08046609  3.126836417e-08  -3.126836417e-08
16.26122613  2.837842313e-08  -2.837842313e-08
16.52207505  2.470634108e-08  -2.470634108e-08
16.83472104  2.097081397e-08  -2.097081397e-08
17.16527896  1.767900917e-08  -1.767900917e-08
17.47792495  1.507897966e-08  -1.507897966e-08
17.73877387  1.322852295e-08  -1.322852295e-08
17.91953391  1.209266925e-08  -1.209266925e-08
18  1.162182263e-08  -1.162182263e-08
18.08046609  1.117101767e-08  -1.117101767e-08
18.26122613  1.022673817e-08  -1.022673817e-08
18.52207505  9.015116776e-09  -9.015116776e-09
18.83472104  7.766563134e-09  -7.766563134e-09
19.16527896  6.650061355e-09  -6.650061355e-09
19.47792495  5.755041702e-09  -5.755041702e-09
19.73877387  5.109551434e-09  -5.109551434e-09
19.91953391  4.709266981e-09  -4.709266981e-09
20  4.542332015e-09  -4.542332015e-09
20.08046609  4.381913638e-09  -4.381913638e-09
20.26122613  4.043903082e-09  -4.043903082e-09
20.52207505  3.605857377e-09  -3.605857377e-09
20.83472104  3.148619132e-09  -3.148619132e-09
21.16527896  2.733853583e-09  -2.733853583e-09
21.47792495  2.396632326e-09  -2.396632326e-09
21.73877387  2.150380683e-09  -2.150380683e-09
21.91953391  1.996219609e-09  -1.996219609e-09
22  1.93156967e-09  -1.93156967e-09
22.08046609  1.869233364e-09  -1.869233364e-09
22.26122613  1.737176036e-09  -1.737176036e-09
22.52207505  1.564480289e-09  -1.564480289e-09
22.83472104  1.382115686e-09  -1.382115686e-09
23.16527896  1.214561961e-09  -1.214561961e-09
23.47792495  1.076613471e-09  -1.076613471e-09
23.73877387  9.747654691e-10  -9.747654691e-10
23.91953391  9.104723249e-10  -9.104723249e-10
24  8.83378285e-10  -8.83378285e-10
24.08046609  8.571765471e-10  -8.571765471e-10
24.26122613  8.014062587e-10  -8.014062587e-10
24.52207505  7.278952997e-10  -7.278952996e-10
24.83472104  6.494811944e-10  -6.494811944e-10
25.16527896  5.766314286e-10  -5.766314287e-10
25.47792495  5.159981567e-10  -5.159981567e-10
25.73877387  4.708051677e-10  -4.708051677e-10
25.91953391  4.42070523e-10  -4.42070523e-10
26  4.299103296e-10  -4.299103295e-10
26.08046609  4.181205822e-10  -4.181205821e-10
26.26122613  3.929236091e-10  -3.929236091e-10
26.52207505  3.594842668e-10  -3.594842668e-10
26.83472104  3.235026335e-10  -3.235026335e-10
27.16527896  2.897527862e-10  -2.897527862e-10
27.47792495  2.613981063e-10  -2.613981063e-10
27.73877387  2.400901433e-10  -2.400901433e-10
27.91953391  2.264578017e-10  -2.264578017e-10
28  2.206677782e-10  -2.206677782e-10
28.08046609  2.150417638e-10  -2.150417638e-10
28.26122613  2.029754343e-10  -2.029754343e-10
28.52207505  1.86867371e-10  -1.86867371e-10
28.83472104  1.694036603e-10  -1.694036603e-10
29.16527896  1.528868874e-10  -1.528868874e-10
29.47792495  1.388973399e-10  -1.3889734e-10
29.73877387  1.283095633e-10  -1.283095633e-10
29.91953391  1.214991958e-10  -1.214991958e-10
30  1.185975264e-10  -1.185975264e-10
30.08046609  1.157726495e-10  -1.157726495e-10
30.26122613  1.096954317e-10  -1.096954317e-10
30.52207505  1.015408934e-10  -1.015408935e-10
30.83472104  9.264191345e-11  -9.264191342e-11
31.16527896  8.41644655e-11  -8.416446552e-11
31.47792495  7.693309975e-11  -7.693309975e-11
31.73877387  7.142609224e-11  -7.142609223e-11
31.91953391  6.786711486e-11  -6.786711488e-11
32  6.634657025e-11  -6.634657024e-11
32.08046609  6.486378393e-11  -6.486378394e-11
32.26122613  6.166525456e-11  -6.166525459e-11
32.52207505  5.735406214e-11  -5.735406214e-11
32.83472104  5.262213811e-11  -5.262213811e-11
33.16527896  4.808566477e-11  -4.808566478e-11
33.47792495  4.419180783e-11  -4.419180784e-11
33.73877387  4.121021841e-11  -4.121021842e-11
33.91953391  3.927531756e-11  -3.927531756e-11
34  3.844663553e-11  -3.844663554e-11
34.08046609  3.763733533e-11  -3.76373353e-11
34.26122613  3.588744148e-11  -3.588744148e-11
34.52207505  3.351942748e-11  -3.351942749e-11
34.83472104  3.090705345e-11  -3.090705343e-11
35.16527896  2.83884738e-11  -2.838847378e-11
35.47792495  2.621469191e-11  -2.621469191e-11
35.73877387  2.454210569e-11  -2.454210568e-11
35.91953391  2.345267728e-11  -2.345267731e-11
36  2.298508722e-11  -2.298508721e-11
36.08046609  2.252783264e-11  -2.252783265e-11
36.26122613  2.153705415e-11  -2.153705414e-11
36.52207505  2.019155051e-11  -2.01915505e-11
36.83472104  1.870045644e-11  -1.870045647e-11
37.16527896  1.725568098e-11  -1.725568098e-11
37.47792495  1.600253708e-11  -1.600253708e-11
37.73877387  1.503414052e-11  -1.503414054e-11
37.91953391  1.440130222e-11  -1.440130221e-11
38  1.412915892e-11  -1.412915891e-11
38.08046609  1.386271776e-11  -1.386271777e-11
38.26122613  1.328430164e-11  -1.328430165e-11
38.52207505  1.249630519e-11  -1.249630518e-11
38.83472104  1.161948745e-11  -1.161948745e-11
39.16527896  1.076608149e-11  -1.076608149e-11
39.47792495  1.002258682e-11  -1.002258681e-11
39.73877387  9.445794991e-12  -9.445794991e-12
39.91953391  9.067749722e-12  -9.067749722e-12
40  8.904894136e-12  -8.904894138e-12
40.08046609  8.745281908e-12  -8.745281908e-12
40.26122613  8.39819028e-12  -8.39819028e-12
40.52207505  7.923984073e-12  -7.923984073e-12
40.83472104  7.394389871e-12  -7.394389871e-12
41.16527896  6.876843138e-12  -6.876843138e-12
41.47792495  6.424147294e-12  -6.424147294e-12
41.73877387  6.071716717e-12  -6.071716717e-12
41.91953391  5.84010528e-12  -5.84010528e-12
42  5.740174162e-12  -5.740174162e-12
42.08046609  5.642139367e-12  -5.642139367e-12
42.26122613  5.428625025e-12  -5.428625025e-12
42.52207505  5.136161086e-12  -5.136161086e-12
42.83472104  4.80845102e-12  -4.80845102e-12
43.16527896  4.48701701e-12  -4.48701701e-12
43.47792495  4.204839334e-12  -4.204839334e-12
43.73877387  3.984457923e-12  -3.984457923e-12
43.91953391  3.839274638e-12  -3.839274638e-12
44  3.776544397e-12  -3.776544397e-12
44.08046609  3.714950929e-12  -3.714950929e-12
44.26122613  3.580615743e-12  -3.580615743e-12
44.52207505  3.396175358e-12  -3.396175358e-12
44.83472104  3.188881899e-12  -3.188881899e-12
45.16527896  2.984876801e-12  -2.984876801e-12
45.47792495  2.805194103e-12  -2.805194103e-12
45.73877387  2.664452729e-12  -2.664452729e-12
45.91953391  2.571529092e-12  -2.571529092e-12
46  2.531326688e-12  -2.531326688e-12
46.08046609  2.491821416e-12  -2.491821416e-12
46.26122613  2.405550223e-12  -2.405550223e-12
46.52207505  2.286846345e-12  -2.286846345e-12
46.83472104  2.153065503e-12  -2.153065503e-12
47.16527896  2.021003271e-12  -2.021003271e-12
47.47792495  1.904333979e-12  -1.904333979e-12
47.73877387  1.812705867e-12  -1.812705867e-12
47.91953391  1.752085987e-12  -1.752085987e-12
48  1.725828143e-12  -1.725828143e-12
48.08046609  1.700006811e-12  -1.700006811e-12
48.26122613  1.643552267e-12  -1.643552267e-12
48.52207505  1.56572107e-12  -1.56572107e-12
48.83472104  1.477781692e-12  -1.477781692e-12
49.16527896  1.39072773e-12  -1.39072773e-12
49.47792495  1.313606793e-12  -1.313606793e-12
49.73877387  1.252890186e-12  -1.252890186e-12
49.91953391  1.212645857e-12  -1.212645857e-12
50  1.19519466e-12  -1.19519466e-12
50.08046609  1.178022061e-12  -1.178022061e-12
50.26122613  1.140436139e-12  -1.140436139e-12
50.52207505  1.088524143e-12  -1.088524143e-12
50.83472104  1.029733118e-12  -1.029733118e-12
51.16527896  9.713831516e-13  -9.713831516e-13
51.47792495  9.195585601e-13  -9.195585601e-13
51.73877387  8.786653328e-13  -8.786653328e-13
51.91953391  8.515136564e-13  -8.515136564e-13
52  8.397279144e-13  -8.397279144e-13
52.08046609  8.281231445e-13  -8.281231445e-13
52.26122613  8.026982756e-13  -8.026982756e-13
52.52207505  7.675237087e-13  -7.675237087e-13
52.83472104  7.276020502e-13  -7.276020502e-13
53.16527896  6.878849542e-13  -6.878849542e-13
53.47792495  6.525259028e-13  -6.525259028e-13
53.73877387  6.245668149e-13  -6.245668149e-13
53.91953391  6.05973341e-13  -6.05973341e-13
54  5.978948941e-13  -5.978948941e-13
54.08046609  5.89935933e-13  -5.89935933e-13
54.26122613  5.724825507e-13  -5.724825507e-13
54.52207505  5.482988018e-13  -5.482988018e-13
54.83472104  5.207963562e-13  -5.207963562e-13
55.16527896  4.933740637e-13  -4.933740637e-13
55.47792495  4.689070956e-13  -4.689070956e-13
55.73877387  4.495230696e-13  -4.495230696e-13
55.91953391  4.366131352e-13  -4.366131352e-13
56  4.309991761e-13  -4.309991761e-13
56.08046609  4.254653071e-13  -4.254653071e-13
56.26122613  4.133195502e-13  -4.133195502e-13
56.52207505  3.964658699e-13  -3.964658699e-13
56.83472104  3.772637598e-13  -3.772637598e-13
57.16527896  3.580780823e-13  -3.580780823e-13
57.47792495  3.409250825e-13  -3.409250825e-13
57.73877387  3.27311052e-13  -3.27311052e-13
57.91953391  3.182314942e-13  -3.182314942e-13
58  3.142799975e-13  -3.142799975e-13
58.08046609  3.103829432e-13  -3.103829432e-13
58.26122613  3.018228392e-13  -3.018228392e-13
58.52207505  2.899287161e-13  -2.899287161e-13
58.83472104  2.763537711e-13  -2.763537711e-13
59.16527896  2.627643449e-13  -2.627643449e-13
59.47792495  2.505915405e-13  -2.505915405e-13
59.73877387  2.409139468e-13  -2.409139468e-13
59.91953391  2.344514077e-13  -2.344514077e-13
60  2.316367322e-13  -2.316367322e-13
60.08046609  2.288595525e-13  -2.288595525e-13
60.26122613  2.22754767e-13  -2.22754767e-13
60.52207505  2.142616254e-13  -2.142616254e-13
60.83472104  2.045525956e-13  -2.045525956e-13
61.16527896  1.948157371e-13  -1.948157371e-13
61.47792495  1.86078364e-13  -1.86078364e-13
61.73877387  1.791210729e-13  -1.791210729e-13
61.91953391  1.744695238e-13  -1.744695238e-13
62  1.724421693e-13  -1.724421693e-13
62.08046609  1.704409566e-13  -1.704409566e-13
62.26122613  1.660388285e-13  -1.660388285e-13
62.52207505  1.599072786e-13  -1.599072786e-13
62.83472104  1.528873175e-13  -1.528873175e-13
63.16527896  1.458353865e-13  -1.458353865e-13
63.47792495  1.394967821e-13  -1.394967821e-13
63.73877387  1.344421163e-13  -1.344421163e-13
63.91953391  1.310588303e-13  -1.310588303e-13
64  1.295832647e-13  -1.295832647e-13
64.08046609  1.28126135e-13  -1.28126135e-13
64.26122613  1.24918745e-13  -1.24918745e-13
64.52207505  1.204463792e-13  -1.204463792e-13
64.83472104  1.153187334e-13  -1.153187334e-13
65.16527896  1.101596011e-13  -1.101596011e-13
65.47792495  1.055150752e-13  -1.055150752e-13
65.73877387  1.018062141e-13  -1.018062141e-13
65.91953391  9.93211024e-14  -9.93211024e-14
66  9.823658647e-14  -9.823658647e-14
66.08046609  9.716521251e-14  -9.716521251e-14
66.26122613  9.480548637e-14  -9.480548637e-14
66.52207505  9.151169343e-14  -9.151169343e-14
66.83472104  8.773026185e-14  -8.773026185e-14
67.16527896  8.391996179e-14  -8.391996179e-14
67.47792495  8.048467838e-14  -8.048467838e-14
67.73877387  7.773788162e-14  -7.773788162e-14
67.91953391  7.589556713e-14  -7.589556713e-14
68  7.509110041e-14  -7.509110041e-14
68.08046609  7.429609706e-14  -7.429609706e-14
68.26122613  7.254407012e-14  -7.254407012e-14
68.52207505  7.009614386e-14  -7.009614386e-14
68.83472104  6.728227571e-14  -6.728227571e-14
69.16527896  6.444296102e-14  -6.444296102e-14
69.47792495  6.187954766e-14  -6.187954766e-14
69.73877387  5.982737062e-14  -5.982737062e-14
69.91953391  5.844965631e-14  -5.844965631e-14
70  5.784773019e-14  -5.784773019e-14
70.08046609  5.725268369e-14  -5.725268369e-14
70.26122613  5.594060553e-14  -5.594060553e-14
70.52207505  5.410569002e-14  -5.410569002e-14
70.83472104  5.199397149e-14  -5.199397149e-14
71.16527896  4.986034491e-14  -4.986034491e-14
71.47792495  4.793152618e-14  -4.793152618e-14
71.73877387  4.638559553e-14  -4.638559553e-14
71.91953391  4.534682713e-14  -4.534682713e-14
72  4.489275055e-14  -4.489275055e-14
72.08046609  4.444372041e-14  -4.444372041e-14
72.26122613  4.3453098e-14  -4.3453098e-14
72.52207505  4.206652966e-14  -4.206652966e-14
72.83472104  4.046900551e-14  -4.046900551e-14
73.16527896  3.885289533e-14  -3.885289533e-14
73.47792495  3.739010931e-14  -3.739010931e-14
73.73877387  3.621641653e-14  -3.621641653e-14
73.91953391  3.542710827e-14  -3.542710827e-14
74  3.508190801e-14  -3.508190801e-14
74.08046609  3.474044106e-14  -3.474044106e-14
74.26122613  3.398675042e-14  -3.398675042e-14
74.52207505  3.293094776e-14  -3.293094776e-14
74.83472104  3.171322334e-14  -3.171322334e-14
75.16527896  3.047987775e-14  -3.047987775e-14
75.47792495  2.936223534e-14  -2.936223534e-14
75.73877387  2.846454543e-14  -2.846454543e-14
75.91953391  2.78603703e-14  -2.78603703e-14
76  2.759601374e-14  -2.759601374e-14
76.08046609  2.733444133e-14  -2.733444133e-14
76.26122613  2.675682822e-14  -2.675682822e-14
76.52207505  2.594705297e-14  -2.594705297e-14
76.83472104  2.501214936e-14  -2.501214936e-14
77.16527896  2.406419334e-14  -2.406419334e-14
77.47792495  2.32042137e-14  -2.32042137e-14
77.73877387  2.251279958e-14  -2.251279958e-14
77.91953391  2.20471049e-14  -2.20471049e-14
78  2.184325012e-14  -2.184325012e-14
78.08046609  2.164148753e-14  -2.164148753e-14
78.26122613  2.119575314e-14  -2.119575314e-14
78.52207505  2.057040167e-14  -2.057040167e-14
78.83472104  1.984773104e-14  -1.984773104e-14
79.16527896  1.911419292e-14  -1.911419292e-14
79.47792495  1.844803037e-14  -1.844803037e-14
79.73877387  1.791194321e-14  -1.791194321e-14
79.91953391  1.755060942e-14  -1.755060942e-14
80  1.739237137e-14  -1.739237137e-14
80.08046609  1.723571694e-14  -1.723571694e-14
80.26122613  1.688949142e-14  -1.688949142e-14
80.52207505  1.640340697e-14  -1.640340697e-14
80.83472104  1.584116756e-14  -1.584116756e-14
81.16527896  1.526989717e-14  -1.526989717e-14
81.47792495  1.475057815e-14  -1.475057815e-14
81.73877387  1.43322909e-14  -1.43322909e-14
81.91953391  1.405016515e-14  -1.405016515e-14
82  1.392656503e-14  -1.392656503e-14
82.08046609  1.380417187e-14  -1.380417187e-14
82.26122613  1.353356073e-14  -1.353356073e-14
82.52207505  1.315338171e-14  -1.315338171e-14
82.83472104  1.271326081e-14  -1.271326081e-14
83.16527896  1.22656409e-14  -1.22656409e-14
83.47792495  1.185833943e-14  -1.185833943e-14
83.73877387  1.152999995e-14  -1.152999995e-14
83.91953391  1.130839878e-14  -1.130839878e-14
84  1.121127766e-14  -1.121127766e-14
84.08046609  1.111508245e-14  -1.111508245e-14
84.26122613  1.090231466e-14  -1.090231466e-14
84.52207505  1.060320914e-14  -1.060320914e-14
84.83472104  1.025665997e-14  -1.025665997e-14
85.16527896  9.90388351e-15  -9.90388351e-15
85.47792495  9.58259087e-15  -9.58259087e-15
85.73877387  9.323377457e-15  -9.323377457e-15
85.91953391  9.148322608e-15  -9.148322608e-15
86  9.071573462e-15  -9.071573462e-15
86.08046609  8.995539072e-15  -8.995539072e-15
86.26122613  8.827303119e-15  -8.827303119e-15
86.52207505  8.590656307e-15  -8.590656307e-15
86.83472104  8.316258149e-15  -8.316258149e-15
87.16527896  8.036685319e-15  -8.036685319e-15
87.47792495  7.781842364e-15  -7.781842364e-15
87.73877387  7.576081444e-15  -7.576081444e-15
87.91953391  7.437042945e-15  -7.437042945e-15
88  7.376063276e-15  -7.376063276e-15
88.08046609  7.315638656e-15  -7.315638656e-15
88.26122613  7.181895394e-15  -7.181895394e-15
88.52207505  6.993658337e-15  -6.993658337e-15
88.83472104  6.775229281e-15  -6.775229281e-15
89.16527896  6.552495471e-15  -6.552495471e-15
89.47792495  6.349295608e-15  -6.349295608e-15
89.73877387  6.185111046e-15  -6.185111046e-15
89.91953391  6.074104498e-15  -6.074104498e-15
90  6.025402982e-15  -6.025402982e-15
90.08046609  5.977134951e-15  -5.977134951e-15
90.26122613  5.870263876e-15  -5.870263876e-15
90.52207505  5.719764868e-15  -5.719764868e-15
90.83472104  5.545001934e-15  -5.545001934e-15
91.16527896  5.366652763e-15  -5.366652763e-15
91.47792495  5.203816106e-15  -5.203816106e-15
91.73877387  5.072152488e-15  -5.072152488e-15
91.91953391  4.983085757e-15  -4.983085757e-15
92  4.943997437e-15  -4.943997437e-15
92.08046609  4.905249505e-15  -4.905249505e-15
92.26122613  4.819430092e-15  -4.819430092e-15
92.52207505  4.698512682e-15  -4.698512682e-15
92.83472104  4.558004528e-15  -4.558004528e-15
93.16527896  4.414503698e-15  -4.414503698e-15
93.47792495  4.283385024e-15  -4.283385024e-15
93.73877387  4.177296158e-15  -4.177296158e-15
93.91953391  4.105493087e-15  -4.105493087e-15
94  4.073971632e-15  -4.073971632e-15
94.08046609  4.042718857e-15  -4.042718857e-15
94.26122613  3.973478988e-15  -3.973478988e-15
94.52207505  3.875872289e-15  -3.875872289e-15
94.83472104  3.762377283e-15  -3.762377283e-15
95.16527896  3.646380272e-15  -3.646380272e-15
95.47792495  3.540315259e-15  -3.540315259e-15
95.73877387  3.454442219e-15  -3.454442219e-15
95.91953391  3.396292961e-15  -3.396292961e-15
96  3.370758091e-15  -3.370758091e-15
96.08046609  3.345436357e-15  -3.345436357e-15
96.26122613  3.289320411e-15  -3.289320411e-15
96.52207505  3.21017593e-15  -3.21017593e-15
96.83472104  3.118090606e-15  -3.118090606e-15
97.16527896  3.02390934e-15  -3.02390934e-15
97.47792495  2.937732193e-15  -2.937732193e-15
97.73877387  2.867917834e-15  -2.867917834e-15
97.91953391  2.820620414e-15  -2.820620414e-15
98  2.79984508e-15  -2.79984508e-15
98.08046609  2.779239631e-15  -2.779239631e-15
98.26122613  2.733562897e-15  -2.733562897e-15
98.52207505  2.669111586e-15  -2.669111586e-15
98.83472104  2.594076716e-15  -2.594076716e-15
99.16527896  2.517282414e-15  -2.517282414e-15
99.47792495  2.446967634e-15  -2.446967634e-15
99.73877387  2.38997005e-15  -2.38997005e-15
99.91953391  2.351338134e-15  -2.351338134e-15
100  2.33436457e-15  -2.33436457e-15
100.0804661  2.317527038e-15  -2.317527038e-15
100.2612261  2.280192851e-15  -2.280192851e-15
100.5220751  2.227489562e-15  -2.227489562e-15
100.834721  2.16609636e-15  -2.16609636e-15
101.165279  2.103223048e-15  -2.103223048e-15
101.4779249  2.045617736e-15  -2.045617736e-15
101.7387739  1.998895956e-15  -1.998895956e-15
101.9195339  1.96721498e-15  -1.96721498e-15
102  1.953291846e-15  -1.953291846e-15
102.0804661  1.939478118e-15  -1.939478118e-15
102.2612261  1.908840855e-15  -1.908840855e-15
102.5220751  1.865572767e-15  -1.865572767e-15
102.834721  1.815142453e-15  -1.815142453e-15
103.165279  1.763464297e-15  -1.763464297e-15
103.4779249  1.716086925e-15  -1.716086925e-15
103.7387739  1.677639673e-15  -1.677639673e-15
103.9195339  1.651558537e-15  -1.651558537e-15
104  1.640093583e-15  -1.640093583e-15
104.0804661  1.628716992e-15  -1.628716992e-15
104.2612261  1.603478831e-15  -1.603478831e-15
104.5220751  1.567820993e-15  -1.567820993e-15
104.834721  1.526238441e-15  -1.526238441e-15
105.165279  1.483601554e-15  -1.483601554e-15
105.4779249  1.444489823e-15  -1.444489823e-15
105.7387739  1.412733528e-15  -1.412733528e-15
105.9195339  1.39118259e-15  -1.39118259e-15
106  1.381706802e-15  -1.381706802e-15
106.0804661  1.372302675e-15  -1.372302675e-15
106.2612261  1.351435358e-15  -1.351435358e-15
106.5220751  1.32194115e-15  -1.32194115e-15
106.834721  1.287528644e-15  -1.287528644e-15
107.165279  1.252223339e-15  -1.252223339e-15
107.4779249  1.219818529e-15  -1.219818529e-15
107.7387739  1.193494508e-15  -1.193494508e-15
107.9195339  1.175623162e-15  -1.175623162e-15
108  1.167763465e-15  -1.167763465e-15
108.0804661  1.159962109e-15  -1.159962109e-15
108.2612261  1.142647332e-15  -1.142647332e-15
108.5220751  1.118164962e-15  -1.118164962e-15
108.834721  1.089585881e-15  -1.089585881e-15
109.165279  1.060249126e-15  -1.060249126e-15
109.4779249  1.033307707e-15  -1.033307707e-15
109.7387739  1.011411185e-15  -1.011411185e-15
109.9195339  9.965401008e-16  -9.965401008e-16
110  9.899984545e-16  -9.899984545e-16
110.0804661  9.835044864e-16  -9.835044864e-16
110.2612261  9.690882419e-16  -9.690882419e-16
110.5220751  9.486967467e-16  -9.486967467e-16
110.834721  9.248817078e-16  -9.248817078e-16
111.165279  9.004222616e-16  -9.004222616e-16
111.4779249  8.779480076e-16  -8.779480076e-16
111.7387739  8.596735605e-16  -8.596735605e-16
111.9195339  8.472579397e-16  -8.472579397e-16
112  8.417952658e-16  -8.417952658e-16
112.0804661  8.363716978e-16  -8.363716978e-16
112.2612261  8.243291372e-16  -8.243291372e-16
112.5220751  8.072891033e-16  -8.072891033e-16
112.834721  7.873790353e-16  -7.873790353e-16
113.165279  7.669197079e-16  -7.669197079e-16
113.4779249  7.481112947e-16  -7.481112947e-16
113.7387739  7.328107032e-16  -7.328107032e-16
113.9195339  7.224118949e-16  -7.224118949e-16
114  7.178356467e-16  -7.178356467e-16
114.0804661  7.13291586e-16  -7.13291586e-16
114.2612261  7.031998374e-16  -7.031998374e-16
114.5220751  6.889152628e-16  -6.889152628e-16
114.834721  6.722173312e-16  -6.722173312e-16
115.165279  6.550502368e-16  -6.550502368e-16
115.4779249  6.392606043e-16  -6.392606043e-16
115.7387739  6.264101537e-16  -6.264101537e-16
115.9195339  6.176736103e-16  -6.176736103e-16
116  6.1382812e-16  -6.1382812e-16
116.0804661  6.100092126e-16  -6.100092126e-16
116.2612261  6.015262623e-16  -6.015262623e-16
116.5220751  5.895149086e-16  -5.895149086e-16
116.834721  5.754682259e-16  -5.754682259e-16
117.165279  5.610199501e-16  -5.610199501e-16
117.4779249  5.477246437e-16  -5.477246437e-16
117.7387739  5.368996296e-16  -5.368996296e-16
117.9195339  5.295377159e-16  -5.295377159e-16
118  5.262966641e-16  -5.262966641e-16
118.0804661  5.230776384e-16  -5.230776384e-16
118.2612261  5.159258471e-16  -5.159258471e-16
118.5220751  5.057960875e-16  -5.057960875e-16
118.834721  4.939449205e-16  -4.939449205e-16
119.165279  4.817492833e-16  -4.817492833e-16
119.4779249  4.705216823e-16  -4.705216823e-16
119.7387739  4.613764504e-16  -4.613764504e-16
119.9195339  4.551549772e-16  -4.551549772e-16
120  4.524154926e-16  -4.524154926e-16
120.0804661  4.496943162e-16  -4.496943162e-16
120.2612261  4.436474976e-16  -4.436474976e-16
120.5220751  4.350801599e-16  -4.350801599e-16
120.834721  4.250529051e-16  -4.250529051e-16
121.165279  4.147295728e-16  -4.147295728e-16
121.4779249  4.052214252e-16  -4.052214252e-16
121.7387739  3.974736779e-16  -3.974736779e-16
121.9195339  3.922013097e-16  -3.922013097e-16
122  3.898793263e-16  -3.898793263e-16
122.0804661  3.875726074e-16  -3.875726074e-16
122.2612261  3.82445857e-16  -3.82445857e-16
122.5220751  3.751799246e-16  -3.751799246e-16
122.834721  3.666725409e-16  -3.666725409e-16
123.165279  3.579101623e-16  -3.579101623e-16
123.4779249  3.498362268e-16  -3.498362268e-16
123.7387739  3.432546338e-16  -3.432546338e-16
123.9195339  3.387745224e-16  -3.387745224e-16
124  3.368011119e-16  -3.368011119e-16
124.0804661  3.348404658e-16  -3.348404658e-16
124.2612261  3.304821225e-16  -3.304821225e-16
124.5220751  3.243034286e-16  -3.243034286e-16
124.834721  3.170663309e-16  -3.170663309e-16
125.165279  3.096091866e-16  -3.096091866e-16
125.4779249  3.027350673e-16  -3.027350673e-16
125.7387739  2.971294463e-16  -2.971294463e-16
125.9195339  2.933125974e-16  -2.933125974e-16
126  2.916310604e-16  -2.916310604e-16
126.0804661  2.899602278e-16  -2.899602278e-16
126.2612261  2.862454952e-16  -2.862454952e-16
126.5220751  2.809777489e-16  -2.809777489e-16
126.834721  2.748053987e-16  -2.748053987e-16
127.165279  2.684427927e-16  -2.684427927e-16
127.4779249  2.625752655e-16  -2.625752655e-16
127.7387739  2.577887702e-16  -2.577887702e-16
127.9195339  2.545287637e-16  -2.545287637e-16
128  2.530923138e-16  -2.530923138e-16
128.0804661  2.516648657e-16  -2.516648657e-16
128.2612261  2.48490733e-16  -2.48490733e-16
128.5220751  2.439883688e-16  -2.439883688e-16
128.834721  2.387109769e-16  -2.387109769e-16
129.165279  2.332687741e-16  -2.332687741e-16
129.4779249  2.282480664e-16  -2.282480664e-16
129.7387739  2.241509482e-16  -2.241509482e-16
129.9195339  2.213597208e-16  -2.213597208e-16
130  2.201296344e-16  -2.201296344e-16
130.0804661  2.189071383e-16  -2.189071383e-16
130.2612261  2.1618832e-16  -2.1618832e-16
130.5220751  2.123307806e-16  -2.123307806e-16
130.834721  2.078076677e-16  -2.078076677e-16
131.165279  2.031415201e-16  -2.031415201e-16
131.4779249  1.988351275e-16  -1.988351275e-16
131.7387739  1.953197366e-16  -1.953197366e-16
131.9195339  1.929242005e-16  -1.929242005e-16
132  1.918683329e-16  -1.918683329e-16
132.0804661  1.908188823e-16  -1.908188823e-16
132.2612261  1.884845609e-16  -1.884845609e-16
132.5220751  1.851717093e-16  -1.851717093e-16
132.834721  1.812859766e-16  -1.812859766e-16
133.165279  1.772758818e-16  -1.772758818e-16
133.4779249  1.735735975e-16  -1.735735975e-16
133.7387739  1.70550363e-16  -1.70550363e-16
133.9195339  1.684896859e-16  -1.684896859e-16
134  1.675812779e-16  -1.675812779e-16
134.0804661  1.666783084e-16  -1.666783084e-16
134.2612261  1.646695132e-16  -1.646695132e-16
134.5220751  1.618179379e-16  -1.618179379e-16
134.834721  1.584721734e-16  -1.584721734e-16
135.165279  1.550180886e-16  -1.550180886e-16
135.4779249  1.518279953e-16  -1.518279953e-16
135.7387739  1.49222182e-16  -1.49222182e-16
135.9195339  1.474455921e-16  -1.474455921e-16
136  1.466623055e-16  -1.466623055e-16
136.0804661  1.458836396e-16  -1.458836396e-16
136.2612261  1.441511295e-16  -1.441511295e-16
136.5220751  1.416911604e-16  -1.416911604e-16
136.834721  1.388039684e-16  -1.388039684e-16
137.165279  1.358222634e-16  -1.358222634e-16
137.4779249  1.330674907e-16  -1.330674907e-16
137.7387739  1.308165735e-16  -1.308165735e-16
137.9195339  1.292815814e-16  -1.292815814e-16
138  1.286047192e-16  -1.286047192e-16
138.0804661  1.279317922e-16  -1.279317922e-16
138.2612261  1.264343404e-16  -1.264343404e-16
138.5220751  1.243076297e-16  -1.243076297e-16
138.834721  1.218108167e-16  -1.218108167e-16
139.165279  1.192313971e-16  -1.192313971e-16
139.4779249  1.168474891e-16  -1.168474891e-16
139.7387739  1.148990212e-16  -1.148990212e-16
139.9195339  1.135699763e-16  -1.135699763e-16
140  1.12983848e-16  -1.12983848e-16
140.0804661  1.124010789e-16  -1.124010789e-16
140.2612261  1.111040789e-16  -1.111040789e-16
140.5220751  1.092616349e-16  -1.092616349e-16
140.834721  1.070979214e-16  -1.070979214e-16
141.165279  1.048618866e-16  -1.048618866e-16
141.4779249  1.02794659e-16  -1.02794659e-16
141.7387739  1.011045358e-16  -1.011045358e-16
141.9195339  9.995144967e-17  -9.995144967e-17
142  9.944285482e-17  -9.944285482e-17
142.0804661  9.893713383e-17  -9.893713383e-17
142.2612261  9.781146312e-17  -9.781146312e-17
142.5220751  9.621204628e-17  -9.621204628e-17
142.834721  9.433319948e-17  -9.433319948e-17
143.165279  9.23909321e-17  -9.23909321e-17
143.4779249  9.059472259e-17  -9.059472259e-17
143.7387739  8.912576286e-17  -8.912576286e-17
143.9195339  8.812334795e-17  -8.812334795e-17
144  8.768115342e-17  -8.768115342e-17
144.0804661  8.724142294e-17  -8.724142294e-17
144.2612261  8.626251402e-17  -8.626251402e-17
144.5220751  8.487132573e-17  -8.487132573e-17
144.834721  8.323663184e-17  -8.323663184e-17
145.165279  8.154623342e-17  -8.154623342e-17
145.4779249  7.998246837e-17  -7.998246837e-17
145.7387739  7.870325253e-17  -7.870325253e-17
145.9195339  7.783013416e-17  -7.783013416e-17
146  7.744492811e-17  -7.744492811e-17
146.0804661  7.706183924e-17  -7.706183924e-17
146.2612261  7.620891774e-17  -7.620891774e-17
146.5220751  7.49965246e-17  -7.49965246e-17
146.834721  7.357153557e-17  -7.357153557e-17
147.165279  7.20975424e-17  -7.20975424e-17
147.4779249  7.073356022e-17  -7.073356022e-17
147.7387739  6.961747539e-17  -6.961747539e-17
147.9195339  6.88555443e-17  -6.88555443e-17
148  6.851935158e-17  -6.851935158e-17
148.0804661  6.818498175e-17  -6.818498175e-17
148.2612261  6.744044013e-17  -6.744044013e-17
148.5220751  6.638188928e-17  -6.638188928e-17
148.834721  6.51373915e-17  -6.51373915e-17
149.165279  6.384971768e-17  -6.384971768e-17
149.4779249  6.265779967e-17  -6.265779967e-17
149.7387739  6.16822532e-17  -6.16822532e-17
149.9195339  6.1016132e-17  -6.1016132e-17
150  6.072217953e-17  -6.072217953e-17
150.0804661  6.042979973e-17  -6.042979973e-17
150.2612261  5.977868093e-17  -5.977868093e-17
150.5220751  5.885277054e-17  -5.885277054e-17
150.834721  5.7763934e-17  -5.7763934e-17
151.165279  5.663699913e-17  -5.663699913e-17
151.4779249  5.559356929e-17  -5.559356929e-17
151.7387739  5.473933908e-17  -5.473933908e-17
151.9195339  5.415594135e-17  -5.415594135e-17
152  5.389846434e-17  -5.389846434e-17
152.0804661  5.364234675e-17  -5.364234675e-17
152.2612261  5.307191738e-17  -5.307191738e-17
152.5220751  5.226059337e-17  -5.226059337e-17
152.834721  5.130626802e-17  -5.130626802e-17
153.165279  5.031827532e-17  -5.031827532e-17
153.4779249  4.94032379e-17  -4.94032379e-17
153.7387739  4.865393443e-17  -4.865393443e-17
153.9195339  4.814209957e-17  -4.814209957e-17
154  4.791618086e-17  -4.791618086e-17
154.0804661  4.769143952e-17  -4.769143952e-17
154.2612261  4.71908361e-17  -4.71908361e-17
154.5220751  4.647869212e-17  -4.647869212e-17
154.834721  4.564082426e-17  -4.564082426e-17
155.165279  4.477316176e-17  -4.477316176e-17
155.4779249  4.396935157e-17  -4.396935157e-17
155.7387739  4.331097122e-17  -4.331097122e-17
155.9195339  4.286116114e-17  -4.286116114e-17
156  4.26625979e-17  -4.26625979e-17
156.0804661  4.246505622e-17  -4.246505622e-17
156.2612261  4.202499139e-17  -4.202499139e-17
156.5220751  4.139885329e-17  -4.139885329e-17
156.834721  4.066200045e-17  -4.066200045e-17
157.165279  3.9898743e-17  -3.9898743e-17
157.4779249  3.919146798e-17  -3.919146798e-17
157.7387739  3.861202131e-17  -3.861202131e-17
157.9195339  3.821606802e-17  -3.821606802e-17
158  3.804126064e-17  -3.804126064e-17
158.0804661  3.786734125e-17  -3.786734125e-17
158.2612261  3.747985896e-17  -3.747985896e-17
158.5220751  3.692843863e-17  -3.692843863e-17
158.834721  3.627936537e-17  -3.627936537e-17
159.165279  3.560685945e-17  -3.560685945e-17
159.4779249  3.498351933e-17  -3.498351933e-17
159.7387739  3.447272099e-17  -3.447272099e-17
159.9195339  3.412361591e-17  -3.412361591e-17
160  3.396947533e-17  -3.396947533e-17
160.0804661  3.3816108e-17  -3.3816108e-17
160.2612261  3.347437929e-17  -3.347437929e-17
160.5220751  3.298798561e-17  -3.298798561e-17
160.834721  3.241532586e-17  -3.241532586e-17
161.165279  3.182184272e-17  -3.182184272e-17
161.4779249  3.127161018e-17  -3.127161018e-17
161.7387739  3.08206196e-17  -3.08206196e-17
161.9195339  3.051233738e-17  -3.051233738e-17
162  3.037620759e-17  -3.037620759e-17
162.0804661  3.024075229e-17  -3.024075229e-17
162.2612261  2.993890431e-17  -2.993890431e-17
162.5220751  2.95092013e-17  -2.95092013e-17
162.834721  2.900317564e-17  -2.900317564e-17
163.165279  2.84786208e-17  -2.84786208e-17
163.4779249  2.799217435e-17  -2.799217435e-17
163.7387739  2.759337847e-17  -2.759337847e-17
163.9195339  2.732072931e-17  -2.732072931e-17
164  2.720032233e-17  -2.720032233e-17
164.0804661  2.708050468e-17  -2.708050468e-17
164.2612261  2.681347737e-17  -2.681347737e-17
164.5220751  2.643328126e-17  -2.643328126e-17
164.834721  2.59854598e-17  -2.59854598e-17
165.165279  2.552112921e-17  -2.552112921e-17
165.4779249  2.509042895e-17  -2.509042895e-17
165.7387739  2.47372597e-17  -2.47372597e-17
165.9195339  2.449576526e-17  -2.449576526e-17
166  2.438910653e-17  -2.438910653e-17
166.0804661  2.428296356e-17  -2.428296356e-17
166.2612261  2.40463892e-17  -2.40463892e-17
166.5220751  2.370949788e-17  -2.370949788e-17
166.834721  2.331260082e-17  -2.331260082e-17
167.165279  2.290097573e-17  -2.290097573e-17
167.4779249  2.251907467e-17  -2.251907467e-17
167.7387739  2.220585534e-17  -2.220585534e-17
167.9195339  2.199164428e-17  -2.199164428e-17
168  2.189702668e-17  -2.189702668e-17
168.0804661  2.180286118e-17  -2.180286118e-17
168.2612261  2.159296292e-17  -2.159296292e-17
168.5220751  2.12940123e-17  -2.12940123e-17
168.834721  2.094174184e-17  -2.094174184e-17
169.165279  2.057631595e-17  -2.057631595e-17
169.4779249  2.023720082e-17  -2.023720082e-17
169.7387739  1.99590165e-17  -1.99590165e-17
169.9195339  1.976873637e-17  -1.976873637e-17
170  1.968468143e-17  -1.968468143e-17
170.0804661  1.96010234e-17  -1.96010234e-17
170.2612261  1.941452964e-17  -1.941452964e-17
170.5220751  1.914887232e-17  -1.914887232e-17
170.834721  1.883577081e-17  -1.883577081e-17
171.165279  1.851090419e-17  -1.851090419e-17
171.4779249  1.820936108e-17  -1.820936108e-17
171.7387739  1.796194912e-17  -1.796194912e-17
171.9195339  1.779269185e-17  -1.779269185e-17
172  1.771791692e-17  -1.771791692e-17
172.0804661  1.764349098e-17  -1.764349098e-17
172.2612261  1.747756298e-17  -1.747756298e-17
172.5220751  1.724116568e-17  -1.724116568e-17
172.834721  1.696249552e-17  -1.696249552e-17
173.165279  1.667329105e-17  -1.667329105e-17
173.4779249  1.640479149e-17  -1.640479149e-17
173.7387739  1.61844488e-17  -1.61844488e-17
173.9195339  1.603368759e-17  -1.603368759e-17
174  1.596707806e-17  -1.596707806e-17
174.0804661  1.590077586e-17  -1.590077586e-17
174.2612261  1.575294634e-17  -1.575294634e-17
174.5220751  1.554230297e-17  -1.554230297e-17
174.834721  1.529394481e-17  -1.529394481e-17
175.165279  1.503614335e-17  -1.503614335e-17
175.4779249  1.479674779e-17  -1.479674779e-17
175.7387739  1.460025211e-17  -1.460025211e-17
175.9195339  1.446578785e-17  -1.446578785e-17
176  1.440637359e-17  -1.440637359e-17
176.0804661  1.434723034e-17  -1.434723034e-17
176.2612261  1.421535144e-17  -1.421535144e-17
176.5220751  1.402740922e-17  -1.402740922e-17
176.834721  1.380577554e-17  -1.380577554e-17
177.165279  1.357566684e-17  -1.357566684e-17
177.4779249  1.33619426e-17  -1.33619426e-17
177.7387739  1.318648559e-17  -1.318648559e-17
177.9195339  1.306640133e-17  -1.306640133e-17
178  1.301333657e-17  -1.301333657e-17
178.0804661  1.296051115e-17  -1.296051115e-17
178.2612261  1.284271007e-17  -1.284271007e-17
178.5220751  1.267480677e-17  -1.267480677e-17
178.834721  1.247676826e-17  -1.247676826e-17
179.165279  1.227111517e-17  -1.227111517e-17
179.4779249  1.20800665e-17  -1.20800665e-17
179.7387739  1.192319675e-17  -1.192319675e-17
179.9195339  1.181581892e-17  -1.181581892e-17
180  1.17683652e-17  -1.17683652e-17
180.0804661  1.172112314e-17  -1.172112314e-17
180.2612261  1.161576443e-17  -1.161576443e-17
180.5220751  1.146557476e-17  -1.146557476e-17
180.834721  1.128839761e-17  -1.128839761e-17
181.165279  1.110437142e-17  -1.110437142e-17
181.4779249  1.093337992e-17  -1.093337992e-17
181.7387739  1.079295434e-17  -1.079295434e-17
181.9195339  1.069681959e-17  -1.069681959e-17
182  1.065433115e-17  -1.065433115e-17
182.0804661  1.061203015e-17  -1.061203015e-17
182.2612261  1.051768342e-17  -1.051768342e-17
182.5220751  1.038317336e-17  -1.038317336e-17
182.834721  1.022446568e-17  -1.022446568e-17
183.165279  1.005959086e-17  -1.005959086e-17
183.4779249  9.906364524e-18  -9.906364524e-18
183.7387739  9.780506769e-18  -9.780506769e-18
183.9195339  9.694333678e-18  -9.694333678e-18
184  9.656244994e-18  -9.656244994e-18
184.0804661  9.618322513e-18  -9.618322513e-18
184.2612261  9.533734911e-18  -9.533734911e-18
184.5220751  9.413122586e-18  -9.413122586e-18
184.834721  9.270788546e-18  -9.270788546e-18
185.165279  9.122895476e-18  -9.122895476e-18
185.4779249  8.985425053e-18  -8.985425053e-18
185.7387739  8.872489919e-18  -8.872489919e-18
185.9195339  8.795154754e-18  -8.795154754e-18
186  8.760969836e-18  -8.760969836e-18
186.0804661  8.726932487e-18  -8.726932487e-18
186.2612261  8.651005043e-18  -8.651005043e-18
186.5220751  8.542727203e-18  -8.542727203e-18
186.834721  8.414927753e-18  -8.414927753e-18
187.165279  8.282112208e-18  -8.282112208e-18
187.4779249  8.158633814e-18  -8.158633814e-18
187.7387739  8.057176713e-18  -8.057176713e-18
187.9195339  7.987692611e-18  -7.987692611e-18
188  7.956975845e-18  -7.956975845e-18
188.0804661  7.926390269e-18  -7.926390269e-18
188.2612261  7.858157643e-18  -7.858157643e-18
188.5220751  7.760840907e-18  -7.760840907e-18
188.834721  7.645960036e-18  -7.645960036e-18
189.165279  7.526548358e-18  -7.526548358e-18
189.4779249  7.415511343e-18  -7.415511343e-18
189.7387739  7.324262068e-18  -7.324262068e-18
189.9195339  7.261761162e-18  -7.261761162e-18
190  7.234129426e-18  -7.234129426e-18
190.0804661  7.206614464e-18  -7.206614464e-18
190.2612261  7.145227516e-18  -7.145227516e-18
190.5220751  7.057663641e-18  -7.057663641e-18
190.834721  6.954279371e-18  -6.954279371e-18
191.165279  6.846798534e-18  -6.846798534e-18
191.4779249  6.746837834e-18  -6.746837834e-18
191.7387739  6.664677987e-18  -6.664677987e-18
191.9195339  6.608396018e-18  -6.608396018e-18
192  6.583511897e-18  -6.583511897e-18
192.0804661  6.558731845e-18  -6.558731845e-18
192.2612261  6.503442637e-18  -6.503442637e-18
192.5220751  6.424567218e-18  -6.424567218e-18
192.834721  6.331426618e-18  -6.331426618e-18
193.165279  6.23457843e-18  -6.23457843e-18
193.4779249  6.144490748e-18  -6.144490748e-18
193.7387739  6.070434276e-18  -6.070434276e-18
193.9195339  6.019697326e-18  -6.019697326e-18
194  5.997263264e-18  -5.997263264e-18
194.0804661  5.974922061e-18  -5.974922061e-18
194.2612261  5.925070917e-18  -5.925070917e-18
194.5220751  5.853945023e-18  -5.853945023e-18
194.834721  5.769942651e-18  -5.769942651e-18
195.165279  5.682581497e-18  -5.682581497e-18
195.4779249  5.601304737e-18  -5.601304737e-18
195.7387739  5.534481135e-18  -5.534481135e-18
195.9195339  5.488694171e-18  -5.488694171e-18
196  5.468447422e-18  -5.468447422e-18
196.0804661  5.448283624e-18  -5.448283624e-18
196.2612261  5.40328796e-18  -5.40328796e-18
196.5220751  5.339082267e-18  -5.339082267e-18
196.834721  5.263241544e-18  -5.263241544e-18
197.165279  5.184355152e-18  -5.184355152e-18
197.4779249  5.110950644e-18  -5.110950644e-18
197.7387739  5.050590427e-18  -5.050590427e-18
197.9195339  5.009227396e-18  -5.009227396e-18
198  4.990935653e-18  -4.990935653e-18
198.0804661  4.972718096e-18  -4.972718096e-18
198.2612261  4.932062751e-18  -4.932062751e-18
198.5220751  4.874043815e-18  -4.874043815e-18
198.834721  4.805500913e-18  -4.805500913e-18
199.165279  4.734193697e-18  -4.734193697e-18
199.4779249  4.66783081e-18  -4.66783081e-18
199.7387739  4.613252939e-18  -4.613252939e-18
199.9195339  4.575848189e-18  -4.575848189e-18
200  4.5593058e-18  -4.5593058e-18
200.0804661  4.542829834e-18  -4.542829834e-18
200.2612261  4.506058702e-18  -4.506058702e-18
200.5220751  4.453577064e-18  -4.453577064e-18
200.834721  4.391566935e-18  -4.391566935e-18
201.165279  4.327045568e-18  -4.327045568e-18
201.4779249  4.266988368e-18  -4.266988368e-18
201.7387739  4.217589338e-18  -4.217589338e-18
201.9195339  4.183730174e-18  -4.183730174e-18
202  4.168754864e-18  -4.168754864e-18
202.0804661  4.15383909e-18  -4.15383909e-18
202.2612261  4.120547853e-18  -4.120547853e-18
202.5220751  4.073027724e-18  -4.073027724e-18
202.834721  4.016871982e-18  -4.016871982e-18
203.165279  3.958432864e-18  -3.958432864e-18
203.4779249  3.904028526e-18  -3.904028526e-18
203.7387739  3.859272897e-18  -3.859272897e-18
203.9195339  3.828593121e-18  -3.828593121e-18
204  3.815023137e-18  -3.815023137e-18
204.0804661  3.801506573e-18  -3.801506573e-18
204.2612261  3.771336393e-18  -3.771336393e-18
204.5220751  3.728266682e-18  -3.728266682e-18
204.834721  3.677363069e-18  -3.677363069e-18
205.165279  3.624381438e-18  -3.624381438e-18
205.4779249  3.575050175e-18  -3.575050175e-18
205.7387739  3.534462333e-18  -3.534462333e-18
205.9195339  3.506636622e-18  -3.506636622e-18
206  3.494328253e-18  -3.494328253e-18
206.0804661  3.482067869e-18  -3.482067869e-18
206.2612261  3.454699897e-18  -3.454699897e-18
206.5220751  3.41562641e-18  -3.41562641e-18
206.834721  3.369439624e-18  -3.369439624e-18
207.165279  3.321360076e-18  -3.321360076e-18
207.4779249  3.276586372e-18  -3.276586372e-18
207.7387739  3.239743352e-18  -3.239743352e-18
207.9195339  3.214482358e-18  -3.214482358e-18
208  3.203307779e-18  -3.203307779e-18
208.0804661  3.192176346e-18  -3.192176346e-18
208.2612261  3.167326937e-18  -3.167326937e-18
208.5220751  3.131845582e-18  -3.131845582e-18
208.834721  3.089899289e-18  -3.089899289e-18
209.165279  3.046227511e-18  -3.046227511e-18
209.4779249  3.00555247e-18  -3.00555247e-18
209.7387739  2.972077706e-18  -2.972077706e-18
209.9195339  2.949123788e-18  -2.949123788e-18
210  2.938969171e-18  -2.938969171e-18
210.0804661  2.928853388e-18  -2.928853388e-18
210.2612261  2.906269934e-18  -2.906269934e-18
210.5220751  2.874020783e-18  -2.874020783e-18
210.834721  2.835890646e-18  -2.835890646e-18
211.165279  2.796186205e-18  -2.796186205e-18
211.4779249  2.759200877e-18  -2.759200877e-18
211.7387739  2.728758732e-18  -2.728758732e-18
211.9195339  2.707882228e-18  -2.707882228e-18
212  2.698646098e-18  -2.698646098e-18
212.0804661  2.689444958e-18  -2.689444958e-18
212.2612261  2.668902236e-18  -2.668902236e-18
212.5220751  2.639564349e-18  -2.639564349e-18
212.834721  2.604871932e-18  -2.604871932e-18
213.165279  2.568741969e-18  -2.568741969e-18
213.4779249  2.535081515e-18  -2.535081515e-18
213.7387739  2.507372509e-18  -2.507372509e-18
213.9195339  2.488368471e-18  -2.488368471e-18
214  2.479960268e-18  -2.479960268e-18
214.0804661  2.47158362e-18  -2.47158362e-18
214.2612261  2.45288061e-18  -2.45288061e-18
214.5220751  2.426167497e-18  -2.426167497e-18
214.834721  2.394574937e-18  -2.394574937e-18
215.165279  2.361668651e-18  -2.361668651e-18
215.4779249  2.331007234e-18  -2.331007234e-18
215.7387739  2.30576386e-18  -2.30576386e-18
215.9195339  2.288449201e-18  -2.288449201e-18
216  2.280788018e-18  -2.280788018e-18
216.0804661  2.273155321e-18  -2.273155321e-18
216.2612261  2.256112409e-18  -2.256112409e-18
216.5220751  2.231768062e-18  -2.231768062e-18
216.834721  2.202973397e-18  -2.202973397e-18
217.165279  2.172977211e-18  -2.172977211e-18
217.4779249  2.145023517e-18  -2.145023517e-18
217.7387739  2.12200658e-18  -2.12200658e-18
217.9195339  2.106217568e-18  -2.106217568e-18
218  2.099231046e-18  -2.099231046e-18
218.0804661  2.092270264e-18  -2.092270264e-18
218.2612261  2.0767268e-18  -2.0767268e-18
218.5220751  2.054522209e-18  -2.054522209e-18
218.834721  2.028255281e-18  -2.028255281e-18
219.165279  2.000888599e-18  -2.000888599e-18
219.4779249  1.975381915e-18  -1.975381915e-18
219.7387739  1.954377308e-18  -1.954377308e-18
219.9195339  1.939967371e-18  -1.939967371e-18
220  1.933590731e-18  -1.933590731e-18
220.0804661  1.927237372e-18  -1.927237372e-18
220.2612261  1.913049514e-18  -1.913049514e-18
220.5220751  1.892779612e-18  -1.892779612e-18
220.834721  1.868798472e-18  -1.868798472e-18
221.165279  1.843809956e-18  -1.843809956e-18
221.4779249  1.820516711e-18  -1.820516711e-18
221.7387739  1.801332595e-18  -1.801332595e-18
221.9195339  1.788170388e-18  -1.788170388e-18
222  1.782345578e-18  -1.782345578e-18
222.0804661  1.776541842e-18  -1.776541842e-18
222.2612261  1.763580671e-18  -1.763580671e-18
222.5220751  1.745061643e-18  -1.745061643e-18
222.834721  1.723149387e-18  -1.723149387e-18
223.165279  1.700313678e-18  -1.700313678e-18
223.4779249  1.679024416e-18  -1.679024416e-18
223.7387739  1.661488729e-18  -1.661488729e-18
223.9195339  1.649456436e-18  -1.649456436e-18
224  1.644131379e-18  -1.644131379e-18
224.0804661  1.638825416e-18  -1.638825416e-18
224.2612261  1.626975272e-18  -1.626975272e-18
224.5220751  1.610042191e-18  -1.610042191e-18
224.834721  1.590004175e-18  -1.590004175e-18
225.165279  1.569119012e-18  -1.569119012e-18
225.4779249  1.54964571e-18  -1.54964571e-18
225.7387739  1.53360398e-18  -1.53360398e-18
225.9195339  1.522595818e-18  -1.522595818e-18
226  1.517723752e-18  -1.517723752e-18
226.0804661  1.512869002e-18  -1.512869002e-18
226.2612261  1.502026021e-18  -1.502026021e-18
226.5220751  1.486530763e-18  -1.486530763e-18
226.834721  1.46819215e-18  -1.46819215e-18
227.165279  1.449075825e-18  -1.449075825e-18
227.4779249  1.431249544e-18  -1.431249544e-18
227.7387739  1.416562955e-18  -1.416562955e-18
227.9195339  1.406483851e-18  -1.406483851e-18
228  1.402022748e-18  -1.402022748e-18
228.0804661  1.39757736e-18  -1.39757736e-18
228.2612261  1.387648181e-18  -1.387648181e-18
228.5220751  1.373457587e-18  -1.373457587e-18
228.834721  1.356661181e-18  -1.356661181e-18
229.165279  1.339150296e-18  -1.339150296e-18
229.4779249  1.322819097e-18  -1.322819097e-18
229.7387739  1.309362785e-18  -1.309362785e-18
229.9195339  1.300127216e-18  -1.300127216e-18
230  1.296039264e-18  -1.296039264e-18
230.0804661  1.291965589e-18  -1.291965589e-18
230.2612261  1.282866211e-18  -1.282866211e-18
230.5220751  1.269860461e-18  -1.269860461e-18
230.834721  1.254464796e-18  -1.254464796e-18
231.165279  1.238412283e-18  -1.238412283e-18
231.4779249  1.223439388e-18  -1.223439388e-18
231.7387739  1.211100937e-18  -1.211100937e-18
231.9195339  1.202631894e-18  -1.202631894e-18
232  1.198883047e-18  -1.198883047e-18
232.0804661  1.19514718e-18  -1.19514718e-18
232.2612261  1.186801956e-18  -1.186801956e-18
232.5220751  1.174873135e-18  -1.174873135e-18
232.834721  1.160750784e-18  -1.160750784e-18
233.165279  1.146024148e-18  -1.146024148e-18
233.4779249  1.132286318e-18  -1.132286318e-18
233.7387739  1.120964424e-18  -1.120964424e-18
233.9195339  1.113192505e-18  -1.113192505e-18
234  1.109752077e-18  -1.109752077e-18
234.0804661  1.106323458e-18  -1.106323458e-18
234.2612261  1.098664203e-18  -1.098664203e-18
234.5220751  1.08771503e-18  -1.08771503e-18
234.834721  1.074751107e-18  -1.074751107e-18
235.165279  1.061230877e-18  -1.061230877e-18
235.4779249  1.048616971e-18  -1.048616971e-18
235.7387739  1.038220261e-18  -1.038220261e-18
235.9195339  1.031082864e-18  -1.031082864e-18
236  1.027923172e-18  -1.027923172e-18
236.0804661  1.024774235e-18  -1.024774235e-18
236.2612261  1.017739432e-18  -1.017739432e-18
236.5220751  1.007682134e-18  -1.007682134e-18
236.834721  9.957729687e-19  -9.957729687e-19
237.165279  9.833513222e-19  -9.833513222e-19
237.4779249  9.717610189e-19  -9.717610189e-19
237.7387739  9.622070098e-19  -9.622070098e-19
237.9195339  9.556476135e-19  -9.556476135e-19
238  9.527436645e-19  -9.527436645e-19
238.0804661  9.49849517e-19  -9.49849517e-19
238.2612261  9.433836201e-19  -9.433836201e-19
238.5220751  9.341389332e-19  -9.341389332e-19
238.834721  9.231908944e-19  -9.231908944e-19
239.165279  9.117704355e-19  -9.117704355e-19
239.4779249  9.011131048e-19  -9.011131048e-19
239.7387739  8.923272684e-19  -8.923272684e-19
239.9195339  8.862948007e-19  -8.862948007e-19
240  8.836240091e-19  -8.836240091e-19
240.0804661  8.809621569e-19  -8.809621569e-19
240.2612261  8.750149661e-19  -8.750149661e-19
240.5220751  8.665112495e-19  -8.665112495e-19
240.834721  8.564396999e-19  -8.564396999e-19
241.165279  8.459323772e-19  -8.459323772e-19
241.4779249  8.36126072e-19  -8.36126072e-19
241.7387739  8.280410136e-19  -8.280410136e-19
241.9195339  8.224892856e-19  -8.224892856e-19
242  8.200312241e-19  -8.200312241e-19
242.0804661  8.175813222e-19  -8.175813222e-19
242.2612261  8.121074312e-19  -8.121074312e-19
242.5220751  8.04279879e-19  -8.04279879e-19
242.834721  7.950082474e-19  -7.950082474e-19
243.165279  7.853343895e-19  -7.853343895e-19
243.4779249  7.763049525e-19  -7.763049525e-19
243.7387739  7.688596762e-19  -7.688596762e-19
243.9195339  7.637468809e-19  -7.637468809e-19
244  7.614830592e-19  -7.614830592e-19
244.0804661  7.592266908e-19  -7.592266908e-19
244.2612261  7.54184995e-19  -7.54184995e-19
244.5220751  7.469749355e-19  -7.469749355e-19
244.834721  7.384338902e-19  -7.384338902e-19
245.165279  7.295213494e-19  -7.295213494e-19
245.4779249  7.212016167e-19  -7.212016167e-19
245.7387739  7.143408728e-19  -7.143408728e-19
245.9195339  7.09629138e-19  -7.09629138e-19
246  7.075428052e-19  -7.075428052e-19
246.0804661  7.054632856e-19  -7.054632856e-19
246.2612261  7.00816544e-19  -7.00816544e-19
246.5220751  6.941708156e-19  -6.941708156e-19
246.834721  6.86297529e-19  -6.86297529e-19
247.165279  6.780809169e-19  -6.780809169e-19
247.4779249  6.704100097e-19  -6.704100097e-19
247.7387739  6.640837125e-19  -6.640837125e-19
247.9195339  6.597387029e-19  -6.597387029e-19
248  6.578146716e-19  -6.578146716e-19
248.0804661  6.55896873e-19  -6.55896873e-19
248.2612261  6.51611318e-19  -6.51611318e-19
248.5220751  6.454817131e-19  -6.454817131e-19
248.834721  6.382192055e-19  -6.382192055e-19
249.165279  6.306392128e-19  -6.306392128e-19
249.4779249  6.235619047e-19  -6.235619047e-19
249.7387739  6.177246141e-19  -6.177246141e-19
249.9195339  6.137151761e-19  -6.137151761e-19
250  6.119396658e-19  -6.119396658e-19
250.0804661  6.10169861e-19  -6.10169861e-19
250.2612261  6.062148501e-19  -6.062148501e-19
250.5220751  6.005576185e-19  -6.005576185e-19
250.834721  5.938541735e-19  -5.938541735e-19
251.165279  5.868569622e-19  -5.868569622e-19
251.4779249  5.803231154e-19  -5.803231154e-19
251.7387739  5.749335732e-19  -5.749335732e-19
251.9195339  5.712314182e-19  -5.712314182e-19
252  5.695919148e-19  -5.695919148e-19
252.0804661  5.679576382e-19  -5.679576382e-19
252.2612261  5.643053428e-19  -5.643053428e-19
252.5220751  5.590807492e-19  -5.590807492e-19
252.834721  5.528893906e-19  -5.528893906e-19
253.165279  5.464260515e-19  -5.464260515e-19
253.4779249  5.403901126e-19  -5.403901126e-19
253.7387739  5.354108291e-19  -5.354108291e-19
253.9195339  5.319902502e-19  -5.319902502e-19
254  5.304753811e-19  -5.304753811e-19
254.0804661  5.289653034e-19  -5.289653034e-19
254.2612261  5.255904316e-19  -5.255904316e-19
254.5220751  5.20762359e-19  -5.20762359e-19
254.834721  5.150403839e-19  -5.150403839e-19
255.165279  5.090664516e-19  -5.090664516e-19
255.4779249  5.03487001e-19  -5.03487001e-19
255.7387739  4.988838848e-19  -4.988838848e-19
255.9195339  4.957215032e-19  -4.957215032e-19
256  4.943209254e-19  -4.943209254e-19
256.0804661  4.92924743e-19  -4.92924743e-19
256.2612261  4.898042904e-19  -4.898042904e-19
256.5220751  4.853398862e-19  -4.853398862e-19
256.834721  4.80048447e-19  -4.80048447e-19
257.165279  4.745234657e-19  -4.745234657e-19
257.4779249  4.693628142e-19  -4.693628142e-19
257.7387739  4.65104841e-19  -4.65104841e-19
257.9195339  4.621793796e-19  -4.621793796e-19
258  4.608836794e-19  -4.608836794e-19
258.0804661  4.59592014e-19  -4.59592014e-19
258.2612261  4.567050416e-19  -4.567050416e-19
258.5220751  4.525744002e-19  -4.525744002e-19
258.834721  4.476781304e-19  -4.476781304e-19
259.165279  4.425652651e-19  -4.425652651e-19
259.4779249  4.377890927e-19  -4.377890927e-19
259.7387739  4.338480088e-19  -4.338480088e-19
259.9195339  4.31140089e-19  -4.31140089e-19
260  4.299406922e-19  -4.299406922e-19
260.0804661  4.287450015e-19  -4.287450015e-19
260.2612261  4.260724364e-19  -4.260724364e-19
260.5220751  4.222483149e-19  -4.222483149e-19
260.834721  4.177149938e-19  -4.177149938e-19
261.165279  4.129806818e-19  -4.129806818e-19
261.4779249  4.085577139e-19  -4.085577139e-19
261.7387739  4.049077699e-19  -4.049077699e-19
261.9195339  4.023997294e-19  -4.023997294e-19
262  4.012888207e-19  -4.012888207e-19
262.0804661  4.001813187e-19  -4.001813187e-19
262.2612261  3.977057749e-19  -3.977057749e-19
262.5220751  3.941633384e-19  -3.941633384e-19
262.834721  3.899635898e-19  -3.899635898e-19
263.165279  3.855772284e-19  -3.855772284e-19
263.4779249  3.814789451e-19  -3.814789451e-19
263.7387739  3.780966573e-19  -3.780966573e-19
263.9195339  3.757723865e-19  -3.757723865e-19
264  3.747428378e-19  -3.747428378e-19
264.0804661  3.737164223e-19  -3.737164223e-19
264.2612261  3.714220405e-19  -3.714220405e-19
264.5220751  3.681386328e-19  -3.681386328e-19
264.834721  3.642456556e-19  -3.642456556e-19
265.165279  3.60179321e-19  -3.60179321e-19
265.4779249  3.563796962e-19  -3.563796962e-19
265.7387739  3.532436322e-19  -3.532436322e-19
265.9195339  3.510884278e-19  -3.510884278e-19
266  3.501337324e-19  -3.501337324e-19
266.0804661  3.491819206e-19  -3.491819206e-19
266.2612261  3.47054224e-19  -3.47054224e-19
266.5220751  3.440091627e-19  -3.440091627e-19
266.834721  3.403984875e-19  -3.403984875e-19
267.165279  3.366266829e-19  -3.366266829e-19
267.4779249  3.331019498e-19  -3.331019498e-19
267.7387739  3.301925358e-19  -3.301925358e-19
267.9195339  3.281929684e-19  -3.281929684e-19
268  3.273071833e-19  -3.273071833e-19
268.0804661  3.264240538e-19  -3.264240538e-19
268.2612261  3.244498185e-19  -3.244498185e-19
268.5220751  3.216242093e-19  -3.216242093e-19
268.834721  3.182734807e-19  -3.182734807e-19
269.165279  3.147729092e-19  -3.147729092e-19
269.4779249  3.115013495e-19  -3.115013495e-19
269.7387739  3.088006969e-19  -3.088006969e-19
269.9195339  3.069444925e-19  -3.069444925e-19
270  3.061221858e-19  -3.061221858e-19
270.0804661  3.053023261e-19  -3.053023261e-19
270.2612261  3.034694644e-19  -3.034694644e-19
270.5220751  3.008460354e-19  -3.008460354e-19
270.834721  2.977348153e-19  -2.977348153e-19
271.165279  2.944841758e-19  -2.944841758e-19
271.4779249  2.914459295e-19  -2.914459295e-19
271.7387739  2.889376791e-19  -2.889376791e-19
271.9195339  2.872136119e-19  -2.872136119e-19
272  2.864498154e-19  -2.864498154e-19
272.0804661  2.856882751e-19  -2.856882751e-19
272.2612261  2.839857306e-19  -2.839857306e-19
272.5220751  2.815486823e-19  -2.815486823e-19
272.834721  2.786582731e-19  -2.786582731e-19
273.165279  2.756380765e-19  -2.756380765e-19
273.4779249  2.728149712e-19  -2.728149712e-19
273.7387739  2.70484152e-19  -2.70484152e-19
273.9195339  2.688819486e-19  -2.688819486e-19
274  2.681721153e-19  -2.681721153e-19
274.0804661  2.674643635e-19  -2.674643635e-19
274.2612261  2.658820163e-19  -2.658820163e-19
274.5220751  2.636168865e-19  -2.636168865e-19
274.834721  2.609301716e-19  -2.609301716e-19
275.165279  2.581225751e-19  -2.581225751e-19
275.4779249  2.554979713e-19  -2.554979713e-19
275.7387739  2.533308746e-19  -2.533308746e-19
275.9195339  2.518411266e-19  -2.518411266e-19
276  2.511810921e-19  -2.511810921e-19
276.0804661  2.505229792e-19  -2.505229792e-19
276.2612261  2.490515609e-19  -2.490515609e-19
276.5220751  2.469451028e-19  -2.469451028e-19
276.834721  2.444464031e-19  -2.444464031e-19
277.165279  2.418350602e-19  -2.418350602e-19
277.4779249  2.393937128e-19  -2.393937128e-19
277.7387739  2.373777768e-19  -2.373777768e-19
277.9195339  2.359918627e-19  -2.359918627e-19
278  2.353778111e-19  -2.353778111e-19
278.0804661  2.347655342e-19  -2.347655342e-19
278.2612261  2.333965503e-19  -2.333965503e-19
278.5220751  2.314366232e-19  -2.314366232e-19
278.834721  2.291115667e-19  -2.291115667e-19
279.165279  2.266814926e-19  -2.266814926e-19
279.4779249  2.244094247e-19  -2.244094247e-19
279.7387739  2.225331319e-19  -2.225331319e-19
279.9195339  2.212431463e-19  -2.212431463e-19
280  2.206715782e-19  -2.206715782e-19
280.0804661  2.201016502e-19  -2.201016502e-19
280.2612261  2.18827311e-19  -2.18827311e-19
280.5220751  2.170027803e-19  -2.170027803e-19
280.834721  2.148381854e-19  -2.148381854e-19
281.165279  2.125756347e-19  -2.125756347e-19
281.4779249  2.104600243e-19  -2.104600243e-19
281.7387739  2.08712808e-19  -2.08712808e-19
281.9195339  2.075114975e-19  -2.075114975e-19
282  2.06979202e-19  -2.06979202e-19
282.0804661  2.064484231e-19  -2.064484231e-19
282.2612261  2.052615808e-19  -2.052615808e-19
282.5220751  2.035622285e-19  -2.035622285e-19
282.834721  2.015459976e-19  -2.015459976e-19
283.165279  1.994383543e-19  -1.994383543e-19
283.4779249  1.974674315e-19  -1.974674315e-19
283.7387739  1.958395913e-19  -1.958395913e-19
283.9195339  1.947202967e-19  -1.947202967e-19
284  1.942243258e-19  -1.942243258e-19
284.0804661  1.937297582e-19  -1.937297582e-19
284.2612261  1.926238496e-19  -1.926238496e-19
284.5220751  1.910402934e-19  -1.910402934e-19
284.834721  1.89161317e-19  -1.89161317e-19
285.165279  1.871969943e-19  -1.871969943e-19
285.4779249  1.853599488e-19  -1.853599488e-19
285.7387739  1.838425739e-19  -1.838425739e-19
285.9195339  1.827991779e-19  -1.827991779e-19
286  1.823368236e-19  -1.823368236e-19
286.0804661  1.818757683e-19  -1.818757683e-19
286.2612261  1.808447638e-19  -1.808447638e-19
286.5220751  1.793683831e-19  -1.793683831e-19
286.834721  1.776164532e-19  -1.776164532e-19
287.165279  1.757848035e-19  -1.757848035e-19
287.4779249  1.740716999e-19  -1.740716999e-19
287.7387739  1.726566004e-19  -1.726566004e-19
287.9195339  1.716834799e-19  -1.716834799e-19
288  1.712522528e-19  -1.712522528e-19
288.0804661  1.708222287e-19  -1.708222287e-19
288.2612261  1.698605855e-19  -1.698605855e-19
288.5220751  1.684834552e-19  -1.684834552e-19
288.834721  1.668491862e-19  -1.668491862e-19
289.165279  1.651404189e-19  -1.651404189e-19
289.4779249  1.635421209e-19  -1.635421209e-19
289.7387739  1.622217648e-19  -1.622217648e-19
289.9195339  1.613137484e-19  -1.613137484e-19
290  1.609113587e-19  -1.609113587e-19
290.0804661  1.60510084e-19  -1.60510084e-19
290.2612261  1.596127035e-19  -1.596127035e-19
290.5220751  1.583275335e-19  -1.583275335e-19
290.834721  1.568022914e-19  -1.568022914e-19
291.165279  1.552073988e-19  -1.552073988e-19
291.4779249  1.537154997e-19  -1.537154997e-19
291.7387739  1.524829561e-19  -1.524829561e-19
291.9195339  1.516352845e-19  -1.516352845e-19
292  1.512596252e-19  -1.512596252e-19
292.0804661  1.508849997e-19  -1.508849997e-19
292.2612261  1.500471895e-19  -1.500471895e-19
292.5220751  1.4884727e-19  -1.4884727e-19
292.834721  1.474231072e-19  -1.474231072e-19
293.165279  1.459337972e-19  -1.459337972e-19
293.4779249  1.445405575e-19  -1.445405575e-19
293.7387739  1.43389445e-19  -1.43389445e-19
293.9195339  1.425977361e-19  -1.425977361e-19
294  1.422468668e-19  -1.422468668e-19
294.0804661  1.418969566e-19  -1.418969566e-19
294.2612261  1.411143958e-19  -1.411143958e-19
294.5220751  1.399935473e-19  -1.399935473e-19
294.834721  1.386631441e-19  -1.386631441e-19
295.165279  1.37271779e-19  -1.37271779e-19
295.4779249  1.359700693e-19  -1.359700693e-19
295.7387739  1.348945089e-19  -1.348945089e-19
295.9195339  1.341547254e-19  -1.341547254e-19
296  1.338268586e-19  -1.338268586e-19
296.0804661  1.334998818e-19  -1.334998818e-19
296.2612261  1.32768589e-19  -1.32768589e-19
296.5220751  1.317211177e-19  -1.317211177e-19
296.834721  1.304777287e-19  -1.304777287e-19
297.165279  1.291772696e-19  -1.291772696e-19
297.4779249  1.279605188e-19  -1.279605188e-19
297.7387739  1.269550916e-19  -1.269550916e-19
297.9195339  1.262635118e-19  -1.262635118e-19
298  1.259569995e-19  -1.259569995e-19
298.0804661  1.256513136e-19  -1.256513136e-19
298.2612261  1.249676183e-19  -1.249676183e-19
298.5220751  1.239882748e-19  -1.239882748e-19
298.834721  1.228256807e-19  -1.228256807e-19
299.165279  1.216096367e-19  -1.216096367e-19
299.4779249  1.204717851e-19  -1.204717851e-19
299.7387739  1.195314933e-19  -1.195314933e-19
299.9195339  1.188846848e-19  -1.188846848e-19
300  1.185980069e-19  -1.185980069e-19
300.0804661  1.183120969e-19  -1.183120969e-19
300.2612261  1.176726136e-19  -1.176726136e-19
300.5220751  1.167565552e-19  -1.167565552e-19
300.834721  1.156690184e-19  -1.156690184e-19
301.165279  1.145314011e-19  -1.145314011e-19
301.4779249  1.134668573e-19  -1.134668573e-19
301.7387739  1.125870894e-19  -1.125870894e-19
301.9195339  1.119818845e-19  -1.119818845e-19
302  1.117136384e-19  -1.117136384e-19
302.0804661  1.11446106e-19  -1.11446106e-19
302.2612261  1.1084771e-19  -1.1084771e-19
302.5220751  1.099904673e-19  -1.099904673e-19
302.834721  1.08972692e-19  -1.08972692e-19
303.165279  1.079079734e-19  -1.079079734e-19
303.4779249  1.069115756e-19  -1.069115756e-19
303.7387739  1.060880738e-19  -1.060880738e-19
303.9195339  1.055215477e-19  -1.055215477e-19
304  1.052704382e-19  -1.052704382e-19
304.0804661  1.050199924e-19  -1.050199924e-19
304.2612261  1.044597984e-19  -1.044597984e-19
304.5220751  1.036572442e-19  -1.036572442e-19
304.834721  1.027043394e-19  -1.027043394e-19
305.165279  1.01707414e-19  -1.01707414e-19
305.4779249  1.007743942e-19  -1.007743942e-19
305.7387739  1.000032253e-19  -1.000032253e-19
305.9195339  9.947267631e-20  -9.947267631e-20
306  9.92375068e-20  -9.92375068e-20
306.0804661  9.900295487e-20  -9.900295487e-20
306.2612261  9.847829726e-20  -9.847829726e-20
306.5220751  9.772661828e-20  -9.772661828e-20
306.834721  9.683406476e-20  -9.683406476e-20
307.165279  9.590021436e-20  -9.590021436e-20
307.4779249  9.502616646e-20  -9.502616646e-20
307.7387739  9.430369538e-20  -9.430369538e-20
307.9195339  9.380662621e-20  -9.380662621e-20
308  9.358629074e-20  -9.358629074e-20
308.0804661  9.336653016e-20  -9.336653016e-20
308.2612261  9.287494495e-20  -9.287494495e-20
308.5220751  9.2170616e-20  -9.2170616e-20
308.834721  9.133423584e-20  -9.133423584e-20
309.165279  9.045909846e-20  -9.045909846e-20
309.4779249  8.963994818e-20  -8.963994818e-20
309.7387739  8.896281359e-20  -8.896281359e-20
309.9195339  8.849691489e-20  -8.849691489e-20
310  8.829039067e-20  -8.829039067e-20
310.0804661  8.808440184e-20  -8.808440184e-20
310.2612261  8.762361023e-20  -8.762361023e-20
310.5220751  8.6963371e-20  -8.6963371e-20
310.834721  8.617929979e-20  -8.617929979e-20
311.165279  8.535884036e-20  -8.535884036e-20
311.4779249  8.459081865e-20  -8.459081865e-20
311.7387739  8.39559107e-20  -8.39559107e-20
311.9195339  8.351904582e-20  -8.351904582e-20
312  8.332538651e-20  -8.332538651e-20
312.0804661  8.313222603e-20  -8.313222603e-20
312.2612261  8.270011944e-20  -8.270011944e-20
312.5220751  8.208095296e-20  -8.208095296e-20
312.834721  8.134561453e-20  -8.134561453e-20
313.165279  8.057609863e-20  -8.057609863e-20
313.4779249  7.985571695e-20  -7.985571695e-20
313.7387739  7.926015707e-20  -7.926015707e-20
313.9195339  7.885034813e-20  -7.885034813e-20
314  7.866867769e-20  -7.866867769e-20
314.0804661  7.848747222e-20  -7.848747222e-20
314.2612261  7.808209861e-20  -7.808209861e-20
314.5220751  7.750121174e-20  -7.750121174e-20
314.834721  7.681129494e-20  -7.681129494e-20
315.165279  7.608926467e-20  -7.608926467e-20
315.4779249  7.541329257e-20  -7.541329257e-20
315.7387739  7.485441491e-20  -7.485441491e-20
315.9195339  7.446983011e-20  -7.446983011e-20
316  7.429933718e-20  -7.429933718e-20
316.0804661  7.412927784e-20  -7.412927784e-20
316.2612261  7.374882917e-20  -7.374882917e-20
316.5220751  7.320363471e-20  -7.320363471e-20
316.834721  7.255607234e-20  -7.255607234e-20
317.165279  7.187832426e-20  -7.187832426e-20
317.4779249  7.124376876e-20  -7.124376876e-20
317.7387739  7.071910331e-20  -7.071910331e-20
317.9195339  7.035804533e-20  -7.035804533e-20
318  7.019797806e-20  -7.019797806e-20
318.0804661  7.003831532e-20  -7.003831532e-20
318.2612261  6.968111614e-20  -6.968111614e-20
318.5220751  6.916921646e-20  -6.916921646e-20
318.834721  6.856116586e-20  -6.856116586e-20
319.165279  6.792473086e-20  -6.792473086e-20
319.4779249  6.73288177e-20  -6.73288177e-20
319.7387739  6.683607478e-20  -6.683607478e-20
319.9195339  6.649697011e-20  -6.649697011e-20
320  6.634663151e-20  -6.634663151e-20
320.0804661  6.619667047e-20  -6.619667047e-20
320.2612261  6.586116745e-20  -6.586116745e-20
320.5220751  6.538033957e-20  -6.538033957e-20
320.834721  6.480916495e-20  -6.480916495e-20
321.165279  6.421128975e-20  -6.421128975e-20
321.4779249  6.365144616e-20  -6.365144616e-20
321.7387739  6.318850224e-20  -6.318850224e-20
321.9195339  6.286989149e-20  -6.286989149e-20
322  6.272863508e-20  -6.272863508e-20
322.0804661  6.258773122e-20  -6.258773122e-20
322.2612261  6.227248355e-20  -6.227248355e-20
322.5220751  6.18206654e-20  -6.18206654e-20
322.834721  6.128392164e-20  -6.128392164e-20
323.165279  6.072205194e-20  -6.072205194e-20
323.4779249  6.019589088e-20  -6.019589088e-20
323.7387739  5.97607756e-20  -5.97607756e-20
323.9195339  5.946130458e-20  -5.946130458e-20
324  5.932853046e-20  -5.932853046e-20
324.0804661  5.919608567e-20  -5.919608567e-20
324.2612261  5.88997563e-20  -5.88997563e-20
324.5220751  5.847503422e-20  -5.847503422e-20
324.834721  5.797045198e-20  -5.797045198e-20
325.165279  5.744221694e-20  -5.744221694e-20
325.4779249  5.694752268e-20  -5.694752268e-20
325.7387739  5.653840695e-20  -5.653840695e-20
325.9195339  5.62568185e-20  -5.62568185e-20
326  5.613196974e-20  -5.613196974e-20
326.0804661  5.600742876e-20  -5.600742876e-20
326.2612261  5.572877633e-20  -5.572877633e-20
326.5220751  5.532937354e-20  -5.532937354e-20
326.834721  5.485484569e-20  -5.485484569e-20
327.165279  5.435804377e-20  -5.435804377e-20
327.4779249  5.389275862e-20  -5.389275862e-20
327.7387739  5.350794373e-20  -5.350794373e-20
327.9195339  5.324307023e-20  -5.324307023e-20
328  5.312562956e-20  -5.312562956e-20
328.0804661  5.300847664e-20  -5.300847664e-20
328.2612261  5.274634813e-20  -5.274634813e-20
328.5220751  5.237061419e-20  -5.237061419e-20
328.834721  5.19241833e-20  -5.19241833e-20
329.165279  5.145676923e-20  -5.145676923e-20
329.4779249  5.101898142e-20  -5.101898142e-20
329.7387739  5.0656889e-20  -5.0656889e-20
329.9195339  5.040764552e-20  -5.040764552e-20
330  5.029713227e-20  -5.029713227e-20
330.0804661  5.018688817e-20  -5.018688817e-20
330.2612261  4.994021211e-20  -4.994021211e-20
330.5220751  4.958661327e-20  -4.958661327e-20
330.834721  4.916646016e-20  -4.916646016e-20
331.165279  4.872653297e-20  -4.872653297e-20
331.4779249  4.831446552e-20  -4.831446552e-20
331.7387739  4.79736284e-20  -4.79736284e-20
331.9195339  4.773900635e-20  -4.773900635e-20
332  4.763497369e-20  -4.763497369e-20
332.0804661  4.753119287e-20  -4.753119287e-20
332.2612261  4.729897315e-20  -4.729897315e-20
332.5220751  4.696608342e-20  -4.696608342e-20
332.834721  4.657051665e-20  -4.657051665e-20
333.165279  4.615630875e-20  -4.615630875e-20
333.4779249  4.576830922e-20  -4.576830922e-20
333.7387739  4.544736295e-20  -4.544736295e-20
333.9195339  4.522642435e-20  -4.522642435e-20
334  4.512845669e-20  -4.512845669e-20
334.0804661  4.503072477e-20  -4.503072477e-20
334.2612261  4.481203492e-20  -4.481203492e-20
334.5220751  4.449852796e-20  -4.449852796e-20
334.834721  4.412597417e-20  -4.412597417e-20
335.165279  4.373584123e-20  -4.373584123e-20
335.4779249  4.33703723e-20  -4.33703723e-20
335.7387739  4.306804744e-20  -4.306804744e-20
335.9195339  4.285991956e-20  -4.285991956e-20
336  4.276763023e-20  -4.276763023e-20
336.0804661  4.267556165e-20  -4.267556165e-20
336.2612261  4.246953959e-20  -4.246953959e-20
336.5220751  4.217418118e-20  -4.217418118e-20
336.834721  4.182317622e-20  -4.182317622e-20
337.165279  4.145558793e-20  -4.145558793e-20
337.4779249  4.111121879e-20  -4.111121879e-20
337.7387739  4.082633376e-20  -4.082633376e-20
337.9195339  4.063020425e-20  -4.063020425e-20
338  4.05432333e-20  -4.05432333e-20
338.0804661  4.045646916e-20  -4.045646916e-20
338.2612261  4.026231238e-20  -4.026231238e-20
338.5220751  3.998395354e-20  -3.998395354e-20
338.834721  3.965313428e-20  -3.965313428e-20
339.165279  3.930666585e-20  -3.930666585e-20
339.4779249  3.898206425e-20  -3.898206425e-20
339.7387739  3.871351879e-20  -3.871351879e-20
339.9195339  3.852863116e-20  -3.852863116e-20
340  3.844664341e-20  -3.844664341e-20
340.0804661  3.836484946e-20  -3.836484946e-20
340.2612261  3.818181061e-20  -3.818181061e-20
340.5220751  3.791938126e-20  -3.791938126e-20
340.834721  3.76074781e-20  -3.76074781e-20
341.165279  3.72808024e-20  -3.72808024e-20
341.4779249  3.697472732e-20  -3.697472732e-20
341.7387739  3.672149646e-20  -3.672149646e-20
341.9195339  3.654714597e-20  -3.654714597e-20
342  3.646982913e-20  -3.646982913e-20
342.0804661  3.639269399e-20  -3.639269399e-20
342.2612261  3.622007676e-20  -3.622007676e-20
342.5220751  3.597257988e-20  -3.597257988e-20
342.834721  3.567840984e-20  -3.567840984e-20
343.165279  3.537029019e-20  -3.537029019e-20
343.4779249  3.508158512e-20  -3.508158512e-20
343.7387739  3.484271364e-20  -3.484271364e-20
343.9195339  3.467824345e-20  -3.467824345e-20
344  3.460530648e-20  -3.460530648e-20
344.0804661  3.453253991e-20  -3.453253991e-20
344.2612261  3.436969531e-20  -3.436969531e-20
344.5220751  3.413620157e-20  -3.413620157e-20
344.834721  3.385866192e-20  -3.385866192e-20
345.165279  3.356794545e-20  -3.356794545e-20
345.4779249  3.329553221e-20  -3.329553221e-20
345.7387739  3.307012952e-20  -3.307012952e-20
345.9195339  3.291492722e-20  -3.291492722e-20
346  3.284609872e-20  -3.284609872e-20
346.0804661  3.277743012e-20  -3.277743012e-20
346.2612261  3.262375297e-20  -3.262375297e-20
346.5220751  3.240339579e-20  -3.240339579e-20
346.834721  3.214145818e-20  -3.214145818e-20
347.165279  3.186706974e-20  -3.186706974e-20
347.4779249  3.160994272e-20  -3.160994272e-20
347.7387739  3.139717813e-20  -3.139717813e-20
347.9195339  3.125067248e-20  -3.125067248e-20
348  3.118569934e-20  -3.118569934e-20
348.0804661  3.112087625e-20  -3.112087625e-20
348.2612261  3.097580207e-20  -3.097580207e-20
348.5220751  3.076777303e-20  -3.076777303e-20
348.834721  3.052047808e-20  -3.052047808e-20
349.165279  3.026141456e-20  -3.026141456e-20
349.4779249  3.00186355e-20  -3.00186355e-20
349.7387739  2.981773391e-20  -2.981773391e-20
349.9195339  2.967939188e-20  -2.967939188e-20
350  2.961803786e-20  -2.961803786e-20
350.0804661  2.955682473e-20  -2.955682473e-20
350.2612261  2.941982671e-20  -2.941982671e-20
350.5220751  2.922337136e-20  -2.922337136e-20
350.834721  2.898982371e-20  -2.898982371e-20
351.165279  2.874514885e-20  -2.874514885e-20
351.4779249  2.851584197e-20  -2.851584197e-20
351.7387739  2.832607985e-20  -2.832607985e-20
351.9195339  2.819540382e-20  -2.819540382e-20
352  2.813744841e-20  -2.813744841e-20
352.0804661  2.807962533e-20  -2.807962533e-20
352.2612261  2.795021166e-20  -2.795021166e-20
352.5220751  2.776462566e-20  -2.776462566e-20
352.834721  2.754398933e-20  -2.754398933e-20
353.165279  2.731282892e-20  -2.731282892e-20
353.4779249  2.709617642e-20  -2.709617642e-20
353.7387739  2.691687811e-20  -2.691687811e-20
353.9195339  2.67934034e-20  -2.67934034e-20
354  2.673864066e-20  -2.673864066e-20
354.0804661  2.668400225e-20  -2.668400225e-20
354.2612261  2.656171363e-20  -2.656171363e-20
354.5220751  2.638633911e-20  -2.638633911e-20
354.834721  2.617783327e-20  -2.617783327e-20
355.165279  2.595937075e-20  -2.595937075e-20
355.4779249  2.575460869e-20  -2.575460869e-20
355.7387739  2.558514299e-20  -2.558514299e-20
355.9195339  2.546843546e-20  -2.546843546e-20
356  2.541667299e-20  -2.541667299e-20
356.0804661  2.536502737e-20  -2.536502737e-20
356.2612261  2.524943466e-20  -2.524943466e-20
356.5220751  2.508365697e-20  -2.508365697e-20
356.834721  2.488655203e-20  -2.488655203e-20
357.165279  2.468002433e-20  -2.468002433e-20
357.4779249  2.448643882e-20  -2.448643882e-20
357.7387739  2.432621584e-20  -2.432621584e-20
357.9195339  2.421586976e-20  -2.421586976e-20
358  2.416692772e-20  -2.416692772e-20
358.0804661  2.411809557e-20  -2.411809557e-20
358.2612261  2.400879767e-20  -2.400879767e-20
358.5220751  2.385204229e-20  -2.385204229e-20
358.834721  2.366565626e-20  -2.366565626e-20
359.165279  2.34703501e-20  -2.34703501e-20
359.4779249  2.328727373e-20  -2.328727373e-20
359.7387739  2.313574199e-20  -2.313574199e-20
359.9195339  2.3031378e-20  -2.3031378e-20
360  2.298508828e-20  -2.298508828e-20
360.0804661  2.293890191e-20  -2.293890191e-20
360.2612261  2.28355238e-20  -2.28355238e-20
360.5220751  2.268725354e-20  -2.268725354e-20
360.834721  2.25109487e-20  -2.25109487e-20
361.165279  2.232619702e-20  -2.232619702e-20
361.4779249  2.215300563e-20  -2.215300563e-20
361.7387739  2.200964934e-20  -2.200964934e-20
361.9195339  2.191091265e-20  -2.191091265e-20
362  2.186711799e-20  -2.186711799e-20
362.0804661  2.182342056e-20  -2.182342056e-20
362.2612261  2.172561147e-20  -2.172561147e-20
362.5220751  2.158532382e-20  -2.158532382e-20
362.834721  2.141850361e-20  -2.141850361e-20
363.165279  2.124368239e-20  -2.124368239e-20
363.4779249  2.107979206e-20  -2.107979206e-20
363.7387739  2.094412864e-20  -2.094412864e-20
363.9195339  2.085068728e-20  -2.085068728e-20
364  2.080924053e-20  -2.080924053e-20
364.0804661  2.076788531e-20  -2.076788531e-20
364.2612261  2.067531699e-20  -2.067531699e-20
364.5220751  2.054254176e-20  -2.054254176e-20
364.834721  2.038464794e-20  -2.038464794e-20
365.165279  2.021917318e-20  -2.021917318e-20
365.4779249  2.00640374e-20  -2.00640374e-20
365.7387739  1.993561518e-20  -1.993561518e-20
365.9195339  1.984715842e-20  -1.984715842e-20
366  1.980792188e-20  -1.980792188e-20
366.0804661  1.97687715e-20  -1.97687715e-20
366.2612261  1.968113672e-20  -1.968113672e-20
366.5220751  1.955543375e-20  -1.955543375e-20
366.834721  1.940594371e-20  -1.940594371e-20
367.165279  1.92492687e-20  -1.92492687e-20
367.4779249  1.91023758e-20  -1.91023758e-20
367.7387739  1.898077189e-20  -1.898077189e-20
367.9195339  1.889700881e-20  -1.889700881e-20
368  1.88598535e-20  -1.88598535e-20
368.0804661  1.882277935e-20  -1.882277935e-20
368.2612261  1.873979042e-20  -1.873979042e-20
368.5220751  1.862074754e-20  -1.862074754e-20
368.834721  1.847917189e-20  -1.847917189e-20
369.165279  1.83307846e-20  -1.83307846e-20
369.4779249  1.819165537e-20  -1.819165537e-20
369.7387739  1.807647367e-20  -1.807647367e-20
369.9195339  1.799713176e-20  -1.799713176e-20
370  1.79619369e-20  -1.79619369e-20
370.0804661  1.79268185e-20  -1.79268185e-20
370.2612261  1.784820593e-20  -1.784820593e-20
370.5220751  1.773543703e-20  -1.773543703e-20
370.834721  1.76013173e-20  -1.76013173e-20
371.165279  1.746073804e-20  -1.746073804e-20
371.4779249  1.73289235e-20  -1.73289235e-20
371.7387739  1.721979289e-20  -1.721979289e-20
371.9195339  1.714461681e-20  -1.714461681e-20
372  1.711126921e-20  -1.711126921e-20
372.0804661  1.707799367e-20  -1.707799367e-20
372.2612261  1.700350494e-20  -1.700350494e-20
372.5220751  1.689664821e-20  -1.689664821e-20
372.834721  1.676955474e-20  -1.676955474e-20
373.165279  1.663633395e-20  -1.663633395e-20
373.4779249  1.651141329e-20  -1.651141329e-20
373.7387739  1.640798593e-20  -1.640798593e-20
373.9195339  1.633673633e-20  -1.633673633e-20
374  1.63051299e-20  -1.63051299e-20
374.0804661  1.627359141e-20  -1.627359141e-20
374.2612261  1.620298979e-20  -1.620298979e-20
374.5220751  1.610170607e-20  -1.610170607e-20
374.834721  1.598123608e-20  -1.598123608e-20
375.165279  1.585495228e-20  -1.585495228e-20
375.4779249  1.573653098e-20  -1.573653098e-20
375.7387739  1.563848071e-20  -1.563848071e-20
375.9195339  1.557093318e-20  -1.557093318e-20
376  1.554096845e-20  -1.554096845e-20
376.0804661  1.551106777e-20  -1.551106777e-20
376.2612261  1.544413131e-20  -1.544413131e-20
376.5220751  1.534810253e-20  -1.534810253e-20
376.834721  1.523387829e-20  -1.523387829e-20
377.165279  1.511413622e-20  -1.511413622e-20
377.4779249  1.500184424e-20  -1.500184424e-20
377.7387739  1.490886515e-20  -1.490886515e-20
377.9195339  1.484480921e-20  -1.484480921e-20
378  1.481639285e-20  -1.481639285e-20
378.0804661  1.478803691e-20  -1.478803691e-20
378.2612261  1.472455739e-20  -1.472455739e-20
378.5220751  1.463348521e-20  -1.463348521e-20
378.834721  1.452515238e-20  -1.452515238e-20
379.165279  1.441158119e-20  -1.441158119e-20
379.4779249  1.430507137e-20  -1.430507137e-20
379.7387739  1.421687644e-20  -1.421687644e-20
379.9195339  1.415611458e-20  -1.415611458e-20
380  1.412915903e-20  -1.412915903e-20
380.0804661  1.410226051e-20  -1.410226051e-20
380.2612261  1.404204256e-20  -1.404204256e-20
380.5220751  1.3955647e-20  -1.3955647e-20
380.834721  1.385287305e-20  -1.385287305e-20
381.165279  1.374512473e-20  -1.374512473e-20
381.4779249  1.364407124e-20  -1.364407124e-20
381.7387739  1.356039109e-20  -1.356039109e-20
381.9195339  1.350273791e-20  -1.350273791e-20
382  1.347716101e-20  -1.347716101e-20
382.0804661  1.345163792e-20  -1.345163792e-20
382.2612261  1.339449815e-20  -1.339449815e-20
382.5220751  1.33125164e-20  -1.33125164e-20
382.834721  1.321498917e-20  -1.321498917e-20
383.165279  1.311273701e-20  -1.311273701e-20
383.4779249  1.301683395e-20  -1.301683395e-20
383.7387739  1.293741564e-20  -1.293741564e-20
383.9195339  1.288269711e-20  -1.288269711e-20
384  1.285842167e-20  -1.285842167e-20
384.0804661  1.283419706e-20  -1.283419706e-20
384.2612261  1.277996326e-20  -1.277996326e-20
384.5220751  1.270214855e-20  -1.270214855e-20
384.834721  1.26095749e-20  -1.26095749e-20
385.165279  1.251251207e-20  -1.251251207e-20
385.4779249  1.242147217e-20  -1.242147217e-20
385.7387739  1.234607816e-20  -1.234607816e-20
385.9195339  1.229413078e-20  -1.229413078e-20
386  1.227108434e-20  -1.227108434e-20
386.0804661  1.224808589e-20  -1.224808589e-20
386.2612261  1.219659633e-20  -1.219659633e-20
386.5220751  1.212271685e-20  -1.212271685e-20
386.834721  1.203482143e-20  -1.203482143e-20
387.165279  1.194265971e-20  -1.194265971e-20
387.4779249  1.185621306e-20  -1.185621306e-20
387.7387739  1.178462017e-20  -1.178462017e-20
387.9195339  1.173529035e-20  -1.173529035e-20
388  1.171340481e-20  -1.171340481e-20
388.0804661  1.169156461e-20  -1.169156461e-20
388.2612261  1.164266731e-20  -1.164266731e-20
388.5220751  1.157250526e-20  -1.157250526e-20
388.834721  1.148902932e-20  -1.148902932e-20
389.165279  1.140149786e-20  -1.140149786e-20
389.4779249  1.131939083e-20  -1.131939083e-20
389.7387739  1.125138932e-20  -1.125138932e-20
389.9195339  1.120453271e-20  -1.120453271e-20
390  1.118374406e-20  -1.118374406e-20
390.0804661  1.116299827e-20  -1.116299827e-20
390.2612261  1.111655039e-20  -1.111655039e-20
390.5220751  1.104990104e-20  -1.104990104e-20
390.834721  1.097060137e-20  -1.097060137e-20
391.165279  1.088744556e-20  -1.088744556e-20
391.4779249  1.080943972e-20  -1.080943972e-20
391.7387739  1.074483241e-20  -1.074483241e-20
391.9195339  1.070031329e-20  -1.070031329e-20
392  1.068056137e-20  -1.068056137e-20
392.0804661  1.066084996e-20  -1.066084996e-20
392.2612261  1.061671721e-20  -1.061671721e-20
392.5220751  1.055338807e-20  -1.055338807e-20
392.834721  1.0478036e-20  -1.0478036e-20
393.165279  1.039901643e-20  -1.039901643e-20
393.4779249  1.032488757e-20  -1.032488757e-20
393.7387739  1.026348903e-20  -1.026348903e-20
393.9195339  1.022117977e-20  -1.022117977e-20
394  1.020240799e-20  -1.020240799e-20
394.0804661  1.01836745e-20  -1.01836745e-20
394.2612261  1.014173058e-20  -1.014173058e-20
394.5220751  1.008154063e-20  -1.008154063e-20
394.834721  1.000992106e-20  -1.000992106e-20
395.165279  9.934812538e-21  -9.934812538e-21
395.4779249  9.864349748e-21  -9.864349748e-21
395.7387739  9.805985539e-21  -9.805985539e-21
395.9195339  9.765766076e-21  -9.765766076e-21
396  9.747921198e-21  -9.747921198e-21
396.0804661  9.730112544e-21  -9.730112544e-21
396.2612261  9.690238625e-21  -9.690238625e-21
396.5220751  9.633017538e-21  -9.633017538e-21
396.834721  9.564928094e-21  -9.564928094e-21
397.165279  9.493518746e-21  -9.493518746e-21
397.4779249  9.426523573e-21  -9.426523573e-21
397.7387739  9.371029561e-21  -9.371029561e-21
397.9195339  9.332786911e-21  -9.332786911e-21
398  9.315818838e-21  -9.315818838e-21
398.0804661  9.298885037e-21  -9.298885037e-21
398.2612261  9.260969304e-21  -9.260969304e-21
398.5220751  9.206556789e-21  -9.206556789e-21
398.834721  9.141807018e-21  -9.141807018e-21
399.165279  9.073897419e-21  -9.073897419e-21
399.4779249  9.010183073e-21  -9.010183073e-21
399.7387739  8.957404756e-21  -8.957404756e-21
399.9195339  8.921032565e-21  -8.921032565e-21
