#L=6 M=5
#R     Re(V)   Im(V)

0.08046609183  -6.91532167e-13  6.909086374e-13
0.2612261349  -8.106884421e-10  8.106883763e-10
0.5220750502  -5.195351524e-08  5.195351513e-08
0.8347210423  -8.780271579e-07  8.78027158e-07
1.165278958  -6.614672215e-06  6.614672215e-06
1.47792495  -2.812612193e-05  2.812612193e-05
1.738773865  -7.615636127e-05  7.615636127e-05
1.919533908  -0.0001400576429  0.0001400576429
2  -0.0001805173706  0.0001805173706
2.080466092  -0.0002304566949  0.0002304566949
2.261226135  -0.0003866613262  0.0003866613262
2.52207505  -0.000764447939  0.000764447939
2.834721042  -0.001592825914  0.001592825914
3.165278958  -0.003197370974  0.003197370974
3.47792495  -0.005809817544  0.005809817544
3.738773865  -0.0091923674  0.0091923674
3.919533908  -0.01239613908  0.01239613908
4  -0.01409457015  0.01409457015
4.080466092  -0.01213079506  0.01213079506
4.261226135  -0.008709285351  0.008709285351
4.52207505  -0.005462669301  0.005462669301
4.834721042  -0.00316593257  0.00316593257
5.165278958  -0.001795876352  0.001795876352
5.47792495  -0.001053354117  0.001053354117
5.738773865  -0.0006727408699  0.0006727408699
5.919533908  -0.0004907847537  0.0004907847537
6  -0.0004257004861  0.0004257004861
6.080466092  -0.0003686972268  0.0003686972268
6.261226135  -0.0002651055669  0.0002651055669
6.52207505  -0.0001607759414  0.0001607759414
6.834721042  -8.279811574e-05  8.279811574e-05
7.165278958  -3.489225271e-05  3.489225271e-05
7.47792495  -9.211643351e-06  9.211643351e-06
7.738773865  3.243498521e-06  -3.243498521e-06
7.919533908  8.709941075e-06  -8.709941075e-06
8  1.052132887e-05  -1.052132887e-05
8.080466092  1.201647775e-05  -1.201647775e-05
8.261226135  1.442129614e-05  -1.442129614e-05
8.52207505  1.615504346e-05  -1.615504346e-05
8.834721042  1.649728375e-05  -1.649728375e-05
9.165278958  1.570396125e-05  -1.570396125e-05
9.47792495  1.441633966e-05  -1.441633966e-05
9.738773865  1.317706698e-05  -1.317706698e-05
9.919533908  1.229468555e-05  -1.229468555e-05
10  1.190354366e-05  -1.190354366e-05
10.08046609  1.151575552e-05  -1.151575552e-05
10.26122613  1.066330734e-05  -1.066330734e-05
10.52207505  9.495916192e-06  -9.495916192e-06
10.83472104  8.216976975e-06  -8.216976975e-06
11.16527896  7.019374916e-06  -7.019374916e-06
11.47792495  6.031198506e-06  -6.031198506e-06
11.73877387  5.307726091e-06  -5.307726091e-06
11.91953391  4.856286343e-06  -4.856286343e-06
12  4.66766898e-06  -4.66766898e-06
12.08046609  4.486325688e-06  -4.486325688e-06
12.26122613  4.104272743e-06  -4.104272743e-06
12.52207505  3.610284331e-06  -3.610284331e-06
12.83472104  3.097888795e-06  -3.097888795e-06
13.16527896  2.63802074e-06  -2.63802074e-06
13.47792495  2.269199243e-06  -2.269199243e-06
13.73877387  2.003650276e-06  -2.003650276e-06
13.91953391  1.839369826e-06  -1.839369826e-06
14  1.770980923e-06  -1.770980923e-06
14.08046609  1.70534233e-06  -1.70534233e-06
14.26122613  1.567337124e-06  -1.567337124e-06
14.52207505  1.389218812e-06  -1.389218812e-06
14.83472104  1.204405158e-06  -1.204405158e-06
15.16527896  1.037994581e-06  -1.037994581e-06
15.47792495  9.037626725e-07  -9.037626725e-07
15.73877387  8.064582917e-07  -8.064582917e-07
15.91953391  7.458925453e-07  -7.458925453e-07
16  7.205802828e-07  -7.205802828e-07
16.08046609  6.962250356e-07  -6.962250356e-07
16.26122613  6.448032056e-07  -6.448032056e-07
16.52207505  5.779388247e-07  -5.779388247e-07
16.83472104  5.078456865e-07  -5.078456865e-07
17.16527896  4.439613091e-07  -4.439613091e-07
17.47792495  3.917740435e-07  -3.917740435e-07
17.73877387  3.535022191e-07  -3.535022191e-07
17.91953391  3.294631352e-07  -3.294631352e-07
18  3.193618956e-07  -3.193618956e-07
18.08046609  3.096102148e-07  -3.096102148e-07
18.26122613  2.889104789e-07  -2.889104789e-07
18.52207505  2.617481928e-07  -2.617481928e-07
18.83472104  2.329347434e-07  -2.329347434e-07
19.16527896  2.063223326e-07  -2.063223326e-07
19.47792495  1.842932108e-07  -1.842932108e-07
19.73877387  1.679478652e-07  -1.679478652e-07
19.91953391  1.575889549e-07  -1.575889549e-07
20  1.532132151e-07  -1.532132151e-07
20.08046609  1.489753831e-07  -1.489753831e-07
20.26122613  1.399336312e-07  -1.399336312e-07
20.52207505  1.279666777e-07  -1.279666777e-07
20.83472104  1.15131665e-07  -1.15131665e-07
21.16527896  1.031321285e-07  -1.031321285e-07
21.47792495  9.307995375e-08  -9.307995375e-08
21.73877387  8.554305365e-08  -8.554305365e-08
21.91953391  8.072857543e-08  -8.072857543e-08
22  7.868544478e-08  -7.868544478e-08
22.08046609  7.670114088e-08  -7.670114088e-08
22.26122613  7.244840932e-08  -7.244840932e-08
22.52207505  6.677741808e-08  -6.677741808e-08
22.83472104  6.063650264e-08  -6.063650264e-08
23.16527896  5.483458788e-08  -5.483458788e-08
23.47792495  4.99239897e-08  -4.99239897e-08
23.73877387  4.620894086e-08  -4.620894086e-08
23.91953391  4.381965885e-08  -4.381965885e-08
24  4.28016886e-08  -4.28016886e-08
24.08046609  4.181064777e-08  -4.181064777e-08
24.26122613  3.967847834e-08  -3.967847834e-08
24.52207505  3.681692719e-08  -3.681692719e-08
24.83472104  3.369277523e-08  -3.369277523e-08
25.16527896  3.071444425e-08  -3.071444425e-08
25.47792495  2.817142744e-08  -2.817142744e-08
25.73877387  2.623275005e-08  -2.623275005e-08
25.91953391  2.497867579e-08  -2.497867579e-08
26  2.444255842e-08  -2.444255842e-08
26.08046609  2.391955023e-08  -2.391955023e-08
26.26122613  2.279062155e-08  -2.279062155e-08
26.52207505  2.12671623e-08  -2.12671623e-08
26.83472104  1.959220416e-08  -1.959220416e-08
27.16527896  1.798309401e-08  -1.798309401e-08
27.47792495  1.659879615e-08  -1.659879615e-08
27.73877387  1.55365166e-08  -1.55365166e-08
27.91953391  1.484593426e-08  -1.484593426e-08
28  1.454985092e-08  -1.454985092e-08
28.08046609  1.426049682e-08  -1.426049682e-08
28.26122613  1.363414784e-08  -1.363414784e-08
28.52207505  1.278490088e-08  -1.278490088e-08
28.83472104  1.184554647e-08  -1.184554647e-08
29.16527896  1.09371103e-08  -1.09371103e-08
29.47792495  1.015049653e-08  -1.015049653e-08
29.73877387  9.543426105e-09  -9.543426105e-09
29.91953391  9.147070009e-09  -9.147070009e-09
30  8.976706048e-09  -8.976706048e-09
30.08046609  8.809958745e-09  -8.809958745e-09
30.26122613  8.44812228e-09  -8.44812228e-09
30.52207505  7.955500146e-09  -7.955500146e-09
30.83472104  7.407740371e-09  -7.407740371e-09
31.16527896  6.874938567e-09  -6.874938567e-09
31.47792495  6.410963536e-09  -6.410963536e-09
31.73877387  6.051109007e-09  -6.051109007e-09
31.91953391  5.815274415e-09  -5.815274415e-09
32  5.713683197e-09  -5.713683197e-09
32.08046609  5.614115229e-09  -5.614115229e-09
32.26122613  5.397590465e-09  -5.397590465e-09
32.52207505  5.101739629e-09  -5.101739629e-09
32.83472104  4.771255962e-09  -4.771255962e-09
33.16527896  4.448160582e-09  -4.448160582e-09
33.47792495  4.165396272e-09  -4.165396272e-09
33.73877387  3.945126919e-09  -3.945126919e-09
33.91953391  3.800291564e-09  -3.800291564e-09
34  3.737779094e-09  -3.737779094e-09
34.08046609  3.676439057e-09  -3.676439057e-09
34.26122613  3.542792712e-09  -3.542792712e-09
34.52207505  3.359601816e-09  -3.359601816e-09
34.83472104  3.154130778e-09  -3.154130778e-09
35.16527896  2.952348279e-09  -2.952348279e-09
35.47792495  2.774971858e-09  -2.774971858e-09
35.73877387  2.636261691e-09  -2.636261691e-09
35.91953391  2.54478567e-09  -2.54478567e-09
36  2.50523548e-09  -2.50523548e-09
36.08046609  2.466386218e-09  -2.466386218e-09
36.26122613  2.38159913e-09  -2.38159913e-09
36.52207505  2.265050806e-09  -2.265050806e-09
36.83472104  2.133852342e-09  -2.133852342e-09
37.16527896  2.004491791e-09  -2.004491791e-09
37.47792495  1.890328579e-09  -1.890328579e-09
37.73877387  1.800742274e-09  -1.800742274e-09
37.91953391  1.74150661e-09  -1.74150661e-09
38  1.715856185e-09  -1.715856185e-09
38.08046609  1.690636626e-09  -1.690636626e-09
38.26122613  1.635512533e-09  -1.635512533e-09
38.52207505  1.559546577e-09  -1.559546577e-09
38.83472104  1.473753101e-09  -1.473753101e-09
39.16527896  1.388856872e-09  -1.388856871e-09
39.47792495  1.313668667e-09  -1.313668667e-09
39.73877387  1.254483118e-09  -1.254483118e-09
39.91953391  1.215256151e-09  -1.215256151e-09
40  1.19824637e-09  -1.19824637e-09
40.08046609  1.181508141e-09  -1.181508141e-09
40.26122613  1.144872392e-09  -1.144872392e-09
40.52207505  1.094269578e-09  -1.094269578e-09
40.83472104  1.036952611e-09  -1.036952611e-09
41.16527896  9.800508777e-10  -9.800508777e-10
41.47792495  9.294946858e-10  -9.294946858e-10
41.73877387  8.89586642e-10  -8.89586642e-10
41.91953391  8.630797854e-10  -8.630797854e-10
42  8.515713241e-10  -8.515713241e-10
42.08046609  8.402379072e-10  -8.402379072e-10
42.26122613  8.154013178e-10  -8.154013178e-10
42.52207505  7.810249607e-10  -7.810249607e-10
42.83472104  7.41983864e-10  -7.41983864e-10
43.16527896  7.031114947e-10  -7.031114947e-10
43.47792495  6.684738172e-10  -6.684738172e-10
43.73877387  6.410617011e-10  -6.410617011e-10
43.91953391  6.228192159e-10  -6.228192159e-10
44  6.148898524e-10  -6.148898524e-10
44.08046609  6.07075653e-10  -6.07075653e-10
44.26122613  5.899320299e-10  -5.899320299e-10
44.52207505  5.661588228e-10  -5.661588228e-10
44.83472104  5.390943219e-10  -5.390943219e-10
45.16527896  5.12074539e-10  -5.12074539e-10
45.47792495  4.879345565e-10  -4.879345565e-10
45.73877387  4.687857852e-10  -4.687857852e-10
45.91953391  4.56019866e-10  -4.56019866e-10
46  4.504651934e-10  -4.504651934e-10
46.08046609  4.449877124e-10  -4.449877124e-10
46.26122613  4.329583159e-10  -4.329583159e-10
46.52207505  4.162483436e-10  -4.162483436e-10
46.83472104  3.97182858e-10  -3.97182858e-10
47.16527896  3.781022045e-10  -3.781022045e-10
47.47792495  3.610139252e-10  -3.610139252e-10
47.73877387  3.474299384e-10  -3.474299384e-10
47.91953391  3.383591808e-10  -3.383591808e-10
48  3.344085707e-10  -3.344085707e-10
48.08046609  3.305105888e-10  -3.305105888e-10
48.26122613  3.219419727e-10  -3.219419727e-10
48.52207505  3.100205659e-10  -3.100205659e-10
48.83472104  2.963910481e-10  -2.963910481e-10
49.16527896  2.827199842e-10  -2.827199842e-10
49.47792495  2.70449211e-10  -2.70449211e-10
49.73877387  2.606756925e-10  -2.606756925e-10
49.91953391  2.541396392e-10  -2.541396392e-10
50  2.512904771e-10  -2.512904771e-10
50.08046609  2.484777617e-10  -2.484777617e-10
50.26122613  2.422894519e-10  -2.422894519e-10
50.52207505  2.336672265e-10  -2.336672265e-10
50.83472104  2.237911709e-10  -2.237911709e-10
51.16527896  2.138644688e-10  -2.138644688e-10
51.47792495  2.049362734e-10  -2.049362734e-10
51.73877387  1.978122282e-10  -1.978122282e-10
51.91953391  1.930414477e-10  -1.930414477e-10
52  1.909601099e-10  -1.909601099e-10
52.08046609  1.88904379e-10  -1.88904379e-10
52.26122613  1.843779143e-10  -1.843779143e-10
52.52207505  1.780626899e-10  -1.780626899e-10
52.83472104  1.708166223e-10  -1.708166223e-10
53.16527896  1.635194368e-10  -1.635194368e-10
53.47792495  1.569438237e-10  -1.569438237e-10
53.73877387  1.516881971e-10  -1.516881971e-10
53.91953391  1.481641574e-10  -1.481641574e-10
54  1.466255798e-10  -1.466255798e-10
54.08046609  1.451052347e-10  -1.451052347e-10
54.26122613  1.417551476e-10  -1.417551476e-10
54.52207505  1.370753702e-10  -1.370753702e-10
54.83472104  1.316972153e-10  -1.316972153e-10
55.16527896  1.262714975e-10  -1.262714975e-10
55.47792495  1.213737025e-10  -1.213737025e-10
55.73877387  1.174530191e-10  -1.174530191e-10
55.91953391  1.148209831e-10  -1.148209831e-10
56  1.136710502e-10  -1.136710502e-10
56.08046609  1.125342602e-10  -1.125342602e-10
56.26122613  1.100276182e-10  -1.100276182e-10
56.52207505  1.065220166e-10  -1.065220166e-10
56.83472104  1.024872718e-10  -1.024872718e-10
57.16527896  9.841012228e-11  -9.841012228e-11
57.47792495  9.472366527e-11  -9.472366527e-11
57.73877387  9.176840053e-11  -9.176840053e-11
57.91953391  8.978228474e-11  -8.978228474e-11
58  8.891399139e-11  -8.891399139e-11
58.08046609  8.805528176e-11  -8.805528176e-11
58.26122613  8.616060088e-11  -8.616060088e-11
58.52207505  8.35079926e-11  -8.35079926e-11
58.83472104  8.045076365e-11  -8.045076365e-11
59.16527896  7.735664854e-11  -7.735664854e-11
59.47792495  7.455476427e-11  -7.455476427e-11
59.73877387  7.230559926e-11  -7.230559926e-11
59.91953391  7.07924717e-11  -7.07924717e-11
60  7.013056029e-11  -7.013056029e-11
60.08046609  6.947571246e-11  -6.947571246e-11
60.26122613  6.802997529e-11  -6.802997529e-11
60.52207505  6.60038689e-11  -6.60038689e-11
60.83472104  6.36656848e-11  -6.36656848e-11
61.16527896  6.129588727e-11  -6.129588727e-11
61.47792495  5.914685518e-11  -5.914685518e-11
61.73877387  5.741958647e-11  -5.741958647e-11
61.91953391  5.625644847e-11  -5.625644847e-11
62  5.574735092e-11  -5.574735092e-11
62.08046609  5.524351186e-11  -5.524351186e-11
62.26122613  5.413054219e-11  -5.413054219e-11
62.52207505  5.256932218e-11  -5.256932218e-11
62.83472104  5.076544785e-11  -5.076544785e-11
63.16527896  4.893472275e-11  -4.893472275e-11
63.47792495  4.727233021e-11  -4.727233021e-11
63.73877387  4.593462001e-11  -4.593462001e-11
63.91953391  4.503299845e-11  -4.503299845e-11
64  4.463815577e-11  -4.463815577e-11
64.08046609  4.424726462e-11  -4.424726462e-11
64.26122613  4.338334219e-11  -4.338334219e-11
64.52207505  4.217040572e-11  -4.217040572e-11
64.83472104  4.0767355e-11  -4.0767355e-11
65.16527896  3.9341621e-11  -3.9341621e-11
65.47792495  3.804536077e-11  -3.804536077e-11
65.73877387  3.700111954e-11  -3.700111954e-11
65.91953391  3.629670197e-11  -3.629670197e-11
66  3.598806635e-11  -3.598806635e-11
66.08046609  3.568242637e-11  -3.568242637e-11
66.26122613  3.500658814e-11  -3.500658814e-11
66.52207505  3.405693388e-11  -3.405693388e-11
66.83472104  3.295725887e-11  -3.295725887e-11
67.16527896  3.18384782e-11  -3.18384782e-11
67.47792495  3.082009897e-11  -3.082009897e-11
67.73877387  2.99988594e-11  -2.99988594e-11
67.91953391  2.944443212e-11  -2.944443212e-11
68  2.920139994e-11  -2.920139994e-11
68.08046609  2.896065759e-11  -2.896065759e-11
68.26122613  2.842807591e-11  -2.842807591e-11
68.52207505  2.767913525e-11  -2.767913525e-11
68.83472104  2.681100935e-11  -2.681100935e-11
69.16527896  2.592681275e-11  -2.592681275e-11
69.47792495  2.512107308e-11  -2.512107308e-11
69.73877387  2.447067276e-11  -2.447067276e-11
69.91953391  2.403125154e-11  -2.403125154e-11
70  2.383854702e-11  -2.383854702e-11
70.08046609  2.364760651e-11  -2.364760651e-11
70.26122613  2.322501431e-11  -2.322501431e-11
70.52207505  2.263030897e-11  -2.263030897e-11
70.83472104  2.194030931e-11  -2.194030931e-11
71.16527896  2.123679471e-11  -2.123679471e-11
71.47792495  2.059503376e-11  -2.059503376e-11
71.73877387  2.0076519e-11  -2.0076519e-11
71.91953391  1.972595382e-11  -1.972595382e-11
72  1.957215229e-11  -1.957215229e-11
72.08046609  1.941971972e-11  -1.941971972e-11
72.26122613  1.908221462e-11  -1.908221462e-11
72.52207505  1.860692075e-11  -1.860692075e-11
72.83472104  1.805497256e-11  -1.805497256e-11
73.16527896  1.749165214e-11  -1.749165214e-11
73.47792495  1.697727093e-11  -1.697727093e-11
73.73877387  1.656130969e-11  -1.656130969e-11
73.91953391  1.627989212e-11  -1.627989212e-11
74  1.615637866e-11  -1.615637866e-11
74.08046609  1.603393499e-11  -1.603393499e-11
74.26122613  1.57627233e-11  -1.57627233e-11
74.52207505  1.538053657e-11  -1.538053657e-11
74.83472104  1.493633524e-11  -1.493633524e-11
75.16527896  1.448255366e-11  -1.448255366e-11
75.47792495  1.406780687e-11  -1.406780687e-11
75.73877387  1.373213837e-11  -1.373213837e-11
75.91953391  1.350489864e-11  -1.350489864e-11
76  1.340512646e-11  -1.340512646e-11
76.08046609  1.330619579e-11  -1.330619579e-11
76.26122613  1.308698414e-11  -1.308698414e-11
76.52207505  1.277788259e-11  -1.277788259e-11
76.83472104  1.241833666e-11  -1.241833666e-11
77.16527896  1.205070757e-11  -1.205070757e-11
77.47792495  1.171440396e-11  -1.171440396e-11
77.73877387  1.144200824e-11  -1.144200824e-11
77.91953391  1.125749179e-11  -1.125749179e-11
78  1.117644905e-11  -1.117644905e-11
78.08046609  1.109607239e-11  -1.109607239e-11
78.26122613  1.091791042e-11  -1.091791042e-11
78.52207505  1.066654294e-11  -1.066654294e-11
78.83472104  1.037393004e-11  -1.037393004e-11
79.16527896  1.007448457e-11  -1.007448457e-11
79.47792495  9.80032375e-12  -9.80032375e-12
79.73877387  9.578096061e-12  -9.578096061e-12
79.91953391  9.427476628e-12  -9.427476628e-12
80  9.361299766e-12  -9.361299766e-12
80.08046609  9.295653267e-12  -9.295653267e-12
80.26122613  9.150093475e-12  -9.150093475e-12
80.52207505  8.944608871e-12  -8.944608871e-12
80.83472104  8.705234085e-12  -8.705234085e-12
81.16527896  8.460072055e-12  -8.460072055e-12
81.47792495  8.235431159e-12  -8.235431159e-12
81.73877387  8.053213822e-12  -8.053213822e-12
81.91953391  7.929645141e-12  -7.929645141e-12
82  7.875336048e-12  -7.875336048e-12
82.08046609  7.821451632e-12  -7.821451632e-12
82.26122613  7.701934333e-12  -7.701934333e-12
82.52207505  7.533123401e-12  -7.533123401e-12
82.83472104  7.336335147e-12  -7.336335147e-12
83.16527896  7.134634362e-12  -7.134634362e-12
83.47792495  6.949675808e-12  -6.949675808e-12
83.73877387  6.799545415e-12  -6.799545415e-12
83.91953391  6.697683477e-12  -6.697683477e-12
84  6.652900969e-12  -6.652900969e-12
84.08046609  6.608460338e-12  -6.608460338e-12
84.26122613  6.509859864e-12  -6.509859864e-12
84.52207505  6.370521812e-12  -6.370521812e-12
84.83472104  6.20798428e-12  -6.20798428e-12
85.16527896  6.041267252e-12  -6.041267252e-12
85.47792495  5.88827746e-12  -5.88827746e-12
85.73877387  5.764016059e-12  -5.764016059e-12
85.91953391  5.679664393e-12  -5.679664393e-12
86  5.642569313e-12  -5.642569313e-12
86.08046609  5.605750861e-12  -5.605750861e-12
86.26122613  5.524038189e-12  -5.524038189e-12
86.52207505  5.408509235e-12  -5.408509235e-12
86.83472104  5.27366049e-12  -5.27366049e-12
87.16527896  5.135247628e-12  -5.135247628e-12
87.47792495  5.008143366e-12  -5.008143366e-12
87.73877387  4.904843275e-12  -4.904843275e-12
87.91953391  4.834687655e-12  -4.834687655e-12
88  4.803826972e-12  -4.803826972e-12
88.08046609  4.773191214e-12  -4.773191214e-12
88.26122613  4.705181344e-12  -4.705181344e-12
88.52207505  4.608981463e-12  -4.608981463e-12
88.83472104  4.496626969e-12  -4.496626969e-12
89.16527896  4.381225967e-12  -4.381225967e-12
89.47792495  4.275183236e-12  -4.275183236e-12
89.73877387  4.188949668e-12  -4.188949668e-12
89.91953391  4.13035834e-12  -4.13035834e-12
90  4.104577832e-12  -4.104577832e-12
90.08046609  4.078981062e-12  -4.078981062e-12
90.26122613  4.022142561e-12  -4.022142561e-12
90.52207505  3.941708971e-12  -3.941708971e-12
90.83472104  3.847714622e-12  -3.847714622e-12
91.16527896  3.751110043e-12  -3.751110043e-12
91.47792495  3.662283232e-12  -3.662283232e-12
91.73877387  3.590009042e-12  -3.590009042e-12
91.91953391  3.540881286e-12  -3.540881286e-12
92  3.519259324e-12  -3.519259324e-12
92.08046609  3.497788123e-12  -3.497788123e-12
92.26122613  3.450098603e-12  -3.450098603e-12
92.52207505  3.382583379e-12  -3.382583379e-12
92.83472104  3.303642193e-12  -3.303642193e-12
93.16527896  3.222459298e-12  -3.222459298e-12
93.47792495  3.147767294e-12  -3.147767294e-12
93.73877387  3.086961278e-12  -3.086961278e-12
93.91953391  3.0456119e-12  -3.0456119e-12
94  3.027408919e-12  -3.027408919e-12
94.08046609  3.00933017e-12  -3.00933017e-12
94.26122613  2.969165929e-12  -2.969165929e-12
94.52207505  2.912281364e-12  -2.912281364e-12
94.83472104  2.845735056e-12  -2.845735056e-12
95.16527896  2.777259023e-12  -2.777259023e-12
95.47792495  2.714221328e-12  -2.714221328e-12
95.73877387  2.662876551e-12  -2.662876551e-12
95.91953391  2.627947246e-12  -2.627947246e-12
96  2.612566959e-12  -2.612566959e-12
96.08046609  2.597289459e-12  -2.597289459e-12
96.26122613  2.56334072e-12  -2.56334072e-12
96.52207505  2.51524047e-12  -2.51524047e-12
96.83472104  2.458942202e-12  -2.458942202e-12
97.16527896  2.400978927e-12  -2.400978927e-12
97.47792495  2.347589357e-12  -2.347589357e-12
97.73877387  2.304081601e-12  -2.304081601e-12
97.91953391  2.274472542e-12  -2.274472542e-12
98  2.261431991e-12  -2.261431991e-12
98.08046609  2.248476818e-12  -2.248476818e-12
98.26122613  2.219682242e-12  -2.219682242e-12
98.52207505  2.178869448e-12  -2.178869448e-12
98.83472104  2.131077656e-12  -2.131077656e-12
99.16527896  2.081845979e-12  -2.081845979e-12
99.47792495  2.036474791e-12  -2.036474791e-12
99.73877387  1.999483786e-12  -1.999483786e-12
99.91953391  1.974300541e-12  -1.974300541e-12
100  1.963206853e-12  -1.963206853e-12
100.0804661  1.952184348e-12  -1.952184348e-12
100.2612261  1.927680175e-12  -1.927680175e-12
100.5220751  1.892936067e-12  -1.892936067e-12
100.834721  1.852231873e-12  -1.852231873e-12
101.165279  1.810279684e-12  -1.810279684e-12
101.4779249  1.771597321e-12  -1.771597321e-12
101.7387739  1.740045346e-12  -1.740045346e-12
101.9195339  1.718557466e-12  -1.718557466e-12
102  1.709089708e-12  -1.709089708e-12
102.0804661  1.699681514e-12  -1.699681514e-12
102.2612261  1.67876185e-12  -1.67876185e-12
102.5220751  1.649089958e-12  -1.649089958e-12
102.834721  1.614312617e-12  -1.614312617e-12
103.165279  1.578451214e-12  -1.578451214e-12
103.4779249  1.545368597e-12  -1.545368597e-12
103.7387739  1.518372353e-12  -1.518372353e-12
103.9195339  1.499980903e-12  -1.499980903e-12
104  1.491875858e-12  -1.491875858e-12
104.0804661  1.483820827e-12  -1.483820827e-12
104.2612261  1.465906482e-12  -1.465906482e-12
104.5220751  1.440488846e-12  -1.440488846e-12
104.834721  1.410685018e-12  -1.410685018e-12
105.165279  1.379937492e-12  -1.379937492e-12
105.4779249  1.351559033e-12  -1.351559033e-12
105.7387739  1.328391753e-12  -1.328391753e-12
105.9195339  1.31260373e-12  -1.31260373e-12
106  1.305644683e-12  -1.305644683e-12
106.0804661  1.298727769e-12  -1.298727769e-12
106.2612261  1.283341685e-12  -1.283341685e-12
106.5220751  1.261504302e-12  -1.261504302e-12
106.834721  1.23588801e-12  -1.23588801e-12
107.165279  1.209448471e-12  -1.209448471e-12
107.4779249  1.185034926e-12  -1.185034926e-12
107.7387739  1.1650964e-12  -1.1650964e-12
107.9195339  1.151504486e-12  -1.151504486e-12
108  1.145512342e-12  -1.145512342e-12
108.0804661  1.139555808e-12  -1.139555808e-12
108.2612261  1.126303597e-12  -1.126303597e-12
108.5220751  1.107489038e-12  -1.107489038e-12
108.834721  1.085409909e-12  -1.085409909e-12
109.165279  1.062611127e-12  -1.062611127e-12
109.4779249  1.041550091e-12  -1.041550091e-12
109.7387739  1.024342843e-12  -1.024342843e-12
109.9195339  1.012609305e-12  -1.012609305e-12
110  1.007435534e-12  -1.007435534e-12
110.0804661  1.002291952e-12  -1.002291952e-12
110.2612261  9.908464045e-13  -9.908464045e-13
110.5220751  9.745920176e-13  -9.745920176e-13
110.834721  9.555099932e-13  -9.555099932e-13
111.165279  9.357975985e-13  -9.357975985e-13
111.4779249  9.175799774e-13  -9.175799774e-13
111.7387739  9.026902491e-13  -9.026902491e-13
111.9195339  8.925340869e-13  -8.925340869e-13
112  8.880550793e-13  -8.880550793e-13
112.0804661  8.836017414e-13  -8.836017414e-13
112.2612261  8.736904566e-13  -8.736904566e-13
112.5220751  8.596109395e-13  -8.596109395e-13
112.834721  8.430760352e-13  -8.430760352e-13
113.165279  8.259878767e-13  -8.259878767e-13
113.4779249  8.101890352e-13  -8.101890352e-13
113.7387739  7.972715491e-13  -7.972715491e-13
113.9195339  7.88458184e-13  -7.88458184e-13
114  7.845707302e-13  -7.845707302e-13
114.0804661  7.80705166e-13  -7.80705166e-13
114.2612261  7.721006183e-13  -7.721006183e-13
114.5220751  7.598740297e-13  -7.598740297e-13
114.834721  7.455100855e-13  -7.455100855e-13
115.165279  7.306596324e-13  -7.306596324e-13
115.4779249  7.169242356e-13  -7.169242356e-13
115.7387739  7.056899318e-13  -7.056899318e-13
115.9195339  6.98022911e-13  -6.98022911e-13
116  6.946405577e-13  -6.946405577e-13
116.0804661  6.912769225e-13  -6.912769225e-13
116.2612261  6.837884632e-13  -6.837884632e-13
116.5220751  6.731449485e-13  -6.731449485e-13
116.834721  6.606365226e-13  -6.606365226e-13
117.165279  6.476994753e-13  -6.476994753e-13
117.4779249  6.357292494e-13  -6.357292494e-13
117.7387739  6.259353801e-13  -6.259353801e-13
117.9195339  6.192496701e-13  -6.192496701e-13
118  6.162997764e-13  -6.162997764e-13
118.0804661  6.133659315e-13  -6.133659315e-13
118.2612261  6.068333201e-13  -6.068333201e-13
118.5220751  5.975459905e-13  -5.975459905e-13
118.834721  5.866277513e-13  -5.866277513e-13
119.165279  5.753311962e-13  -5.753311962e-13
119.4779249  5.6487501e-13  -5.6487501e-13
119.7387739  5.563171071e-13  -5.563171071e-13
119.9195339  5.50473654e-13  -5.50473654e-13
120  5.478950023e-13  -5.478950023e-13
120.0804661  5.453301465e-13  -5.453301465e-13
120.2612261  5.396182999e-13  -5.396182999e-13
120.5220751  5.314958264e-13  -5.314958264e-13
120.834721  5.21943934e-13  -5.21943934e-13
121.165279  5.120575285e-13  -5.120575285e-13
121.4779249  5.029033256e-13  -5.029033256e-13
121.7387739  4.954086649e-13  -4.954086649e-13
121.9195339  4.90289966e-13  -4.90289966e-13
122  4.880308169e-13  -4.880308169e-13
122.0804661  4.857835568e-13  -4.857835568e-13
122.2612261  4.807782726e-13  -4.807782726e-13
122.5220751  4.736588509e-13  -4.736588509e-13
122.834721  4.652839311e-13  -4.652839311e-13
123.165279  4.566127115e-13  -4.566127115e-13
123.4779249  4.485809264e-13  -4.485809264e-13
123.7387739  4.420031898e-13  -4.420031898e-13
123.9195339  4.375096761e-13  -4.375096761e-13
124  4.355261791e-13  -4.355261791e-13
124.0804661  4.335529524e-13  -4.335529524e-13
124.2612261  4.291574131e-13  -4.291574131e-13
124.5220751  4.229038286e-13  -4.229038286e-13
124.834721  4.155452243e-13  -4.155452243e-13
125.165279  4.079237205e-13  -4.079237205e-13
125.4779249  4.008618854e-13  -4.008618854e-13
125.7387739  3.950767878e-13  -3.950767878e-13
125.9195339  3.911238588e-13  -3.911238588e-13
126  3.89378749e-13  -3.89378749e-13
126.0804661  3.876425322e-13  -3.876425322e-13
126.2612261  3.837744376e-13  -3.837744376e-13
126.5220751  3.782700171e-13  -3.782700171e-13
126.834721  3.717910705e-13  -3.717910705e-13
127.165279  3.650784712e-13  -3.650784712e-13
127.4779249  3.588567855e-13  -3.588567855e-13
127.7387739  3.5375848e-13  -3.5375848e-13
127.9195339  3.502740654e-13  -3.502740654e-13
128  3.48735592e-13  -3.48735592e-13
128.0804661  3.472048363e-13  -3.472048363e-13
128.2612261  3.437940452e-13  -3.437940452e-13
128.5220751  3.389393244e-13  -3.389393244e-13
128.834721  3.332234919e-13  -3.332234919e-13
129.165279  3.272996627e-13  -3.272996627e-13
129.4779249  3.218073408e-13  -3.218073408e-13
129.7387739  3.17305454e-13  -3.17305454e-13
129.9195339  3.142280023e-13  -3.142280023e-13
130  3.12869044e-13  -3.12869044e-13
130.0804661  3.115167983e-13  -3.115167983e-13
130.2612261  3.085033814e-13  -3.085033814e-13
130.5220751  3.042133538e-13  -3.042133538e-13
130.834721  2.99160997e-13  -2.99160997e-13
131.165279  2.939231888e-13  -2.939231888e-13
131.4779249  2.890654409e-13  -2.890654409e-13
131.7387739  2.850826205e-13  -2.850826205e-13
131.9195339  2.823594348e-13  -2.823594348e-13
132  2.811567684e-13  -2.811567684e-13
132.0804661  2.799599528e-13  -2.799599528e-13
132.2612261  2.772925806e-13  -2.772925806e-13
132.5220751  2.734944192e-13  -2.734944192e-13
132.834721  2.690201465e-13  -2.690201465e-13
133.165279  2.643802683e-13  -2.643802683e-13
133.4779249  2.600757957e-13  -2.600757957e-13
133.7387739  2.56545677e-13  -2.56545677e-13
133.9195339  2.541315336e-13  -2.541315336e-13
134  2.530652262e-13  -2.530652262e-13
134.0804661  2.520040291e-13  -2.520040291e-13
134.2612261  2.496386343e-13  -2.496386343e-13
134.5220751  2.462697993e-13  -2.462697993e-13
134.834721  2.423002568e-13  -2.423002568e-13
135.165279  2.381826078e-13  -2.381826078e-13
135.4779249  2.343615212e-13  -2.343615212e-13
135.7387739  2.312270339e-13  -2.312270339e-13
135.9195339  2.290830334e-13  -2.290830334e-13
136  2.28135937e-13  -2.28135937e-13
136.0804661  2.271933129e-13  -2.271933129e-13
136.2612261  2.250919758e-13  -2.250919758e-13
136.5220751  2.220986387e-13  -2.220986387e-13
136.834721  2.185706698e-13  -2.185706698e-13
137.165279  2.149100493e-13  -2.149100493e-13
137.4779249  2.115121318e-13  -2.115121318e-13
137.7387739  2.087240884e-13  -2.087240884e-13
137.9195339  2.068166959e-13  -2.068166959e-13
138  2.059740254e-13  -2.059740254e-13
138.0804661  2.051352764e-13  -2.051352764e-13
138.2612261  2.032652944e-13  -2.032652944e-13
138.5220751  2.006010218e-13  -2.006010218e-13
138.834721  1.974601294e-13  -1.974601294e-13
139.165279  1.942002568e-13  -1.942002568e-13
139.4779249  1.911735117e-13  -1.911735117e-13
139.7387739  1.886894262e-13  -1.886894262e-13
139.9195339  1.86989669e-13  -1.86989669e-13
140  1.862386486e-13  -1.862386486e-13
140.0804661  1.854910735e-13  -1.854910735e-13
140.2612261  1.838241827e-13  -1.838241827e-13
140.5220751  1.814488339e-13  -1.814488339e-13
140.834721  1.78647892e-13  -1.78647892e-13
141.165279  1.757400827e-13  -1.757400827e-13
141.4779249  1.730395159e-13  -1.730395159e-13
141.7387739  1.70822613e-13  -1.70822613e-13
141.9195339  1.69305407e-13  -1.69305407e-13
142  1.686349742e-13  -1.686349742e-13
142.0804661  1.679675739e-13  -1.679675739e-13
142.2612261  1.664792952e-13  -1.664792952e-13
142.5220751  1.643580967e-13  -1.643580967e-13
142.834721  1.618562688e-13  -1.618562688e-13
143.165279  1.592583216e-13  -1.592583216e-13
143.4779249  1.568449181e-13  -1.568449181e-13
143.7387739  1.548633003e-13  -1.548633003e-13
143.9195339  1.535068834e-13  -1.535068834e-13
144  1.529074398e-13  -1.529074398e-13
144.0804661  1.523106699e-13  -1.523106699e-13
144.2612261  1.509797589e-13  -1.509797589e-13
144.5220751  1.490825256e-13  -1.490825256e-13
144.834721  1.468443533e-13  -1.468443533e-13
145.165279  1.445196131e-13  -1.445196131e-13
145.4779249  1.423594747e-13  -1.423594747e-13
145.7387739  1.405854197e-13  -1.405854197e-13
145.9195339  1.393708744e-13  -1.393708744e-13
146  1.388340749e-13  -1.388340749e-13
146.0804661  1.38299637e-13  -1.38299637e-13
146.2612261  1.3710762e-13  -1.3710762e-13
146.5220751  1.354080979e-13  -1.354080979e-13
146.834721  1.33402732e-13  -1.33402732e-13
147.165279  1.313192989e-13  -1.313192989e-13
147.4779249  1.293829154e-13  -1.293829154e-13
147.7387739  1.27792283e-13  -1.27792283e-13
147.9195339  1.267031329e-13  -1.267031329e-13
148  1.262217083e-13  -1.262217083e-13
148.0804661  1.257423731e-13  -1.257423731e-13
148.2612261  1.246731548e-13  -1.246731548e-13
148.5220751  1.231484652e-13  -1.231484652e-13
148.834721  1.213490153e-13  -1.213490153e-13
149.165279  1.194790742e-13  -1.194790742e-13
149.4779249  1.177407069e-13  -1.177407069e-13
149.7387739  1.163124364e-13  -1.163124364e-13
149.9195339  1.153343037e-13  -1.153343037e-13
150  1.1490191e-13  -1.1490191e-13
150.0804661  1.14471368e-13  -1.14471368e-13
150.2612261  1.135108989e-13  -1.135108989e-13
150.5220751  1.12141067e-13  -1.12141067e-13
150.834721  1.105240499e-13  -1.105240499e-13
151.165279  1.08843303e-13  -1.08843303e-13
151.4779249  1.072804609e-13  -1.072804609e-13
151.7387739  1.059961445e-13  -1.059961445e-13
151.9195339  1.051164599e-13  -1.051164599e-13
152  1.047275505e-13  -1.047275505e-13
152.0804661  1.043402847e-13  -1.043402847e-13
152.2612261  1.034762787e-13  -1.034762787e-13
152.5220751  1.022438336e-13  -1.022438336e-13
152.834721  1.00788704e-13  -1.00788704e-13
153.165279  9.927588739e-14  -9.927588739e-14
153.4779249  9.786888253e-14  -9.786888253e-14
153.7387739  9.671240203e-14  -9.671240203e-14
153.9195339  9.592015772e-14  -9.592015772e-14
154  9.556987444e-14  -9.556987444e-14
154.0804661  9.522105231e-14  -9.522105231e-14
154.2612261  9.444274649e-14  -9.444274649e-14
154.5220751  9.333237993e-14  -9.333237993e-14
154.834721  9.202113155e-14  -9.202113155e-14
155.165279  9.065760373e-14  -9.065760373e-14
155.4779249  8.938917124e-14  -8.938917124e-14
155.7387739  8.834638899e-14  -8.834638899e-14
155.9195339  8.763192789e-14  -8.763192789e-14
156  8.731600817e-14  -8.731600817e-14
156.0804661  8.70013894e-14  -8.70013894e-14
156.2612261  8.629933853e-14  -8.629933853e-14
156.5220751  8.529761413e-14  -8.529761413e-14
156.834721  8.411443861e-14  -8.411443861e-14
157.165279  8.288382924e-14  -8.288382924e-14
157.4779249  8.173880354e-14  -8.173880354e-14
157.7387739  8.079729787e-14  -8.079729787e-14
157.9195339  8.015213344e-14  -8.015213344e-14
158  7.986683101e-14  -7.986683101e-14
158.0804661  7.95826886e-14  -7.95826886e-14
158.2612261  7.894859008e-14  -7.894859008e-14
158.5220751  7.804369466e-14  -7.804369466e-14
158.834721  7.697469007e-14  -7.697469007e-14
159.165279  7.586259914e-14  -7.586259914e-14
159.4779249  7.482763652e-14  -7.482763652e-14
159.7387739  7.397647542e-14  -7.397647542e-14
159.9195339  7.339313751e-14  -7.339313751e-14
160  7.313515442e-14  -7.313515442e-14
160.0804661  7.287820719e-14  -7.287820719e-14
160.2612261  7.230475075e-14  -7.230475075e-14
160.5220751  7.148628119e-14  -7.148628119e-14
160.834721  7.051920219e-14  -7.051920219e-14
161.165279  6.951294234e-14  -6.951294234e-14
161.4779249  6.857628303e-14  -6.857628303e-14
161.7387739  6.780582999e-14  -6.780582999e-14
161.9195339  6.727773256e-14  -6.727773256e-14
162  6.704416087e-14  -6.704416087e-14
162.0804661  6.681151548e-14  -6.681151548e-14
162.2612261  6.629225425e-14  -6.629225425e-14
162.5220751  6.555103459e-14  -6.555103459e-14
162.834721  6.467507781e-14  -6.467507781e-14
163.165279  6.376345289e-14  -6.376345289e-14
163.4779249  6.291471676e-14  -6.291471676e-14
163.7387739  6.221646387e-14  -6.221646387e-14
163.9195339  6.173779121e-14  -6.173779121e-14
164  6.152606288e-14  -6.152606288e-14
164.0804661  6.131516398e-14  -6.131516398e-14
164.2612261  6.084440369e-14  -6.084440369e-14
164.5220751  6.017232772e-14  -6.017232772e-14
164.834721  5.937794718e-14  -5.937794718e-14
165.165279  5.855106176e-14  -5.855106176e-14
165.4779249  5.778107228e-14  -5.778107228e-14
165.7387739  5.714749654e-14  -5.714749654e-14
165.9195339  5.671310535e-14  -5.671310535e-14
166  5.652094898e-14  -5.652094898e-14
166.0804661  5.632953633e-14  -5.632953633e-14
166.2612261  5.590223974e-14  -5.590223974e-14
166.5220751  5.529213542e-14  -5.529213542e-14
166.834721  5.457088346e-14  -5.457088346e-14
167.165279  5.381997845e-14  -5.381997845e-14
167.4779249  5.312061102e-14  -5.312061102e-14
167.7387739  5.254505037e-14  -5.254505037e-14
167.9195339  5.215038519e-14  -5.215038519e-14
168  5.197578882e-14  -5.197578882e-14
168.0804661  5.180186018e-14  -5.180186018e-14
168.2612261  5.141356467e-14  -5.141356467e-14
168.5220751  5.085907708e-14  -5.085907708e-14
168.834721  5.020346688e-14  -5.020346688e-14
169.165279  4.952077772e-14  -4.952077772e-14
169.4779249  4.888482847e-14  -4.888482847e-14
169.7387739  4.836137462e-14  -4.836137462e-14
169.9195339  4.800239479e-14  -4.800239479e-14
170  4.784357366e-14  -4.784357366e-14
170.0804661  4.768535279e-14  -4.768535279e-14
170.2612261  4.733209907e-14  -4.733209907e-14
170.5220751  4.682758915e-14  -4.682758915e-14
170.834721  4.623097593e-14  -4.623097593e-14
171.165279  4.560960969e-14  -4.560960969e-14
171.4779249  4.503068204e-14  -4.503068204e-14
171.7387739  4.455408775e-14  -4.455408775e-14
171.9195339  4.422720413e-14  -4.422720413e-14
172  4.408257275e-14  -4.408257275e-14
172.0804661  4.393848167e-14  -4.393848167e-14
172.2612261  4.361675204e-14  -4.361675204e-14
172.5220751  4.315720889e-14  -4.315720889e-14
172.834721  4.261368686e-14  -4.261368686e-14
173.165279  4.204751589e-14  -4.204751589e-14
173.4779249  4.151992213e-14  -4.151992213e-14
173.7387739  4.108552073e-14  -4.108552073e-14
173.9195339  4.07875408e-14  -4.07875408e-14
174  4.065568879e-14  -4.065568879e-14
174.0804661  4.052432368e-14  -4.052432368e-14
174.2612261  4.023098844e-14  -4.023098844e-14
174.5220751  3.98119532e-14  -3.98119532e-14
174.834721  3.931626619e-14  -3.931626619e-14
175.165279  3.879983564e-14  -3.879983564e-14
175.4779249  3.831851148e-14  -3.831851148e-14
175.7387739  3.7922147e-14  -3.7922147e-14
175.9195339  3.765022721e-14  -3.765022721e-14
176  3.752989822e-14  -3.752989822e-14
176.0804661  3.741000854e-14  -3.741000854e-14
176.2612261  3.714227943e-14  -3.714227943e-14
176.5220751  3.675977912e-14  -3.675977912e-14
176.834721  3.630724282e-14  -3.630724282e-14
177.165279  3.583569029e-14  -3.583569029e-14
177.4779249  3.539612049e-14  -3.539612049e-14
177.7387739  3.503408686e-14  -3.503408686e-14
177.9195339  3.478569109e-14  -3.478569109e-14
178  3.467576453e-14  -3.467576453e-14
178.0804661  3.456623479e-14  -3.456623479e-14
178.2612261  3.432162449e-14  -3.432162449e-14
178.5220751  3.397211439e-14  -3.397211439e-14
178.834721  3.355854865e-14  -3.355854865e-14
179.165279  3.312753417e-14  -3.312753417e-14
179.4779249  3.272568781e-14  -3.272568781e-14
179.7387739  3.239467583e-14  -3.239467583e-14
179.9195339  3.216753927e-14  -3.216753927e-14
180  3.206701431e-14  -3.206701431e-14
180.0804661  3.196684822e-14  -3.196684822e-14
180.2612261  3.174313497e-14  -3.174313497e-14
180.5220751  3.142344839e-14  -3.142344839e-14
180.834721  3.104511818e-14  -3.104511818e-14
181.165279  3.065076313e-14  -3.065076313e-14
181.4779249  3.028303703e-14  -3.028303703e-14
181.7387739  2.998008816e-14  -2.998008816e-14
181.9195339  2.977218567e-14  -2.977218567e-14
182  2.968016735e-14  -2.968016735e-14
182.0804661  2.958847393e-14  -2.958847393e-14
182.2612261  2.938367069e-14  -2.938367069e-14
182.5220751  2.90909751e-14  -2.90909751e-14
182.834721  2.874453894e-14  -2.874453894e-14
183.165279  2.838337266e-14  -2.838337266e-14
183.4779249  2.8046542e-14  -2.8046542e-14
183.7387739  2.77690079e-14  -2.77690079e-14
183.9195339  2.757852645e-14  -2.757852645e-14
184  2.749421347e-14  -2.749421347e-14
184.0804661  2.741019494e-14  -2.741019494e-14
184.2612261  2.72225224e-14  -2.72225224e-14
184.5220751  2.695428105e-14  -2.695428105e-14
184.834721  2.663674583e-14  -2.663674583e-14
185.165279  2.630565893e-14  -2.630565893e-14
185.4779249  2.599683403e-14  -2.599683403e-14
185.7387739  2.574234114e-14  -2.574234114e-14
185.9195339  2.55676556e-14  -2.55676556e-14
186  2.549032964e-14  -2.549032964e-14
186.0804661  2.541327084e-14  -2.541327084e-14
186.2612261  2.524113378e-14  -2.524113378e-14
186.5220751  2.499507206e-14  -2.499507206e-14
186.834721  2.470375353e-14  -2.470375353e-14
187.165279  2.439995695e-14  -2.439995695e-14
187.4779249  2.411654531e-14  -2.411654531e-14
187.7387739  2.388296386e-14  -2.388296386e-14
187.9195339  2.372261579e-14  -2.372261579e-14
188  2.365163218e-14  -2.365163218e-14
188.0804661  2.358089121e-14  -2.358089121e-14
188.2612261  2.342285776e-14  -2.342285776e-14
188.5220751  2.319693373e-14  -2.319693373e-14
188.834721  2.292942183e-14  -2.292942183e-14
189.165279  2.26504109e-14  -2.26504109e-14
189.4779249  2.239008394e-14  -2.239008394e-14
189.7387739  2.217550063e-14  -2.217550063e-14
189.9195339  2.202817971e-14  -2.202817971e-14
190  2.196295919e-14  -2.196295919e-14
190.0804661  2.189795927e-14  -2.189795927e-14
190.2612261  2.175274269e-14  -2.175274269e-14
190.5220751  2.154512116e-14  -2.154512116e-14
190.834721  2.129924948e-14  -2.129924948e-14
191.165279  2.104277236e-14  -2.104277236e-14
191.4779249  2.080343617e-14  -2.080343617e-14
191.7387739  2.060613025e-14  -2.060613025e-14
191.9195339  2.047065786e-14  -2.047065786e-14
192  2.041067937e-14  -2.041067937e-14
192.0804661  2.035090163e-14  -2.035090163e-14
192.2612261  2.021734432e-14  -2.021734432e-14
192.5220751  2.002637405e-14  -2.002637405e-14
192.834721  1.980019302e-14  -1.980019302e-14
193.165279  1.95642229e-14  -1.95642229e-14
193.4779249  1.934399248e-14  -1.934399248e-14
193.7387739  1.916241465e-14  -1.916241465e-14
193.9195339  1.903772946e-14  -1.903772946e-14
194  1.898252374e-14  -1.898252374e-14
194.0804661  1.892750091e-14  -1.892750091e-14
194.2612261  1.880456027e-14  -1.880456027e-14
194.5220751  1.862875389e-14  -1.862875389e-14
194.834721  1.842050715e-14  -1.842050715e-14
195.165279  1.820321776e-14  -1.820321776e-14
195.4779249  1.800039435e-14  -1.800039435e-14
195.7387739  1.783314812e-14  -1.783314812e-14
195.9195339  1.771829339e-14  -1.771829339e-14
196  1.766743743e-14  -1.766743743e-14
196.0804661  1.761674821e-14  -1.761674821e-14
196.2612261  1.750348421e-14  -1.750348421e-14
196.5220751  1.734150052e-14  -1.734150052e-14
196.834721  1.714960406e-14  -1.714960406e-14
197.165279  1.694934807e-14  -1.694934807e-14
197.4779249  1.676239906e-14  -1.676239906e-14
197.7387739  1.660822437e-14  -1.660822437e-14
197.9195339  1.650233673e-14  -1.650233673e-14
198  1.645544872e-14  -1.645544872e-14
198.0804661  1.640871291e-14  -1.640871291e-14
198.2612261  1.630427708e-14  -1.630427708e-14
198.5220751  1.61549054e-14  -1.61549054e-14
198.834721  1.597792915e-14  -1.597792915e-14
199.165279  1.579321905e-14  -1.579321905e-14
199.4779249  1.56207603e-14  -1.56207603e-14
199.7387739  1.5478519e-14  -1.5478519e-14
199.9195339  1.538081849e-14  -1.538081849e-14
200  1.533755354e-14  -1.533755354e-14
200.0804661  1.529442761e-14  -1.529442761e-14
200.2612261  1.519805337e-14  -1.519805337e-14
200.5220751  1.506019969e-14  -1.506019969e-14
200.834721  1.48968512e-14  -1.48968512e-14
201.165279  1.472634242e-14  -1.472634242e-14
201.4779249  1.456712262e-14  -1.456712262e-14
201.7387739  1.443578558e-14  -1.443578558e-14
201.9195339  1.434556692e-14  -1.434556692e-14
202  1.43056131e-14  -1.43056131e-14
202.0804661  1.42657864e-14  -1.42657864e-14
202.2612261  1.417678038e-14  -1.417678038e-14
202.5220751  1.404945513e-14  -1.404945513e-14
202.834721  1.389856516e-14  -1.389856516e-14
203.165279  1.374104113e-14  -1.374104113e-14
203.4779249  1.359392785e-14  -1.359392785e-14
203.7387739  1.347256365e-14  -1.347256365e-14
203.9195339  1.33891884e-14  -1.33891884e-14
204  1.335226335e-14  -1.335226335e-14
204.0804661  1.331545463e-14  -1.331545463e-14
204.2612261  1.323318913e-14  -1.323318913e-14
204.5220751  1.311549629e-14  -1.311549629e-14
204.834721  1.297600601e-14  -1.297600601e-14
205.165279  1.283036484e-14  -1.283036484e-14
205.4779249  1.269433229e-14  -1.269433229e-14
205.7387739  1.258209704e-14  -1.258209704e-14
205.9195339  1.250498674e-14  -1.250498674e-14
206  1.247083459e-14  -1.247083459e-14
206.0804661  1.243678899e-14  -1.243678899e-14
206.2612261  1.236069515e-14  -1.236069515e-14
206.5220751  1.225182264e-14  -1.225182264e-14
206.834721  1.212277227e-14  -1.212277227e-14
207.165279  1.198801499e-14  -1.198801499e-14
207.4779249  1.186213304e-14  -1.186213304e-14
207.7387739  1.175826147e-14  -1.175826147e-14
207.9195339  1.168689146e-14  -1.168689146e-14
208  1.165528014e-14  -1.165528014e-14
208.0804661  1.16237665e-14  -1.16237665e-14
208.2612261  1.15533283e-14  -1.15533283e-14
208.5220751  1.145253941e-14  -1.145253941e-14
208.834721  1.133305811e-14  -1.133305811e-14
209.165279  1.120827821e-14  -1.120827821e-14
209.4779249  1.109170266e-14  -1.109170266e-14
209.7387739  1.099550012e-14  -1.099550012e-14
209.9195339  1.092939413e-14  -1.092939413e-14
210  1.090011295e-14  -1.090011295e-14
210.0804661  1.087092139e-14  -1.087092139e-14
210.2612261  1.080567031e-14  -1.080567031e-14
210.5220751  1.071229606e-14  -1.071229606e-14
210.834721  1.060159296e-14  -1.060159296e-14
211.165279  1.048596703e-14  -1.048596703e-14
211.4779249  1.037793099e-14  -1.037793099e-14
211.7387739  1.028876634e-14  -1.028876634e-14
211.9195339  1.022749158e-14  -1.022749158e-14
212  1.020034908e-14  -1.020034908e-14
212.0804661  1.017328888e-14  -1.017328888e-14
212.2612261  1.011279913e-14  -1.011279913e-14
212.5220751  1.002623149e-14  -1.002623149e-14
212.834721  9.923587686e-15  -9.923587686e-15
213.165279  9.81636715e-15  -9.81636715e-15
213.4779249  9.716173298e-15  -9.716173298e-15
213.7387739  9.633472579e-15  -9.633472579e-15
213.9195339  9.57663545e-15  -9.57663545e-15
214  9.551457506e-15  -9.551457506e-15
214.0804661  9.526355185e-15  -9.526355185e-15
214.2612261  9.470239451e-15  -9.470239451e-15
214.5220751  9.389925291e-15  -9.389925291e-15
214.834721  9.2946867e-15  -9.2946867e-15
215.165279  9.19519037e-15  -9.19519037e-15
215.4779249  9.102204085e-15  -9.102204085e-15
215.7387739  9.025444884e-15  -9.025444884e-15
215.9195339  8.972687095e-15  -8.972687095e-15
216  8.949315175e-15  -8.949315175e-15
216.0804661  8.926012805e-15  -8.926012805e-15
216.2612261  8.873918474e-15  -8.873918474e-15
216.5220751  8.799354159e-15  -8.799354159e-15
216.834721  8.710925151e-15  -8.710925151e-15
217.165279  8.618532631e-15  -8.618532631e-15
217.4779249  8.532175843e-15  -8.532175843e-15
217.7387739  8.460882238e-15  -8.460882238e-15
217.9195339  8.411877351e-15  -8.411877351e-15
218  8.390167017e-15  -8.390167017e-15
218.0804661  8.368520696e-15  -8.368520696e-15
218.2612261  8.320126452e-15  -8.320126452e-15
218.5220751  8.250853013e-15  -8.250853013e-15
218.834721  8.168690719e-15  -8.168690719e-15
219.165279  8.082836486e-15  -8.082836486e-15
219.4779249  8.00258218e-15  -8.00258218e-15
219.7387739  7.936320233e-15  -7.936320233e-15
219.9195339  7.890770576e-15  -7.890770576e-15
220  7.870590111e-15  -7.870590111e-15
220.0804661  7.850468608e-15  -7.850468608e-15
220.2612261  7.805481412e-15  -7.805481412e-15
220.5220751  7.741080227e-15  -7.741080227e-15
220.834721  7.664689437e-15  -7.664689437e-15
221.165279  7.584857551e-15  -7.584857551e-15
221.4779249  7.510224856e-15  -7.510224856e-15
221.7387739  7.448598571e-15  -7.448598571e-15
221.9195339  7.406232477e-15  -7.406232477e-15
222  7.387461663e-15  -7.387461663e-15
222.0804661  7.3687452e-15  -7.3687452e-15
222.2612261  7.326897572e-15  -7.326897572e-15
222.5220751  7.266986498e-15  -7.266986498e-15
222.834721  7.195915105e-15  -7.195915105e-15
223.165279  7.121634468e-15  -7.121634468e-15
223.4779249  7.052184245e-15  -7.052184245e-15
223.7387739  6.994831952e-15  -6.994831952e-15
223.9195339  6.955401282e-15  -6.955401282e-15
224  6.937930307e-15  -6.937930307e-15
224.0804661  6.920509469e-15  -6.920509469e-15
224.2612261  6.881557059e-15  -6.881557059e-15
224.5220751  6.825786968e-15  -6.825786968e-15
224.834721  6.759621873e-15  -6.759621873e-15
225.165279  6.690461977e-15  -6.690461977e-15
225.4779249  6.625792875e-15  -6.625792875e-15
225.7387739  6.572383987e-15  -6.572383987e-15
225.9195339  6.535661904e-15  -6.535661904e-15
226  6.51939038e-15  -6.51939038e-15
226.0804661  6.503165137e-15  -6.503165137e-15
226.2612261  6.466884543e-15  -6.466884543e-15
226.5220751  6.41493621e-15  -6.41493621e-15
226.834721  6.353299653e-15  -6.353299653e-15
227.165279  6.28886677e-15  -6.28886677e-15
227.4779249  6.228611676e-15  -6.228611676e-15
227.7387739  6.178843774e-15  -6.178843774e-15
227.9195339  6.144622751e-15  -6.144622751e-15
228  6.129458829e-15  -6.129458829e-15
228.0804661  6.114337661e-15  -6.114337661e-15
228.2612261  6.080524472e-15  -6.080524472e-15
228.5220751  6.03210578e-15  -6.03210578e-15
228.834721  5.974652044e-15  -5.974652044e-15
229.165279  5.914585794e-15  -5.914585794e-15
229.4779249  5.858408651e-15  -5.858408651e-15
229.7387739  5.812004866e-15  -5.812004866e-15
229.9195339  5.780094896e-15  -5.780094896e-15
230  5.765954476e-15  -5.765954476e-15
230.0804661  5.751853578e-15  -5.751853578e-15
230.2612261  5.720320612e-15  -5.720320612e-15
230.5220751  5.675164045e-15  -5.675164045e-15
230.834721  5.621576489e-15  -5.621576489e-15
231.165279  5.565546764e-15  -5.565546764e-15
231.4779249  5.513139702e-15  -5.513139702e-15
231.7387739  5.469846361e-15  -5.469846361e-15
231.9195339  5.440073338e-15  -5.440073338e-15
232  5.426879357e-15  -5.426879357e-15
232.0804661  5.413721935e-15  -5.413721935e-15
232.2612261  5.384297654e-15  -5.384297654e-15
232.5220751  5.342158034e-15  -5.342158034e-15
232.834721  5.292146429e-15  -5.292146429e-15
233.165279  5.239850616e-15  -5.239850616e-15
233.4779249  5.190931375e-15  -5.190931375e-15
233.7387739  5.150515883e-15  -5.150515883e-15
233.9195339  5.122720155e-15  -5.122720155e-15
234  5.110401941e-15  -5.110401941e-15
234.0804661  5.098117568e-15  -5.098117568e-15
234.2612261  5.070644655e-15  -5.070644655e-15
234.5220751  5.031297109e-15  -5.031297109e-15
234.834721  4.98459523e-15  -4.98459523e-15
235.165279  4.935755715e-15  -4.935755715e-15
235.4779249  4.890065322e-15  -4.890065322e-15
235.7387739  4.852314247e-15  -4.852314247e-15
235.9195339  4.826349305e-15  -4.826349305e-15
236  4.814842003e-15  -4.814842003e-15
236.0804661  4.803366047e-15  -4.803366047e-15
236.2612261  4.777700116e-15  -4.777700116e-15
236.5220751  4.740938241e-15  -4.740938241e-15
236.834721  4.697301704e-15  -4.697301704e-15
237.165279  4.651663618e-15  -4.651663618e-15
237.4779249  4.608964288e-15  -4.608964288e-15
237.7387739  4.573681644e-15  -4.573681644e-15
237.9195339  4.549412941e-15  -4.549412941e-15
238  4.538656988e-15  -4.538656988e-15
238.0804661  4.527930088e-15  -4.527930088e-15
238.2612261  4.503938528e-15  -4.503938528e-15
238.5220751  4.469572735e-15  -4.469572735e-15
238.834721  4.428777045e-15  -4.428777045e-15
239.165279  4.386106229e-15  -4.386106229e-15
239.4779249  4.346179477e-15  -4.346179477e-15
239.7387739  4.313185163e-15  -4.313185163e-15
239.9195339  4.29048905e-15  -4.29048905e-15
240  4.280429705e-15  -4.280429705e-15
240.0804661  4.270397305e-15  -4.270397305e-15
240.2612261  4.247958229e-15  -4.247958229e-15
240.5220751  4.21581425e-15  -4.21581425e-15
240.834721  4.177653029e-15  -4.177653029e-15
241.165279  4.137734202e-15  -4.137734202e-15
241.4779249  4.100379132e-15  -4.100379132e-15
241.7387739  4.069507531e-15  -4.069507531e-15
241.9195339  4.048270294e-15  -4.048270294e-15
242  4.038857211e-15  -4.038857211e-15
242.0804661  4.029469133e-15  -4.029469133e-15
242.2612261  4.008470434e-15  -4.008470434e-15
242.5220751  3.978387971e-15  -3.978387971e-15
242.834721  3.942671366e-15  -3.942671366e-15
243.165279  3.905306461e-15  -3.905306461e-15
243.4779249  3.87033822e-15  -3.87033822e-15
243.7387739  3.841436927e-15  -3.841436927e-15
243.9195339  3.821553914e-15  -3.821553914e-15
244  3.812740757e-15  -3.812740757e-15
244.0804661  3.803950821e-15  -3.803950821e-15
244.2612261  3.784289315e-15  -3.784289315e-15
244.5220751  3.756120816e-15  -3.756120816e-15
244.834721  3.722674055e-15  -3.722674055e-15
245.165279  3.687680718e-15  -3.687680718e-15
245.4779249  3.654929101e-15  -3.654929101e-15
245.7387739  3.627857771e-15  -3.627857771e-15
245.9195339  3.609232605e-15  -3.609232605e-15
246  3.600976702e-15  -3.600976702e-15
246.0804661  3.592742375e-15  -3.592742375e-15
246.2612261  3.574323026e-15  -3.574323026e-15
246.5220751  3.547932581e-15  -3.547932581e-15
246.834721  3.516594666e-15  -3.516594666e-15
247.165279  3.483804896e-15  -3.483804896e-15
247.4779249  3.453113076e-15  -3.453113076e-15
247.7387739  3.427742385e-15  -3.427742385e-15
247.9195339  3.41028625e-15  -3.41028625e-15
248  3.402548274e-15  -3.402548274e-15
248.0804661  3.394830357e-15  -3.394830357e-15
248.2612261  3.377565574e-15  -3.377565574e-15
248.5220751  3.352827913e-15  -3.352827913e-15
248.834721  3.323450433e-15  -3.323450433e-15
249.165279  3.292709349e-15  -3.292709349e-15
249.4779249  3.263932731e-15  -3.263932731e-15
249.7387739  3.24014343e-15  -3.24014343e-15
249.9195339  3.223774425e-15  -3.223774425e-15
250  3.216518107e-15  -3.216518107e-15
250.0804661  3.209280451e-15  -3.209280451e-15
250.2612261  3.193089452e-15  -3.193089452e-15
250.5220751  3.169889034e-15  -3.169889034e-15
250.834721  3.142335094e-15  -3.142335094e-15
251.165279  3.113499816e-15  -3.113499816e-15
251.4779249  3.086504996e-15  -3.086504996e-15
251.7387739  3.064187054e-15  -3.064187054e-15
251.9195339  3.048829602e-15  -3.048829602e-15
252  3.042021477e-15  -3.042021477e-15
252.0804661  3.03523072e-15  -3.03523072e-15
252.2612261  3.020038956e-15  -3.020038956e-15
252.5220751  2.998269145e-15  -2.998269145e-15
252.834721  2.972412389e-15  -2.972412389e-15
253.165279  2.945351023e-15  -2.945351023e-15
253.4779249  2.920014842e-15  -2.920014842e-15
253.7387739  2.89906667e-15  -2.89906667e-15
253.9195339  2.884650988e-15  -2.884650988e-15
254  2.878260151e-15  -2.878260151e-15
254.0804661  2.871885489e-15  -2.871885489e-15
254.2612261  2.857624117e-15  -2.857624117e-15
254.5220751  2.837186433e-15  -2.837186433e-15
254.834721  2.812910158e-15  -2.812910158e-15
255.165279  2.787500875e-15  -2.787500875e-15
255.4779249  2.76370956e-15  -2.76370956e-15
255.7387739  2.744037303e-15  -2.744037303e-15
255.9195339  2.730498916e-15  -2.730498916e-15
256  2.724496812e-15  -2.724496812e-15
256.0804661  2.718509782e-15  -2.718509782e-15
256.2612261  2.705115188e-15  -2.705115188e-15
256.5220751  2.685918626e-15  -2.685918626e-15
256.834721  2.663114977e-15  -2.663114977e-15
257.165279  2.639245175e-15  -2.639245175e-15
257.4779249  2.616893559e-15  -2.616893559e-15
257.7387739  2.598410452e-15  -2.598410452e-15
257.9195339  2.585689752e-15  -2.585689752e-15
258  2.580049983e-15  -2.580049983e-15
258.0804661  2.574424268e-15  -2.574424268e-15
258.2612261  2.561837634e-15  -2.561837634e-15
258.5220751  2.543798045e-15  -2.543798045e-15
258.834721  2.522367285e-15  -2.522367285e-15
259.165279  2.499932822e-15  -2.499932822e-15
259.4779249  2.478923633e-15  -2.478923633e-15
259.7387739  2.461549417e-15  -2.461549417e-15
259.9195339  2.449591263e-15  -2.449591263e-15
260  2.444289406e-15  -2.444289406e-15
260.0804661  2.43900066e-15  -2.43900066e-15
260.2612261  2.427167571e-15  -2.427167571e-15
260.5220751  2.410207096e-15  -2.410207096e-15
260.834721  2.390056936e-15  -2.390056936e-15
261.165279  2.368961442e-15  -2.368961442e-15
261.4779249  2.349204654e-15  -2.349204654e-15
261.7387739  2.332865047e-15  -2.332865047e-15
261.9195339  2.321618398e-15  -2.321618398e-15
262  2.316631846e-15  -2.316631846e-15
262.0804661  2.31165753e-15  -2.31165753e-15
262.2612261  2.300527611e-15  -2.300527611e-15
262.5220751  2.284574172e-15  -2.284574172e-15
262.834721  2.265619165e-15  -2.265619165e-15
263.165279  2.245773405e-15  -2.245773405e-15
263.4779249  2.227185652e-15  -2.227185652e-15
263.7387739  2.211811856e-15  -2.211811856e-15
263.9195339  2.201229439e-15  -2.201229439e-15
264  2.196537253e-15  -2.196537253e-15
264.0804661  2.191856494e-15  -2.191856494e-15
264.2612261  2.181383085e-15  -2.181383085e-15
264.5220751  2.166369911e-15  -2.166369911e-15
264.834721  2.148530899e-15  -2.148530899e-15
265.165279  2.129852197e-15  -2.129852197e-15
265.4779249  2.112356232e-15  -2.112356232e-15
265.7387739  2.097884497e-15  -2.097884497e-15
265.9195339  2.087922503e-15  -2.087922503e-15
266  2.083505278e-15  -2.083505278e-15
266.0804661  2.079098729e-15  -2.079098729e-15
266.2612261  2.069238585e-15  -2.069238585e-15
266.5220751  2.05510379e-15  -2.05510379e-15
266.834721  2.038307396e-15  -2.038307396e-15
267.165279  2.020719108e-15  -2.020719108e-15
267.4779249  2.004243315e-15  -2.004243315e-15
267.7387739  1.990614532e-15  -1.990614532e-15
267.9195339  1.981232339e-15  -1.981232339e-15
268  1.97707208e-15  -1.97707208e-15
268.0804661  1.972921802e-15  -1.972921802e-15
268.2612261  1.963634819e-15  -1.963634819e-15
268.5220751  1.950321009e-15  -1.950321009e-15
268.834721  1.934499178e-15  -1.934499178e-15
269.165279  1.917930213e-15  -1.917930213e-15
269.4779249  1.902408158e-15  -1.902408158e-15
269.7387739  1.889567489e-15  -1.889567489e-15
269.9195339  1.88072741e-15  -1.88072741e-15
270  1.876807422e-15  -1.876807422e-15
270.0804661  1.872896768e-15  -1.872896768e-15
270.2612261  1.864145737e-15  -1.864145737e-15
270.5220751  1.851599654e-15  -1.851599654e-15
270.834721  1.836689233e-15  -1.836689233e-15
271.165279  1.821073611e-15  -1.821073611e-15
271.4779249  1.806443632e-15  -1.806443632e-15
271.7387739  1.794340175e-15  -1.794340175e-15
271.9195339  1.786007224e-15  -1.786007224e-15
272  1.782312008e-15  -1.782312008e-15
272.0804661  1.778625527e-15  -1.778625527e-15
272.2612261  1.7703759e-15  -1.7703759e-15
272.5220751  1.7585481e-15  -1.7585481e-15
272.834721  1.744490447e-15  -1.744490447e-15
273.165279  1.729766902e-15  -1.729766902e-15
273.4779249  1.715971733e-15  -1.715971733e-15
273.7387739  1.704558214e-15  -1.704558214e-15
273.9195339  1.696699896e-15  -1.696699896e-15
274  1.693215056e-15  -1.693215056e-15
274.0804661  1.689738394e-15  -1.689738394e-15
274.2612261  1.681958083e-15  -1.681958083e-15
274.5220751  1.670802631e-15  -1.670802631e-15
274.834721  1.65754327e-15  -1.65754327e-15
275.165279  1.643654877e-15  -1.643654877e-15
275.4779249  1.63064131e-15  -1.63064131e-15
275.7387739  1.619873799e-15  -1.619873799e-15
275.9195339  1.612459915e-15  -1.612459915e-15
276  1.609172073e-15  -1.609172073e-15
276.0804661  1.60589189e-15  -1.60589189e-15
276.2612261  1.598551072e-15  -1.598551072e-15
276.5220751  1.588025277e-15  -1.588025277e-15
276.834721  1.575513568e-15  -1.575513568e-15
277.165279  1.562407411e-15  -1.562407411e-15
277.4779249  1.550125979e-15  -1.550125979e-15
277.7387739  1.53996363e-15  -1.53996363e-15
277.9195339  1.532966104e-15  -1.532966104e-15
278  1.529862819e-15  -1.529862819e-15
278.0804661  1.526766712e-15  -1.526766712e-15
278.2612261  1.519837654e-15  -1.519837654e-15
278.5220751  1.509901813e-15  -1.509901813e-15
278.834721  1.498090664e-15  -1.498090664e-15
279.165279  1.485717525e-15  -1.485717525e-15
279.4779249  1.474122214e-15  -1.474122214e-15
279.7387739  1.464527033e-15  -1.464527033e-15
279.9195339  1.457919742e-15  -1.457919742e-15
280  1.454989442e-15  -1.454989442e-15
280.0804661  1.452065871e-15  -1.452065871e-15
280.2612261  1.445522771e-15  -1.445522771e-15
280.5220751  1.436139945e-15  -1.436139945e-15
280.834721  1.424985534e-15  -1.424985534e-15
281.165279  1.413299614e-15  -1.413299614e-15
281.4779249  1.402347601e-15  -1.402347601e-15
281.7387739  1.393284225e-15  -1.393284225e-15
281.9195339  1.387042857e-15  -1.387042857e-15
282  1.384274769e-15  -1.384274769e-15
282.0804661  1.381512992e-15  -1.381512992e-15
282.2612261  1.375331832e-15  -1.375331832e-15
282.5220751  1.366467635e-15  -1.366467635e-15
282.834721  1.355929164e-15  -1.355929164e-15
283.165279  1.34488782e-15  -1.34488782e-15
283.4779249  1.334539233e-15  -1.334539233e-15
283.7387739  1.32597473e-15  -1.32597473e-15
283.9195339  1.320076645e-15  -1.320076645e-15
284  1.317460736e-15  -1.317460736e-15
284.0804661  1.31485075e-15  -1.31485075e-15
284.2612261  1.309009162e-15  -1.309009162e-15
284.5220751  1.300631565e-15  -1.300631565e-15
284.834721  1.290671035e-15  -1.290671035e-15
285.165279  1.280234543e-15  -1.280234543e-15
285.4779249  1.270452236e-15  -1.270452236e-15
285.7387739  1.262355928e-15  -1.262355928e-15
285.9195339  1.256780029e-15  -1.256780029e-15
286  1.254306952e-15  -1.254306952e-15
286.0804661  1.251839435e-15  -1.251839435e-15
286.2612261  1.246316576e-15  -1.246316576e-15
286.5220751  1.238395733e-15  -1.238395733e-15
286.834721  1.228977732e-15  -1.228977732e-15
287.165279  1.219109071e-15  -1.219109071e-15
287.4779249  1.20985842e-15  -1.20985842e-15
287.7387739  1.202201709e-15  -1.202201709e-15
287.9195339  1.196928332e-15  -1.196928332e-15
288  1.194589373e-15  -1.194589373e-15
288.0804661  1.192255636e-15  -1.192255636e-15
288.2612261  1.187032075e-15  -1.187032075e-15
288.5220751  1.179540161e-15  -1.179540161e-15
288.834721  1.170631669e-15  -1.170631669e-15
289.165279  1.161296319e-15  -1.161296319e-15
289.4779249  1.152545038e-15  -1.152545038e-15
289.7387739  1.145301253e-15  -1.145301253e-15
289.9195339  1.140312058e-15  -1.140312058e-15
290  1.13809909e-15  -1.13809909e-15
290.0804661  1.135891028e-15  -1.135891028e-15
290.2612261  1.13094864e-15  -1.13094864e-15
290.5220751  1.123859702e-15  -1.123859702e-15
290.834721  1.115429919e-15  -1.115429919e-15
291.165279  1.106595674e-15  -1.106595674e-15
291.4779249  1.098313641e-15  -1.098313641e-15
291.7387739  1.091457898e-15  -1.091457898e-15
291.9195339  1.086735771e-15  -1.086735771e-15
292  1.08464121e-15  -1.08464121e-15
292.0804661  1.082551262e-15  -1.082551262e-15
292.2612261  1.077873135e-15  -1.077873135e-15
292.5220751  1.07116295e-15  -1.07116295e-15
292.834721  1.06318313e-15  -1.06318313e-15
293.165279  1.054819933e-15  -1.054819933e-15
293.4779249  1.04697903e-15  -1.04697903e-15
293.7387739  1.0404881e-15  -1.0404881e-15
293.9195339  1.036017066e-15  -1.036017066e-15
294  1.034033832e-15  -1.034033832e-15
294.0804661  1.032054936e-15  -1.032054936e-15
294.2612261  1.02762528e-15  -1.02762528e-15
294.5220751  1.021271235e-15  -1.021271235e-15
294.834721  1.013714538e-15  -1.013714538e-15
295.165279  1.005794319e-15  -1.005794319e-15
295.4779249  9.983682892e-16  -9.983682892e-16
295.7387739  9.922204771e-16  -9.922204771e-16
295.9195339  9.879856152e-16  -9.879856152e-16
296  9.861070958e-16  -9.861070958e-16
296.0804661  9.842326573e-16  -9.842326573e-16
296.2612261  9.80036724e-16  -9.80036724e-16
296.5220751  9.740176951e-16  -9.740176951e-16
296.834721  9.668590471e-16  -9.668590471e-16
297.165279  9.593555852e-16  -9.593555852e-16
297.4779249  9.523198952e-16  -9.523198952e-16
297.7387739  9.464949312e-16  -9.464949312e-16
297.9195339  9.42482299e-16  -9.42482299e-16
298  9.40702315e-16  -9.40702315e-16
298.0804661  9.389261719e-16  -9.389261719e-16
298.2612261  9.34950179e-16  -9.34950179e-16
298.5220751  9.292464249e-16  -9.292464249e-16
298.834721  9.224623929e-16  -9.224623929e-16
299.165279  9.153511789e-16  -9.153511789e-16
299.4779249  9.086828977e-16  -9.086828977e-16
299.7387739  9.031618331e-16  -9.031618331e-16
299.9195339  8.993583969e-16  -8.993583969e-16
300  8.976711718e-16  -8.976711718e-16
300.0804661  8.959875631e-16  -8.959875631e-16
300.2612261  8.922186256e-16  -8.922186256e-16
300.5220751  8.868116892e-16  -8.868116892e-16
300.834721  8.803803628e-16  -8.803803628e-16
301.165279  8.736384789e-16  -8.736384789e-16
301.4779249  8.673161625e-16  -8.673161625e-16
301.7387739  8.620812764e-16  -8.620812764e-16
301.9195339  8.584748464e-16  -8.584748464e-16
302  8.568749773e-16  -8.568749773e-16
302.0804661  8.552785147e-16  -8.552785147e-16
302.2612261  8.517045808e-16  -8.517045808e-16
302.5220751  8.46577198e-16  -8.46577198e-16
302.834721  8.404780813e-16  -8.404780813e-16
303.165279  8.340840879e-16  -8.340840879e-16
303.4779249  8.280876737e-16  -8.280876737e-16
303.7387739  8.231223861e-16  -8.231223861e-16
303.9195339  8.197015564e-16  -8.197015564e-16
304  8.18183988e-16  -8.18183988e-16
304.0804661  8.166696297e-16  -8.166696297e-16
304.2612261  8.13279422e-16  -8.13279422e-16
304.5220751  8.084154372e-16  -8.084154372e-16
304.834721  8.026293492e-16  -8.026293492e-16
305.165279  7.965631806e-16  -7.965631806e-16
305.4779249  7.908738906e-16  -7.908738906e-16
305.7387739  7.861626817e-16  -7.861626817e-16
305.9195339  7.829167758e-16  -7.829167758e-16
306  7.814767756e-16  -7.814767756e-16
306.0804661  7.800398016e-16  -7.800398016e-16
306.2612261  7.768227627e-16  -7.768227627e-16
306.5220751  7.722070511e-16  -7.722070511e-16
306.834721  7.667160335e-16  -7.667160335e-16
307.165279  7.609589017e-16  -7.609589017e-16
307.4779249  7.555591523e-16  -7.555591523e-16
307.7387739  7.510874887e-16  -7.510874887e-16
307.9195339  7.480065079e-16  -7.480065079e-16
308  7.466396441e-16  -7.466396441e-16
308.0804661  7.452756341e-16  -7.452756341e-16
308.2612261  7.422218764e-16  -7.422218764e-16
308.5220751  7.378402718e-16  -7.378402718e-16
308.834721  7.326275038e-16  -7.326275038e-16
309.165279  7.271618097e-16  -7.271618097e-16
309.4779249  7.220351288e-16  -7.220351288e-16
309.7387739  7.177893951e-16  -7.177893951e-16
309.9195339  7.148639717e-16  -7.148639717e-16
310  7.135660918e-16  -7.135660918e-16
310.0804661  7.122709043e-16  -7.122709043e-16
310.2612261  7.093711634e-16  -7.093711634e-16
310.5220751  7.052103924e-16  -7.052103924e-16
310.834721  7.002601117e-16  -7.002601117e-16
311.165279  6.950693628e-16  -6.950693628e-16
311.4779249  6.902003128e-16  -6.902003128e-16
311.7387739  6.86167748e-16  -6.86167748e-16
311.9195339  6.833891018e-16  -6.833891018e-16
312  6.821563138e-16  -6.821563138e-16
312.0804661  6.809260667e-16  -6.809260667e-16
312.2612261  6.781716589e-16  -6.781716589e-16
312.5220751  6.742192788e-16  -6.742192788e-16
312.834721  6.695167091e-16  -6.695167091e-16
313.165279  6.645854433e-16  -6.645854433e-16
313.4779249  6.599595505e-16  -6.599595505e-16
313.7387739  6.561281893e-16  -6.561281893e-16
313.9195339  6.534880874e-16  -6.534880874e-16
314  6.523167417e-16  -6.523167417e-16
314.0804661  6.511477948e-16  -6.511477948e-16
314.2612261  6.485305767e-16  -6.485305767e-16
314.5220751  6.44774919e-16  -6.44774919e-16
314.834721  6.403062024e-16  -6.403062024e-16
315.165279  6.356199178e-16  -6.356199178e-16
315.4779249  6.312236063e-16  -6.312236063e-16
315.7387739  6.27582225e-16  -6.27582225e-16
315.9195339  6.250729444e-16  -6.250729444e-16
316  6.239596172e-16  -6.239596172e-16
316.0804661  6.228485557e-16  -6.228485557e-16
316.2612261  6.203608879e-16  -6.203608879e-16
316.5220751  6.167910055e-16  -6.167910055e-16
316.834721  6.125431403e-16  -6.125431403e-16
317.165279  6.080882298e-16  -6.080882298e-16
317.4779249  6.039087607e-16  -6.039087607e-16
317.7387739  6.004468271e-16  -6.004468271e-16
317.9195339  5.980611201e-16  -5.980611201e-16
318  5.970025985e-16  -5.970025985e-16
318.0804661  5.959462175e-16  -5.959462175e-16
318.2612261  5.935809302e-16  -5.935809302e-16
318.5220751  5.901865487e-16  -5.901865487e-16
318.834721  5.861473314e-16  -5.861473314e-16
319.165279  5.819110227e-16  -5.819110227e-16
319.4779249  5.779364374e-16  -5.779364374e-16
319.7387739  5.746440641e-16  -5.746440641e-16
319.9195339  5.723751265e-16  -5.723751265e-16
320  5.713683939e-16  -5.713683939e-16
320.0804661  5.703636845e-16  -5.703636845e-16
320.2612261  5.681140463e-16  -5.681140463e-16
320.5220751  5.648855188e-16  -5.648855188e-16
320.834721  5.610434905e-16  -5.610434905e-16
321.165279  5.570137899e-16  -5.570137899e-16
321.4779249  5.532328583e-16  -5.532328583e-16
321.7387739  5.501007594e-16  -5.501007594e-16
321.9195339  5.479422006e-16  -5.479422006e-16
322  5.469844239e-16  -5.469844239e-16
322.0804661  5.460285601e-16  -5.460285601e-16
322.2612261  5.438882483e-16  -5.438882483e-16
322.5220751  5.408165136e-16  -5.408165136e-16
322.834721  5.371609104e-16  -5.371609104e-16
323.165279  5.333265507e-16  -5.333265507e-16
323.4779249  5.297287226e-16  -5.297287226e-16
323.7387739  5.267481738e-16  -5.267481738e-16
323.9195339  5.246939896e-16  -5.246939896e-16
324  5.237825068e-16  -5.237825068e-16
324.0804661  5.228728332e-16  -5.228728332e-16
324.2612261  5.208359069e-16  -5.208359069e-16
324.5220751  5.179124504e-16  -5.179124504e-16
324.834721  5.144331573e-16  -5.144331573e-16
325.165279  5.107835501e-16  -5.107835501e-16
325.4779249  5.073589099e-16  -5.073589099e-16
325.7387739  5.045217115e-16  -5.045217115e-16
325.9195339  5.025662583e-16  -5.025662583e-16
326  5.016985673e-16  -5.016985673e-16
326.0804661  5.00832588e-16  -5.00832588e-16
326.2612261  4.988934629e-16  -4.988934629e-16
326.5220751  4.961102807e-16  -4.961102807e-16
326.834721  4.927977888e-16  -4.927977888e-16
327.165279  4.893229795e-16  -4.893229795e-16
327.4779249  4.860622047e-16  -4.860622047e-16
327.7387739  4.833606469e-16  -4.833606469e-16
327.9195339  4.814986182e-16  -4.814986182e-16
328  4.806723662e-16  -4.806723662e-16
328.0804661  4.798477342e-16  -4.798477342e-16
328.2612261  4.780011592e-16  -4.780011592e-16
328.5220751  4.753507245e-16  -4.753507245e-16
328.834721  4.721960914e-16  -4.721960914e-16
329.165279  4.688867178e-16  -4.688867178e-16
329.4779249  4.657810401e-16  -4.657810401e-16
329.7387739  4.632078711e-16  -4.632078711e-16
329.9195339  4.614342755e-16  -4.614342755e-16
330  4.606472493e-16  -4.606472493e-16
330.0804661  4.598617569e-16  -4.598617569e-16
330.2612261  4.581027921e-16  -4.581027921e-16
330.5220751  4.555780243e-16  -4.555780243e-16
330.834721  4.525728371e-16  -4.525728371e-16
331.165279  4.494200909e-16  -4.494200909e-16
331.4779249  4.464612602e-16  -4.464612602e-16
331.7387739  4.440096564e-16  -4.440096564e-16
331.9195339  4.423197969e-16  -4.423197969e-16
332  4.415699139e-16  -4.415699139e-16
332.0804661  4.408214836e-16  -4.408214836e-16
332.2612261  4.391454805e-16  -4.391454805e-16
332.5220751  4.367397161e-16  -4.367397161e-16
332.834721  4.338760571e-16  -4.338760571e-16
333.165279  4.308716479e-16  -4.308716479e-16
333.4779249  4.28051899e-16  -4.28051899e-16
333.7387739  4.257154375e-16  -4.257154375e-16
333.9195339  4.241048926e-16  -4.241048926e-16
334  4.233901924e-16  -4.233901924e-16
334.0804661  4.226768684e-16  -4.226768684e-16
334.2612261  4.210794508e-16  -4.210794508e-16
334.5220751  4.187864166e-16  -4.187864166e-16
334.834721  4.160568315e-16  -4.160568315e-16
335.165279  4.131929537e-16  -4.131929537e-16
335.4779249  4.105049749e-16  -4.105049749e-16
335.7387739  4.082776075e-16  -4.082776075e-16
335.9195339  4.067422138e-16  -4.067422138e-16
336  4.060608502e-16  -4.060608502e-16
336.0804661  4.053807907e-16  -4.053807907e-16
336.2612261  4.038578376e-16  -4.038578376e-16
336.5220751  4.016716257e-16  -4.016716257e-16
336.834721  3.990690937e-16  -3.990690937e-16
337.165279  3.963383955e-16  -3.963383955e-16
337.4779249  3.937752996e-16  -3.937752996e-16
337.7387739  3.916513291e-16  -3.916513291e-16
337.9195339  3.901871645e-16  -3.901871645e-16
338  3.895373984e-16  -3.895373984e-16
338.0804661  3.888888685e-16  -3.888888685e-16
338.2612261  3.874364975e-16  -3.874364975e-16
338.5220751  3.853515419e-16  -3.853515419e-16
338.834721  3.828694486e-16  -3.828694486e-16
339.165279  3.802650029e-16  -3.802650029e-16
339.4779249  3.778203004e-16  -3.778203004e-16
339.7387739  3.757943583e-16  -3.757943583e-16
339.9195339  3.743977268e-16  -3.743977268e-16
340  3.737779192e-16  -3.737779192e-16
340.0804661  3.73159284e-16  -3.73159284e-16
340.2612261  3.717738361e-16  -3.717738361e-16
340.5220751  3.697848914e-16  -3.697848914e-16
340.834721  3.674170027e-16  -3.674170027e-16
341.165279  3.649322804e-16  -3.649322804e-16
341.4779249  3.625998545e-16  -3.625998545e-16
341.7387739  3.606668802e-16  -3.606668802e-16
341.9195339  3.593342977e-16  -3.593342977e-16
342  3.587429036e-16  -3.587429036e-16
342.0804661  3.581526216e-16  -3.581526216e-16
342.2612261  3.568306477e-16  -3.568306477e-16
342.5220751  3.549327685e-16  -3.549327685e-16
342.834721  3.526732067e-16  -3.526732067e-16
343.165279  3.503020519e-16  -3.503020519e-16
343.4779249  3.480761347e-16  -3.480761347e-16
343.7387739  3.462313562e-16  -3.462313562e-16
343.9195339  3.449595372e-16  -3.449595372e-16
344  3.443950996e-16  -3.443950996e-16
344.0804661  3.438317173e-16  -3.438317173e-16
344.2612261  3.425699646e-16  -3.425699646e-16
344.5220751  3.40758487e-16  -3.40758487e-16
344.834721  3.386017086e-16  -3.386017086e-16
345.165279  3.363383149e-16  -3.363383149e-16
345.4779249  3.34213466e-16  -3.34213466e-16
345.7387739  3.32452382e-16  -3.32452382e-16
345.9195339  3.312382272e-16  -3.312382272e-16
346  3.306993717e-16  -3.306993717e-16
346.0804661  3.301615178e-16  -3.301615178e-16
346.2612261  3.289569175e-16  -3.289569175e-16
346.5220751  3.272274414e-16  -3.272274414e-16
346.834721  3.251682165e-16  -3.251682165e-16
347.165279  3.230071057e-16  -3.230071057e-16
347.4779249  3.209781916e-16  -3.209781916e-16
347.7387739  3.192965545e-16  -3.192965545e-16
347.9195339  3.181371391e-16  -3.181371391e-16
348  3.176225687e-16  -3.176225687e-16
348.0804661  3.171089492e-16  -3.171089492e-16
348.2612261  3.159586054e-16  -3.159586054e-16
348.5220751  3.143069785e-16  -3.143069785e-16
348.834721  3.12340371e-16  -3.12340371e-16
349.165279  3.102763723e-16  -3.102763723e-16
349.4779249  3.083385477e-16  -3.083385477e-16
349.7387739  3.067323482e-16  -3.067323482e-16
349.9195339  3.056249116e-16  -3.056249116e-16
350  3.051334018e-16  -3.051334018e-16
350.0804661  3.046427953e-16  -3.046427953e-16
350.2612261  3.035439741e-16  -3.035439741e-16
350.5220751  3.019662762e-16  -3.019662762e-16
350.834721  3.000876261e-16  -3.000876261e-16
351.165279  2.981158578e-16  -2.981158578e-16
351.4779249  2.962645477e-16  -2.962645477e-16
351.7387739  2.947299999e-16  -2.947299999e-16
351.9195339  2.93671935e-16  -2.93671935e-16
352  2.932023298e-16  -2.932023298e-16
352.0804661  2.927335826e-16  -2.927335826e-16
352.2612261  2.916837026e-16  -2.916837026e-16
352.5220751  2.901762316e-16  -2.901762316e-16
352.834721  2.883811379e-16  -2.883811379e-16
353.165279  2.864969893e-16  -2.864969893e-16
353.4779249  2.847278727e-16  -2.847278727e-16
353.7387739  2.832614007e-16  -2.832614007e-16
353.9195339  2.822502452e-16  -2.822502452e-16
354  2.818014524e-16  -2.818014524e-16
354.0804661  2.81353475e-16  -2.81353475e-16
354.2612261  2.803500974e-16  -2.803500974e-16
354.5220751  2.789093561e-16  -2.789093561e-16
354.834721  2.771936612e-16  -2.771936612e-16
355.165279  2.753927762e-16  -2.753927762e-16
355.4779249  2.737017705e-16  -2.737017705e-16
355.7387739  2.722999957e-16  -2.722999957e-16
355.9195339  2.713334227e-16  -2.713334227e-16
356  2.709044104e-16  -2.709044104e-16
356.0804661  2.704761731e-16  -2.704761731e-16
356.2612261  2.695169935e-16  -2.695169935e-16
356.5220751  2.681396773e-16  -2.681396773e-16
356.834721  2.66499452e-16  -2.66499452e-16
357.165279  2.64777714e-16  -2.64777714e-16
357.4779249  2.631609606e-16  -2.631609606e-16
357.7387739  2.618206896e-16  -2.618206896e-16
357.9195339  2.608965e-16  -2.608965e-16
358  2.604862927e-16  -2.604862927e-16
358.0804661  2.600768224e-16  -2.600768224e-16
358.2612261  2.591596626e-16  -2.591596626e-16
358.5220751  2.578426475e-16  -2.578426475e-16
358.834721  2.562741776e-16  -2.562741776e-16
359.165279  2.546276949e-16  -2.546276949e-16
359.4779249  2.530815459e-16  -2.530815459e-16
359.7387739  2.517997594e-16  -2.517997594e-16
359.9195339  2.509158737e-16  -2.509158737e-16
360  2.505235493e-16  -2.505235493e-16
360.0804661  2.501319257e-16  -2.501319257e-16
360.2612261  2.492547262e-16  -2.492547262e-16
360.5220751  2.479950583e-16  -2.479950583e-16
360.834721  2.464948316e-16  -2.464948316e-16
361.165279  2.449199238e-16  -2.449199238e-16
361.4779249  2.434409294e-16  -2.434409294e-16
361.7387739  2.42214772e-16  -2.42214772e-16
361.9195339  2.413692237e-16  -2.413692237e-16
362  2.409939098e-16  -2.409939098e-16
362.0804661  2.406192627e-16  -2.406192627e-16
362.2612261  2.397800753e-16  -2.397800753e-16
362.5220751  2.385749607e-16  -2.385749607e-16
362.834721  2.371396549e-16  -2.371396549e-16
363.165279  2.356328406e-16  -2.356328406e-16
363.4779249  2.342177372e-16  -2.342177372e-16
363.7387739  2.330445076e-16  -2.330445076e-16
363.9195339  2.322354361e-16  -2.322354361e-16
364  2.318763075e-16  -2.318763075e-16
364.0804661  2.315178134e-16  -2.315178134e-16
364.2612261  2.30714795e-16  -2.30714795e-16
364.5220751  2.295615902e-16  -2.295615902e-16
364.834721  2.281880618e-16  -2.281880618e-16
365.165279  2.267460467e-16  -2.267460467e-16
365.4779249  2.253917461e-16  -2.253917461e-16
365.7387739  2.242688877e-16  -2.242688877e-16
365.9195339  2.234945323e-16  -2.234945323e-16
366  2.231508079e-16  -2.231508079e-16
366.0804661  2.228076876e-16  -2.228076876e-16
366.2612261  2.22039094e-16  -2.22039094e-16
366.5220751  2.209352969e-16  -2.209352969e-16
366.834721  2.196205707e-16  -2.196205707e-16
367.165279  2.182402366e-16  -2.182402366e-16
367.4779249  2.169438154e-16  -2.169438154e-16
367.7387739  2.158689084e-16  -2.158689084e-16
367.9195339  2.151276022e-16  -2.151276022e-16
368  2.147985427e-16  -2.147985427e-16
368.0804661  2.144700584e-16  -2.144700584e-16
368.2612261  2.137342382e-16  -2.137342382e-16
368.5220751  2.126774801e-16  -2.126774801e-16
368.834721  2.114187392e-16  -2.114187392e-16
369.165279  2.100971338e-16  -2.100971338e-16
369.4779249  2.08855824e-16  -2.08855824e-16
369.7387739  2.07826577e-16  -2.07826577e-16
369.9195339  2.071167415e-16  -2.071167415e-16
370  2.068016468e-16  -2.068016468e-16
370.0804661  2.064870998e-16  -2.064870998e-16
370.2612261  2.057824893e-16  -2.057824893e-16
370.5220751  2.047705271e-16  -2.047705271e-16
370.834721  2.035651036e-16  -2.035651036e-16
371.165279  2.022994308e-16  -2.022994308e-16
371.4779249  2.011106107e-16  -2.011106107e-16
371.7387739  2.001248532e-16  -2.001248532e-16
371.9195339  1.994449934e-16  -1.994449934e-16
372  1.991432003e-16  -1.991432003e-16
372.0804661  1.98841929e-16  -1.98841929e-16
372.2612261  1.981670467e-16  -1.981670467e-16
372.5220751  1.971977554e-16  -1.971977554e-16
372.834721  1.96043122e-16  -1.96043122e-16
373.165279  1.948307329e-16  -1.948307329e-16
373.4779249  1.936919186e-16  -1.936919186e-16
373.7387739  1.927475942e-16  -1.927475942e-16
373.9195339  1.920962936e-16  -1.920962936e-16
374  1.918071737e-16  -1.918071737e-16
374.0804661  1.915185509e-16  -1.915185509e-16
374.2612261  1.908719933e-16  -1.908719933e-16
374.5220751  1.899433594e-16  -1.899433594e-16
374.834721  1.888371212e-16  -1.888371212e-16
375.165279  1.876755053e-16  -1.876755053e-16
375.4779249  1.86584343e-16  -1.86584343e-16
375.7387739  1.856795028e-16  -1.856795028e-16
375.9195339  1.850554187e-16  -1.850554187e-16
376  1.847783764e-16  -1.847783764e-16
376.0804661  1.84501808e-16  -1.84501808e-16
376.2612261  1.838822446e-16  -1.838822446e-16
376.5220751  1.829923595e-16  -1.829923595e-16
376.834721  1.819322466e-16  -1.819322466e-16
377.165279  1.808190244e-16  -1.808190244e-16
377.4779249  1.797732825e-16  -1.797732825e-16
377.7387739  1.789060789e-16  -1.789060789e-16
377.9195339  1.783079386e-16  -1.783079386e-16
378  1.780424092e-16  -1.780424092e-16
378.0804661  1.777773317e-16  -1.777773317e-16
378.2612261  1.771835013e-16  -1.771835013e-16
378.5220751  1.763305555e-16  -1.763305555e-16
378.834721  1.753144154e-16  -1.753144154e-16
379.165279  1.742473305e-16  -1.742473305e-16
379.4779249  1.732448931e-16  -1.732448931e-16
379.7387739  1.724135741e-16  -1.724135741e-16
379.9195339  1.718401705e-16  -1.718401705e-16
380  1.715856187e-16  -1.715856187e-16
380.0804661  1.713314977e-16  -1.713314977e-16
380.2612261  1.707622041e-16  -1.707622041e-16
380.5220751  1.699444816e-16  -1.699444816e-16
380.834721  1.689702729e-16  -1.689702729e-16
381.165279  1.679471853e-16  -1.679471853e-16
381.4779249  1.669860455e-16  -1.669860455e-16
381.7387739  1.661889492e-16  -1.661889492e-16
381.9195339  1.656391372e-16  -1.656391372e-16
382  1.65395055e-16  -1.65395055e-16
382.0804661  1.651513838e-16  -1.651513838e-16
382.2612261  1.646054922e-16  -1.646054922e-16
382.5220751  1.63821365e-16  -1.63821365e-16
382.834721  1.628871512e-16  -1.628871512e-16
383.165279  1.619060305e-16  -1.619060305e-16
383.4779249  1.609842841e-16  -1.609842841e-16
383.7387739  1.602198336e-16  -1.602198336e-16
383.9195339  1.596925271e-16  -1.596925271e-16
384  1.594584326e-16  -1.594584326e-16
384.0804661  1.592247301e-16  -1.592247301e-16
384.2612261  1.587011639e-16  -1.587011639e-16
384.5220751  1.579490871e-16  -1.579490871e-16
384.834721  1.570530306e-16  -1.570530306e-16
385.165279  1.5611195e-16  -1.5611195e-16
385.4779249  1.552277898e-16  -1.552277898e-16
385.7387739  1.544944888e-16  -1.544944888e-16
385.9195339  1.539886565e-16  -1.539886565e-16
386  1.537640922e-16  -1.537640922e-16
386.0804661  1.535399021e-16  -1.535399021e-16
386.2612261  1.530376393e-16  -1.530376393e-16
386.5220751  1.523161468e-16  -1.523161468e-16
386.834721  1.51456503e-16  -1.51456503e-16
387.165279  1.505536337e-16  -1.505536337e-16
387.4779249  1.497053442e-16  -1.497053442e-16
387.7387739  1.490017719e-16  -1.490017719e-16
387.9195339  1.485164351e-16  -1.485164351e-16
388  1.483009668e-16  -1.483009668e-16
388.0804661  1.480858556e-16  -1.480858556e-16
388.2612261  1.476039261e-16  -1.476039261e-16
388.5220751  1.469116256e-16  -1.469116256e-16
388.834721  1.460867383e-16  -1.460867383e-16
389.165279  1.452203436e-16  -1.452203436e-16
389.4779249  1.44406296e-16  -1.44406296e-16
389.7387739  1.437311034e-16  -1.437311034e-16
389.9195339  1.432653326e-16  -1.432653326e-16
390  1.430585478e-16  -1.430585478e-16
390.0804661  1.42852104e-16  -1.42852104e-16
390.2612261  1.423895864e-16  -1.423895864e-16
390.5220751  1.417251559e-16  -1.417251559e-16
390.834721  1.409334523e-16  -1.409334523e-16
391.165279  1.401018828e-16  -1.401018828e-16
391.4779249  1.393205299e-16  -1.393205299e-16
391.7387739  1.386724357e-16  -1.386724357e-16
391.9195339  1.382253479e-16  -1.382253479e-16
392  1.380268549e-16  -1.380268549e-16
392.0804661  1.378286876e-16  -1.378286876e-16
392.2612261  1.373847066e-16  -1.373847066e-16
392.5220751  1.367468903e-16  -1.367468903e-16
392.834721  1.359868761e-16  -1.359868761e-16
393.165279  1.351885649e-16  -1.351885649e-16
393.4779249  1.344384369e-16  -1.344384369e-16
393.7387739  1.338162236e-16  -1.338162236e-16
393.9195339  1.333869799e-16  -1.333869799e-16
394  1.331964066e-16  -1.331964066e-16
394.0804661  1.330061444e-16  -1.330061444e-16
394.2612261  1.325798685e-16  -1.325798685e-16
394.5220751  1.319674729e-16  -1.319674729e-16
394.834721  1.312377283e-16  -1.312377283e-16
395.165279  1.304711865e-16  -1.304711865e-16
395.4779249  1.297508865e-16  -1.297508865e-16
395.7387739  1.291533973e-16  -1.291533973e-16
395.9195339  1.287412005e-16  -1.287412005e-16
396  1.285581931e-16  -1.285581931e-16
396.0804661  1.28375483e-16  -1.28375483e-16
396.2612261  1.279661218e-16  -1.279661218e-16
396.5220751  1.273780129e-16  -1.273780129e-16
396.834721  1.266771883e-16  -1.266771883e-16
397.165279  1.259410007e-16  -1.259410007e-16
397.4779249  1.25249201e-16  -1.25249201e-16
397.7387739  1.24675336e-16  -1.24675336e-16
397.9195339  1.242794283e-16  -1.242794283e-16
398  1.241036506e-16  -1.241036506e-16
398.0804661  1.23928157e-16  -1.23928157e-16
398.2612261  1.235349591e-16  -1.235349591e-16
398.5220751  1.229700588e-16  -1.229700588e-16
398.834721  1.222968711e-16  -1.222968711e-16
399.165279  1.215896921e-16  -1.215896921e-16
399.4779249  1.209251303e-16  -1.209251303e-16
399.7387739  1.20373844e-16  -1.20373844e-16
399.9195339  1.199935047e-16  -1.199935047e-16
