#L=7 M=6
#R     Re(V)   Im(V)

0.08046609183  -1.821787583e-16  1.592685592e-14
0.2612261349  -1.700042419e-17  6.489538897e-11
0.5220750502  -4.669369087e-17  8.301072802e-09
0.8347210423  -1.064158739e-17  2.237157365e-07
1.165278958  8.726727069e-17  2.343466885e-06
1.47792495  3.80415457e-17  1.257780134e-05
1.738773865  5.128799454e-16  3.988125038e-05
1.919533908  -1.150965177e-15  8.068388071e-05
2  -8.069653193e-16  0.0001081729453
2.080466092  6.28273295e-17  0.0001434127177
2.261226135  -6.039124163e-16  0.0002605018617
2.52207505  -6.138880609e-16  0.0005710456584
2.834721042  1.132751635e-16  0.001327509124
3.165278958  -5.399810247e-17  0.002951950142
3.47792495  1.237207431e-17  0.005849845966
3.738773865  -5.52785778e-17  0.009890062127
3.919533908  -3.822451219e-17  0.0139260394
4  -1.963886817e-17  0.01613144642
4.080466092  -2.000389126e-17  0.01365213417
4.261226135  -8.930138974e-18  0.009458653576
4.52207505  -1.312209877e-17  0.005664788954
4.834721042  -6.384684373e-18  0.003130483754
5.165278958  -3.628182774e-18  0.001704358939
5.47792495  -9.110948465e-19  0.000970708875
5.738773865  -7.517801513e-19  0.0006098523284
5.919533908  -4.331360801e-19  0.0004421679977
6  -9.76195712e-19  0.0003831016324
6.080466092  -8.591581379e-19  0.000331810778
6.261226135  -7.74430468e-19  0.000239762786
6.52207505  -1.238089005e-20  0.0001487752627
6.834721042  -2.410454065e-19  8.203520812e-05
7.165278958  5.322097826e-21  4.15106819e-05
7.47792495  -1.288036524e-19  1.973426748e-05
7.738773865  6.267435214e-21  8.9463309e-06
7.919533908  1.718008381e-20  4.032217115e-06
8  -1.733489602e-19  2.343944051e-06
8.080466092  -1.60582875e-19  9.085382148e-07
8.261226135  -9.74228809e-20  -1.554803111e-06
8.52207505  8.829151011e-20  -3.723885478e-06
8.834721042  -3.748416252e-20  -4.927398558e-06
9.165278958  -1.529338278e-20  -5.242593239e-06
9.47792495  -7.10624797e-20  -5.058710831e-06
9.738773865  9.054857833e-21  -4.724388569e-06
9.919533908  2.384843636e-20  -4.445066507e-06
10  5.862362647e-20  -4.314216895e-06
10.08046609  -2.334889365e-21  -4.181178179e-06
10.26122613  -5.4097808e-20  -3.879476822e-06
10.52207505  -1.108667704e-20  -3.451350149e-06
10.83472104  2.21580697e-20  -2.969855907e-06
11.16527896  -3.051910279e-20  -2.512796782e-06
11.47792495  -7.453549178e-20  -2.134288624e-06
11.73877387  7.370345795e-20  -1.857765344e-06
11.91953391  4.998764682e-20  -1.685919649e-06
12  2.692646396e-20  -1.614348604e-06
12.08046609  7.528341057e-20  -1.545689129e-06
12.26122613  -6.016602553e-20  -1.401600899e-06
12.52207505  6.584401156e-20  -1.216668711e-06
12.83472104  -1.023166224e-19  -1.02691078e-06
13.16527896  3.371097048e-20  -8.588789375e-07
13.47792495  6.822596625e-20  -7.260545518e-07
13.73877387  -7.104427449e-21  -6.317160514e-07
13.91953391  5.436832261e-20  -5.739839841e-07
14  -7.023870781e-21  -5.501072785e-07
14.08046609  4.847906673e-20  -5.272830976e-07
14.26122613  6.238235616e-20  -4.796084892e-07
14.52207505  -6.597330297e-21  -4.18763081e-07
14.83472104  3.297127838e-20  -3.565583266e-07
15.16527896  7.239944082e-20  -3.014840506e-07
15.47792495  2.096059601e-20  -2.578110919e-07
15.73877387  1.459805485e-20  -2.266346966e-07
15.91953391  1.357713684e-20  -2.074584378e-07
16  4.605438107e-21  -1.995003349e-07
16.08046609  -1.937223937e-20  -1.918759908e-07
16.26122613  2.814842855e-20  -1.758896188e-07
16.52207505  5.678607135e-21  -1.553446003e-07
16.83472104  4.841691241e-21  -1.341331078e-07
17.16527896  4.792874681e-20  -1.151278504e-07
17.47792495  9.420670645e-21  -9.986478844e-08
17.73877387  3.401429855e-20  -8.883982547e-08
17.91953391  -6.888218635e-21  -8.199492398e-08
18  -1.868764569e-20  -7.913834838e-08
18.08046609  -4.7279526e-21  -7.639212893e-08
18.26122613  -1.815015207e-21  -7.060177105e-08
18.52207505  -1.536070621e-20  -6.308910475e-08
18.83472104  -3.472142277e-21  -5.523539156e-08
19.16527896  1.488977509e-20  -4.809878137e-08
19.47792495  -1.156088998e-20  -4.228594769e-08
19.73877387  1.092814678e-20  -3.803409668e-08
19.91953391  8.730997529e-21  -3.536875901e-08
20  -4.521565478e-20  -3.425010319e-08
20.08046609  5.733940957e-21  -3.317093952e-08
20.26122613  -2.854464312e-21  -3.088289063e-08
20.52207505  -1.984186615e-20  -2.788647029e-08
20.83472104  3.519226585e-20  -2.471621276e-08
21.16527896  -3.932789115e-20  -2.179688037e-08
21.47792495  -3.278365327e-20  -1.938771668e-08
21.73877387  -4.069199467e-20  -1.760513688e-08
21.91953391  -9.444210351e-21  -1.647790139e-08
22  3.894695545e-20  -1.600236979e-08
22.08046609  -5.063356545e-20  -1.554219994e-08
22.26122613  -1.595505944e-20  -1.456168967e-08
22.52207505  3.5230378e-21  -1.326690634e-08
22.83472104  -2.188425996e-20  -1.188237634e-08
23.16527896  -3.358217495e-20  -1.059244098e-08
23.47792495  -1.586012258e-20  -9.515671342e-09
23.73877387  -2.734738764e-20  -8.710941547e-09
23.91953391  -3.156560325e-20  -8.198193186e-09
24  5.783628794e-20  -7.98092753e-09
24.08046609  -2.407861634e-20  -7.770115166e-09
24.26122613  -1.523752739e-20  -7.318992518e-09
24.52207505  1.074810807e-21  -6.718987624e-09
24.83472104  2.618715769e-20  -6.071492381e-09
25.16527896  -1.529406073e-20  -5.462137748e-09
25.47792495  4.574558964e-21  -4.948452554e-09
25.73877387  -2.094241905e-20  -4.561236087e-09
25.91953391  -3.344479092e-20  -4.312905904e-09
26  3.123129745e-20  -4.207281315e-09
26.08046609  -3.225143441e-21  -4.104557563e-09
26.26122613  -1.05225583e-20  -3.883924592e-09
26.52207505  4.57083911e-21  -3.588664158e-09
26.83472104  -8.094472636e-21  -3.267518963e-09
27.16527896  -1.974552577e-20  -2.962668817e-09
27.47792495  2.485479763e-20  -2.703499177e-09
27.73877387  1.104191693e-20  -2.506689079e-09
27.91953391  -3.969984988e-21  -2.379763156e-09
28  -2.721012496e-20  -2.325599887e-09
28.08046609  -3.012919911e-22  -2.27281947e-09
28.26122613  1.048783074e-20  -2.159095363e-09
28.52207505  -3.127948009e-21  -2.006094353e-09
28.83472104  -1.636178132e-20  -1.838546973e-09
29.16527896  -2.543665178e-20  -1.678309575e-09
29.47792495  8.268329368e-21  -1.541083486e-09
29.73877387  1.404592761e-20  -1.436207409e-09
29.91953391  1.197329714e-20  -1.368242747e-09
30  -8.205966621e-21  -1.339157792e-09
30.08046609  3.828773852e-21  -1.31076653e-09
30.26122613  -1.053319206e-20  -1.249423741e-09
30.52207505  -1.874972292e-21  -1.166512998e-09
30.83472104  -1.001879598e-20  -1.075181897e-09
31.16527896  1.287245392e-20  -9.872657514e-10
31.47792495  1.435848927e-20  -9.114933813e-10
31.73877387  -6.93481198e-21  -8.532595677e-10
31.91953391  1.505078861e-20  -8.153611665e-10
32  -1.432229648e-20  -7.991025855e-10
32.08046609  -6.156731294e-21  -7.832078222e-10
32.26122613  -6.762205772e-21  -7.4878207e-10
32.52207505  -2.244851327e-20  -7.020635625e-10
32.83472104  2.138844601e-21  -6.50332997e-10
33.16527896  -1.559045776e-20  -6.002514531e-10
33.47792495  1.537813242e-20  -5.568448647e-10
33.73877387  -8.728942835e-21  -5.233209444e-10
33.91953391  -9.834222328e-21  -5.014221071e-10
34  -7.180036721e-21  -4.920068518e-10
34.08046609  -1.460469628e-20  -4.827900202e-10
34.26122613  -6.105292336e-21  -4.627850092e-10
34.52207505  6.328065544e-21  -4.355393109e-10
34.83472104  1.67272826e-20  -4.052320691e-10
35.16527896  3.352668726e-21  -3.757421983e-10
35.47792495  1.631682746e-20  -3.500554349e-10
35.73877387  8.570333293e-21  -3.301302524e-10
35.91953391  -2.297801631e-20  -3.170713286e-10
36  -1.354948285e-21  -3.11445821e-10
36.08046609  2.476466091e-20  -3.059323487e-10
36.26122613  2.050507152e-21  -2.939426691e-10
36.52207505  2.058133727e-21  -2.775613298e-10
36.83472104  -6.126474512e-21  -2.592647273e-10
37.16527896  8.175750812e-21  -2.413811448e-10
37.47792495  1.05306821e-20  -2.257346465e-10
37.73877387  -2.498306125e-22  -2.135503229e-10
37.91953391  -6.463689707e-21  -2.055410614e-10
38  -4.298908219e-21  -2.020848454e-10
38.08046609  1.16412567e-21  -1.986938735e-10
38.26122613  -2.894699261e-21  -1.9130726e-10
38.52207505  5.971993288e-22  -1.811862079e-10
38.83472104  9.561426925e-21  -1.698403988e-10
39.16527896  -6.138457518e-21  -1.587057737e-10
39.47792495  -8.40253731e-22  -1.489251286e-10
39.73877387  2.552370996e-21  -1.412819946e-10
39.91953391  5.126656876e-21  -1.362444516e-10
40  -2.098003549e-21  -1.340672157e-10
40.08046609  1.217282581e-25  -1.319290438e-10
40.26122613  1.174241804e-25  -1.272642859e-10
40.52207505  1.115116138e-25  -1.208562482e-10
40.83472104  1.048616697e-25  -1.136490411e-10
41.16527896  9.831165593e-26  -1.065501385e-10
41.47792495  9.253741038e-26  -1.002920132e-10
41.73877387  8.801081003e-26  -9.538608529e-11
41.91953391  8.502016663e-26  -9.214482702e-11
42  8.37257777e-26  -9.074196874e-11
42.08046609  8.245351632e-26  -8.936309231e-11
42.26122613  7.96740269e-26  -8.635068264e-11
42.52207505  7.584691415e-26  -8.220285917e-11
42.83472104  7.152962857e-26  -7.752378656e-11
43.16527896  6.726313393e-26  -7.289976116e-11
43.47792495  6.348966639e-26  -6.881007835e-11
43.73877387  6.052303241e-26  -6.559484147e-11
43.91953391  5.855874127e-26  -6.346594342e-11
44  5.770747891e-26  -6.254334557e-11
44.08046609  5.687011282e-26  -6.163580849e-11
44.26122613  5.503842379e-26  -5.965062456e-11
44.52207505  5.251100548e-26  -5.691140948e-11
44.83472104  4.96521133e-26  -5.381294312e-11
45.16527896  4.681833209e-26  -5.074169204e-11
45.47792495  4.430455597e-26  -4.801726235e-11
45.73877387  4.232309003e-26  -4.586975025e-11
45.91953391  4.100848673e-26  -4.444498365e-11
46  4.043811099e-26  -4.382681063e-11
46.08046609  3.98766446e-26  -4.321829355e-11
46.26122613  3.864705439e-26  -4.18856641e-11
46.52207505  3.694714567e-26  -4.004330362e-11
46.83472104  3.501950563e-26  -3.795412802e-11
47.16527896  3.310352595e-26  -3.587758991e-11
47.47792495  3.139927906e-26  -3.403052772e-11
47.73877387  3.005269551e-26  -3.257110094e-11
47.91953391  2.915767103e-26  -3.160107372e-11
48  2.87689237e-26  -3.11797495e-11
48.08046609  2.838599755e-26  -3.076473427e-11
48.26122613  2.754651746e-26  -2.985490605e-11
48.52207505  2.638387566e-26  -2.859483526e-11
48.83472104  2.50624673e-26  -2.716269335e-11
49.16527896  2.374572601e-26  -2.573560958e-11
49.47792495  2.257156611e-26  -2.44630555e-11
49.73877387  2.164177676e-26  -2.345535013e-11
49.91953391  2.102274098e-26  -2.278443936e-11
50  2.075360176e-26  -2.249274636e-11
50.08046609  2.048833263e-26  -2.220524778e-11
50.26122613  1.990622372e-26  -2.157435834e-11
50.52207505  1.909871184e-26  -2.069917725e-11
50.83472104  1.817899859e-26  -1.970239234e-11
51.16527896  1.726039551e-26  -1.870681065e-11
51.47792495  1.643937318e-26  -1.781698694e-11
51.73877387  1.578790319e-26  -1.711092398e-11
51.91953391  1.535349433e-26  -1.664011181e-11
52  1.516445352e-26  -1.643522945e-11
52.08046609  1.497802721e-26  -1.623318068e-11
52.26122613  1.45685643e-26  -1.578940492e-11
52.52207505  1.39996928e-26  -1.517286219e-11
52.83472104  1.335051943e-26  -1.446928832e-11
53.16527896  1.270073158e-26  -1.376504847e-11
53.47792495  1.211873068e-26  -1.313427609e-11
53.73877387  1.165605233e-26  -1.263282546e-11
53.91953391  1.134708944e-26  -1.229797159e-11
54  1.121252527e-26  -1.215213099e-11
54.08046609  1.10797537e-26  -1.20082332e-11
54.26122613  1.078789442e-26  -1.169191622e-11
54.52207505  1.038184411e-26  -1.125183904e-11
54.83472104  9.917641507e-27  -1.074873642e-11
55.16527896  9.452070762e-27  -1.0244151e-11
55.47792495  9.034244577e-27  -9.79131113e-12
55.73877387  8.701502033e-27  -9.430684877e-12
55.91953391  8.479010446e-27  -9.189548572e-12
56  8.382031669e-27  -9.084443007e-12
56.08046609  8.286298955e-27  -8.980687925e-12
56.26122613  8.07569617e-27  -8.7524367e-12
56.52207505  7.782313726e-27  -8.434468909e-12
56.83472104  7.446353535e-27  -8.070355371e-12
57.16527896  7.108777093e-27  -7.70449014e-12
57.47792495  6.805262243e-27  -7.375540852e-12
57.73877387  6.56316099e-27  -7.113151598e-12
57.91953391  6.40107693e-27  -6.93748495e-12
58  6.330376856e-27  -6.860860234e-12
58.08046609  6.260554064e-27  -6.785186316e-12
58.26122613  6.10684013e-27  -6.618591209e-12
58.52207505  5.892448282e-27  -6.386233398e-12
58.83472104  5.646559701e-27  -6.11973944e-12
59.16527896  5.399060342e-27  -5.851499721e-12
59.47792495  5.176152284e-27  -5.609912045e-12
59.73877387  4.998078553e-27  -5.416915797e-12
59.91953391  4.878722334e-27  -5.287557568e-12
60  4.82662447e-27  -5.231093922e-12
60.08046609  4.775151644e-27  -5.175307691e-12
60.26122613  4.661758821e-27  -5.052412589e-12
60.52207505  4.503426047e-27  -4.880811583e-12
60.83472104  4.321567949e-27  -4.68371384e-12
61.16527896  4.1382224e-27  -4.485003998e-12
61.47792495  3.972829343e-27  -4.30575106e-12
61.73877387  3.840515413e-27  -4.162349269e-12
61.91953391  3.751734394e-27  -4.066128431e-12
62  3.712957665e-27  -4.024102226e-12
62.08046609  3.674631235e-27  -3.982564054e-12
62.26122613  3.590146411e-27  -3.890999432e-12
62.52207505  3.4720538e-27  -3.763010701e-12
62.83472104  3.336229995e-27  -3.615804908e-12
63.16527896  3.199087845e-27  -3.467170294e-12
63.47792495  3.075188495e-27  -3.332888221e-12
63.73877387  2.975937976e-27  -3.225320543e-12
63.91953391  2.909274614e-27  -3.153070815e-12
64  2.880140814e-27  -3.121495612e-12
64.08046609  2.851334821e-27  -3.090275688e-12
64.26122613  2.787798953e-27  -3.021415536e-12
64.52207505  2.698900697e-27  -2.925067637e-12
64.83472104  2.596523997e-27  -2.814111805e-12
65.16527896  2.493006689e-27  -2.701919782e-12
65.47792495  2.399353572e-27  -2.600418567e-12
65.73877387  2.324238641e-27  -2.519009031e-12
65.91953391  2.273738365e-27  -2.464276849e-12
66  2.251655937e-27  -2.440343921e-12
66.08046609  2.229814487e-27  -2.416672166e-12
66.26122613  2.181613282e-27  -2.364431716e-12
66.52207505  2.114108198e-27  -2.29126973e-12
66.83472104  2.036274842e-27  -2.206913966e-12
67.16527896  1.95746917e-27  -2.121504405e-12
67.47792495  1.88607849e-27  -2.044131212e-12
67.73877387  1.828752208e-27  -1.982001007e-12
67.91953391  1.790176855e-27  -1.940193053e-12
68  1.773299991e-27  -1.921901913e-12
68.08046609  1.75660191e-27  -1.903804539e-12
68.26122613  1.719732242e-27  -1.863845205e-12
68.52207505  1.668051533e-27  -1.807833672e-12
68.83472104  1.608396278e-27  -1.743179327e-12
69.16527896  1.547919782e-27  -1.677634921e-12
69.47792495  1.493065292e-27  -1.618183644e-12
69.73877387  1.448968867e-27  -1.570391954e-12
69.91953391  1.41927096e-27  -1.538205373e-12
70  1.406271558e-27  -1.524116626e-12
70.08046609  1.39340595e-27  -1.510172884e-12
70.26122613  1.364984494e-27  -1.47936972e-12
70.52207505  1.325112812e-27  -1.436156805e-12
70.83472104  1.279039657e-27  -1.386222735e-12
71.16527896  1.232276779e-27  -1.335541145e-12
71.47792495  1.189811121e-27  -1.28951688e-12
71.73877387  1.155638273e-27  -1.252480359e-12
71.91953391  1.132605327e-27  -1.227517259e-12
72  1.12251859e-27  -1.216585257e-12
72.08046609  1.112532799e-27  -1.205762661e-12
72.26122613  1.090462919e-27  -1.181843332e-12
72.52207505  1.0594775e-27  -1.148261346e-12
72.83472104  1.023636643e-27  -1.109417037e-12
73.16527896  9.872184227e-28  -1.069946983e-12
73.47792495  9.541100014e-28  -1.034064088e-12
73.73877387  9.274408452e-28  -1.005160065e-12
73.91953391  9.094519423e-28  -9.856636988e-13
74  9.015706302e-28  -9.771219354e-13
74.08046609  8.937660717e-28  -9.686633576e-13
74.26122613  8.765094209e-28  -9.499606055e-13
74.52207505  8.522637166e-28  -9.236831196e-13
74.83472104  8.241919352e-28  -8.932589327e-13
75.16527896  7.956376478e-28  -8.623118059e-13
75.47792495  7.696511057e-28  -8.341476007e-13
75.73877387  7.486991723e-28  -8.114399025e-13
75.91953391  7.345565709e-28  -7.961121561e-13
76  7.283577995e-28  -7.893939297e-13
76.08046609  7.222178149e-28  -7.827394166e-13
76.26122613  7.086360537e-28  -7.680195086e-13
76.52207505  6.895402264e-28  -7.473234575e-13
76.83472104  6.674110036e-28  -7.233398135e-13
77.16527896  6.448787542e-28  -6.989193695e-13
77.47792495  6.243522306e-28  -6.766727303e-13
77.73877387  6.07787861e-28  -6.587202723e-13
77.91953391  5.965993076e-28  -6.46594122e-13
78  5.916933549e-28  -6.412770522e-13
78.08046609  5.86832741e-28  -6.360091206e-13
78.26122613  5.760767277e-28  -6.243517571e-13
78.52207505  5.609438234e-28  -6.079507206e-13
78.83472104  5.433919893e-28  -5.88928049e-13
79.16527896  5.25503414e-28  -5.695404173e-13
79.47792495  5.091917458e-28  -5.51861837e-13
79.73877387  4.960176006e-28  -5.37583703e-13
79.91953391  4.871132849e-28  -5.279332087e-13
80  4.832074455e-28  -5.237000613e-13
80.08046609  4.793368039e-28  -5.195050614e-13
80.26122613  4.7076828e-28  -5.102184982e-13
80.52207505  4.587053955e-28  -4.971447481e-13
80.83472104  4.447029005e-28  -4.819688488e-13
81.16527896  4.304187961e-28  -4.664877415e-13
81.47792495  4.173821129e-28  -4.523585888e-13
81.73877387  4.068446071e-28  -4.409380437e-13
81.91953391  3.997180243e-28  -4.332142556e-13
82  3.965908539e-28  -4.298250295e-13
82.08046609  3.9349118e-28  -4.26465604e-13
82.26122613  3.866269158e-28  -4.190261169e-13
82.52207505  3.769575046e-28  -4.085464124e-13
82.83472104  3.657246232e-28  -3.963722194e-13
83.16527896  3.542559266e-28  -3.839424501e-13
83.47792495  3.437797987e-28  -3.725884262e-13
83.73877387  3.353055434e-28  -3.634040313e-13
83.91953391  3.295710143e-28  -3.571889506e-13
84  3.270538191e-28  -3.544608154e-13
84.08046609  3.245582324e-28  -3.517560994e-13
84.26122613  3.190298483e-28  -3.457644386e-13
84.52207505  3.112377797e-28  -3.373193974e-13
84.83472104  3.021791008e-28  -3.275016043e-13
85.16527896  2.929226316e-28  -3.174694462e-13
85.47792495  2.844603548e-28  -3.082980336e-13
85.73877387  2.77610166e-28  -3.008738013e-13
85.91953391  2.729720706e-28  -2.958470351e-13
86  2.709354939e-28  -2.93639794e-13
86.08046609  2.689159949e-28  -2.914510618e-13
86.26122613  2.644408213e-28  -2.866008702e-13
86.52207505  2.58129774e-28  -2.797609593e-13
86.83472104  2.507876846e-28  -2.718036053e-13
87.16527896  2.432793901e-28  -2.636661184e-13
87.47792495  2.364099397e-28  -2.562210104e-13
87.73877387  2.308452943e-28  -2.501900497e-13
87.91953391  2.270756138e-28  -2.461044713e-13
88  2.254198395e-28  -2.443099436e-13
88.08046609  2.237776354e-28  -2.425301235e-13
88.26122613  2.201374148e-28  -2.385848536e-13
88.52207505  2.150011723e-28  -2.330181957e-13
88.83472104  2.090217936e-28  -2.265377472e-13
89.16527896  2.029024693e-28  -2.199056257e-13
89.47792495  1.972996349e-28  -2.138332757e-13
89.73877387  1.927580228e-28  -2.089110781e-13
89.91953391  1.896798234e-28  -2.055749266e-13
90  1.883273684e-28  -2.041091364e-13
90.08046609  1.869857525e-28  -2.026550935e-13
90.26122613  1.840109566e-28  -1.994310107e-13
90.52207505  1.798115179e-28  -1.948796605e-13
90.83472104  1.749195773e-28  -1.89577777e-13
91.16527896  1.699095508e-28  -1.841479121e-13
91.47792495  1.653191166e-28  -1.791728011e-13
91.73877387  1.615957979e-28  -1.751374695e-13
91.91953391  1.590709978e-28  -1.72401092e-13
92  1.579613711e-28  -1.71198479e-13
92.08046609  1.568604447e-28  -1.700052954e-13
92.26122613  1.54418645e-28  -1.673588738e-13
92.52207505  1.509699802e-28  -1.636212121e-13
92.83472104  1.469501452e-28  -1.592645162e-13
93.16527896  1.428304498e-28  -1.547995918e-13
93.47792495  1.390532064e-28  -1.507058167e-13
93.73877387  1.359876176e-28  -1.473833327e-13
93.91953391  1.339078645e-28  -1.45129297e-13
94  1.329935824e-28  -1.441383983e-13
94.08046609  1.32086317e-28  -1.431551045e-13
94.26122613  1.300735029e-28  -1.409736171e-13
94.52207505  1.272294167e-28  -1.378911976e-13
94.83472104  1.239123362e-28  -1.342961468e-13
95.16527896  1.20510618e-28  -1.306093658e-13
95.47792495  1.173896314e-28  -1.272268417e-13
95.73877387  1.148551899e-28  -1.244800149e-13
95.91953391  1.131350141e-28  -1.226156889e-13
96  1.123786082e-28  -1.217958965e-13
96.08046609  1.11627887e-28  -1.209822651e-13
96.26122613  1.099619416e-28  -1.19176714e-13
96.52207505  1.076069481e-28  -1.166243729e-13
96.83472104  1.048587478e-28  -1.136458744e-13
97.16527896  1.020386487e-28  -1.10589452e-13
97.47792495  9.944966132e-29  -1.077835083e-13
97.73877387  9.734606963e-29  -1.055036364e-13
97.91953391  9.591771245e-29  -1.039555834e-13
98  9.528946922e-29  -1.032746936e-13
98.08046609  9.466585144e-29  -1.025988169e-13
98.26122613  9.328162018e-29  -1.010985875e-13
98.52207505  9.132403907e-29  -9.897696178e-14
98.83472104  8.903836711e-29  -9.649975131e-14
99.16527896  8.669147856e-29  -9.395619431e-14
99.47792495  8.453562597e-29  -9.161968202e-14
99.73877387  8.278302918e-29  -8.972021822e-14
99.91953391  8.159251447e-29  -8.84299388e-14
100  8.106875686e-29  -8.786229048e-14
100.0804661  8.054877857e-29  -8.729873819e-14
100.2612261  7.939431785e-29  -8.604753407e-14
100.5220751  7.77610208e-29  -8.427736729e-14
100.834721  7.585298991e-29  -8.220944408e-14
101.165279  7.389271878e-29  -8.008490292e-14
101.4779249  7.209097329e-29  -7.813217178e-14
101.7387739  7.062549732e-29  -7.654388943e-14
101.9195339  6.962962915e-29  -7.546456786e-14
102  6.919140338e-29  -7.498961892e-14
102.0804661  6.875627797e-29  -7.451803015e-14
102.2612261  6.778998655e-29  -7.347076384e-14
102.5220751  6.642237673e-29  -7.19885488e-14
102.834721  6.482392434e-29  -7.025614665e-14
103.165279  6.318079098e-29  -6.847531929e-14
103.4779249  6.166969831e-29  -6.683759758e-14
103.7387739  6.04400241e-29  -6.55048771e-14
103.9195339  5.960408039e-29  -6.459888159e-14
104  5.923614657e-29  -6.420011504e-14
104.0804661  5.887076592e-29  -6.380411563e-14
104.2612261  5.805917886e-29  -6.292451785e-14
104.5220751  5.691009738e-29  -6.167914375e-14
104.834721  5.556641296e-29  -6.022285903e-14
105.165279  5.418442738e-29  -5.872506355e-14
105.4779249  5.291281832e-29  -5.734689409e-14
105.7387739  5.187753748e-29  -5.622485708e-14
105.9195339  5.117348867e-29  -5.546180922e-14
106  5.086354098e-29  -5.512588802e-14
106.0804661  5.055570365e-29  -5.479225403e-14
106.2612261  4.987178704e-29  -5.405102545e-14
106.5220751  4.890312026e-29  -5.300118473e-14
106.834721  4.776988003e-29  -5.177297936e-14
107.165279  4.660373489e-29  -5.050911166e-14
107.4779249  4.553017601e-29  -4.934558892e-14
107.7387739  4.465573931e-29  -4.839787473e-14
107.9195339  4.406086566e-29  -4.775315087e-14
108  4.379892683e-29  -4.746926167e-14
108.0804661  4.353873857e-29  -4.718726972e-14
108.2612261  4.296056472e-29  -4.65606451e-14
108.5220751  4.214138442e-29  -4.567281778e-14
108.834721  4.11826004e-29  -4.463368798e-14
109.165279  4.019548584e-29  -4.356385357e-14
109.4779249  3.928629342e-29  -4.257847115e-14
109.7387739  3.854541146e-29  -4.177550354e-14
109.9195339  3.804122451e-29  -4.122906589e-14
110  3.781917338e-29  -4.098840695e-14
110.0804661  3.759857934e-29  -4.074932721e-14
110.2612261  3.710829259e-29  -4.02179546e-14
110.5220751  3.641340335e-29  -3.946483389e-14
110.834721  3.55997422e-29  -3.858298822e-14
111.165279  3.476163669e-29  -3.767464976e-14
111.4779249  3.39893222e-29  -3.683761558e-14
111.7387739  3.335971271e-29  -3.615524503e-14
111.9195339  3.293111007e-29  -3.569072564e-14
112  3.274231121e-29  -3.54861055e-14
112.0804661  3.255472918e-29  -3.528280416e-14
112.2612261  3.21377348e-29  -3.48308658e-14
112.5220751  3.15465342e-29  -3.41901228e-14
112.834721  3.085399729e-29  -3.343955153e-14
113.165279  3.014032472e-29  -3.266607344e-14
113.4779249  2.948237241e-29  -3.195298496e-14
113.7387739  2.894577463e-29  -3.137142047e-14
113.9195339  2.858037469e-29  -3.097540014e-14
114  2.841938678e-29  -3.080092151e-14
114.0804661  2.825941832e-29  -3.062754775e-14
114.2612261  2.790374357e-29  -3.024206757e-14
114.5220751  2.739932384e-29  -2.969537765e-14
114.834721  2.680820621e-29  -2.905472456e-14
115.165279  2.619877603e-29  -2.839422435e-14
115.4779249  2.563667765e-29  -2.778502232e-14
115.7387739  2.517807346e-29  -2.728798725e-14
115.9195339  2.486568934e-29  -2.694942545e-14
116  2.472803459e-29  -2.680023529e-14
116.0804661  2.459123656e-29  -2.665197363e-14
116.2612261  2.428702514e-29  -2.63222694e-14
116.5220751  2.385546207e-29  -2.58545415e-14
116.834721  2.334952799e-29  -2.530621031e-14
117.165279  2.282769527e-29  -2.474064819e-14
117.4779249  2.234618443e-29  -2.421878691e-14
117.7387739  2.195318026e-29  -2.379284913e-14
117.9195339  2.168540223e-29  -2.35026314e-14
118  2.156738321e-29  -2.337472242e-14
118.0804661  2.145008628e-29  -2.324759605e-14
118.2612261  2.118919676e-29  -2.296484407e-14
118.5220751  2.081898453e-29  -2.256360819e-14
118.834721  2.038481175e-29  -2.209305188e-14
119.165279  1.993680869e-29  -2.160750633e-14
119.4779249  1.952325122e-29  -2.115929289e-14
119.7387739  1.918558563e-29  -2.079333104e-14
119.9195339  1.895544823e-29  -2.05439082e-14
120  1.885400184e-29  -2.043396063e-14
120.0804661  1.875316582e-29  -2.032467459e-14
120.2612261  1.852885122e-29  -2.00815625e-14
120.5220751  1.821045136e-29  -1.973648085e-14
120.834721  1.783690762e-29  -1.933163427e-14
121.165279  1.745130952e-29  -1.891372318e-14
121.4779249  1.709521609e-29  -1.852778925e-14
121.7387739  1.680436581e-29  -1.821256582e-14
121.9195339  1.660608145e-29  -1.79976653e-14
122  1.651866204e-29  -1.790292018e-14
122.0804661  1.643176003e-29  -1.78087358e-14
122.2612261  1.623841132e-29  -1.759918454e-14
122.5220751  1.596389144e-29  -1.730165999e-14
122.834721  1.564171477e-29  -1.695248503e-14
123.165279  1.53090117e-29  -1.659190155e-14
123.4779249  1.500164669e-29  -1.625877947e-14
123.7387739  1.475051037e-29  -1.598659801e-14
123.9195339  1.457925538e-29  -1.58009919e-14
124  1.450374088e-29  -1.571914932e-14
124.0804661  1.442866612e-29  -1.563778332e-14
124.2612261  1.426160607e-29  -1.545672369e-14
124.5220751  1.402434929e-29  -1.519958488e-14
124.834721  1.37458105e-29  -1.489770464e-14
125.165279  1.345806249e-29  -1.458584344e-14
125.4779249  1.319212898e-29  -1.42976248e-14
125.7387739  1.29747723e-29  -1.406205371e-14
125.9195339  1.282651442e-29  -1.390137186e-14
126  1.276113057e-29  -1.383050888e-14
126.0804661  1.269612145e-29  -1.376005201e-14
126.2612261  1.255143824e-29  -1.36032444e-14
126.5220751  1.234590882e-29  -1.338049168e-14
126.834721  1.210453886e-29  -1.3118895e-14
127.165279  1.185509742e-29  -1.284855046e-14
127.4779249  1.162448253e-29  -1.259861012e-14
127.7387739  1.14359321e-29  -1.239425924e-14
127.9195339  1.130729094e-29  -1.225483799e-14
128  1.125055005e-29  -1.219334224e-14
128.0804661  1.119412929e-29  -1.213219343e-14
128.2612261  1.106854194e-29  -1.19960819e-14
128.5220751  1.089009536e-29  -1.180268157e-14
128.834721  1.068046452e-29  -1.157548374e-14
129.165279  1.046374683e-29  -1.134060518e-14
129.4779249  1.026331523e-29  -1.112337748e-14
129.7387739  1.009939132e-29  -1.09457168e-14
129.9195339  9.987525073e-30  -1.08244762e-14
130  9.93817626e-30  -1.077099197e-14
130.0804661  9.88910159e-30  -1.071780486e-14
130.2612261  9.779850564e-30  -1.059939864e-14
130.5220751  9.624579329e-30  -1.043111573e-14
130.834721  9.442117732e-30  -1.023336391e-14
131.165279  9.253423003e-30  -1.002885663e-14
131.4779249  9.078848807e-30  -9.839653179e-15
131.7387739  8.936029161e-30  -9.684865296e-15
131.9195339  8.838542361e-30  -9.579209136e-15
132  8.795531003e-30  -9.532593441e-15
132.0804661  8.752754973e-30  -9.486232795e-15
132.2612261  8.657513095e-30  -9.383009681e-15
132.5220751  8.522120944e-30  -9.236271715e-15
132.834721  8.362972119e-30  -9.063786274e-15
133.165279  8.198331742e-30  -8.88534909e-15
133.4779249  8.04596134e-30  -8.720210102e-15
133.7387739  7.921269983e-30  -8.585069652e-15
133.9195339  7.836138084e-30  -8.49280373e-15
134  7.798572725e-30  -8.452090407e-15
134.0804661  7.761209838e-30  -8.411596523e-15
134.2612261  7.678009428e-30  -8.321423947e-15
134.5220751  7.55970852e-30  -8.193209464e-15
134.834721  7.420609629e-30  -8.042454135e-15
135.165279  7.276664522e-30  -7.886446477e-15
135.4779249  7.143404191e-30  -7.742018978e-15
135.7387739  7.034320282e-30  -7.623793875e-15
135.9195339  6.9598279e-30  -7.543059057e-15
136  6.926953088e-30  -7.507429347e-15
136.0804661  6.894252868e-30  -7.47198886e-15
136.2612261  6.821426009e-30  -7.393059135e-15
136.5220751  6.717852563e-30  -7.280806271e-15
136.834721  6.596036105e-30  -7.148781636e-15
137.165279  6.469936002e-30  -7.012114389e-15
137.4779249  6.353159609e-30  -6.885552174e-15
137.7387739  6.257542564e-30  -6.781922455e-15
137.9195339  6.192232678e-30  -6.711139623e-15
138  6.163406644e-30  -6.679897977e-15
138.0804661  6.134731487e-30  -6.648819852e-15
138.2612261  6.070860891e-30  -6.579596922e-15
138.5220751  5.980005789e-30  -6.481128194e-15
138.834721  5.873118688e-30  -6.365283991e-15
139.165279  5.762439218e-30  -6.245329621e-15
139.4779249  5.659912175e-30  -6.134210847e-15
139.7387739  5.575939945e-30  -6.043201773e-15
139.9195339  5.518572027e-30  -5.981026443e-15
140  5.493248275e-30  -5.953580569e-15
140.0804661  5.46805518e-30  -5.926276302e-15
140.2612261  5.411933664e-30  -5.865451823e-15
140.5220751  5.332085187e-30  -5.778912071e-15
140.834721  5.238122012e-30  -5.677074815e-15
141.165279  5.140796209e-30  -5.571593143e-15
141.4779249  5.050612649e-30  -5.473852233e-15
141.7387739  4.976730705e-30  -5.393779007e-15
141.9195339  4.926246099e-30  -5.339063808e-15
142  4.903958184e-30  -5.314908174e-15
142.0804661  4.881783648e-30  -5.29087542e-15
142.2612261  4.832380612e-30  -5.237332427e-15
142.5220751  4.762077058e-30  -5.161137459e-15
142.834721  4.679324741e-30  -5.071450526e-15
143.165279  4.59358633e-30  -4.978527267e-15
143.4779249  4.514117059e-30  -4.892398498e-15
143.7387739  4.448996114e-30  -4.821820441e-15
143.9195339  4.404489334e-30  -4.773584008e-15
144  4.384838241e-30  -4.75228616e-15
144.0804661  4.365285728e-30  -4.731095154e-15
144.2612261  4.321719349e-30  -4.683877927e-15
144.5220751  4.259709721e-30  -4.616671914e-15
144.834721  4.186701671e-30  -4.537545815e-15
145.165279  4.111037983e-30  -4.455541536e-15
145.4779249  4.040887234e-30  -4.379512179e-15
145.7387739  3.983388107e-30  -4.317194644e-15
145.9195339  3.944082977e-30  -4.274595758e-15
146  3.926726625e-30  -4.25578495e-15
146.0804661  3.909456151e-30  -4.237067217e-15
146.2612261  3.870970257e-30  -4.195356218e-15
146.5220751  3.816181564e-30  -4.135976252e-15
146.834721  3.751659487e-30  -4.066047247e-15
147.165279  3.684772246e-30  -3.993554878e-15
147.4779249  3.622741671e-30  -3.926326163e-15
147.7387739  3.571886009e-30  -3.871208815e-15
147.9195339  3.53711578e-30  -3.833524852e-15
148  3.521760274e-30  -3.81688256e-15
148.0804661  3.506479722e-30  -3.800321503e-15
148.2612261  3.472424516e-30  -3.763412482e-15
148.5220751  3.423934494e-30  -3.710859014e-15
148.834721  3.366816531e-30  -3.648954586e-15
149.165279  3.307589132e-30  -3.584763951e-15
149.4779249  3.25264773e-30  -3.525218478e-15
149.7387739  3.207593559e-30  -3.476388783e-15
149.9195339  3.176784292e-30  -3.442997711e-15
150  3.163176613e-30  -3.428249712e-15
150.0804661  3.149634472e-30  -3.413572746e-15
150.2612261  3.119450413e-30  -3.380859272e-15
150.5220751  3.076464723e-30  -3.334271397e-15
150.834721  3.025818807e-30  -3.279381371e-15
151.165279  2.973288935e-30  -3.222449514e-15
151.4779249  2.924547878e-30  -3.169623973e-15
151.7387739  2.884569122e-30  -3.126295011e-15
151.9195339  2.857225773e-30  -3.096660299e-15
152  2.845147654e-30  -3.083570038e-15
152.0804661  2.833126944e-30  -3.070541997e-15
152.2612261  2.806331242e-30  -3.041500824e-15
152.5220751  2.768164354e-30  -3.000135564e-15
152.834721  2.723185867e-30  -2.951387896e-15
153.165279  2.676522531e-30  -2.900814188e-15
153.4779249  2.633214045e-30  -2.853876466e-15
153.7387739  2.597683339e-30  -2.8153683e-15
153.9195339  2.573378076e-30  -2.789026264e-15
154  2.562640861e-30  -2.777389274e-15
154.0804661  2.55195402e-30  -2.76580688e-15
154.2612261  2.528129297e-30  -2.739985652e-15
154.5220751  2.494188433e-30  -2.703200556e-15
154.834721  2.454181429e-30  -2.659840979e-15
155.165279  2.41266565e-30  -2.614846193e-15
155.4779249  2.374125251e-30  -2.573076121e-15
155.7387739  2.342499485e-30  -2.538800127e-15
155.9195339  2.320861854e-30  -2.51534927e-15
156  2.311302168e-30  -2.504988485e-15
156.0804661  2.301786757e-30  -2.494675687e-15
156.2612261  2.280571493e-30  -2.47168259e-15
156.5220751  2.250343104e-30  -2.438921073e-15
156.834721  2.214704495e-30  -2.400295961e-15
157.165279  2.17771304e-30  -2.360204635e-15
157.4779249  2.143364557e-30  -2.322977762e-15
157.7387739  2.115172679e-30  -2.292423414e-15
157.9195339  2.095881312e-30  -2.271515436e-15
158  2.087357409e-30  -2.262277234e-15
158.0804661  2.078872487e-30  -2.253081278e-15
158.2612261  2.059952966e-30  -2.232576308e-15
158.5220751  2.032991321e-30  -2.203355286e-15
158.834721  2.001197522e-30  -2.168897178e-15
159.165279  1.968189159e-30  -2.133122726e-15
159.4779249  1.937532089e-30  -2.099896604e-15
159.7387739  1.9123648e-30  -2.072620305e-15
159.9195339  1.895140403e-30  -2.05395251e-15
160  1.887529084e-30  -2.045703365e-15
160.0804661  1.879952137e-30  -2.037491472e-15
160.2612261  1.863055636e-30  -2.01917905e-15
160.5220751  1.838973166e-30  -1.993078477e-15
160.834721  1.8105688e-30  -1.962293836e-15
161.165279  1.78107267e-30  -1.93032594e-15
161.4779249  1.753671459e-30  -1.900628518e-15
161.7387739  1.73117249e-30  -1.876244142e-15
161.9195339  1.715771909e-30  -1.859552998e-15
162  1.7089659e-30  -1.852176648e-15
162.0804661  1.702190248e-30  -1.844833199e-15
162.2612261  1.687079258e-30  -1.828455913e-15
162.5220751  1.665538377e-30  -1.805109913e-15
162.834721  1.640126696e-30  -1.777568742e-15
163.165279  1.613732446e-30  -1.748962664e-15
163.4779249  1.58920741e-30  -1.722382438e-15
163.7387739  1.569066109e-30  -1.700553304e-15
163.9195339  1.555277286e-30  -1.685608981e-15
164  1.549183023e-30  -1.679004021e-15
164.0804661  1.543115612e-30  -1.672428164e-15
164.2612261  1.529582939e-30  -1.657761458e-15
164.5220751  1.510289092e-30  -1.636850793e-15
164.834721  1.487523836e-30  -1.612177817e-15
165.165279  1.46387324e-30  -1.586545308e-15
165.4779249  1.441892832e-30  -1.56272295e-15
165.7387739  1.423837873e-30  -1.543154991e-15
165.9195339  1.411475555e-30  -1.529756715e-15
166  1.406011294e-30  -1.523834551e-15
166.0804661  1.400570819e-30  -1.517938166e-15
166.2612261  1.388435411e-30  -1.504785815e-15
166.5220751  1.371131161e-30  -1.486031476e-15
166.834721  1.350709633e-30  -1.463898631e-15
167.165279  1.329489447e-30  -1.4409002e-15
167.4779249  1.309763678e-30  -1.419521419e-15
167.7387739  1.293557686e-30  -1.40195737e-15
167.9195339  1.282459776e-30  -1.389929459e-15
168  1.277553981e-30  -1.38461256e-15
168.0804661  1.272669288e-30  -1.379318531e-15
168.2612261  1.261772677e-30  -1.367508788e-15
168.5220751  1.246232661e-30  -1.350666525e-15
168.834721  1.227889814e-30  -1.330786553e-15
169.165279  1.208825686e-30  -1.310124857e-15
169.4779249  1.191100508e-30  -1.290914316e-15
169.7387739  1.176535479e-30  -1.275128743e-15
169.9195339  1.166559913e-30  -1.264317228e-15
170  1.162149882e-30  -1.259537638e-15
170.0804661  1.157758598e-30  -1.254778365e-15
170.2612261  1.147961863e-30  -1.244160668e-15
170.5220751  1.13398848e-30  -1.22901632e-15
170.834721  1.117491866e-30  -1.211137296e-15
171.165279  1.100343128e-30  -1.1925515e-15
171.4779249  1.084395627e-30  -1.175267603e-15
171.7387739  1.071289011e-30  -1.161062658e-15
171.9195339  1.062311084e-30  -1.151332383e-15
172  1.058341773e-30  -1.147030445e-15
172.0804661  1.054389139e-30  -1.142746582e-15
172.2612261  1.045570304e-30  -1.133188732e-15
172.5220751  1.032990027e-30  -1.119554232e-15
172.834721  1.018135474e-30  -1.103454872e-15
173.165279  1.002690681e-30  -1.086715811e-15
173.4779249  9.883249604e-31  -1.071146248e-15
173.7387739  9.765162971e-31  -1.058348023e-15
173.9195339  9.684263785e-31  -1.049580172e-15
174  9.648493912e-31  -1.045703435e-15
174.0804661  9.612872605e-31  -1.041842799e-15
174.2612261  9.533390651e-31  -1.033228547e-15
174.5220751  9.419992758e-31  -1.020938487e-15
174.834721  9.286071728e-31  -1.006424131e-15
175.165279  9.146802735e-31  -9.913301623e-16
175.4779249  9.017239235e-31  -9.772880746e-16
175.7387739  8.910719597e-31  -9.6574348e-16
175.9195339  8.837735258e-31  -9.578334398e-16
176  8.80546248e-31  -9.543357173e-16
176.0804661  8.773322224e-31  -9.508523574e-16
176.2612261  8.701602057e-31  -9.430793283e-16
176.5220751  8.599264775e-31  -9.319880172e-16
176.834721  8.478385905e-31  -9.188871695e-16
177.165279  8.35265636e-31  -9.052606058e-16
177.4779249  8.235666933e-31  -8.925812957e-16
177.7387739  8.139469021e-31  -8.821553694e-16
177.9195339  8.07354845e-31  -8.750109002e-16
178  8.044396992e-31  -8.718514662e-16
178.0804661  8.015363896e-31  -8.687048602e-16
178.2612261  7.950572426e-31  -8.61682763e-16
178.5220751  7.858109996e-31  -8.51661688e-16
178.834721  7.748877237e-31  -8.398230455e-16
179.165279  7.635240348e-31  -8.275070834e-16
179.4779249  7.529483664e-31  -8.160451776e-16
179.7387739  7.442508095e-31  -8.066187685e-16
179.9195339  7.382899804e-31  -8.001584239e-16
180  7.356537829e-31  -7.973013141e-16
180.0804661  7.330281704e-31  -7.944556761e-16
180.2612261  7.271683148e-31  -7.881047667e-16
180.5220751  7.188048151e-31  -7.790404085e-16
180.834721  7.08922808e-31  -7.683302927e-16
181.165279  6.986405305e-31  -7.571863639e-16
181.4779249  6.890695753e-31  -7.46813366e-16
181.7387739  6.811970586e-31  -7.382811351e-16
181.9195339  6.758010095e-31  -7.324328991e-16
182  6.734144165e-31  -7.298463103e-16
182.0804661  6.71037301e-31  -7.272699934e-16
182.2612261  6.657316624e-31  -7.215197441e-16
182.5220751  6.581582556e-31  -7.133116885e-16
182.834721  6.492083927e-31  -7.036118301e-16
183.165279  6.398943855e-31  -6.935173124e-16
183.4779249  6.312232033e-31  -6.841194882e-16
183.7387739  6.240896817e-31  -6.763881799e-16
183.9195339  6.191995785e-31  -6.710882878e-16
184  6.170366057e-31  -6.687440586e-16
184.0804661  6.148821293e-31  -6.664090378e-16
184.2612261  6.100730764e-31  -6.611969879e-16
184.5220751  6.032076972e-31  -6.537562924e-16
184.834721  5.950933022e-31  -6.449619139e-16
185.165279  5.866473094e-31  -6.358081499e-16
185.4779249  5.787828914e-31  -6.272846964e-16
185.7387739  5.723120884e-31  -6.202716424e-16
185.9195339  5.678757688e-31  -6.154635607e-16
186  5.659133767e-31  -6.133367209e-16
186.0804661  5.639586105e-31  -6.112181458e-16
186.2612261  5.595950357e-31  -6.064889051e-16
186.5220751  5.533648981e-31  -5.997366841e-16
186.834721  5.460002103e-31  -5.91754838e-16
187.165279  5.383332768e-31  -5.834454182e-16
187.4779249  5.311930808e-31  -5.757068762e-16
187.7387739  5.253172914e-31  -5.693386977e-16
187.9195339  5.212884477e-31  -5.649722383e-16
188  5.195061812e-31  -5.630406185e-16
188.0804661  5.177307671e-31  -5.611164253e-16
188.2612261  5.137672896e-31  -5.568208097e-16
188.5220751  5.081077539e-31  -5.50687007e-16
188.834721  5.01416597e-31  -5.434351334e-16
189.165279  4.944496933e-31  -5.358844057e-16
189.4779249  4.879603721e-31  -5.288512816e-16
189.7387739  4.826194223e-31  -5.23062762e-16
189.9195339  4.789568922e-31  -5.190933131e-16
190  4.773365675e-31  -5.173372058e-16
190.0804661  4.75722407e-31  -5.155877792e-16
190.2612261  4.721186794e-31  -5.116820605e-16
190.5220751  4.66972268e-31  -5.061043816e-16
190.834721  4.608868937e-31  -4.995090551e-16
191.165279  4.545497197e-31  -4.926408281e-16
191.4779249  4.486460148e-31  -4.862423948e-16
191.7387739  4.43786357e-31  -4.809754994e-16
191.9195339  4.404535062e-31  -4.773633568e-16
192  4.389789383e-31  -4.757652206e-16
192.0804661  4.375099218e-31  -4.74173101e-16
192.2612261  4.342300274e-31  -4.706183527e-16
192.5220751  4.295455673e-31  -4.655413364e-16
192.834721  4.240056483e-31  -4.595371742e-16
193.165279  4.18235592e-31  -4.532835891e-16
193.4779249  4.128593704e-31  -4.47456842e-16
193.7387739  4.084332956e-31  -4.426598637e-16
193.9195339  4.053974795e-31  -4.393696473e-16
194  4.040542451e-31  -4.379138503e-16
194.0804661  4.027160156e-31  -4.364634776e-16
194.2612261  3.997279431e-31  -4.332250056e-16
194.5220751  3.954598193e-31  -4.285992146e-16
194.834721  3.904115712e-31  -4.231279251e-16
195.165279  3.851528005e-31  -4.174284712e-16
195.4779249  3.802522142e-31  -4.121172174e-16
195.7387739  3.76217164e-31  -4.077440315e-16
195.9195339  3.734492589e-31  -4.047441769e-16
196  3.722244892e-31  -4.034167719e-16
196.0804661  3.710042364e-31  -4.020942624e-16
196.2612261  3.682794207e-31  -3.991411081e-16
196.5220751  3.643869243e-31  -3.949224218e-16
196.834721  3.59782339e-31  -3.899319738e-16
197.165279  3.549850088e-31  -3.84732629e-16
197.4779249  3.505137608e-31  -3.79886692e-16
197.7387739  3.468317271e-31  -3.758961051e-16
197.9195339  3.443057195e-31  -3.73158419e-16
198  3.43187919e-31  -3.719469473e-16
198.0804661  3.420741995e-31  -3.707398985e-16
198.2612261  3.395871215e-31  -3.680444041e-16
198.5220751  3.360338791e-31  -3.641934012e-16
198.834721  3.318300548e-31  -3.59637298e-16
199.165279  3.274496135e-31  -3.548897772e-16
199.4779249  3.233663157e-31  -3.504643005e-16
199.7387739  3.200033148e-31  -3.468194812e-16
199.9195339  3.176959428e-31  -3.443187522e-16
200  3.166748315e-31  -3.432120722e-16
200.0804661  3.156574109e-31  -3.421093922e-16
200.2612261  3.133852461e-31  -3.396468207e-16
200.5220751  3.101387215e-31  -3.361282385e-16
200.834721  3.062972759e-31  -3.31964881e-16
201.165279  3.022938578e-31  -3.276259779e-16
201.4779249  2.985614688e-31  -3.23580816e-16
201.7387739  2.954870811e-31  -3.202487957e-16
201.9195339  2.933775198e-31  -3.179624539e-16
202  2.924438938e-31  -3.169505904e-16
202.0804661  2.915136091e-31  -3.159423481e-16
202.2612261  2.894359203e-31  -3.136905498e-16
202.5220751  2.86466977e-31  -3.1047281e-16
202.834721  2.829535327e-31  -3.066649403e-16
203.165279  2.792914256e-31  -3.026959499e-16
203.4779249  2.758767574e-31  -2.989951337e-16
203.7387739  2.730637235e-31  -2.959463686e-16
203.9195339  2.711333093e-31  -2.938541864e-16
204  2.702789195e-31  -2.929281989e-16
204.0804661  2.694275573e-31  -2.920054928e-16
204.2612261  2.675260252e-31  -2.89944613e-16
204.5220751  2.648085422e-31  -2.869994059e-16
204.834721  2.615922753e-31  -2.83513617e-16
205.165279  2.582394529e-31  -2.798798293e-16
205.4779249  2.551127376e-31  -2.764910962e-16
205.7387739  2.525366036e-31  -2.736990832e-16
205.9195339  2.507685917e-31  -2.717829125e-16
206  2.499860362e-31  -2.709347791e-16
206.0804661  2.49206227e-31  -2.700896222e-16
206.2612261  2.474644125e-31  -2.682018442e-16
206.5220751  2.449749475e-31  -2.655037629e-16
206.834721  2.420281906e-31  -2.623100688e-16
207.165279  2.389559013e-31  -2.589803227e-16
207.4779249  2.360904102e-31  -2.558747045e-16
207.7387739  2.337292157e-31  -2.533156427e-16
207.9195339  2.321085668e-31  -2.515591839e-16
208  2.313911975e-31  -2.507816994e-16
208.0804661  2.306763216e-31  -2.500069171e-16
208.2612261  2.290794574e-31  -2.482762362e-16
208.5220751  2.267969496e-31  -2.458024551e-16
208.834721  2.240948424e-31  -2.428739123e-16
209.165279  2.212772475e-31  -2.398202038e-16
209.4779249  2.186489559e-31  -2.369716623e-16
209.7387739  2.164829588e-31  -2.346241555e-16
209.9195339  2.149961515e-31  -2.330127543e-16
210  2.143379909e-31  -2.3229944e-16
210.0804661  2.13682096e-31  -2.315885814e-16
210.2612261  2.122169029e-31  -2.300006055e-16
210.5220751  2.101224117e-31  -2.277305967e-16
210.834721  2.076425933e-31  -2.250429704e-16
211.165279  2.050564477e-31  -2.222401067e-16
211.4779249  2.026437391e-31  -2.196252139e-16
211.7387739  2.00655174e-31  -2.174700078e-16
211.9195339  1.992900392e-31  -2.159904751e-16
212  1.98685707e-31  -2.153355001e-16
212.0804661  1.980834356e-31  -2.146827586e-16
212.2612261  1.967379603e-31  -2.132245329e-16
212.5220751  1.948144344e-31  -2.111398163e-16
212.834721  1.925367714e-31  -2.086712859e-16
213.165279  1.901611428e-31  -2.060965804e-16
213.4779249  1.879445479e-31  -2.036942356e-16
213.7387739  1.861174116e-31  -2.017139859e-16
213.9195339  1.848629861e-31  -2.003544401e-16
214  1.843076351e-31  -1.997525508e-16
214.0804661  1.837541602e-31  -1.991526949e-16
214.2612261  1.825176323e-31  -1.978125464e-16
214.5220751  1.807497061e-31  -1.958964686e-16
214.834721  1.786560531e-31  -1.936273682e-16
215.165279  1.764720725e-31  -1.912603708e-16
215.4779249  1.744340387e-31  -1.890515505e-16
215.7387739  1.727539015e-31  -1.872306184e-16
215.9195339  1.716002993e-31  -1.859803446e-16
216  1.710895579e-31  -1.854268034e-16
216.0804661  1.705805262e-31  -1.848751149e-16
216.2612261  1.694432316e-31  -1.836425154e-16
216.5220751  1.678170449e-31  -1.818800549e-16
216.834721  1.658910319e-31  -1.797926426e-16
217.165279  1.638816743e-31  -1.776149016e-16
217.4779249  1.620063617e-31  -1.755824385e-16
217.7387739  1.604602001e-31  -1.739067091e-16
217.9195339  1.593984972e-31  -1.727560358e-16
218  1.589284195e-31  -1.722465658e-16
218.0804661  1.584599009e-31  -1.717387854e-16
218.2612261  1.574130698e-31  -1.706042303e-16
218.5220751  1.559161085e-31  -1.689818241e-16
218.834721  1.541429533e-31  -1.670600792e-16
219.165279  1.522928425e-31  -1.650549297e-16
219.4779249  1.505659433e-31  -1.63183317e-16
219.7387739  1.491419918e-31  -1.616400388e-16
219.9195339  1.481641255e-31  -1.605802277e-16
220  1.47731146e-31  -1.601109647e-16
220.0804661  1.472995894e-31  -1.596432438e-16
220.2612261  1.46335297e-31  -1.58598144e-16
220.5220751  1.449562516e-31  -1.57103535e-16
220.834721  1.433225933e-31  -1.553329767e-16
221.165279  1.416178294e-31  -1.534853542e-16
221.4779249  1.400264073e-31  -1.517605715e-16
221.7387739  1.387140269e-31  -1.503382142e-16
221.9195339  1.378127061e-31  -1.493613629e-16
222  1.374136001e-31  -1.48928812e-16
222.0804661  1.370157939e-31  -1.484976697e-16
222.2612261  1.361268724e-31  -1.47534257e-16
222.5220751  1.348555126e-31  -1.461563577e-16
222.834721  1.333492636e-31  -1.445238855e-16
223.165279  1.317772696e-31  -1.42820159e-16
223.4779249  1.303096181e-31  -1.412295188e-16
223.7387739  1.290991799e-31  -1.399176463e-16
223.9195339  1.282678046e-31  -1.390166021e-16
224  1.278996532e-31  -1.386175996e-16
224.0804661  1.2753269e-31  -1.38219885e-16
224.2612261  1.267126504e-31  -1.373311264e-16
224.5220751  1.255397139e-31  -1.360598983e-16
224.834721  1.241499288e-31  -1.345536497e-16
225.165279  1.226993146e-31  -1.329814745e-16
225.4779249  1.213448302e-31  -1.315134847e-16
225.7387739  1.202276115e-31  -1.303026435e-16
225.9195339  1.194602024e-31  -1.294709258e-16
226  1.191203608e-31  -1.291026056e-16
226.0804661  1.187816065e-31  -1.287354638e-16
226.2612261  1.18024569e-31  -1.279149868e-16
226.5220751  1.169416623e-31  -1.267413329e-16
226.834721  1.156584212e-31  -1.253505567e-16
227.165279  1.143188624e-31  -1.238987433e-16
227.4779249  1.130679322e-31  -1.225429855e-16
227.7387739  1.120360242e-31  -1.21424604e-16
227.9195339  1.113271596e-31  -1.206563368e-16
228  1.110132296e-31  -1.203160996e-16
228.0804661  1.107002952e-31  -1.199769414e-16
228.2612261  1.100009275e-31  -1.192189669e-16
228.5220751  1.090004377e-31  -1.181346365e-16
228.834721  1.078147423e-31  -1.168495802e-16
229.165279  1.065768721e-31  -1.155079769e-16
229.4779249  1.05420774e-31  -1.142549982e-16
229.7387739  1.044669998e-31  -1.132212981e-16
229.9195339  1.038117591e-31  -1.125111484e-16
230  1.035215641e-31  -1.121966352e-16
230.0804661  1.032322815e-31  -1.118831107e-16
230.2612261  1.025857434e-31  -1.11182393e-16
230.5220751  1.016607599e-31  -1.101798962e-16
230.834721  1.005644407e-31  -1.089917058e-16
231.165279  9.941975412e-32  -1.077510949e-16
231.4779249  9.835056724e-32  -1.065923106e-16
231.7387739  9.746840859e-32  -1.056362273e-16
231.9195339  9.686232228e-32  -1.049793512e-16
232  9.659388513e-32  -1.046884191e-16
232.0804661  9.63262846e-32  -1.043983937e-16
232.2612261  9.572817914e-32  -1.037501672e-16
232.5220751  9.487242324e-32  -1.028226993e-16
232.834721  9.385805715e-32  -1.017233297e-16
233.165279  9.279882525e-32  -1.005753345e-16
233.4779249  9.180935044e-32  -9.950294207e-17
233.7387739  9.099288216e-32  -9.861805403e-17
233.9195339  9.043188716e-32  -9.801004785e-17
234  9.018341029e-32  -9.77407487e-17
234.0804661  8.993570122e-32  -9.74722817e-17
234.2612261  8.93820306e-32  -9.687221367e-17
234.5220751  8.858979324e-32  -9.60135871e-17
234.834721  8.76506297e-32  -9.499572199e-17
235.165279  8.666982278e-32  -9.393272378e-17
235.4779249  8.575351141e-32  -9.293962584e-17
235.7387739  8.499734316e-32  -9.212009095e-17
235.9195339  8.447774278e-32  -9.155694824e-17
236  8.424759066e-32  -9.130750946e-17
236.0804661  8.401814372e-32  -9.105883493e-17
236.2612261  8.350527014e-32  -9.050298273e-17
236.5220751  8.277135589e-32  -8.970756672e-17
236.834721  8.190125099e-32  -8.876454733e-17
237.165279  8.099247024e-32  -8.777961108e-17
237.4779249  8.014336064e-32  -8.685934639e-17
237.7387739  7.944258464e-32  -8.60998456e-17
237.9195339  7.896101282e-32  -8.557791823e-17
238  7.874769616e-32  -8.534672571e-17
238.0804661  7.85350276e-32  -8.51162356e-17
238.2612261  7.805963822e-32  -8.460100875e-17
238.5220751  7.737931527e-32  -8.386367497e-17
238.834721  7.657267271e-32  -8.298943605e-17
239.165279  7.573008898e-32  -8.20762441e-17
239.4779249  7.494274949e-32  -8.122292583e-17
239.7387739  7.429289378e-32  -8.051861244e-17
239.9195339  7.384628312e-32  -8.003457596e-17
240  7.364844467e-32  -7.982015871e-17
240.0804661  7.345120229e-32  -7.960638749e-17
240.2612261  7.301027775e-32  -7.912851363e-17
240.5220751  7.237923318e-32  -7.844458774e-17
240.834721  7.163095151e-32  -7.763360033e-17
241.165279  7.084925038e-32  -7.678639291e-17
241.4779249  7.011872837e-32  -7.599465342e-17
241.7387739  6.951571494e-32  -7.534110767e-17
241.9195339  6.910126799e-32  -7.489193022e-17
242  6.89176699e-32  -7.469294666e-17
242.0804661  6.873462041e-32  -7.449455769e-17
242.2612261  6.832540676e-32  -7.405105208e-17
242.5220751  6.773970636e-32  -7.341627019e-17
242.834721  6.704513161e-32  -7.266349032e-17
243.165279  6.631946421e-32  -7.187701224e-17
243.4779249  6.564124037e-32  -7.114195348e-17
243.7387739  6.508134757e-32  -7.053514186e-17
243.9195339  6.469651117e-32  -7.01180563e-17
244  6.452602361e-32  -6.993328194e-17
244.0804661  6.435604131e-32  -6.974905518e-17
244.2612261  6.397602472e-32  -6.933719333e-17
244.5220751  6.343207706e-32  -6.874766305e-17
244.834721  6.278696023e-32  -6.804848566e-17
245.165279  6.211289913e-32  -6.731793847e-17
245.4779249  6.148284642e-32  -6.663508757e-17
245.7387739  6.09626753e-32  -6.607132629e-17
245.9195339  6.060511744e-32  -6.56838052e-17
246  6.044670841e-32  -6.551212155e-17
246.0804661  6.028876503e-32  -6.534094257e-17
246.2612261  5.993564915e-32  -6.49582357e-17
246.5220751  5.943017322e-32  -6.441040107e-17
246.834721  5.88306322e-32  -6.376061871e-17
247.165279  5.820413173e-32  -6.308161772e-17
247.4779249  5.761847854e-32  -6.2446887e-17
247.7387739  5.713492254e-32  -6.192280918e-17
247.9195339  5.680251164e-32  -6.156254236e-17
248  5.66552378e-32  -6.140292703e-17
248.0804661  5.65083934e-32  -6.124377711e-17
248.2612261  5.618007899e-32  -6.088795006e-17
248.5220751  5.571007516e-32  -6.037856008e-17
248.834721  5.515256038e-32  -5.977432575e-17
249.165279  5.456992103e-32  -5.914286143e-17
249.4779249  5.402521806e-32  -5.855251254e-17
249.7387739  5.357543578e-32  -5.806503866e-17
249.9195339  5.326622207e-32  -5.772991296e-17
250  5.312922049e-32  -5.758143069e-17
250.0804661  5.29926152e-32  -5.743337792e-17
250.2612261  5.268718181e-32  -5.710234932e-17
250.5220751  5.224990574e-32  -5.662842966e-17
250.834721  5.173116936e-32  -5.606622336e-17
251.165279  5.118900572e-32  -5.547862659e-17
251.4779249  5.068209612e-32  -5.492923815e-17
251.7387739  5.026348685e-32  -5.447554956e-17
251.9195339  4.997568557e-32  -5.416363063e-17
252  4.98481663e-32  -5.40254253e-17
252.0804661  4.972101298e-32  -5.388761657e-17
252.2612261  4.943670248e-32  -5.357948096e-17
252.5220751  4.902964155e-32  -5.313830846e-17
252.834721  4.854670973e-32  -5.261490712e-17
253.165279  4.804192158e-32  -5.20678179e-17
253.4779249  4.756991417e-32  -5.155625643e-17
253.7387739  4.718009577e-32  -5.113377139e-17
253.9195339  4.691207205e-32  -5.084328737e-17
254  4.679331147e-32  -5.07145747e-17
254.0804661  4.667488902e-32  -5.058622848e-17
254.2612261  4.641009075e-32  -5.029924021e-17
254.5220751  4.603094292e-32  -4.988831993e-17
254.834721  4.558109073e-32  -4.940077028e-17
255.165279  4.511083708e-32  -4.889110954e-17
255.4779249  4.467108211e-32  -4.841450325e-17
255.7387739  4.430787118e-32  -4.802085537e-17
255.9195339  4.405812639e-32  -4.775018205e-17
256  4.394746115e-32  -4.763024311e-17
256.0804661  4.383710853e-32  -4.751064298e-17
256.2612261  4.359034588e-32  -4.724320171e-17
256.5220751  4.323700059e-32  -4.68602462e-17
256.834721  4.281772951e-32  -4.640584035e-17
257.165279  4.237940511e-32  -4.593078452e-17
257.4779249  4.196947242e-32  -4.548649961e-17
257.7387739  4.163086631e-32  -4.511951843e-17
257.9195339  4.139802581e-32  -4.486716597e-17
258  4.129484741e-32  -4.475534126e-17
258.0804661  4.119195822e-32  -4.464383e-17
258.2612261  4.096187659e-32  -4.43944676e-17
258.5220751  4.063239746e-32  -4.403737824e-17
258.834721  4.0241415e-32  -4.361363158e-17
259.165279  3.983262916e-32  -4.317058963e-17
259.4779249  3.945028852e-32  -4.275620897e-17
259.7387739  3.913444914e-32  -4.241390236e-17
259.9195339  3.891725114e-32  -4.217850325e-17
260  3.882100101e-32  -4.20741874e-17
260.0804661  3.87250186e-32  -4.197016169e-17
260.2612261  3.851037445e-32  -4.173753044e-17
260.5220751  3.820298379e-32  -4.140438054e-17
260.834721  3.783818506e-32  -4.10090118e-17
261.165279  3.745674253e-32  -4.059560453e-17
261.4779249  3.709994578e-32  -4.020890833e-17
261.7387739  3.680518497e-32  -3.988944666e-17
261.9195339  3.660247052e-32  -3.966974482e-17
262  3.65126356e-32  -3.957238176e-17
262.0804661  3.642304865e-32  -3.947528745e-17
262.2612261  3.622269966e-32  -3.925814929e-17
262.5220751  3.593576432e-32  -3.894716887e-17
262.834721  3.559521545e-32  -3.857808212e-17
263.165279  3.523909911e-32  -3.819212336e-17
263.4779249  3.490596411e-32  -3.783107176e-17
263.7387739  3.463073037e-32  -3.753277353e-17
263.9195339  3.444143428e-32  -3.732761449e-17
264  3.435754298e-32  -3.723669313e-17
264.0804661  3.427388149e-32  -3.714602084e-17
264.2612261  3.408677764e-32  -3.694323775e-17
264.5220751  3.381879634e-32  -3.665279971e-17
264.834721  3.350071942e-32  -3.630806805e-17
265.165279  3.316807462e-32  -3.594754774e-17
265.4779249  3.285687065e-32  -3.561026498e-17
265.7387739  3.259973719e-32  -3.533158383e-17
265.9195339  3.24228798e-32  -3.513990585e-17
266  3.234449839e-32  -3.505495611e-17
266.0804661  3.226633009e-32  -3.497023733e-17
266.2612261  3.209150558e-32  -3.478076258e-17
266.5220751  3.184109734e-32  -3.450937022e-17
266.834721  3.154385678e-32  -3.418722101e-17
267.165279  3.123297719e-32  -3.385028982e-17
267.4779249  3.094211177e-32  -3.353504997e-17
267.7387739  3.070176563e-32  -3.327456291e-17
267.9195339  3.053644539e-32  -3.309538889e-17
268  3.046317471e-32  -3.301597815e-17
268.0804661  3.039010175e-32  -3.293678171e-17
268.2612261  3.022666767e-32  -3.275965191e-17
268.5220751  2.999256139e-32  -3.250592761e-17
268.834721  2.971465162e-32  -3.220472909e-17
269.165279  2.942396637e-32  -3.188968451e-17
269.4779249  2.915197328e-32  -3.159489851e-17
269.7387739  2.892720552e-32  -3.135129528e-17
269.9195339  2.877259223e-32  -3.118372545e-17
270  2.870406469e-32  -3.110945533e-17
270.0804661  2.863572071e-32  -3.103538414e-17
270.2612261  2.848285843e-32  -3.086971206e-17
270.5220751  2.826388342e-32  -3.063238702e-17
270.834721  2.800391765e-32  -3.035063621e-17
271.165279  2.773197967e-32  -3.005590992e-17
271.4779249  2.747750816e-32  -2.978011379e-17
271.7387739  2.726720491e-32  -2.955218719e-17
271.9195339  2.712253361e-32  -2.93953925e-17
272  2.70584105e-32  -2.932589589e-17
272.0804661  2.699445789e-32  -2.925658407e-17
272.2612261  2.685141304e-32  -2.910155211e-17
272.5220751  2.664649041e-32  -2.887945704e-17
272.834721  2.640319053e-32  -2.861576871e-17
273.165279  2.614866601e-32  -2.833991513e-17
273.4779249  2.591047088e-32  -2.808175933e-17
273.7387739  2.571360525e-32  -2.786839642e-17
273.9195339  2.557817069e-32  -2.77216125e-17
274  2.551813971e-32  -2.765655094e-17
274.0804661  2.545826718e-32  -2.759166112e-17
274.2612261  2.532434417e-32  -2.744651541e-17
274.5220751  2.513247908e-32  -2.723857208e-17
274.834721  2.490466638e-32  -2.699166876e-17
275.165279  2.466632516e-32  -2.673335462e-17
275.4779249  2.444325787e-32  -2.649159438e-17
275.7387739  2.425888261e-32  -2.629176853e-17
275.9195339  2.413203417e-32  -2.615429023e-17
276  2.40758072e-32  -2.609335147e-17
276.0804661  2.401972758e-32  -2.60325724e-17
276.2612261  2.389428466e-32  -2.58966174e-17
276.5220751  2.371455916e-32  -2.570183096e-17
276.834721  2.350114601e-32  -2.547053387e-17
277.165279  2.327785283e-32  -2.52285288e-17
277.4779249  2.306885338e-32  -2.500201527e-17
277.7387739  2.289609415e-32  -2.481477888e-17
277.9195339  2.277723126e-32  -2.468595532e-17
278  2.272454237e-32  -2.462885111e-17
278.0804661  2.267199055e-32  -2.457189547e-17
278.2612261  2.255443527e-32  -2.444448911e-17
278.5220751  2.238600191e-32  -2.426194109e-17
278.834721  2.21859841e-32  -2.404516186e-17
279.165279  2.197669071e-32  -2.381832975e-17
279.4779249  2.178078022e-32  -2.360600203e-17
279.7387739  2.161882956e-32  -2.343047996e-17
279.9195339  2.150739754e-32  -2.330970998e-17
280  2.145800107e-32  -2.32561741e-17
280.0804661  2.14087322e-32  -2.320277651e-17
280.2612261  2.129851734e-32  -2.308332568e-17
280.5220751  2.11405933e-32  -2.291216766e-17
280.834721  2.095304312e-32  -2.270890084e-17
281.165279  2.075678102e-32  -2.249619205e-17
281.4779249  2.057305501e-32  -2.229706986e-17
281.7387739  2.042116676e-32  -2.213245343e-17
281.9195339  2.031665302e-32  -2.201918148e-17
282  2.027032196e-32  -2.196896789e-17
282.0804661  2.022410973e-32  -2.191888309e-17
282.2612261  2.012072954e-32  -2.180683967e-17
282.5220751  1.997259127e-32  -2.164628747e-17
282.834721  1.97966512e-32  -2.145560368e-17
283.165279  1.961252509e-32  -2.125604787e-17
283.4779249  1.944014737e-32  -2.106922495e-17
283.7387739  1.929763164e-32  -2.091476645e-17
283.9195339  1.919956222e-32  -2.080847886e-17
284  1.915608666e-32  -2.076136006e-17
284.0804661  1.911272181e-32  -2.071436125e-17
284.2612261  1.901570859e-32  -2.060921836e-17
284.5220751  1.887668698e-32  -2.045854678e-17
284.834721  1.871156393e-32  -2.027958647e-17
285.165279  1.853874571e-32  -2.009228615e-17
285.4779249  1.837694276e-32  -1.991692417e-17
285.7387739  1.824316134e-32  -1.977193192e-17
285.9195339  1.815109776e-32  -1.967215344e-17
286  1.811028348e-32  -1.962791894e-17
286.0804661  1.806957242e-32  -1.95837963e-17
286.2612261  1.797849345e-32  -1.948508495e-17
286.5220751  1.784796935e-32  -1.934362297e-17
286.834721  1.769292941e-32  -1.917559074e-17
287.165279  1.753065272e-32  -1.899971532e-17
287.4779249  1.737870864e-32  -1.883503838e-17
287.7387739  1.72530708e-32  -1.869887213e-17
287.9195339  1.716660715e-32  -1.860516286e-17
288  1.712827438e-32  -1.856361781e-17
288.0804661  1.709003788e-32  -1.852217711e-17
288.2612261  1.700449257e-32  -1.842946313e-17
288.5220751  1.688189278e-32  -1.829658952e-17
288.834721  1.673625646e-32  -1.813874893e-17
289.165279  1.658381166e-32  -1.797352931e-17
289.4779249  1.64410635e-32  -1.78188189e-17
289.7387739  1.632302216e-32  -1.769088573e-17
289.9195339  1.624178252e-32  -1.760283825e-17
290  1.620576475e-32  -1.75638022e-17
290.0804661  1.616983681e-32  -1.752486351e-17
290.2612261  1.608945411e-32  -1.743774477e-17
290.5220751  1.597424768e-32  -1.731288408e-17
290.834721  1.583738551e-32  -1.71645529e-17
291.165279  1.569411518e-32  -1.700927657e-17
291.4779249  1.555994869e-32  -1.686386698e-17
291.7387739  1.544899692e-32  -1.674361749e-17
291.9195339  1.537263295e-32  -1.666085425e-17
292  1.533877588e-32  -1.662415996e-17
292.0804661  1.530500267e-32  -1.658755657e-17
292.2612261  1.522943872e-32  -1.650566038e-17
292.5220751  1.512113356e-32  -1.638827929e-17
292.834721  1.499246211e-32  -1.624882522e-17
293.165279  1.485775685e-32  -1.610283171e-17
293.4779249  1.473160263e-32  -1.596610581e-17
293.7387739  1.462727047e-32  -1.585303065e-17
293.9195339  1.45554592e-32  -1.577520162e-17
294  1.452361976e-32  -1.574069404e-17
294.0804661  1.449185864e-32  -1.570627136e-17
294.2612261  1.442079461e-32  -1.562925218e-17
294.5220751  1.431893443e-32  -1.551885616e-17
294.834721  1.419791266e-32  -1.53876928e-17
295.165279  1.407120731e-32  -1.525036959e-17
295.4779249  1.395253722e-32  -1.512175499e-17
295.7387739  1.385438875e-32  -1.501538171e-17
295.9195339  1.37868306e-32  -1.49421622e-17
296  1.375687607e-32  -1.49096975e-17
296.0804661  1.372699474e-32  -1.487731213e-17
296.2612261  1.366013483e-32  -1.480484938e-17
296.5220751  1.356429631e-32  -1.470097962e-17
296.834721  1.345042224e-32  -1.457756294e-17
297.165279  1.333119238e-32  -1.444834166e-17
297.4779249  1.321951634e-32  -1.432730721e-17
297.7387739  1.312714701e-32  -1.422719737e-17
297.9195339  1.306356392e-32  -1.415828603e-17
298  1.303537114e-32  -1.412773071e-17
298.0804661  1.300724679e-32  -1.409724955e-17
298.2612261  1.294431647e-32  -1.402904569e-17
298.5220751  1.285410666e-32  -1.393127633e-17
298.834721  1.27469143e-32  -1.381510128e-17
299.165279  1.263467309e-32  -1.369345429e-17
299.4779249  1.252953608e-32  -1.357950685e-17
299.7387739  1.244257027e-32  -1.348525333e-17
299.9195339  1.238270405e-32  -1.342037035e-17
300  1.235615864e-32  -1.339160044e-17
300.0804661  1.232967723e-32  -1.33628999e-17
300.2612261  1.227042156e-32  -1.329867862e-17
300.5220751  1.218547554e-32  -1.320661415e-17
300.834721  1.20845321e-32  -1.309721169e-17
301.165279  1.197882734e-32  -1.29826489e-17
301.4779249  1.18798067e-32  -1.287533037e-17
301.7387739  1.179789546e-32  -1.2786555e-17
301.9195339  1.174150627e-32  -1.272544041e-17
302  1.171650197e-32  -1.269834076e-17
302.0804661  1.169155755e-32  -1.267130601e-17
302.2612261  1.163573965e-32  -1.261081059e-17
302.5220751  1.155571835e-32  -1.252408353e-17
302.834721  1.14606217e-32  -1.242101781e-17
303.165279  1.136103316e-32  -1.231308379e-17
303.4779249  1.126773609e-32  -1.221196845e-17
303.7387739  1.11905551e-32  -1.212831972e-17
303.9195339  1.113741999e-32  -1.207073192e-17
304  1.111385802e-32  -1.204519546e-17
304.0804661  1.109035212e-32  -1.201971977e-17
304.2612261  1.103775182e-32  -1.196271158e-17
304.5220751  1.096234005e-32  -1.188098033e-17
304.834721  1.08727163e-32  -1.178384614e-17
305.165279  1.07788533e-32  -1.168211746e-17
305.4779249  1.069091455e-32  -1.158680947e-17
305.7387739  1.061816224e-32  -1.150796055e-17
305.9195339  1.056807391e-32  -1.145367483e-17
306  1.054586243e-32  -1.142960203e-17
306.0804661  1.052370344e-32  -1.140558613e-17
306.2612261  1.047411597e-32  -1.135184324e-17
306.5220751  1.040302059e-32  -1.12747901e-17
306.834721  1.031852201e-32  -1.118321057e-17
307.165279  1.023002114e-32  -1.108729335e-17
307.4779249  1.014710095e-32  -1.099742449e-17
307.7387739  1.007849677e-32  -1.092307129e-17
307.9195339  1.003126233e-32  -1.087187862e-17
308  1.001031586e-32  -1.084917685e-17
308.0804661  9.989418596e-33  -1.08265284e-17
308.2612261  9.942653424e-33  -1.077584432e-17
308.5220751  9.875601661e-33  -1.070317365e-17
308.834721  9.795904675e-33  -1.061679808e-17
309.165279  9.712427718e-33  -1.052632578e-17
309.4779249  9.634209886e-33  -1.044155332e-17
309.7387739  9.569492687e-33  -1.037141285e-17
309.9195339  9.524932607e-33  -1.032311865e-17
310  9.505171622e-33  -1.03017017e-17
310.0804661  9.485456747e-33  -1.028033472e-17
310.2612261  9.441336522e-33  -1.023251724e-17
310.5220751  9.37807445e-33  -1.016395383e-17
310.834721  9.302877799e-33  -1.008245572e-17
311.165279  9.224109875e-33  -9.997087073e-18
311.4779249  9.15029996e-33  -9.917091914e-18
311.7387739  9.089226588e-33  -9.850900614e-18
311.9195339  9.047173679e-33  -9.805323687e-18
312  9.028524092e-33  -9.78511127e-18
312.0804661  9.009917742e-33  -9.764945715e-18
312.2612261  8.968277293e-33  -9.71981581e-18
312.5220751  8.908568415e-33  -9.655103349e-18
312.834721  8.837591504e-33  -9.578178598e-18
313.165279  8.763239302e-33  -9.497595707e-18
313.4779249  8.693563024e-33  -9.422080581e-18
313.7387739  8.635906944e-33  -9.359592942e-18
313.9195339  8.596205445e-33  -9.316564471e-18
314  8.578598235e-33  -9.297481783e-18
314.0804661  8.561031587e-33  -9.278443056e-18
314.2612261  8.521717016e-33  -9.235833938e-18
314.5220751  8.465340969e-33  -9.174733598e-18
314.834721  8.398322331e-33  -9.102098821e-18
315.165279  8.328112509e-33  -9.026005441e-18
315.4779249  8.262314243e-33  -8.954693303e-18
315.7387739  8.207864317e-33  -8.895680492e-18
315.9195339  8.170369044e-33  -8.855043128e-18
316  8.153739879e-33  -8.837020445e-18
316.0804661  8.13714878e-33  -8.819039017e-18
316.2612261  8.100016632e-33  -8.778795208e-18
316.5220751  8.046767992e-33  -8.721084351e-18
316.834721  7.983463869e-33  -8.652475364e-18
317.165279  7.917141585e-33  -8.580595296e-18
317.4779249  7.854982988e-33  -8.51322783e-18
317.7387739  7.803542339e-33  -8.457476473e-18
317.9195339  7.768117909e-33  -8.419083488e-18
318  7.752406795e-33  -8.402055788e-18
318.0804661  7.73673142e-33  -8.385066821e-18
318.2612261  7.701647911e-33  -8.347043327e-18
318.5220751  7.651335099e-33  -8.292514319e-18
318.834721  7.591518143e-33  -8.227684723e-18
319.165279  7.528845695e-33  -8.159760345e-18
319.4779249  7.470104438e-33  -8.096096591e-18
319.7387739  7.421489406e-33  -8.043407637e-18
319.9195339  7.388009517e-33  -8.007122144e-18
320  7.373160484e-33  -7.991028768e-18
320.0804661  7.358345018e-33  -7.974971771e-18
320.2612261  7.325185333e-33  -7.939033316e-18
320.5220751  7.277629597e-33  -7.887492426e-18
320.834721  7.221087675e-33  -7.82621231e-18
321.165279  7.161843249e-33  -7.762003222e-18
321.4779249  7.106311852e-33  -7.701818314e-18
321.7387739  7.060351032e-33  -7.652005993e-18
321.9195339  7.028697805e-33  -7.617700236e-18
322  7.014658614e-33  -7.602484566e-18
322.0804661  7.000650963e-33  -7.587303078e-18
322.2612261  6.969298597e-33  -7.553323396e-18
322.5220751  6.924333087e-33  -7.504589791e-18
322.834721  6.870868174e-33  -7.446644537e-18
323.165279  6.814844696e-33  -7.385926311e-18
323.4779249  6.762329451e-33  -7.329010307e-18
323.7387739  6.718862805e-33  -7.281901171e-18
323.9195339  6.688926173e-33  -7.24945586e-18
324  6.675648047e-33  -7.235065031e-18
324.0804661  6.662399566e-33  -7.220706332e-18
324.2612261  6.632745732e-33  -7.188567517e-18
324.5220751  6.590214635e-33  -7.142472329e-18
324.834721  6.539641797e-33  -7.087661505e-18
325.165279  6.48664587e-33  -7.030224537e-18
325.4779249  6.436965851e-33  -6.97638135e-18
325.7387739  6.395843893e-33  -6.931813386e-18
325.9195339  6.367521042e-33  -6.90111709e-18
326  6.354958413e-33  -6.887501717e-18
326.0804661  6.342423661e-33  -6.873916557e-18
326.2612261  6.314366729e-33  -6.843508464e-18
326.5220751  6.274124483e-33  -6.799893932e-18
326.834721  6.22627094e-33  -6.748030279e-18
327.165279  6.176121862e-33  -6.693678725e-18
327.4779249  6.129108009e-33  -6.642725128e-18
327.7387739  6.090191049e-33  -6.60054694e-18
327.9195339  6.063385897e-33  -6.571495526e-18
328  6.051496183e-33  -6.558609458e-18
328.0804661  6.039632692e-33  -6.545751811e-18
328.2612261  6.013077683e-33  -6.516971501e-18
328.5220751  5.974988242e-33  -6.475690178e-18
328.834721  5.929692499e-33  -6.426598668e-18
329.165279  5.882221363e-33  -6.375149467e-18
329.4779249  5.83771564e-33  -6.32691418e-18
329.7387739  5.800873087e-33  -6.286984234e-18
329.9195339  5.775495808e-33  -6.259480347e-18
330  5.764239198e-33  -6.247280438e-18
330.0804661  5.753007264e-33  -6.235107272e-18
330.2612261  5.727865374e-33  -6.2078585e-18
330.5220751  5.691801533e-33  -6.168772522e-18
330.834721  5.648912585e-33  -6.122289495e-18
331.165279  5.603961442e-33  -6.073571461e-18
331.4779249  5.561816055e-33  -6.027894306e-18
331.7387739  5.526925777e-33  -5.990080234e-18
331.9195339  5.502892358e-33  -5.964032823e-18
332  5.492231615e-33  -5.952478714e-18
332.0804661  5.481594102e-33  -5.940949781e-18
332.2612261  5.45778227e-33  -5.915142526e-18
332.5220751  5.423625045e-33  -5.878122937e-18
332.834721  5.383001634e-33  -5.834095298e-18
333.165279  5.340422721e-33  -5.787948288e-18
333.4779249  5.300499401e-33  -5.744679407e-18
333.7387739  5.267447128e-33  -5.708857365e-18
333.9195339  5.244678961e-33  -5.684181234e-18
334  5.234579246e-33  -5.673235166e-18
334.0804661  5.224501405e-33  -5.662312805e-18
334.2612261  5.201941909e-33  -5.637862831e-18
334.5220751  5.169579957e-33  -5.60278896e-18
334.834721  5.131089892e-33  -5.56107344e-18
335.165279  5.090744923e-33  -5.517347577e-18
335.4779249  5.052914256e-33  -5.476346714e-18
335.7387739  5.021593034e-33  -5.442400783e-18
335.9195339  5.000016541e-33  -5.419016188e-18
336  4.990445238e-33  -5.408642813e-18
336.0804661  4.980894542e-33  -5.398291773e-18
336.2612261  4.959514627e-33  -5.375120228e-18
336.5220751  4.928843718e-33  -5.341879107e-18
336.834721  4.892363242e-33  -5.30234158e-18
337.165279  4.854122745e-33  -5.260896543e-18
337.4779249  4.818263564e-33  -5.222032374e-18
337.7387739  4.788573242e-33  -5.189854014e-18
337.9195339  4.768119524e-33  -5.167686281e-18
338  4.759046094e-33  -5.157852501e-18
338.0804661  4.749992084e-33  -5.148039768e-18
338.2612261  4.729723616e-33  -5.12607281e-18
338.5220751  4.700646137e-33  -5.094558648e-18
338.834721  4.666059345e-33  -5.057073495e-18
339.165279  4.629802056e-33  -5.017777858e-18
339.4779249  4.595800862e-33  -4.980927375e-18
339.7387739  4.567647629e-33  -4.950414912e-18
339.9195339  4.548252142e-33  -4.92939409e-18
340  4.539647976e-33  -4.920068897e-18
340.0804661  4.531062117e-33  -4.910763546e-18
340.2612261  4.511841267e-33  -4.889931996e-18
340.5220751  4.484265767e-33  -4.860045678e-18
340.834721  4.451464065e-33  -4.824495206e-18
341.165279  4.417076361e-33  -4.787225824e-18
341.4779249  4.384826804e-33  -4.752273765e-18
341.7387739  4.35812275e-33  -4.723331921e-18
341.9195339  4.33972501e-33  -4.703392456e-18
342  4.331563295e-33  -4.694546793e-18
342.0804661  4.323418846e-33  -4.685719841e-18
342.2612261  4.305185794e-33  -4.665958866e-18
342.5220751  4.279026562e-33  -4.6376075e-18
342.834721  4.247908168e-33  -4.603881395e-18
343.165279  4.215283546e-33  -4.568522841e-18
343.4779249  4.184685933e-33  -4.535361159e-18
343.7387739  4.159348647e-33  -4.507900617e-18
343.9195339  4.141891949e-33  -4.488981053e-18
344  4.134147551e-33  -4.480587677e-18
344.0804661  4.126419439e-33  -4.472211952e-18
344.2612261  4.109118101e-33  -4.453460769e-18
344.5220751  4.084294777e-33  -4.426557259e-18
344.834721  4.054764256e-33  -4.39455209e-18
345.165279  4.023802848e-33  -4.360996127e-18
345.4779249  3.994763693e-33  -4.3295235e-18
345.7387739  3.970715888e-33  -4.303460498e-18
345.9195339  3.954147054e-33  -4.285503201e-18
346  3.946796397e-33  -4.277536562e-18
346.0804661  3.93946111e-33  -4.26958658e-18
346.2612261  3.923038885e-33  -4.251788179e-18
346.5220751  3.899476095e-33  -4.226250835e-18
346.834721  3.871443929e-33  -4.195869583e-18
347.165279  3.842052055e-33  -4.164014681e-18
347.4779249  3.814483658e-33  -4.134136061e-18
347.7387739  3.79165283e-33  -4.109392018e-18
347.9195339  3.775921967e-33  -4.092342914e-18
348  3.768942934e-33  -4.084779041e-18
348.0804661  3.76197841e-33  -4.077230893e-18
348.2612261  3.746385946e-33  -4.060331785e-18
348.5220751  3.724012968e-33  -4.036083959e-18
348.834721  3.697395159e-33  -4.007235588e-18
349.165279  3.669484912e-33  -3.976986472e-18
349.4779249  3.64330497e-33  -3.948612659e-18
349.7387739  3.621623073e-33  -3.925113827e-18
349.9195339  3.606683356e-33  -3.908922167e-18
350  3.600055189e-33  -3.901738562e-18
350.0804661  3.593440723e-33  -3.894569805e-18
350.2612261  3.578631697e-33  -3.878519788e-18
350.5220751  3.557382149e-33  -3.855489535e-18
350.834721  3.532099851e-33  -3.82808859e-18
351.165279  3.505588708e-33  -3.799355822e-18
351.4779249  3.480719957e-33  -3.772403079e-18
351.7387739  3.460123107e-33  -3.75008022e-18
351.9195339  3.445930573e-33  -3.734698356e-18
352  3.439633781e-33  -3.727873896e-18
352.0804661  3.433349931e-33  -3.721063461e-18
352.2612261  3.41928085e-33  -3.705815395e-18
352.5220751  3.399092401e-33  -3.683935162e-18
352.834721  3.375071577e-33  -3.657901401e-18
353.165279  3.349882042e-33  -3.630600992e-18
353.4779249  3.326251922e-33  -3.604990677e-18
353.7387739  3.30668012e-33  -3.583778764e-18
353.9195339  3.293193478e-33  -3.569161946e-18
354  3.287209756e-33  -3.56267679e-18
354.0804661  3.281238263e-33  -3.556204888e-18
354.2612261  3.267868273e-33  -3.541714498e-18
354.5220751  3.248682377e-33  -3.52092083e-18
354.834721  3.225853477e-33  -3.496178876e-18
355.165279  3.201912752e-33  -3.470231927e-18
355.4779249  3.179453095e-33  -3.445890158e-18
355.7387739  3.160849972e-33  -3.4257281e-18
355.9195339  3.148030427e-33  -3.411834281e-18
356  3.142342575e-33  -3.40566979e-18
356.0804661  3.136666282e-33  -3.399517825e-18
356.2612261  3.123956999e-33  -3.385743509e-18
356.5220751  3.105718642e-33  -3.365976784e-18
356.834721  3.084016313e-33  -3.342455807e-18
357.165279  3.061255985e-33  -3.317788171e-18
357.4779249  3.039902726e-33  -3.294645517e-18
357.7387739  3.022215303e-33  -3.275475895e-18
357.9195339  3.010026394e-33  -3.262265559e-18
358  3.004618246e-33  -3.25640421e-18
358.0804661  2.999221027e-33  -3.250554706e-18
358.2612261  2.987136373e-33  -3.237457361e-18
358.5220751  2.969793843e-33  -3.218661534e-18
358.834721  2.94915665e-33  -3.196294952e-18
359.165279  2.927512407e-33  -3.172836929e-18
359.4779249  2.907205319e-33  -3.150828114e-18
359.7387739  2.890383789e-33  -3.132596945e-18
359.9195339  2.878791233e-33  -3.120032937e-18
360  2.87364759e-33  -3.114458258e-18
360.0804661  2.868514283e-33  -3.108894782e-18
360.2612261  2.857020332e-33  -3.096437642e-18
360.5220751  2.840525006e-33  -3.078560014e-18
360.834721  2.820895183e-33  -3.057285218e-18
361.165279  2.800306545e-33  -3.034971259e-18
361.4779249  2.780988986e-33  -3.014034896e-18
361.7387739  2.764986505e-33  -2.996691412e-18
361.9195339  2.753958058e-33  -2.984738786e-18
362  2.749064624e-33  -2.979435283e-18
362.0804661  2.744180969e-33  -2.974142379e-18
362.2612261  2.733245813e-33  -2.962290862e-18
362.5220751  2.717551955e-33  -2.945281864e-18
362.834721  2.698875159e-33  -2.925039958e-18
363.165279  2.679285233e-33  -2.903808404e-18
363.4779249  2.660903918e-33  -2.883886741e-18
363.7387739  2.645676413e-33  -2.867383176e-18
363.9195339  2.635181741e-33  -2.856009054e-18
364  2.630525064e-33  -2.85096215e-18
364.0804661  2.625877643e-33  -2.845925276e-18
364.2612261  2.615471261e-33  -2.834646843e-18
364.5220751  2.600535835e-33  -2.818459834e-18
364.834721  2.582760933e-33  -2.799195401e-18
365.165279  2.564116181e-33  -2.778988225e-18
365.4779249  2.546620962e-33  -2.760026913e-18
365.7387739  2.532126957e-33  -2.744318315e-18
365.9195339  2.522137508e-33  -2.733491754e-18
366  2.51770493e-33  -2.728687727e-18
366.0804661  2.513281113e-33  -2.723893197e-18
366.2612261  2.503375247e-33  -2.713157222e-18
366.5220751  2.489157747e-33  -2.6977483e-18
366.834721  2.472236607e-33  -2.679409174e-18
367.165279  2.454486629e-33  -2.660171755e-18
367.4779249  2.437830299e-33  -2.64211963e-18
367.7387739  2.424030745e-33  -2.627163678e-18
367.9195339  2.41451964e-33  -2.616855546e-18
368  2.410299241e-33  -2.612281479e-18
368.0804661  2.40608714e-33  -2.607716405e-18
368.2612261  2.396655184e-33  -2.597494054e-18
368.5220751  2.383117469e-33  -2.582821884e-18
368.834721  2.36700477e-33  -2.565358946e-18
369.165279  2.350102109e-33  -2.547039848e-18
369.4779249  2.334240212e-33  -2.529848729e-18
369.7387739  2.321098335e-33  -2.515605568e-18
369.9195339  2.312040257e-33  -2.505788427e-18
370  2.308020813e-33  -2.501432155e-18
370.0804661  2.304009228e-33  -2.4970844e-18
370.2612261  2.295026125e-33  -2.487348516e-18
370.5220751  2.282132274e-33  -2.473374164e-18
370.834721  2.266785325e-33  -2.456741147e-18
371.165279  2.250685277e-33  -2.439291921e-18
371.4779249  2.235575934e-33  -2.42291642e-18
371.7387739  2.223057092e-33  -2.409348503e-18
371.9195339  2.214428193e-33  -2.399996506e-18
372  2.210599128e-33  -2.395846566e-18
372.0804661  2.20677751e-33  -2.391704697e-18
372.2612261  2.19821965e-33  -2.382429692e-18
372.5220751  2.185935816e-33  -2.369116477e-18
372.834721  2.171314397e-33  -2.353269788e-18
373.165279  2.155974839e-33  -2.33664478e-18
373.4779249  2.141578587e-33  -2.321042128e-18
373.7387739  2.129650133e-33  -2.308114073e-18
373.9195339  2.121427937e-33  -2.29920286e-18
374  2.117779284e-33  -2.295248452e-18
374.0804661  2.11413769e-33  -2.291301693e-18
374.2612261  2.105982824e-33  -2.282463452e-18
374.5220751  2.094277109e-33  -2.269776803e-18
374.834721  2.080343308e-33  -2.254675354e-18
375.165279  2.065724535e-33  -2.238831533e-18
375.4779249  2.052004177e-33  -2.223961414e-18
375.7387739  2.040635337e-33  -2.211639868e-18
375.9195339  2.032798657e-33  -2.203146477e-18
376  2.02932102e-33  -2.199377416e-18
376.0804661  2.025850076e-33  -2.195615608e-18
376.2612261  2.018077229e-33  -2.187191399e-18
376.5220751  2.00691956e-33  -2.175098721e-18
376.834721  1.993637634e-33  -2.160703774e-18
377.165279  1.979702211e-33  -2.145600567e-18
377.4779249  1.966622671e-33  -2.131424967e-18
377.7387739  1.955784425e-33  -2.119678479e-18
377.9195339  1.948313281e-33  -2.111581256e-18
378  1.944997801e-33  -2.10798794e-18
378.0804661  1.941688668e-33  -2.104401503e-18
378.2612261  1.934278059e-33  -2.096369887e-18
378.5220751  1.923640073e-33  -2.084840442e-18
378.834721  1.910976312e-33  -2.071115463e-18
379.165279  1.897688931e-33  -2.056714603e-18
379.4779249  1.885217126e-33  -2.043197666e-18
379.7387739  1.874882102e-33  -2.03199657e-18
379.9195339  1.867757647e-33  -2.024275088e-18
380  1.864595967e-33  -2.02084846e-18
380.0804661  1.861440306e-33  -2.017428356e-18
380.2612261  1.854373275e-33  -2.00976911e-18
380.5220751  1.844228217e-33  -1.9987739e-18
380.834721  1.832150819e-33  -1.985684421e-18
381.165279  1.819478167e-33  -1.971949805e-18
381.4779249  1.807582884e-33  -1.959057701e-18
381.7387739  1.797725255e-33  -1.948374006e-18
381.9195339  1.790929706e-33  -1.941008993e-18
382  1.787913938e-33  -1.937740505e-18
382.0804661  1.784903882e-33  -1.934478207e-18
382.2612261  1.778162821e-33  -1.927172246e-18
382.5220751  1.768485443e-33  -1.916683908e-18
382.834721  1.756964397e-33  -1.904197402e-18
383.165279  1.744875037e-33  -1.891094958e-18
383.4779249  1.733526815e-33  -1.878795759e-18
383.7387739  1.724122204e-33  -1.868603045e-18
383.9195339  1.717638777e-33  -1.861576309e-18
384  1.714761478e-33  -1.858457893e-18
384.0804661  1.7118896e-33  -1.855345353e-18
384.2612261  1.705457887e-33  -1.848374664e-18
384.5220751  1.696224357e-33  -1.838367368e-18
384.834721  1.685231331e-33  -1.82645313e-18
385.165279  1.673695584e-33  -1.813950692e-18
385.4779249  1.662866613e-33  -1.802214256e-18
385.7387739  1.653892006e-33  -1.792487581e-18
385.9195339  1.647704852e-33  -1.785781945e-18
386  1.644958993e-33  -1.782805985e-18
386.0804661  1.642218282e-33  -1.779835602e-18
386.2612261  1.636080224e-33  -1.773183178e-18
386.5220751  1.627268038e-33  -1.763632533e-18
386.834721  1.616776281e-33  -1.75226157e-18
387.165279  1.605766122e-33  -1.740328765e-18
387.4779249  1.595430135e-33  -1.729126626e-18
387.7387739  1.586863798e-33  -1.719842432e-18
387.9195339  1.580957951e-33  -1.713441677e-18
388  1.578336895e-33  -1.710600978e-18
388.0804661  1.575720727e-33  -1.707765576e-18
388.2612261  1.569861503e-33  -1.701415351e-18
388.5220751  1.561449406e-33  -1.692298323e-18
388.834721  1.551433649e-33  -1.681443249e-18
389.165279  1.540922605e-33  -1.670051384e-18
389.4779249  1.531054793e-33  -1.659356652e-18
389.7387739  1.522876193e-33  -1.650492688e-18
389.9195339  1.517237513e-33  -1.644381488e-18
390  1.514734988e-33  -1.641669254e-18
390.0804661  1.512237107e-33  -1.638962051e-18
390.2612261  1.506642714e-33  -1.63289885e-18
390.5220751  1.498610624e-33  -1.624193673e-18
390.834721  1.489046993e-33  -1.613828613e-18
391.165279  1.479010051e-33  -1.602950579e-18
391.4779249  1.469586968e-33  -1.592737845e-18
391.7387739  1.461776703e-33  -1.584273083e-18
391.9195339  1.456391829e-33  -1.578436958e-18
392  1.454001911e-33  -1.575846765e-18
392.0804661  1.451616404e-33  -1.573261353e-18
392.2612261  1.446273608e-33  -1.567470834e-18
392.5220751  1.438602547e-33  -1.55915694e-18
392.834721  1.429468478e-33  -1.549257439e-18
393.165279  1.419881996e-33  -1.538867613e-18
393.4779249  1.410881484e-33  -1.529112862e-18
393.7387739  1.403421215e-33  -1.521027424e-18
393.9195339  1.398277516e-33  -1.515452685e-18
394  1.395994601e-33  -1.512978463e-18
394.0804661  1.393715879e-33  -1.510508785e-18
394.2612261  1.388612172e-33  -1.504977389e-18
394.5220751  1.381284199e-33  -1.497035335e-18
394.834721  1.37255836e-33  -1.487578274e-18
395.165279  1.363399987e-33  -1.477652432e-18
395.4779249  1.354801096e-33  -1.468332956e-18
395.7387739  1.347673481e-33  -1.46060805e-18
395.9195339  1.342759016e-33  -1.455281754e-18
396  1.340577809e-33  -1.452917763e-18
396.0804661  1.338400587e-33  -1.45055809e-18
396.2612261  1.333524138e-33  -1.445272997e-18
396.5220751  1.326522289e-33  -1.437684395e-18
396.834721  1.318184509e-33  -1.428647912e-18
397.165279  1.309433107e-33  -1.419163146e-18
397.4779249  1.301216022e-33  -1.410257472e-18
397.7387739  1.294404663e-33  -1.402875324e-18
397.9195339  1.289708136e-33  -1.397785229e-18
398  1.287623626e-33  -1.395526038e-18
398.0804661  1.285542906e-33  -1.393270954e-18
398.2612261  1.280882528e-33  -1.388220038e-18
398.5220751  1.274190755e-33  -1.380967497e-18
398.834721  1.266221953e-33  -1.372330912e-18
399.165279  1.257857528e-33  -1.363265551e-18
399.4779249  1.250003505e-33  -1.354753364e-18
399.7387739  1.243492887e-33  -1.347697158e-18
399.9195339  1.239003613e-33  -1.342831684e-18
