#L=8 M=-1
#R     Re(V)   Im(V)

0.08046609183  -1.351195134e-15  1.168485891e-15
0.2612261349  -2.741555891e-12  -2.741694929e-12
0.5220750502  -7.002418157e-10  -7.002414093e-10
0.8347210423  -3.011928715e-08  -3.011928654e-08
1.165278958  -4.392573823e-07  -4.392573801e-07
1.47792495  -2.980339703e-06  -2.980339705e-06
1.738773865  -1.108232255e-05  -1.108232255e-05
1.919533908  -2.469125981e-05  -2.469125981e-05
2  -3.445211262e-05  -3.445211262e-05
2.080466092  -4.745799382e-05  -4.745799382e-05
2.261226135  -9.344089972e-05  -9.344089972e-05
2.52207505  -0.0002275225085  -0.0002275225085
2.834721042  -0.0005914373782  -0.0005914373782
3.165278958  -0.001460393812  -0.001460393812
3.47792495  -0.003163394547  -0.003163394547
3.738773865  -0.005725335412  -0.005725335412
3.919533908  -0.008428329477  -0.008428329477
4  -0.009951856811  -0.009951856811
4.080466092  -0.008273058152  -0.008273058152
4.261226135  -0.005517199066  -0.005517199066
4.52207505  -0.003141730795  -0.003141730795
4.834721042  -0.001645538628  -0.001645538628
5.165278958  -0.0008531305967  -0.0008531305967
5.47792495  -0.000467367524  -0.000467367524
5.738773865  -0.0002859099213  -0.0002859099213
5.919533908  -0.0002042011834  -0.0002042011834
6  -0.0001759160302  -0.0001759160302
6.080466092  -0.0001515961339  -0.0001515961339
6.261226135  -0.0001085916453  -0.0001085916453
6.52207505  -6.705243924e-05  -6.705243924e-05
6.834721042  -3.736481096e-05  -3.736481096e-05
7.165278958  -1.974548033e-05  -1.974548033e-05
7.47792495  -1.041158351e-05  -1.041158351e-05
7.738773865  -5.799755379e-06  -5.799755379e-06
7.919533908  -3.683257513e-06  -3.683257513e-06
8  -2.94885564e-06  -2.94885564e-06
8.080466092  -2.31896635e-06  -2.31896635e-06
8.261226135  -1.216874082e-06  -1.216874082e-06
8.52207505  -1.926289293e-07  -1.926289293e-07
8.834721042  4.668575897e-07  4.668575897e-07
9.165278958  7.723987818e-07  7.723987818e-07
9.47792495  8.586814745e-07  8.586814744e-07
9.738773865  8.493272275e-07  8.493272275e-07
9.919533908  8.184305208e-07  8.184305208e-07
10  8.005956812e-07  8.005956812e-07
10.08046609  7.809581595e-07  7.809581595e-07
10.26122613  7.32297563e-07  7.32297563e-07
10.52207505  6.56664484e-07  6.56664484e-07
10.83472104  5.660490758e-07  5.660490758e-07
11.16527896  4.769369903e-07  4.769369903e-07
11.47792495  4.019525654e-07  4.019525654e-07
11.73877387  3.469074068e-07  3.469074068e-07
11.91953391  3.127077622e-07  3.127077622e-07
12  2.984832938e-07  2.984832938e-07
12.08046609  2.848540349e-07  2.848540349e-07
12.26122613  2.563226979e-07  2.563226979e-07
12.52207505  2.198992124e-07  2.198992124e-07
12.83472104  1.828487222e-07  1.828487222e-07
13.16527896  1.504165803e-07  1.504165803e-07
13.47792495  1.251099344e-07  1.251099344e-07
13.73877387  1.07358608e-07  1.07358608e-07
13.91953391  9.660420012e-08  9.660420012e-08
14  9.218353764e-08  9.218353764e-08
14.08046609  8.79737043e-08  8.79737043e-08
14.26122613  7.923426555e-08  7.923426555e-08
14.52207505  6.819796376e-08  6.819796376e-08
14.83472104  5.707259751e-08  5.707259751e-08
15.16527896  4.737979039e-08  4.737979039e-08
15.47792495  3.981835132e-08  3.981835132e-08
15.73877387  3.449969898e-08  3.449969898e-08
15.91953391  3.126554875e-08  3.126554875e-08
16  2.993249565e-08  2.993249565e-08
16.08046609  2.86606556e-08  2.86606556e-08
16.26122613  2.60117289e-08  2.60117289e-08
16.52207505  2.264588992e-08  2.264588992e-08
16.83472104  1.922189704e-08  1.922189704e-08
17.16527896  1.620462108e-08  1.620462108e-08
17.47792495  1.382142796e-08  1.382142796e-08
17.73877387  1.212529502e-08  1.212529502e-08
17.91953391  1.108416887e-08  1.108416887e-08
18  1.065258975e-08  1.065258975e-08
18.08046609  1.023938088e-08  1.023938088e-08
18.26122613  9.373852084e-09  9.373852084e-09
18.52207505  8.263277085e-09  8.263277085e-09
18.83472104  7.118849902e-09  7.118849902e-09
19.16527896  6.095461765e-09  6.095461765e-09
19.47792495  5.275084661e-09  5.275084661e-09
19.73877387  4.683426774e-09  4.683426774e-09
19.91953391  4.31652511e-09  4.31652511e-09
20  4.16351213e-09  4.16351213e-09
20.08046609  4.016472272e-09  4.016472272e-09
20.26122613  3.706651006e-09  3.706651006e-09
20.52207505  3.30513729e-09  3.30513729e-09
20.83472104  2.886031648e-09  2.886031648e-09
21.16527896  2.505856577e-09  2.505856577e-09
21.47792495  2.196758786e-09  2.196758786e-09
21.73877387  1.971043955e-09  1.971043955e-09
21.91953391  1.829739555e-09  1.829739555e-09
22  1.77048127e-09  1.77048127e-09
22.08046609  1.713343666e-09  1.713343666e-09
22.26122613  1.592299611e-09  1.592299611e-09
22.52207505  1.434006286e-09  1.434006286e-09
22.83472104  1.266850465e-09  1.266850465e-09
23.16527896  1.113270329e-09  1.113270329e-09
23.47792495  9.868264214e-10  9.868264214e-10
23.73877387  8.934723047e-10  8.934723048e-10
23.91953391  8.345410587e-10  8.345410587e-10
24  8.097065986e-10  8.097065986e-10
24.08046609  7.856900244e-10  7.856900244e-10
24.26122613  7.345708478e-10  7.345708478e-10
24.52207505  6.671905312e-10  6.671905312e-10
24.83472104  5.953159792e-10  5.953159792e-10
25.16527896  5.285417138e-10  5.285417138e-10
25.47792495  4.729651151e-10  4.729651152e-10
25.73877387  4.31541116e-10  4.31541116e-10
25.91953391  4.052028735e-10  4.052028735e-10
26  3.940568118e-10  3.940568118e-10
26.08046609  3.832503018e-10  3.832503018e-10
26.26122613  3.601546975e-10  3.601546975e-10
26.52207505  3.295041183e-10  3.295041183e-10
26.83472104  2.965232692e-10  2.965232692e-10
27.16527896  2.655880803e-10  2.655880804e-10
27.47792495  2.395981145e-10  2.395981145e-10
27.73877387  2.200671859e-10  2.200671859e-10
27.91953391  2.075717498e-10  2.075717498e-10
28  2.022646007e-10  2.022646007e-10
28.08046609  1.971077828e-10  1.971077828e-10
28.26122613  1.860477569e-10  1.86047757e-10
28.52207505  1.712830685e-10  1.712830685e-10
28.83472104  1.552757906e-10  1.552757905e-10
29.16527896  1.40136478e-10  1.40136478e-10
29.47792495  1.27313626e-10  1.273136261e-10
29.73877387  1.176088453e-10  1.176088453e-10
29.91953391  1.113664465e-10  1.113664465e-10
30  1.087067696e-10  1.087067696e-10
30.08046609  1.061174809e-10  1.061174809e-10
30.26122613  1.005470888e-10  1.005470888e-10
30.52207505  9.307262001e-11  9.307262e-11
30.83472104  8.491579413e-11  8.491579414e-11
31.16527896  7.71453456e-11  7.714534557e-11
31.47792495  7.051705885e-11  7.051705883e-11
31.73877387  6.546932291e-11  6.546932292e-11
31.91953391  6.220715595e-11  6.220715595e-11
32  6.081342118e-11  6.081342118e-11
32.08046609  5.945429579e-11  5.945429579e-11
32.26122613  5.652251632e-11  5.652251633e-11
32.52207505  5.257086725e-11  5.257086725e-11
32.83472104  4.823357466e-11  4.823357465e-11
33.16527896  4.407543262e-11  4.407543262e-11
33.47792495  4.050631421e-11  4.050631423e-11
33.73877387  3.77733824e-11  3.777338241e-11
33.91953391  3.599984778e-11  3.599984777e-11
34  3.52402759e-11  3.524027592e-11
34.08046609  3.449846943e-11  3.449846941e-11
34.26122613  3.289451265e-11  3.289451264e-11
34.52207505  3.072398545e-11  3.072398547e-11
34.83472104  2.832947734e-11  2.832947734e-11
35.16527896  2.602094138e-11  2.602094138e-11
35.47792495  2.402844783e-11  2.402844782e-11
35.73877387  2.249535138e-11  2.249535136e-11
35.91953391  2.149677876e-11  2.149677875e-11
36  2.106818458e-11  2.10681846e-11
36.08046609  2.064906401e-11  2.064906402e-11
36.26122613  1.97409141e-11  1.974091413e-11
36.52207505  1.850762235e-11  1.850762234e-11
36.83472104  1.714088204e-11  1.714088205e-11
37.16527896  1.581659748e-11  1.581659747e-11
37.47792495  1.466796285e-11  1.466796285e-11
37.73877387  1.378032833e-11  1.378032832e-11
37.91953391  1.320026724e-11  1.320026723e-11
38  1.295082006e-11  1.295082006e-11
38.08046609  1.270659947e-11  1.270659946e-11
38.26122613  1.217642192e-11  1.217642192e-11
38.52207505  1.145414251e-11  1.145414252e-11
38.83472104  1.065044933e-11  1.065044933e-11
39.16527896  9.868215427e-12  9.86821543e-12
39.47792495  9.186726469e-12  9.186726469e-12
39.73877387  8.658037749e-12  8.658037745e-12
39.91953391  8.311520565e-12  8.311520563e-12
40  8.162246762e-12  8.162246763e-12
40.08046609  8.015945815e-12  8.015945815e-12
40.26122613  7.697800818e-12  7.697800818e-12
40.52207505  7.263142302e-12  7.263142302e-12
40.83472104  6.77771502e-12  6.77771502e-12
41.16527896  6.303330477e-12  6.303330477e-12
41.47792495  5.888388408e-12  5.888388408e-12
41.73877387  5.565349719e-12  5.565349719e-12
41.91953391  5.353054135e-12  5.353054135e-12
42  5.261457039e-12  5.261457039e-12
42.08046609  5.171598117e-12  5.171598117e-12
42.26122613  4.975890372e-12  4.975890372e-12
42.52207505  4.707817243e-12  4.707817243e-12
42.83472104  4.407437432e-12  4.407437432e-12
43.16527896  4.112810267e-12  4.112810267e-12
43.47792495  3.854165551e-12  3.854165551e-12
43.73877387  3.652163435e-12  3.652163435e-12
43.91953391  3.519088097e-12  3.519088097e-12
44  3.461589412e-12  3.461589412e-12
44.08046609  3.405132695e-12  3.405132695e-12
44.26122613  3.28200075e-12  3.28200075e-12
44.52207505  3.112942262e-12  3.112942262e-12
44.83472104  2.922936594e-12  2.922936594e-12
45.16527896  2.735945045e-12  2.735945045e-12
45.47792495  2.571247465e-12  2.571247465e-12
45.73877387  2.442243593e-12  2.442243593e-12
45.91953391  2.357069569e-12  2.357069569e-12
46  2.320219952e-12  2.320219952e-12
46.08046609  2.284009328e-12  2.284009328e-12
46.26122613  2.204932951e-12  2.204932951e-12
46.52207505  2.096128699e-12  2.096128699e-12
46.83472104  1.973504867e-12  1.973504867e-12
47.16527896  1.852456317e-12  1.852456317e-12
47.47792495  1.745516971e-12  1.745516971e-12
47.73877387  1.66153043e-12  1.66153043e-12
47.91953391  1.605966106e-12  1.605966106e-12
48  1.581898105e-12  1.581898105e-12
48.08046609  1.558230212e-12  1.558230212e-12
48.26122613  1.506483845e-12  1.506483845e-12
48.52207505  1.435143589e-12  1.435143589e-12
48.83472104  1.354538149e-12  1.354538149e-12
49.16527896  1.274744285e-12  1.274744285e-12
49.47792495  1.204055053e-12  1.204055053e-12
49.73877387  1.14840207e-12  1.14840207e-12
49.91953391  1.111514024e-12  1.111514024e-12
50  1.095518216e-12  1.095518216e-12
50.08046609  1.079777772e-12  1.079777772e-12
50.26122613  1.045326428e-12  1.045326428e-12
50.52207505  9.977437713e-13  9.977437713e-13
50.83472104  9.438557806e-13  9.438557806e-13
51.16527896  8.903720648e-13  8.903720648e-13
51.47792495  8.428695232e-13  8.428695232e-13
51.73877387  8.053866956e-13  8.053866956e-13
51.91953391  7.804994055e-13  7.804994055e-13
52  7.696965669e-13  7.696965669e-13
52.08046609  7.590596078e-13  7.590596078e-13
52.26122613  7.357551136e-13  7.357551136e-13
52.52207505  7.035140234e-13  7.035140234e-13
52.83472104  6.66921738e-13  6.66921738e-13
53.16527896  6.305169551e-13  6.305169551e-13
53.47792495  5.98106766e-13  5.98106766e-13
53.73877387  5.724794008e-13  5.724794008e-13
53.91953391  5.554365791e-13  5.554365791e-13
54  5.480318559e-13  5.480318559e-13
54.08046609  5.407366535e-13  5.407366535e-13
54.26122613  5.247388426e-13  5.247388426e-13
54.52207505  5.025719619e-13  5.025719619e-13
54.83472104  4.77363156e-13  4.77363156e-13
55.16527896  4.522278187e-13  4.522278187e-13
55.47792495  4.298013386e-13  4.298013386e-13
55.73877387  4.120338951e-13  4.120338951e-13
55.91953391  4.002006191e-13  4.002006191e-13
56  3.950548511e-13  3.950548511e-13
56.08046609  3.899824938e-13  3.899824938e-13
56.26122613  3.788496647e-13  3.788496647e-13
56.52207505  3.63401542e-13  3.63401542e-13
56.83472104  3.45800843e-13  3.45800843e-13
57.16527896  3.282152062e-13  3.282152062e-13
57.47792495  3.124927266e-13  3.124927266e-13
57.73877387  3.000140745e-13  3.000140745e-13
57.91953391  2.916917306e-13  2.916917306e-13
58  2.880697795e-13  2.880697795e-13
58.08046609  2.844977304e-13  2.844977304e-13
58.26122613  2.766515191e-13  2.766515191e-13
58.52207505  2.657493381e-13  2.657493381e-13
58.83472104  2.533065118e-13  2.533065118e-13
59.16527896  2.40850412e-13  2.40850412e-13
59.47792495  2.296927911e-13  2.296927911e-13
59.73877387  2.208222862e-13  2.208222862e-13
59.91953391  2.148987077e-13  2.148987077e-13
60  2.123187696e-13  2.123187696e-13
60.08046609  2.097732002e-13  2.097732002e-13
60.26122613  2.041775396e-13  2.041775396e-13
60.52207505  1.963927061e-13  1.963927061e-13
60.83472104  1.874933867e-13  1.874933867e-13
61.16527896  1.785685595e-13  1.785685595e-13
61.47792495  1.705598629e-13  1.705598629e-13
61.73877387  1.641827936e-13  1.641827936e-13
61.91953391  1.599191729e-13  1.599191729e-13
62  1.58060895e-13  1.58060895e-13
62.08046609  1.562265788e-13  1.562265788e-13
62.26122613  1.521915779e-13  1.521915779e-13
62.52207505  1.465713849e-13  1.465713849e-13
62.83472104  1.401368722e-13  1.401368722e-13
63.16527896  1.336730557e-13  1.336730557e-13
63.47792495  1.278630761e-13  1.278630761e-13
63.73877387  1.232299577e-13  1.232299577e-13
63.91953391  1.201288298e-13  1.201288298e-13
64  1.187763229e-13  1.187763229e-13
64.08046609  1.174407145e-13  1.174407145e-13
64.26122613  1.145008133e-13  1.145008133e-13
64.52207505  1.104014324e-13  1.104014324e-13
64.83472104  1.057014203e-13  1.057014203e-13
65.16527896  1.009725476e-13  1.009725476e-13
65.47792495  9.671536429e-14  9.671536429e-14
65.73877387  9.33158135e-14  9.33158135e-14
65.91953391  9.103795436e-14  9.103795436e-14
66  9.004388452e-14  9.004388452e-14
66.08046609  8.906186065e-14  8.906186065e-14
66.26122613  8.689893016e-14  8.689893016e-14
66.52207505  8.387983186e-14  8.387983186e-14
66.83472104  8.041376284e-14  8.041376284e-14
67.16527896  7.692123291e-14  7.692123291e-14
67.47792495  7.377244412e-14  7.377244412e-14
67.73877387  7.12547238e-14  7.12547238e-14
67.91953391  6.956605403e-14  6.956605403e-14
68  6.882867796e-14  6.882867796e-14
68.08046609  6.809997603e-14  6.809997603e-14
68.26122613  6.649406404e-14  6.649406404e-14
68.52207505  6.425028912e-14  6.425028912e-14
68.83472104  6.167109101e-14  6.167109101e-14
69.16527896  5.906856853e-14  5.906856853e-14
69.47792495  5.671893786e-14  5.671893786e-14
69.73877387  5.48379076e-14  5.48379076e-14
69.91953391  5.357509144e-14  5.357509144e-14
70  5.302336455e-14  5.302336455e-14
70.08046609  5.247794354e-14  5.247794354e-14
70.26122613  5.127528964e-14  5.127528964e-14
70.52207505  4.95934018e-14  4.95934018e-14
70.83472104  4.765779566e-14  4.765779566e-14
71.16527896  4.570210856e-14  4.570210856e-14
71.47792495  4.393414881e-14  4.393414881e-14
71.73877387  4.251714516e-14  4.251714516e-14
71.91953391  4.156500763e-14  4.156500763e-14
72  4.114879997e-14  4.114879997e-14
72.08046609  4.073721789e-14  4.073721789e-14
72.26122613  3.982921108e-14  3.982921108e-14
72.52207505  3.85582793e-14  3.85582793e-14
72.83472104  3.709398494e-14  3.709398494e-14
73.16527896  3.561265457e-14  3.561265457e-14
73.47792495  3.427186149e-14  3.427186149e-14
73.73877387  3.319605195e-14  3.319605195e-14
73.91953391  3.247257016e-14  3.247257016e-14
74  3.215615879e-14  3.215615879e-14
74.08046609  3.184316938e-14  3.184316938e-14
74.26122613  3.115233479e-14  3.115233479e-14
74.52207505  3.018458361e-14  3.018458361e-14
74.83472104  2.906841456e-14  2.906841456e-14
75.16527896  2.793792711e-14  2.793792711e-14
75.47792495  2.691349347e-14  2.691349347e-14
75.73877387  2.60906688e-14  2.60906688e-14
75.91953391  2.553688047e-14  2.553688047e-14
76  2.529457062e-14  2.529457062e-14
76.08046609  2.505481274e-14  2.505481274e-14
76.26122613  2.452537122e-14  2.452537122e-14
76.52207505  2.378312934e-14  2.378312934e-14
76.83472104  2.29261945e-14  2.29261945e-14
77.16527896  2.20572958e-14  2.20572958e-14
77.47792495  2.126903646e-14  2.126903646e-14
77.73877387  2.063528466e-14  2.063528466e-14
77.91953391  2.020842783e-14  2.020842783e-14
78  2.002157406e-14  2.002157406e-14
78.08046609  1.9836638e-14  1.9836638e-14
78.26122613  1.942807682e-14  1.942807682e-14
78.52207505  1.88548782e-14  1.88548782e-14
78.83472104  1.819247662e-14  1.819247662e-14
79.16527896  1.752011386e-14  1.752011386e-14
79.47792495  1.690950771e-14  1.690950771e-14
79.73877387  1.641812896e-14  1.641812896e-14
79.91953391  1.608692957e-14  1.608692957e-14
80  1.594188821e-14  1.594188821e-14
80.08046609  1.579829839e-14  1.579829839e-14
80.26122613  1.548094727e-14  1.548094727e-14
80.52207505  1.503540113e-14  1.503540113e-14
80.83472104  1.452005117e-14  1.452005117e-14
81.16527896  1.39964234e-14  1.39964234e-14
81.47792495  1.352041437e-14  1.352041437e-14
81.73877387  1.313701131e-14  1.313701131e-14
81.91953391  1.287841418e-14  1.287841418e-14
82  1.276512203e-14  1.276512203e-14
82.08046609  1.265293617e-14  1.265293617e-14
82.26122613  1.240489336e-14  1.240489336e-14
82.52207505  1.205642039e-14  1.205642039e-14
82.83472104  1.165300455e-14  1.165300455e-14
83.16527896  1.124271509e-14  1.124271509e-14
83.47792495  1.086938161e-14  1.086938161e-14
83.73877387  1.056842488e-14  1.056842488e-14
83.91953391  1.036530472e-14  1.036530472e-14
84  1.027628328e-14  1.027628328e-14
84.08046609  1.018811052e-14  1.018811052e-14
84.26122613  9.993087073e-15  9.993087073e-15
84.52207505  9.718926252e-15  9.718926252e-15
84.83472104  9.401278477e-15  9.401278477e-15
85.16527896  9.077922748e-15  9.077922748e-15
85.47792495  8.783425165e-15  8.783425165e-15
85.73877387  8.545829545e-15  8.545829545e-15
85.91953391  8.385373862e-15  8.385373862e-15
86  8.315025415e-15  8.315025415e-15
86.08046609  8.245332117e-15  8.245332117e-15
86.26122613  8.091126649e-15  8.091126649e-15
86.52207505  7.874215629e-15  7.874215629e-15
86.83472104  7.622701636e-15  7.622701636e-15
87.16527896  7.366444527e-15  7.366444527e-15
87.47792495  7.13285488e-15  7.13285488e-15
87.73877387  6.944253941e-15  6.944253941e-15
87.91953391  6.816810928e-15  6.816810928e-15
88  6.76091682e-15  6.76091682e-15
88.08046609  6.705531472e-15  6.705531472e-15
88.26122613  6.582942087e-15  6.582942087e-15
88.52207505  6.410403561e-15  6.410403561e-15
88.83472104  6.210190978e-15  6.210190978e-15
89.16527896  6.006032648e-15  6.006032648e-15
89.47792495  5.819779179e-15  5.819779179e-15
89.73877387  5.669287226e-15  5.669287226e-15
89.91953391  5.567538365e-15  5.567538365e-15
90  5.522898442e-15  5.522898442e-15
90.08046609  5.478655851e-15  5.478655851e-15
90.26122613  5.380697574e-15  5.380697574e-15
90.52207505  5.242749833e-15  5.242749833e-15
90.83472104  5.082561719e-15  5.082561719e-15
91.16527896  4.919086452e-15  4.919086452e-15
91.47792495  4.769829993e-15  4.769829993e-15
91.73877387  4.649146813e-15  4.649146813e-15
91.91953391  4.567508039e-15  4.567508039e-15
92  4.531679594e-15  4.531679594e-15
92.08046609  4.496163149e-15  4.496163149e-15
92.26122613  4.417500874e-15  4.417500874e-15
92.52207505  4.306667694e-15  4.306667694e-15
92.83472104  4.177877593e-15  4.177877593e-15
93.16527896  4.046344396e-15  4.046344396e-15
93.47792495  3.926160714e-15  3.926160714e-15
93.73877387  3.828919411e-15  3.828919411e-15
93.91953391  3.763104549e-15  3.763104549e-15
94  3.73421191e-15  3.73421191e-15
94.08046609  3.705565543e-15  3.705565543e-15
94.26122613  3.642100118e-15  3.642100118e-15
94.52207505  3.55263359e-15  3.55263359e-15
94.83472104  3.448603802e-15  3.448603802e-15
95.16527896  3.342280671e-15  3.342280671e-15
95.47792495  3.245061233e-15  3.245061233e-15
95.73877387  3.166349803e-15  3.166349803e-15
95.91953391  3.113050058e-15  3.113050058e-15
96  3.089644736e-15  3.089644736e-15
96.08046609  3.066434776e-15  3.066434776e-15
96.26122613  3.014998768e-15  3.014998768e-15
96.52207505  2.942454753e-15  2.942454753e-15
96.83472104  2.85804913e-15  2.85804913e-15
97.16527896  2.771722361e-15  2.771722361e-15
97.47792495  2.692732187e-15  2.692732187e-15
97.73877387  2.628740183e-15  2.628740183e-15
97.91953391  2.585387257e-15  2.585387257e-15
98  2.566344537e-15  2.566344537e-15
98.08046609  2.547457534e-15  2.547457534e-15
98.26122613  2.505590134e-15  2.505590134e-15
98.52207505  2.446513912e-15  2.446513912e-15
98.83472104  2.377736775e-15  2.377736775e-15
99.16527896  2.307346938e-15  2.307346938e-15
99.47792495  2.242896246e-15  2.242896246e-15
99.73877387  2.190652128e-15  2.190652128e-15
99.91953391  2.155242023e-15  2.155242023e-15
100  2.139684015e-15  2.139684015e-15
100.0804661  2.124250694e-15  2.124250694e-15
100.2612261  2.090030091e-15  2.090030091e-15
100.5220751  2.041722134e-15  2.041722134e-15
100.834721  1.985448981e-15  1.985448981e-15
101.165279  1.927819157e-15  1.927819157e-15
101.4779249  1.875017993e-15  1.875017993e-15
101.7387739  1.8321927e-15  1.8321927e-15
101.9195339  1.803153844e-15  1.803153844e-15
102  1.790391867e-15  1.790391867e-15
102.0804661  1.777730171e-15  1.777730171e-15
102.2612261  1.749647984e-15  1.749647984e-15
102.5220751  1.709988354e-15  1.709988354e-15
102.834721  1.663763811e-15  1.663763811e-15
103.165279  1.616395492e-15  1.616395492e-15
103.4779249  1.572969282e-15  1.572969282e-15
103.7387739  1.537728442e-15  1.537728442e-15
103.9195339  1.513822411e-15  1.513822411e-15
104  1.503313607e-15  1.503313607e-15
104.0804661  1.492885798e-15  1.492885798e-15
104.2612261  1.469752441e-15  1.469752441e-15
104.5220751  1.437068383e-15  1.437068383e-15
104.834721  1.398953719e-15  1.398953719e-15
105.165279  1.359872648e-15  1.359872648e-15
105.4779249  1.324022744e-15  1.324022744e-15
105.7387739  1.294914851e-15  1.294914851e-15
105.9195339  1.27516121e-15  1.27516121e-15
106  1.266475681e-15  1.266475681e-15
106.0804661  1.257855836e-15  1.257855836e-15
106.2612261  1.238728804e-15  1.238728804e-15
106.5220751  1.211694345e-15  1.211694345e-15
106.834721  1.180151762e-15  1.180151762e-15
107.165279  1.147790836e-15  1.147790836e-15
107.4779249  1.118088511e-15  1.118088511e-15
107.7387739  1.093959852e-15  1.093959852e-15
107.9195339  1.077578935e-15  1.077578935e-15
108  1.070374718e-15  1.070374718e-15
108.0804661  1.063223978e-15  1.063223978e-15
108.2612261  1.047353212e-15  1.047353212e-15
108.5220751  1.024912614e-15  1.024912614e-15
108.834721  9.987169626e-16  9.987169626e-16
109.165279  9.718268241e-16  9.718268241e-16
109.4779249  9.471322564e-16  9.471322564e-16
109.7387739  9.270618539e-16  9.270618539e-16
109.9195339  9.134309831e-16  9.134309831e-16
110  9.074348948e-16  9.074348948e-16
110.0804661  9.014825085e-16  9.014825085e-16
110.2612261  8.882685452e-16  8.882685452e-16
110.5220751  8.695776531e-16  8.695776531e-16
110.834721  8.477487328e-16  8.477487328e-16
111.165279  8.253291473e-16  8.253291473e-16
111.4779249  8.047291936e-16  8.047291936e-16
111.7387739  7.879787927e-16  7.879787927e-16
111.9195339  7.765986057e-16  7.765986057e-16
112  7.715915061e-16  7.715915061e-16
112.0804661  7.66620251e-16  7.66620251e-16
112.2612261  7.555820118e-16  7.555820118e-16
112.5220751  7.399630769e-16  7.399630769e-16
112.834721  7.217134621e-16  7.217134621e-16
113.165279  7.029603948e-16  7.029603948e-16
113.4779249  6.857205594e-16  6.857205594e-16
113.7387739  6.716960015e-16  6.716960015e-16
113.9195339  6.621644296e-16  6.621644296e-16
114  6.579698298e-16  6.579698298e-16
114.0804661  6.538047331e-16  6.538047331e-16
114.2612261  6.445546128e-16  6.445546128e-16
114.5220751  6.314613383e-16  6.314613383e-16
114.834721  6.161559753e-16  6.161559753e-16
115.165279  6.004205764e-16  6.004205764e-16
115.4779249  5.859477624e-16  5.859477624e-16
115.7387739  5.741690094e-16  5.741690094e-16
115.9195339  5.661610734e-16  5.661610734e-16
116  5.62636288e-16  5.62636288e-16
116.0804661  5.591358685e-16  5.591358685e-16
116.2612261  5.513603764e-16  5.513603764e-16
116.5220751  5.403507416e-16  5.403507416e-16
116.834721  5.274755195e-16  5.274755195e-16
117.165279  5.142321961e-16  5.142321961e-16
117.4779249  5.020456872e-16  5.020456872e-16
117.7387739  4.92123454e-16  4.92123454e-16
117.9195339  4.853755067e-16  4.853755067e-16
118  4.824047511e-16  4.824047511e-16
118.0804661  4.794541846e-16  4.794541846e-16
118.2612261  4.72898836e-16  4.72898836e-16
118.5220751  4.636138748e-16  4.636138748e-16
118.834721  4.527510674e-16  4.527510674e-16
119.165279  4.415725178e-16  4.415725178e-16
119.4779249  4.312812725e-16  4.312812725e-16
119.7387739  4.228987316e-16  4.228987316e-16
119.9195339  4.171961148e-16  4.171961148e-16
120  4.146850968e-16  4.146850968e-16
120.0804661  4.121908602e-16  4.121908602e-16
120.2612261  4.066483321e-16  4.066483321e-16
120.5220751  3.987954904e-16  3.987954904e-16
120.834721  3.896044852e-16  3.896044852e-16
121.165279  3.801420947e-16  3.801420947e-16
121.4779249  3.714269044e-16  3.714269044e-16
121.7387739  3.643253012e-16  3.643253012e-16
121.9195339  3.594926362e-16  3.594926362e-16
122  3.573643008e-16  3.573643008e-16
122.0804661  3.552499568e-16  3.552499568e-16
122.2612261  3.505507655e-16  3.505507655e-16
122.5220751  3.438907949e-16  3.438907949e-16
122.834721  3.360929071e-16  3.360929071e-16
123.165279  3.280612904e-16  3.280612904e-16
123.4779249  3.206607022e-16  3.206607022e-16
123.7387739  3.146279988e-16  3.146279988e-16
123.9195339  3.105215182e-16  3.105215182e-16
124  3.087126855e-16  3.087126855e-16
124.0804661  3.069155527e-16  3.069155527e-16
124.2612261  3.02920685e-16  3.02920685e-16
124.5220751  2.972572799e-16  2.972572799e-16
124.834721  2.906237392e-16  2.906237392e-16
125.165279  2.837885033e-16  2.837885033e-16
125.4779249  2.774876695e-16  2.774876695e-16
125.7387739  2.723495443e-16  2.723495443e-16
125.9195339  2.688510116e-16  2.688510116e-16
126  2.673097109e-16  2.673097109e-16
126.0804661  2.657782218e-16  2.657782218e-16
126.2612261  2.623732892e-16  2.623732892e-16
126.5220751  2.575448606e-16  2.575448606e-16
126.834721  2.518872701e-16  2.518872701e-16
127.165279  2.460552906e-16  2.460552906e-16
127.4779249  2.406771014e-16  2.406771014e-16
127.7387739  2.362897886e-16  2.362897886e-16
127.9195339  2.333016591e-16  2.333016591e-16
128  2.319850057e-16  2.319850057e-16
128.0804661  2.306766035e-16  2.306766035e-16
128.2612261  2.277671861e-16  2.277671861e-16
128.5220751  2.236403085e-16  2.236403085e-16
128.834721  2.188030387e-16  2.188030387e-16
129.165279  2.138147029e-16  2.138147029e-16
129.4779249  2.092127106e-16  2.092127106e-16
129.7387739  2.054572825e-16  2.054572825e-16
129.9195339  2.028988369e-16  2.028988369e-16
130  2.017713368e-16  2.017713368e-16
130.0804661  2.006507941e-16  2.006507941e-16
130.2612261  1.981587189e-16  1.981587189e-16
130.5220751  1.946228893e-16  1.946228893e-16
130.834721  1.904769934e-16  1.904769934e-16
131.165279  1.861999916e-16  1.861999916e-16
131.4779249  1.822527421e-16  1.822527421e-16
131.7387739  1.790305266e-16  1.790305266e-16
131.9195339  1.768347726e-16  1.768347726e-16
132  1.758669619e-16  1.758669619e-16
132.0804661  1.74905033e-16  1.74905033e-16
132.2612261  1.727653886e-16  1.727653886e-16
132.5220751  1.697288211e-16  1.697288211e-16
132.834721  1.661671494e-16  1.661671494e-16
133.165279  1.624914872e-16  1.624914872e-16
133.4779249  1.590979647e-16  1.590979647e-16
133.7387739  1.563268609e-16  1.563268609e-16
133.9195339  1.544380395e-16  1.544380395e-16
134  1.536053906e-16  1.536053906e-16
134.0804661  1.527777266e-16  1.527777266e-16
134.2612261  1.509364603e-16  1.509364603e-16
134.5220751  1.483226997e-16  1.483226997e-16
134.834721  1.452559642e-16  1.452559642e-16
135.165279  1.420899419e-16  1.420899419e-16
135.4779249  1.39165895e-16  1.39165895e-16
135.7387739  1.367774004e-16  1.367774004e-16
135.9195339  1.351489739e-16  1.351489739e-16
136  1.344310116e-16  1.344310116e-16
136.0804661  1.337172847e-16  1.337172847e-16
136.2612261  1.321292619e-16  1.321292619e-16
136.5220751  1.298744485e-16  1.298744485e-16
136.834721  1.272280415e-16  1.272280415e-16
137.165279  1.244950037e-16  1.244950037e-16
137.4779249  1.219699727e-16  1.219699727e-16
137.7387739  1.199067767e-16  1.199067767e-16
137.9195339  1.184997993e-16  1.184997993e-16
138  1.178793859e-16  1.178793859e-16
138.0804661  1.172625794e-16  1.172625794e-16
138.2612261  1.158900116e-16  1.158900116e-16
138.5220751  1.139406636e-16  1.139406636e-16
138.834721  1.11652079e-16  1.11652079e-16
139.165279  1.092877769e-16  1.092877769e-16
139.4779249  1.071026813e-16  1.071026813e-16
139.7387739  1.053167111e-16  1.053167111e-16
139.9195339  1.040985054e-16  1.040985054e-16
140  1.035612589e-16  1.035612589e-16
140.0804661  1.030270914e-16  1.030270914e-16
140.2612261  1.018382581e-16  1.018382581e-16
140.5220751  1.001494696e-16  1.001494696e-16
140.834721  9.816620482e-17  9.816620482e-17
141.165279  9.611665006e-17  9.611665006e-17
141.4779249  9.422182447e-17  9.422182447e-17
141.7387739  9.267265356e-17  9.267265356e-17
141.9195339  9.161573214e-17  9.161573214e-17
142  9.11495529e-17  9.11495529e-17
142.0804661  9.068600786e-17  9.068600786e-17
142.2612261  8.965421546e-17  8.965421546e-17
142.5220751  8.818818626e-17  8.818818626e-17
142.834721  8.646603089e-17  8.646603089e-17
143.165279  8.468574408e-17  8.468574408e-17
143.4779249  8.303933424e-17  8.303933424e-17
143.7387739  8.169288233e-17  8.169288233e-17
143.9195339  8.077406648e-17  8.077406648e-17
144  8.036874994e-17  8.036874994e-17
144.0804661  7.996569196e-17  7.996569196e-17
144.2612261  7.906842176e-17  7.906842176e-17
144.5220751  7.779325532e-17  7.779325532e-17
144.834721  7.629489108e-17  7.629489108e-17
145.165279  7.474546795e-17  7.474546795e-17
145.4779249  7.331211725e-17  7.331211725e-17
145.7387739  7.213958502e-17  7.213958502e-17
145.9195339  7.133928269e-17  7.133928269e-17
146  7.098620193e-17  7.098620193e-17
146.0804661  7.063506177e-17  7.063506177e-17
146.2612261  6.985327193e-17  6.985327193e-17
146.5220751  6.874198955e-17  6.874198955e-17
146.834721  6.743584128e-17  6.743584128e-17
147.165279  6.60847757e-17  6.60847757e-17
147.4779249  6.483454645e-17  6.483454645e-17
147.7387739  6.381154048e-17  6.381154048e-17
147.9195339  6.311315267e-17  6.311315267e-17
148  6.280499764e-17  6.280499764e-17
148.0804661  6.249851347e-17  6.249851347e-17
148.2612261  6.181606488e-17  6.181606488e-17
148.5220751  6.084579471e-17  6.084579471e-17
148.834721  5.970508513e-17  5.970508513e-17
149.165279  5.85248003e-17  5.85248003e-17
149.4779249  5.743228547e-17  5.743228547e-17
149.7387739  5.65380973e-17  5.65380973e-17
149.9195339  5.592752905e-17  5.592752905e-17
150  5.565809153e-17  5.565809153e-17
150.0804661  5.539009552e-17  5.539009552e-17
150.2612261  5.479327851e-17  5.479327851e-17
150.5220751  5.394458688e-17  5.394458688e-17
150.834721  5.294655677e-17  5.294655677e-17
151.165279  5.191360564e-17  5.191360564e-17
151.4779249  5.095719541e-17  5.095719541e-17
151.7387739  5.017420601e-17  5.017420601e-17
151.9195339  4.963946229e-17  4.963946229e-17
152  4.940345825e-17  4.940345825e-17
152.0804661  4.916870028e-17  4.916870028e-17
152.2612261  4.864584338e-17  4.864584338e-17
152.5220751  4.79021819e-17  4.79021819e-17
152.834721  4.702744505e-17  4.702744505e-17
153.165279  4.612184864e-17  4.612184864e-17
153.4779249  4.528312321e-17  4.528312321e-17
153.7387739  4.45963099e-17  4.45963099e-17
153.9195339  4.412716087e-17  4.412716087e-17
154  4.392008325e-17  4.392008325e-17
154.0804661  4.371408481e-17  4.371408481e-17
154.2612261  4.325523055e-17  4.325523055e-17
154.5220751  4.260247772e-17  4.260247772e-17
154.834721  4.183448608e-17  4.183448608e-17
155.165279  4.103918461e-17  4.103918461e-17
155.4779249  4.03024103e-17  4.03024103e-17
155.7387739  3.969893734e-17  3.969893734e-17
155.9195339  3.928664037e-17  3.928664037e-17
156  3.910463684e-17  3.910463684e-17
156.0804661  3.892356968e-17  3.892356968e-17
156.2612261  3.852020523e-17  3.852020523e-17
156.5220751  3.794628558e-17  3.794628558e-17
156.834721  3.727088455e-17  3.727088455e-17
157.165279  3.657128099e-17  3.657128099e-17
157.4779249  3.592299106e-17  3.592299106e-17
157.7387739  3.539186889e-17  3.539186889e-17
157.9195339  3.502893717e-17  3.502893717e-17
158  3.486870832e-17  3.486870832e-17
158.0804661  3.47092934e-17  3.47092934e-17
158.2612261  3.435412623e-17  3.435412623e-17
158.5220751  3.384869306e-17  3.384869306e-17
158.834721  3.325375101e-17  3.325375101e-17
159.165279  3.263733051e-17  3.263733051e-17
159.4779249  3.20659755e-17  3.20659755e-17
159.7387739  3.159777655e-17  3.159777655e-17
159.9195339  3.127778601e-17  3.127778601e-17
160  3.11365004e-17  3.11365004e-17
160.0804661  3.099592355e-17  3.099592355e-17
160.2612261  3.068269422e-17  3.068269422e-17
160.5220751  3.023686463e-17  3.023686463e-17
160.834721  2.971196337e-17  2.971196337e-17
161.165279  2.916797534e-17  2.916797534e-17
161.4779249  2.86636309e-17  2.86636309e-17
161.7387739  2.825025188e-17  2.825025188e-17
161.9195339  2.796767968e-17  2.796767968e-17
162  2.78429028e-17  2.78429028e-17
162.0804661  2.771874416e-17  2.771874416e-17
162.2612261  2.744206959e-17  2.744206959e-17
162.5220751  2.704820281e-17  2.704820281e-17
162.834721  2.658437851e-17  2.658437851e-17
163.165279  2.610357032e-17  2.610357032e-17
163.4779249  2.565769236e-17  2.565769236e-17
163.7387739  2.529215513e-17  2.529215513e-17
163.9195339  2.504224427e-17  2.504224427e-17
164  2.493187896e-17  2.493187896e-17
164.0804661  2.482205382e-17  2.482205382e-17
164.2612261  2.457729596e-17  2.457729596e-17
164.5220751  2.422880731e-17  2.422880731e-17
164.834721  2.381833312e-17  2.381833312e-17
165.165279  2.339272662e-17  2.339272662e-17
165.4779249  2.299794576e-17  2.299794576e-17
165.7387739  2.267423e-17  2.267423e-17
165.9195339  2.245287563e-17  2.245287563e-17
166  2.235511199e-17  2.235511199e-17
166.0804661  2.22578211e-17  2.22578211e-17
166.2612261  2.204097649e-17  2.204097649e-17
166.5220751  2.173218112e-17  2.173218112e-17
166.834721  2.136838434e-17  2.136838434e-17
167.165279  2.099108782e-17  2.099108782e-17
167.4779249  2.064103642e-17  2.064103642e-17
167.7387739  2.035393885e-17  2.035393885e-17
167.9195339  2.015759249e-17  2.015759249e-17
168  2.007086578e-17  2.007086578e-17
168.0804661  1.998455346e-17  1.998455346e-17
168.2612261  1.979216023e-17  1.979216023e-17
168.5220751  1.951814139e-17  1.951814139e-17
168.834721  1.919524947e-17  1.919524947e-17
169.165279  1.886029924e-17  1.886029924e-17
169.4779249  1.854946552e-17  1.854946552e-17
169.7387739  1.829448112e-17  1.829448112e-17
169.9195339  1.812006992e-17  1.812006992e-17
170  1.804302495e-17  1.804302495e-17
170.0804661  1.796634381e-17  1.796634381e-17
170.2612261  1.77954032e-17  1.77954032e-17
170.5220751  1.755190108e-17  1.755190108e-17
170.834721  1.72649115e-17  1.72649115e-17
171.165279  1.6967138e-17  1.6967138e-17
171.4779249  1.669074288e-17  1.669074288e-17
171.7387739  1.64639645e-17  1.64639645e-17
171.9195339  1.63088229e-17  1.63088229e-17
172  1.624028401e-17  1.624028401e-17
172.0804661  1.617206503e-17  1.617206503e-17
172.2612261  1.601997503e-17  1.601997503e-17
172.5220751  1.580329272e-17  1.580329272e-17
172.834721  1.554786299e-17  1.554786299e-17
173.165279  1.528277751e-17  1.528277751e-17
173.4779249  1.503667018e-17  1.503667018e-17
173.7387739  1.483470356e-17  1.483470356e-17
173.9195339  1.469651548e-17  1.469651548e-17
174  1.463546103e-17  1.463546103e-17
174.0804661  1.457468828e-17  1.457468828e-17
174.2612261  1.44391874e-17  1.44391874e-17
174.5220751  1.424611119e-17  1.424611119e-17
174.834721  1.401846552e-17  1.401846552e-17
175.165279  1.37821641e-17  1.37821641e-17
175.4779249  1.356273358e-17  1.356273358e-17
175.7387739  1.338262518e-17  1.338262518e-17
175.9195339  1.325937492e-17  1.325937492e-17
176  1.320491566e-17  1.320491566e-17
176.0804661  1.315070483e-17  1.315070483e-17
176.2612261  1.302982432e-17  1.302982432e-17
176.5220751  1.285755604e-17  1.285755604e-17
176.834721  1.265440609e-17  1.265440609e-17
177.165279  1.244348792e-17  1.244348792e-17
177.4779249  1.224758779e-17  1.224758779e-17
177.7387739  1.208676348e-17  1.208676348e-17
177.9195339  1.197669397e-17  1.197669397e-17
178  1.192805468e-17  1.192805468e-17
178.0804661  1.187963478e-17  1.187963478e-17
178.2612261  1.177165804e-17  1.177165804e-17
178.5220751  1.161775748e-17  1.161775748e-17
178.834721  1.143623492e-17  1.143623492e-17
179.165279  1.124773282e-17  1.124773282e-17
179.4779249  1.107261716e-17  1.107261716e-17
179.7387739  1.092882998e-17  1.092882998e-17
179.9195339  1.083040721e-17  1.083040721e-17
180  1.078691102e-17  1.078691102e-17
180.0804661  1.074360884e-17  1.074360884e-17
180.2612261  1.064703679e-17  1.064703679e-17
180.5220751  1.050937259e-17  1.050937259e-17
180.834721  1.03469716e-17  1.03469716e-17
181.165279  1.017829277e-17  1.017829277e-17
181.4779249  1.002156156e-17  1.002156156e-17
181.7387739  9.892847151e-18  9.892847151e-18
181.9195339  9.804729812e-18  9.804729812e-18
182  9.76578481e-18  9.76578481e-18
182.0804661  9.727011612e-18  9.727011612e-18
182.2612261  9.640533183e-18  9.640533183e-18
182.5220751  9.517240949e-18  9.517240949e-18
182.834721  9.371769118e-18  9.371769118e-18
183.165279  9.220644468e-18  9.220644468e-18
183.4779249  9.080196852e-18  9.080196852e-18
183.7387739  8.96483534e-18  8.96483534e-18
183.9195339  8.885848884e-18  8.885848884e-18
184  8.850936707e-18  8.850936707e-18
184.0804661  8.816176872e-18  8.816176872e-18
184.2612261  8.738643679e-18  8.738643679e-18
184.5220751  8.62809014e-18  8.62809014e-18
184.834721  8.497626427e-18  8.497626427e-18
185.165279  8.362067293e-18  8.362067293e-18
185.4779249  8.236061583e-18  8.236061583e-18
185.7387739  8.132544975e-18  8.132544975e-18
185.9195339  8.061659382e-18  8.061659382e-18
186  8.030325407e-18  8.030325407e-18
186.0804661  7.999126694e-18  7.999126694e-18
186.2612261  7.929531421e-18  7.929531421e-18
186.5220751  7.8302837e-18  7.8302837e-18
186.834721  7.713142425e-18  7.713142425e-18
187.165279  7.591403387e-18  7.591403387e-18
187.4779249  7.478222803e-18  7.478222803e-18
187.7387739  7.385226987e-18  7.385226987e-18
187.9195339  7.321537696e-18  7.321537696e-18
188  7.293382637e-18  7.293382637e-18
188.0804661  7.265347827e-18  7.265347827e-18
188.2612261  7.202805643e-18  7.202805643e-18
188.5220751  7.113604896e-18  7.113604896e-18
188.834721  7.008304821e-18  7.008304821e-18
189.165279  6.898851798e-18  6.898851798e-18
189.4779249  6.79707501e-18  6.79707501e-18
189.7387739  6.713435712e-18  6.713435712e-18
189.9195339  6.656147236e-18  6.656147236e-18
190  6.630819922e-18  6.630819922e-18
190.0804661  6.605599644e-18  6.605599644e-18
190.2612261  6.549332224e-18  6.549332224e-18
190.5220751  6.469070972e-18  6.469070972e-18
190.834721  6.374308709e-18  6.374308709e-18
191.165279  6.275791522e-18  6.275791522e-18
191.4779249  6.184167311e-18  6.184167311e-18
191.7387739  6.108859404e-18  6.108859404e-18
191.9195339  6.05727122e-18  6.05727122e-18
192  6.034462376e-18  6.034462376e-18
192.0804661  6.011748923e-18  6.011748923e-18
192.2612261  5.961070706e-18  5.961070706e-18
192.5220751  5.888773312e-18  5.888773312e-18
192.834721  5.803400421e-18  5.803400421e-18
193.165279  5.714629145e-18  5.714629145e-18
193.4779249  5.632054566e-18  5.632054566e-18
193.7387739  5.564174231e-18  5.564174231e-18
193.9195339  5.517668624e-18  5.517668624e-18
194  5.49710551e-18  5.49710551e-18
194.0804661  5.476627511e-18  5.476627511e-18
194.2612261  5.430933837e-18  5.430933837e-18
194.5220751  5.365739676e-18  5.365739676e-18
194.834721  5.288742905e-18  5.288742905e-18
195.165279  5.208667468e-18  5.208667468e-18
195.4779249  5.134169e-18  5.134169e-18
195.7387739  5.07291833e-18  5.07291833e-18
195.9195339  5.030949892e-18  5.030949892e-18
196  5.012391675e-18  5.012391675e-18
196.0804661  4.993909491e-18  4.993909491e-18
196.2612261  4.95266636e-18  4.95266636e-18
196.5220751  4.893815272e-18  4.893815272e-18
196.834721  4.824299488e-18  4.824299488e-18
197.165279  4.751992036e-18  4.751992036e-18
197.4779249  4.684709293e-18  4.684709293e-18
197.7387739  4.629382978e-18  4.629382978e-18
197.9195339  4.591469527e-18  4.591469527e-18
198  4.574703273e-18  4.574703273e-18
198.0804661  4.558005017e-18  4.558005017e-18
198.2612261  4.520740233e-18  4.520740233e-18
198.5220751  4.467559941e-18  4.467559941e-18
198.834721  4.404733356e-18  4.404733356e-18
199.165279  4.339372996e-18  4.339372996e-18
199.4779249  4.278544619e-18  4.278544619e-18
199.7387739  4.228518415e-18  4.228518415e-18
199.9195339  4.194233133e-18  4.194233133e-18
200  4.179070342e-18  4.179070342e-18
200.0804661  4.163968432e-18  4.163968432e-18
200.2612261  4.130263927e-18  4.130263927e-18
200.5220751  4.082159135e-18  4.082159135e-18
200.834721  4.025320506e-18  4.025320506e-18
201.165279  3.96618007e-18  3.96618007e-18
201.4779249  3.9111315e-18  3.9111315e-18
201.7387739  3.865852234e-18  3.865852234e-18
201.9195339  3.834816845e-18  3.834816845e-18
202  3.821090442e-18  3.821090442e-18
202.0804661  3.807418608e-18  3.807418608e-18
202.2612261  3.776903782e-18  3.776903782e-18
202.5220751  3.733346721e-18  3.733346721e-18
202.834721  3.681874238e-18  3.681874238e-18
203.165279  3.628308806e-18  3.628308806e-18
203.4779249  3.578441662e-18  3.578441662e-18
203.7387739  3.537418548e-18  3.537418548e-18
203.9195339  3.509297394e-18  3.509297394e-18
204  3.496859115e-18  3.496859115e-18
204.0804661  3.484469801e-18  3.484469801e-18
204.2612261  3.456815743e-18  3.456815743e-18
204.5220751  3.417337945e-18  3.417337945e-18
204.834721  3.370679575e-18  3.370679575e-18
205.165279  3.322116489e-18  3.322116489e-18
205.4779249  3.276899338e-18  3.276899338e-18
205.7387739  3.239696427e-18  3.239696427e-18
205.9195339  3.214191315e-18  3.214191315e-18
206  3.202909436e-18  3.202909436e-18
206.0804661  3.191671539e-18  3.191671539e-18
206.2612261  3.166585991e-18  3.166585991e-18
206.5220751  3.130771142e-18  3.130771142e-18
206.834721  3.088436226e-18  3.088436226e-18
207.165279  3.0443664e-18  3.0443664e-18
207.4779249  3.003326718e-18  3.003326718e-18
207.7387739  2.969556321e-18  2.969556321e-18
207.9195339  2.946402035e-18  2.946402035e-18
208  2.936159389e-18  2.936159389e-18
208.0804661  2.925956292e-18  2.925956292e-18
208.2612261  2.903179266e-18  2.903179266e-18
208.5220751  2.870656973e-18  2.870656973e-18
208.834721  2.832208903e-18  2.832208903e-18
209.165279  2.792179249e-18  2.792179249e-18
209.4779249  2.754896411e-18  2.754896411e-18
209.7387739  2.724213364e-18  2.724213364e-18
209.9195339  2.70317375e-18  2.70317375e-18
210  2.693866004e-18  2.693866004e-18
210.0804661  2.684593854e-18  2.684593854e-18
210.2612261  2.663893807e-18  2.663893807e-18
210.5220751  2.63433416e-18  2.63433416e-18
210.834721  2.599383988e-18  2.599383988e-18
211.165279  2.562990804e-18  2.562990804e-18
211.4779249  2.529089966e-18  2.529089966e-18
211.7387739  2.501186625e-18  2.501186625e-18
211.9195339  2.482051173e-18  2.482051173e-18
212  2.473585314e-18  2.473585314e-18
212.0804661  2.465151527e-18  2.465151527e-18
212.2612261  2.44632202e-18  2.44632202e-18
212.5220751  2.419430845e-18  2.419430845e-18
212.834721  2.387631695e-18  2.387631695e-18
213.165279  2.354514886e-18  2.354514886e-18
213.4779249  2.323661636e-18  2.323661636e-18
213.7387739  2.298263496e-18  2.298263496e-18
213.9195339  2.280844351e-18  2.280844351e-18
214  2.273137372e-18  2.273137372e-18
214.0804661  2.265459317e-18  2.265459317e-18
214.2612261  2.248316094e-18  2.248316094e-18
214.5220751  2.223830792e-18  2.223830792e-18
214.834721  2.194872978e-18  2.194872978e-18
215.165279  2.164711e-18  2.164711e-18
215.4779249  2.136606673e-18  2.136606673e-18
215.7387739  2.113468538e-18  2.113468538e-18
215.9195339  2.097597881e-18  2.097597881e-18
216  2.090575622e-18  2.090575622e-18
216.0804661  2.083579474e-18  2.083579474e-18
216.2612261  2.067957902e-18  2.067957902e-18
216.5220751  2.045643817e-18  2.045643817e-18
216.834721  2.019250559e-18  2.019250559e-18
217.165279  1.991755985e-18  1.991755985e-18
217.4779249  1.966133564e-18  1.966133564e-18
217.7387739  1.945036185e-18  1.945036185e-18
217.9195339  1.93056394e-18  1.93056394e-18
218  1.924160078e-18  1.924160078e-18
218.0804661  1.917779809e-18  1.917779809e-18
218.2612261  1.903532633e-18  1.903532633e-18
218.5220751  1.883179854e-18  1.883179854e-18
218.834721  1.859103526e-18  1.859103526e-18
219.165279  1.834019162e-18  1.834019162e-18
219.4779249  1.810639675e-18  1.810639675e-18
219.7387739  1.791386804e-18  1.791386804e-18
219.9195339  1.778178622e-18  1.778178622e-18
220  1.772333779e-18  1.772333779e-18
220.0804661  1.766510275e-18  1.766510275e-18
220.2612261  1.753505651e-18  1.753505651e-18
220.5220751  1.734926212e-18  1.734926212e-18
220.834721  1.712945042e-18  1.712945042e-18
221.165279  1.69004051e-18  1.69004051e-18
221.4779249  1.668689868e-18  1.668689868e-18
221.7387739  1.651105662e-18  1.651105662e-18
221.9195339  1.639041153e-18  1.639041153e-18
222  1.633702118e-18  1.633702118e-18
222.0804661  1.628382401e-18  1.628382401e-18
222.2612261  1.616502161e-18  1.616502161e-18
222.5220751  1.599527576e-18  1.599527576e-18
222.834721  1.579442751e-18  1.579442751e-18
223.165279  1.558511487e-18  1.558511487e-18
223.4779249  1.5389977e-18  1.5389977e-18
223.7387739  1.522924448e-18  1.522924448e-18
223.9195339  1.51189562e-18  1.51189562e-18
224  1.50701466e-18  1.50701466e-18
224.0804661  1.502151202e-18  1.502151202e-18
224.2612261  1.491289333e-18  1.491289333e-18
224.5220751  1.475768432e-18  1.475768432e-18
224.834721  1.457401539e-18  1.457401539e-18
225.165279  1.43825815e-18  1.43825815e-18
225.4779249  1.420408876e-18  1.420408876e-18
225.7387739  1.405704989e-18  1.405704989e-18
225.9195339  1.395614882e-18  1.395614882e-18
226  1.391149134e-18  1.391149134e-18
226.0804661  1.386699259e-18  1.386699259e-18
226.2612261  1.376760558e-18  1.376760558e-18
226.5220751  1.362557568e-18  1.362557568e-18
226.834721  1.345748352e-18  1.345748352e-18
227.165279  1.328226284e-18  1.328226284e-18
227.4779249  1.311886674e-18  1.311886674e-18
227.7387739  1.298424912e-18  1.298424912e-18
227.9195339  1.289186382e-18  1.289186382e-18
228  1.285097324e-18  1.285097324e-18
228.0804661  1.281022672e-18  1.281022672e-18
228.2612261  1.271921563e-18  1.271921563e-18
228.5220751  1.258914431e-18  1.258914431e-18
228.834721  1.243518806e-18  1.243518806e-18
229.165279  1.227468288e-18  1.227468288e-18
229.4779249  1.212499072e-18  1.212499072e-18
229.7387739  1.200164986e-18  1.200164986e-18
229.9195339  1.191699641e-18  1.191699641e-18
230  1.187952615e-18  1.187952615e-18
230.0804661  1.184218676e-18  1.184218676e-18
230.2612261  1.175878164e-18  1.175878164e-18
230.5220751  1.163957063e-18  1.163957063e-18
230.834721  1.149845361e-18  1.149845361e-18
231.165279  1.13513159e-18  1.13513159e-18
231.4779249  1.121407399e-18  1.121407399e-18
231.7387739  1.110097946e-18  1.110097946e-18
231.9195339  1.102335202e-18  1.102335202e-18
232  1.098899e-18  1.098899e-18
232.0804661  1.095474696e-18  1.095474696e-18
232.2612261  1.087825444e-18  1.087825444e-18
232.5220751  1.076891458e-18  1.076891458e-18
232.834721  1.063946879e-18  1.063946879e-18
233.165279  1.05044841e-18  1.05044841e-18
233.4779249  1.037856283e-18  1.037856283e-18
233.7387739  1.027478608e-18  1.027478608e-18
233.9195339  1.020354849e-18  1.020354849e-18
234  1.017201344e-18  1.017201344e-18
234.0804661  1.014058665e-18  1.014058665e-18
234.2612261  1.007038173e-18  1.007038173e-18
234.5220751  9.970021359e-19  9.970021359e-19
234.834721  9.851193738e-19  9.851193738e-19
235.165279  9.727266997e-19  9.727266997e-19
235.4779249  9.611647635e-19  9.611647635e-19
235.7387739  9.516351155e-19  9.516351155e-19
235.9195339  9.450929606e-19  9.450929606e-19
236  9.421967795e-19  9.421967795e-19
236.0804661  9.393104564e-19  9.393104564e-19
236.2612261  9.328623396e-19  9.328623396e-19
236.5220751  9.236437967e-19  9.236437967e-19
236.834721  9.127278281e-19  9.127278281e-19
237.165279  9.013421179e-19  9.013421179e-19
237.4779249  8.907184188e-19  8.907184188e-19
237.7387739  8.819611917e-19  8.819611917e-19
237.9195339  8.759488338e-19  8.759488338e-19
238  8.732870674e-19  8.732870674e-19
238.0804661  8.70634285e-19  8.70634285e-19
238.2612261  8.647076288e-19  8.647076288e-19
238.5220751  8.562339272e-19  8.562339272e-19
238.834721  8.461989292e-19  8.461989292e-19
239.165279  8.3573091e-19  8.3573091e-19
239.4779249  8.259623758e-19  8.259623758e-19
239.7387739  8.179092576e-19  8.179092576e-19
239.9195339  8.123798836e-19  8.123798836e-19
240  8.099318298e-19  8.099318298e-19
240.0804661  8.074919699e-19  8.074919699e-19
240.2612261  8.020407609e-19  8.020407609e-19
240.5220751  7.942462344e-19  7.942462344e-19
240.834721  7.850146285e-19  7.850146285e-19
241.165279  7.75383592e-19  7.75383592e-19
241.4779249  7.663951098e-19  7.663951098e-19
241.7387739  7.589843263e-19  7.589843263e-19
241.9195339  7.538955995e-19  7.538955995e-19
242  7.516425346e-19  7.516425346e-19
242.0804661  7.493969488e-19  7.493969488e-19
242.2612261  7.443795675e-19  7.443795675e-19
242.5220751  7.372048149e-19  7.372048149e-19
242.834721  7.287064157e-19  7.287064157e-19
243.165279  7.19839335e-19  7.19839335e-19
243.4779249  7.11562932e-19  7.11562932e-19
243.7387739  7.047385744e-19  7.047385744e-19
243.9195339  7.000521742e-19  7.000521742e-19
244  6.9797715e-19  6.9797715e-19
244.0804661  6.959089574e-19  6.959089574e-19
244.2612261  6.912877273e-19  6.912877273e-19
244.5220751  6.846789699e-19  6.846789699e-19
244.834721  6.768502279e-19  6.768502279e-19
245.165279  6.686809721e-19  6.686809721e-19
245.4779249  6.610550857e-19  6.610550857e-19
245.7387739  6.547665119e-19  6.547665119e-19
245.9195339  6.504477247e-19  6.504477247e-19
246  6.485353872e-19  6.485353872e-19
246.0804661  6.466292947e-19  6.466292947e-19
246.2612261  6.423700805e-19  6.423700805e-19
246.5220751  6.362785904e-19  6.362785904e-19
246.834721  6.290619175e-19  6.290619175e-19
247.165279  6.215305516e-19  6.215305516e-19
247.4779249  6.144993801e-19  6.144993801e-19
247.7387739  6.087006814e-19  6.087006814e-19
247.9195339  6.047180354e-19  6.047180354e-19
248  6.029544639e-19  6.029544639e-19
248.0804661  6.011966052e-19  6.011966052e-19
248.2612261  5.972684555e-19  5.972684555e-19
248.5220751  5.916500453e-19  5.916500453e-19
248.834721  5.849932139e-19  5.849932139e-19
249.165279  5.780453749e-19  5.780453749e-19
249.4779249  5.715582977e-19  5.715582977e-19
249.7387739  5.662078235e-19  5.662078235e-19
249.9195339  5.625327633e-19  5.625327633e-19
250  5.609053264e-19  5.609053264e-19
250.0804661  5.592831193e-19  5.592831193e-19
250.2612261  5.55657947e-19  5.55657947e-19
250.5220751  5.504725153e-19  5.504725153e-19
250.834721  5.44328122e-19  5.44328122e-19
251.165279  5.379144617e-19  5.379144617e-19
251.4779249  5.319255225e-19  5.319255225e-19
251.7387739  5.269854555e-19  5.269854555e-19
251.9195339  5.235920517e-19  5.235920517e-19
252  5.22089279e-19  5.22089279e-19
252.0804661  5.205912972e-19  5.205912972e-19
252.2612261  5.172435947e-19  5.172435947e-19
252.5220751  5.1245472e-19  5.1245472e-19
252.834721  5.067797063e-19  5.067797063e-19
253.165279  5.008553946e-19  5.008553946e-19
253.4779249  4.953228389e-19  4.953228389e-19
253.7387739  4.90758816e-19  4.90758816e-19
253.9195339  4.876235054e-19  4.876235054e-19
254  4.862349728e-19  4.862349728e-19
254.0804661  4.848508322e-19  4.848508322e-19
254.2612261  4.817574167e-19  4.817574167e-19
254.5220751  4.773319941e-19  4.773319941e-19
254.834721  4.720872184e-19  4.720872184e-19
255.165279  4.666114981e-19  4.666114981e-19
255.4779249  4.614973607e-19  4.614973607e-19
255.7387739  4.572781336e-19  4.572781336e-19
255.9195339  4.543794872e-19  4.543794872e-19
256  4.530957144e-19  4.530957144e-19
256.0804661  4.518159703e-19  4.518159703e-19
256.2612261  4.489557561e-19  4.489557561e-19
256.5220751  4.448636729e-19  4.448636729e-19
256.834721  4.400135273e-19  4.400135273e-19
257.165279  4.349493166e-19  4.349493166e-19
257.4779249  4.302190514e-19  4.302190514e-19
257.7387739  4.263161832e-19  4.263161832e-19
257.9195339  4.236346985e-19  4.236346985e-19
258  4.224470566e-19  4.224470566e-19
258.0804661  4.21263113e-19  4.21263113e-19
258.2612261  4.186169075e-19  4.186169075e-19
258.5220751  4.148307519e-19  4.148307519e-19
258.834721  4.103428196e-19  4.103428196e-19
259.165279  4.056563553e-19  4.056563553e-19
259.4779249  4.012785045e-19  4.012785045e-19
259.7387739  3.976660978e-19  3.976660978e-19
259.9195339  3.951840122e-19  3.951840122e-19
260  3.940846423e-19  3.940846423e-19
260.0804661  3.929886694e-19  3.929886694e-19
260.2612261  3.9053899e-19  3.9053899e-19
260.5220751  3.870337913e-19  3.870337913e-19
260.834721  3.828785386e-19  3.828785386e-19
261.165279  3.785390572e-19  3.785390572e-19
261.4779249  3.744849545e-19  3.744849545e-19
261.7387739  3.711394073e-19  3.711394073e-19
261.9195339  3.688405314e-19  3.688405314e-19
262  3.6782227e-19  3.6782227e-19
262.0804661  3.668071311e-19  3.668071311e-19
262.2612261  3.645380419e-19  3.645380419e-19
262.5220751  3.612910362e-19  3.612910362e-19
262.834721  3.574415369e-19  3.574415369e-19
263.165279  3.534209878e-19  3.534209878e-19
263.4779249  3.496644917e-19  3.496644917e-19
263.7387739  3.465642789e-19  3.465642789e-19
263.9195339  3.444338469e-19  3.444338469e-19
264  3.434901601e-19  3.434901601e-19
264.0804661  3.425493452e-19  3.425493452e-19
264.2612261  3.404463095e-19  3.404463095e-19
264.5220751  3.374367304e-19  3.374367304e-19
264.834721  3.338684184e-19  3.338684184e-19
265.165279  3.301412066e-19  3.301412066e-19
265.4779249  3.266584616e-19  3.266584616e-19
265.7387739  3.23783938e-19  3.23783938e-19
265.9195339  3.218084727e-19  3.218084727e-19
266  3.209333966e-19  3.209333966e-19
266.0804661  3.200609637e-19  3.200609637e-19
266.2612261  3.18110712e-19  3.18110712e-19
266.5220751  3.153196017e-19  3.153196017e-19
266.834721  3.120100484e-19  3.120100484e-19
267.165279  3.085528035e-19  3.085528035e-19
267.4779249  3.053220249e-19  3.053220249e-19
267.7387739  3.026552492e-19  3.026552492e-19
267.9195339  3.008224411e-19  3.008224411e-19
268  3.000105284e-19  3.000105284e-19
268.0804661  2.992010498e-19  2.992010498e-19
268.2612261  2.973914612e-19  2.973914612e-19
268.5220751  2.948015012e-19  2.948015012e-19
268.834721  2.917302155e-19  2.917302155e-19
269.165279  2.885215835e-19  2.885215835e-19
269.4779249  2.855228642e-19  2.855228642e-19
269.7387739  2.830474398e-19  2.830474398e-19
269.9195339  2.813460384e-19  2.813460384e-19
270  2.805923102e-19  2.805923102e-19
270.0804661  2.798408249e-19  2.798408249e-19
270.2612261  2.781608196e-19  2.781608196e-19
270.5220751  2.757561785e-19  2.757561785e-19
270.834721  2.729044269e-19  2.729044269e-19
271.165279  2.699248831e-19  2.699248831e-19
271.4779249  2.671400195e-19  2.671400195e-19
271.7387739  2.648409512e-19  2.648409512e-19
271.9195339  2.632606673e-19  2.632606673e-19
272  2.625605696e-19  2.625605696e-19
272.0804661  2.6186254e-19  2.6186254e-19
272.2612261  2.603019837e-19  2.603019837e-19
272.5220751  2.580681795e-19  2.580681795e-19
272.834721  2.554188237e-19  2.554188237e-19
273.165279  2.526505045e-19  2.526505045e-19
273.4779249  2.500628395e-19  2.500628395e-19
273.7387739  2.479264053e-19  2.479264053e-19
273.9195339  2.464578219e-19  2.464578219e-19
274  2.45807187e-19  2.45807187e-19
274.0804661  2.4515846e-19  2.4515846e-19
274.2612261  2.437080769e-19  2.437080769e-19
274.5220751  2.416318536e-19  2.416318536e-19
274.834721  2.391692045e-19  2.391692045e-19
275.165279  2.36595755e-19  2.36595755e-19
275.4779249  2.341900371e-19  2.341900371e-19
275.7387739  2.322036711e-19  2.322036711e-19
275.9195339  2.308381646e-19  2.308381646e-19
276  2.302331755e-19  2.302331755e-19
276.0804661  2.296299477e-19  2.296299477e-19
276.2612261  2.282812422e-19  2.282812422e-19
276.5220751  2.263504578e-19  2.263504578e-19
276.834721  2.240601438e-19  2.240601438e-19
277.165279  2.216665808e-19  2.216665808e-19
277.4779249  2.194288361e-19  2.194288361e-19
277.7387739  2.175810244e-19  2.175810244e-19
277.9195339  2.163106923e-19  2.163106923e-19
278  2.157478512e-19  2.157478512e-19
278.0804661  2.151866368e-19  2.151866368e-19
278.2612261  2.139318229e-19  2.139318229e-19
278.5220751  2.121353492e-19  2.121353492e-19
278.834721  2.10004197e-19  2.10004197e-19
279.165279  2.077767854e-19  2.077767854e-19
279.4779249  2.056942026e-19  2.056942026e-19
279.7387739  2.039743883e-19  2.039743883e-19
279.9195339  2.027919845e-19  2.027919845e-19
280  2.022680838e-19  2.022680838e-19
280.0804661  2.017456865e-19  2.017456865e-19
280.2612261  2.005776242e-19  2.005776242e-19
280.5220751  1.989052551e-19  1.989052551e-19
280.834721  1.969211823e-19  1.969211823e-19
281.165279  1.948473231e-19  1.948473231e-19
281.4779249  1.929081497e-19  1.929081497e-19
281.7387739  1.913066472e-19  1.913066472e-19
281.9195339  1.902055231e-19  1.902055231e-19
282  1.897176198e-19  1.897176198e-19
282.0804661  1.892311066e-19  1.892311066e-19
282.2612261  1.881432442e-19  1.881432442e-19
282.5220751  1.865856139e-19  1.865856139e-19
282.834721  1.847375319e-19  1.847375319e-19
283.165279  1.828056612e-19  1.828056612e-19
283.4779249  1.809991088e-19  1.809991088e-19
283.7387739  1.795070266e-19  1.795070266e-19
283.9195339  1.784810786e-19  1.784810786e-19
284  1.780264705e-19  1.780264705e-19
284.0804661  1.775731487e-19  1.775731487e-19
284.2612261  1.765594703e-19  1.765594703e-19
284.5220751  1.75107979e-19  1.75107979e-19
284.834721  1.733857048e-19  1.733857048e-19
285.165279  1.715852021e-19  1.715852021e-19
285.4779249  1.699013619e-19  1.699013619e-19
285.7387739  1.685105325e-19  1.685105325e-19
285.9195339  1.675541533e-19  1.675541533e-19
286  1.671303582e-19  1.671303582e-19
286.0804661  1.667077538e-19  1.667077538e-19
286.2612261  1.657627327e-19  1.657627327e-19
286.5220751  1.644094788e-19  1.644094788e-19
286.834721  1.628036557e-19  1.628036557e-19
287.165279  1.611247613e-19  1.611247613e-19
287.4779249  1.595545265e-19  1.595545265e-19
287.7387739  1.58257443e-19  1.58257443e-19
287.9195339  1.573654786e-19  1.573654786e-19
288  1.569702147e-19  1.569702147e-19
288.0804661  1.565760537e-19  1.565760537e-19
288.2612261  1.556946092e-19  1.556946092e-19
288.5220751  1.544323284e-19  1.544323284e-19
288.834721  1.529343537e-19  1.529343537e-19
289.165279  1.513680936e-19  1.513680936e-19
289.4779249  1.499030898e-19  1.499030898e-19
289.7387739  1.486928484e-19  1.486928484e-19
289.9195339  1.478605584e-19  1.478605584e-19
290  1.474917271e-19  1.474917271e-19
290.0804661  1.471239177e-19  1.471239177e-19
290.2612261  1.463013767e-19  1.463013767e-19
290.5220751  1.451233868e-19  1.451233868e-19
290.834721  1.437253464e-19  1.437253464e-19
291.165279  1.422634641e-19  1.422634641e-19
291.4779249  1.408959859e-19  1.408959859e-19
291.7387739  1.397662336e-19  1.397662336e-19
291.9195339  1.389892558e-19  1.389892558e-19
292  1.386449256e-19  1.386449256e-19
292.0804661  1.38301543e-19  1.38301543e-19
292.2612261  1.375336043e-19  1.375336043e-19
292.5220751  1.364337552e-19  1.364337552e-19
292.834721  1.351283642e-19  1.351283642e-19
293.165279  1.337632593e-19  1.337632593e-19
293.4779249  1.324862125e-19  1.324862125e-19
293.7387739  1.314311001e-19  1.314311001e-19
293.9195339  1.307054178e-19  1.307054178e-19
294  1.303838103e-19  1.303838103e-19
294.0804661  1.300630817e-19  1.300630817e-19
294.2612261  1.293457847e-19  1.293457847e-19
294.5220751  1.283184123e-19  1.283184123e-19
294.834721  1.270989616e-19  1.270989616e-19
295.165279  1.258236332e-19  1.258236332e-19
295.4779249  1.24630483e-19  1.24630483e-19
295.7387739  1.236446218e-19  1.236446218e-19
295.9195339  1.229665345e-19  1.229665345e-19
296  1.22666011e-19  1.22666011e-19
296.0804661  1.223663034e-19  1.223663034e-19
296.2612261  1.216959987e-19  1.216959987e-19
296.5220751  1.207358841e-19  1.207358841e-19
296.834721  1.195961908e-19  1.195961908e-19
297.165279  1.184041869e-19  1.184041869e-19
297.4779249  1.172889103e-19  1.172889103e-19
297.7387739  1.163673334e-19  1.163673334e-19
297.9195339  1.157334297e-19  1.157334297e-19
298  1.154524798e-19  1.154524798e-19
298.0804661  1.151722874e-19  1.151722874e-19
298.2612261  1.145456108e-19  1.145456108e-19
298.5220751  1.136479421e-19  1.136479421e-19
298.834721  1.125823057e-19  1.125823057e-19
299.165279  1.114676769e-19  1.114676769e-19
299.4779249  1.104247195e-19  1.104247195e-19
299.7387739  1.095628459e-19  1.095628459e-19
299.9195339  1.089699796e-19  1.089699796e-19
300  1.0870721e-19  1.0870721e-19
300.0804661  1.084451443e-19  1.084451443e-19
300.2612261  1.078589923e-19  1.078589923e-19
300.5220751  1.070193311e-19  1.070193311e-19
300.834721  1.060224924e-19  1.060224924e-19
301.165279  1.049797497e-19  1.049797497e-19
301.4779249  1.040039864e-19  1.040039864e-19
301.7387739  1.03197589e-19  1.03197589e-19
301.9195339  1.026428568e-19  1.026428568e-19
302  1.023969817e-19  1.023969817e-19
302.0804661  1.02151761e-19  1.02151761e-19
302.2612261  1.016032698e-19  1.016032698e-19
302.5220751  1.008175192e-19  1.008175192e-19
302.834721  9.988462394e-20  9.988462394e-20
303.165279  9.890870039e-20  9.890870039e-20
303.4779249  9.799539983e-20  9.799539983e-20
303.7387739  9.72405761e-20  9.72405761e-20
303.9195339  9.672129699e-20  9.672129699e-20
304  9.64911294e-20  9.64911294e-20
304.0804661  9.626157024e-20  9.626157024e-20
304.2612261  9.574809508e-20  9.574809508e-20
304.5220751  9.50124721e-20  9.50124721e-20
304.834721  9.413903732e-20  9.413903732e-20
305.165279  9.322525309e-20  9.322525309e-20
305.4779249  9.237004504e-20  9.237004504e-20
305.7387739  9.16631898e-20  9.16631898e-20
305.9195339  9.117688736e-20  9.117688736e-20
306  9.096133043e-20  9.096133043e-20
306.0804661  9.074633959e-20  9.074633959e-20
306.2612261  9.02654372e-20  9.02654372e-20
306.5220751  8.957644649e-20  8.957644649e-20
306.834721  8.875832985e-20  8.875832985e-20
307.165279  8.790236039e-20  8.790236039e-20
307.4779249  8.710120605e-20  8.710120605e-20
307.7387739  8.643898737e-20  8.643898737e-20
307.9195339  8.598337261e-20  8.598337261e-20
308  8.57814126e-20  8.57814126e-20
308.0804661  8.557997954e-20  8.557997954e-20
308.2612261  8.512939139e-20  8.512939139e-20
308.5220751  8.448380183e-20  8.448380183e-20
308.834721  8.371717382e-20  8.371717382e-20
309.165279  8.291502085e-20  8.291502085e-20
309.4779249  8.216418579e-20  8.216418579e-20
309.7387739  8.154352264e-20  8.154352264e-20
309.9195339  8.111647881e-20  8.111647881e-20
310  8.092717823e-20  8.092717823e-20
310.0804661  8.073836838e-20  8.073836838e-20
310.2612261  8.031600572e-20  8.031600572e-20
310.5220751  7.97108289e-20  7.97108289e-20
310.834721  7.89921474e-20  7.89921474e-20
311.165279  7.824011237e-20  7.824011237e-20
311.4779249  7.753614187e-20  7.753614187e-20
311.7387739  7.695418377e-20  7.695418377e-20
311.9195339  7.65537524e-20  7.65537524e-20
312  7.637624383e-20  7.637624383e-20
312.0804661  7.619919247e-20  7.619919247e-20
312.2612261  7.580312257e-20  7.580312257e-20
312.5220751  7.523559313e-20  7.523559313e-20
312.834721  7.45615802e-20  7.45615802e-20
313.165279  7.385624013e-20  7.385624013e-20
313.4779249  7.319593661e-20  7.319593661e-20
313.7387739  7.265004503e-20  7.265004503e-20
313.9195339  7.227441319e-20  7.227441319e-20
314  7.210789365e-20  7.210789365e-20
314.0804661  7.194180029e-20  7.194180029e-20
314.2612261  7.157023389e-20  7.157023389e-20
314.5220751  7.103779163e-20  7.103779163e-20
314.834721  7.040541228e-20  7.040541228e-20
315.165279  6.974359765e-20  6.974359765e-20
315.4779249  6.912400004e-20  6.912400004e-20
315.7387739  6.861173148e-20  6.861173148e-20
315.9195339  6.825922015e-20  6.825922015e-20
316  6.810294593e-20  6.810294593e-20
316.0804661  6.794706914e-20  6.794706914e-20
316.2612261  6.759834901e-20  6.759834901e-20
316.5220751  6.709862249e-20  6.709862249e-20
316.834721  6.650506531e-20  6.650506531e-20
317.165279  6.588383983e-20  6.588383983e-20
317.4779249  6.530220479e-20  6.530220479e-20
317.7387739  6.482129521e-20  6.482129521e-20
317.9195339  6.449034862e-20  6.449034862e-20
318  6.434363059e-20  6.434363059e-20
318.0804661  6.419728334e-20  6.419728334e-20
318.2612261  6.386987375e-20  6.386987375e-20
318.5220751  6.340066531e-20  6.340066531e-20
318.834721  6.284332471e-20  6.284332471e-20
319.165279  6.225996689e-20  6.225996689e-20
319.4779249  6.17137515e-20  6.17137515e-20
319.7387739  6.126210219e-20  6.126210219e-20
319.9195339  6.095127806e-20  6.095127806e-20
320  6.081347735e-20  6.081347735e-20
320.0804661  6.067602271e-20  6.067602271e-20
320.2612261  6.036849986e-20  6.036849986e-20
320.5220751  5.99277719e-20  5.99277719e-20
320.834721  5.940423191e-20  5.940423191e-20
321.165279  5.885621811e-20  5.885621811e-20
321.4779249  5.834306417e-20  5.834306417e-20
321.7387739  5.791872869e-20  5.791872869e-20
321.9195339  5.762668933e-20  5.762668933e-20
322  5.749721337e-20  5.749721337e-20
322.0804661  5.736806056e-20  5.736806056e-20
322.2612261  5.707910382e-20  5.707910382e-20
322.5220751  5.666496624e-20  5.666496624e-20
322.834721  5.617298566e-20  5.617298566e-20
323.165279  5.565797458e-20  5.565797458e-20
323.4779249  5.517569413e-20  5.517569413e-20
323.7387739  5.477686644e-20  5.477686644e-20
323.9195339  5.450237061e-20  5.450237061e-20
324  5.438066954e-20  5.438066954e-20
324.0804661  5.425927034e-20  5.425927034e-20
324.2612261  5.398765414e-20  5.398765414e-20
324.5220751  5.359835289e-20  5.359835289e-20
324.834721  5.313585163e-20  5.313585163e-20
325.165279  5.265167017e-20  5.265167017e-20
325.4779249  5.219823225e-20  5.219823225e-20
325.7387739  5.182323582e-20  5.182323582e-20
325.9195339  5.156513119e-20  5.156513119e-20
326  5.145069452e-20  5.145069452e-20
326.0804661  5.133653997e-20  5.133653997e-20
326.2612261  5.10811265e-20  5.10811265e-20
326.5220751  5.071503297e-20  5.071503297e-20
326.834721  5.028007963e-20  5.028007963e-20
327.165279  4.982470984e-20  4.982470984e-20
327.4779249  4.939822838e-20  4.939822838e-20
327.7387739  4.904550615e-20  4.904550615e-20
327.9195339  4.880272248e-20  4.880272248e-20
328  4.869507609e-20  4.869507609e-20
328.0804661  4.858769345e-20  4.858769345e-20
328.2612261  4.834742585e-20  4.834742585e-20
328.5220751  4.800302725e-20  4.800302725e-20
328.834721  4.759382764e-20  4.759382764e-20
329.165279  4.716539481e-20  4.716539481e-20
329.4779249  4.676411749e-20  4.676411749e-20
329.7387739  4.643222274e-20  4.643222274e-20
329.9195339  4.620376557e-20  4.620376557e-20
330  4.610246887e-20  4.610246887e-20
330.0804661  4.600141887e-20  4.600141887e-20
330.2612261  4.577531502e-20  4.577531502e-20
330.5220751  4.54512055e-20  4.54512055e-20
330.834721  4.506609217e-20  4.506609217e-20
331.165279  4.466285389e-20  4.466285389e-20
331.4779249  4.42851519e-20  4.42851519e-20
331.7387739  4.39727398e-20  4.39727398e-20
331.9195339  4.375768468e-20  4.375768468e-20
332  4.36623281e-20  4.36623281e-20
332.0804661  4.356720236e-20  4.356720236e-20
332.2612261  4.335434922e-20  4.335434922e-20
332.5220751  4.304922172e-20  4.304922172e-20
332.834721  4.26866443e-20  4.26866443e-20
333.165279  4.230698037e-20  4.230698037e-20
333.4779249  4.195133909e-20  4.195133909e-20
333.7387739  4.165715899e-20  4.165715899e-20
333.9195339  4.145464615e-20  4.145464615e-20
334  4.136484877e-20  4.136484877e-20
334.0804661  4.127526746e-20  4.127526746e-20
334.2612261  4.107481584e-20  4.107481584e-20
334.5220751  4.078745462e-20  4.078745462e-20
334.834721  4.044597095e-20  4.044597095e-20
335.165279  4.008837419e-20  4.008837419e-20
335.4779249  3.975338451e-20  3.975338451e-20
335.7387739  3.947627284e-20  3.947627284e-20
335.9195339  3.928550234e-20  3.928550234e-20
336  3.920090972e-20  3.920090972e-20
336.0804661  3.911651945e-20  3.911651945e-20
336.2612261  3.892767914e-20  3.892767914e-20
336.5220751  3.865695293e-20  3.865695293e-20
336.834721  3.833522097e-20  3.833522097e-20
337.165279  3.799828869e-20  3.799828869e-20
337.4779249  3.768263913e-20  3.768263913e-20
337.7387739  3.742151285e-20  3.742151285e-20
337.9195339  3.724174008e-20  3.724174008e-20
338  3.716202231e-20  3.716202231e-20
338.0804661  3.708249409e-20  3.708249409e-20
338.2612261  3.690452953e-20  3.690452953e-20
338.5220751  3.664938517e-20  3.664938517e-20
338.834721  3.634615546e-20  3.634615546e-20
339.165279  3.602858169e-20  3.602858169e-20
339.4779249  3.573105111e-20  3.573105111e-20
339.7387739  3.548490171e-20  3.548490171e-20
339.9195339  3.531543328e-20  3.531543328e-20
340  3.524028312e-20  3.524028312e-20
340.0804661  3.516531059e-20  3.516531059e-20
340.2612261  3.499753675e-20  3.499753675e-20
340.5220751  3.47569934e-20  3.47569934e-20
340.834721  3.447110223e-20  3.447110223e-20
341.165279  3.417167052e-20  3.417167052e-20
341.4779249  3.389112139e-20  3.389112139e-20
341.7387739  3.365900939e-20  3.365900939e-20
341.9195339  3.349919932e-20  3.349919932e-20
342  3.342833053e-20  3.342833053e-20
342.0804661  3.335762828e-20  3.335762828e-20
342.2612261  3.319940692e-20  3.319940692e-20
342.5220751  3.29725507e-20  3.29725507e-20
342.834721  3.270291376e-20  3.270291376e-20
343.165279  3.242049057e-20  3.242049057e-20
343.4779249  3.215586283e-20  3.215586283e-20
343.7387739  3.193691268e-20  3.193691268e-20
343.9195339  3.178615892e-20  3.178615892e-20
344  3.171930472e-20  3.171930472e-20
344.0804661  3.165260671e-20  3.165260671e-20
344.2612261  3.150334296e-20  3.150334296e-20
344.5220751  3.128932206e-20  3.128932206e-20
344.834721  3.103492857e-20  3.103492857e-20
345.165279  3.076845718e-20  3.076845718e-20
345.4779249  3.051876256e-20  3.051876256e-20
345.7387739  3.031215793e-20  3.031215793e-20
345.9195339  3.016989914e-20  3.016989914e-20
346  3.010681078e-20  3.010681078e-20
346.0804661  3.004386897e-20  3.004386897e-20
346.2612261  2.990300815e-20  2.990300815e-20
346.5220751  2.970102824e-20  2.970102824e-20
346.834721  2.946093561e-20  2.946093561e-20
347.165279  2.920943053e-20  2.920943053e-20
347.4779249  2.89737473e-20  2.89737473e-20
347.7387739  2.877872678e-20  2.877872678e-20
347.9195339  2.864443936e-20  2.864443936e-20
348  2.858488482e-20  2.858488482e-20
348.0804661  2.852546783e-20  2.852546783e-20
348.2612261  2.83924925e-20  2.83924925e-20
348.5220751  2.82018126e-20  2.82018126e-20
348.834721  2.797514147e-20  2.797514147e-20
349.165279  2.773768324e-20  2.773768324e-20
349.4779249  2.751515139e-20  2.751515139e-20
349.7387739  2.733100452e-20  2.733100452e-20
349.9195339  2.720419989e-20  2.720419989e-20
350  2.714796265e-20  2.714796265e-20
350.0804661  2.709185456e-20  2.709185456e-20
350.2612261  2.696628185e-20  2.696628185e-20
350.5220751  2.678621042e-20  2.678621042e-20
350.834721  2.65721401e-20  2.65721401e-20
351.165279  2.634787055e-20  2.634787055e-20
351.4779249  2.613768733e-20  2.613768733e-20
351.7387739  2.596375092e-20  2.596375092e-20
351.9195339  2.584397297e-20  2.584397297e-20
352  2.579085091e-20  2.579085091e-20
352.0804661  2.573785014e-20  2.573785014e-20
352.2612261  2.561922927e-20  2.561922927e-20
352.5220751  2.544912071e-20  2.544912071e-20
352.834721  2.524688493e-20  2.524688493e-20
353.165279  2.503500276e-20  2.503500276e-20
353.4779249  2.483641857e-20  2.483641857e-20
353.7387739  2.467207332e-20  2.467207332e-20
353.9195339  2.455889612e-20  2.455889612e-20
354  2.450870046e-20  2.450870046e-20
354.0804661  2.445861877e-20  2.445861877e-20
354.2612261  2.434652873e-20  2.434652873e-20
354.5220751  2.418578004e-20  2.418578004e-20
354.834721  2.39946631e-20  2.39946631e-20
355.165279  2.379441984e-20  2.379441984e-20
355.4779249  2.360673446e-20  2.360673446e-20
355.7387739  2.34514018e-20  2.34514018e-20
355.9195339  2.334442741e-20  2.334442741e-20
356  2.32969818e-20  2.32969818e-20
356.0804661  2.324964331e-20  2.324964331e-20
356.2612261  2.314369076e-20  2.314369076e-20
356.5220751  2.299173854e-20  2.299173854e-20
356.834721  2.281107169e-20  2.281107169e-20
357.165279  2.262176792e-20  2.262176792e-20
357.4779249  2.244432699e-20  2.244432699e-20
357.7387739  2.229746624e-20  2.229746624e-20
357.9195339  2.219632276e-20  2.219632276e-20
358  2.215146238e-20  2.215146238e-20
358.0804661  2.210670271e-20  2.210670271e-20
358.2612261  2.200652e-20  2.200652e-20
358.5220751  2.186283766e-20  2.186283766e-20
358.834721  2.169199579e-20  2.169199579e-20
359.165279  2.15129777e-20  2.15129777e-20
359.4779249  2.134516947e-20  2.134516947e-20
359.7387739  2.120627512e-20  2.120627512e-20
359.9195339  2.111061485e-20  2.111061485e-20
360  2.106818558e-20  2.106818558e-20
360.0804661  2.102585105e-20  2.102585105e-20
360.2612261  2.093109443e-20  2.093109443e-20
360.5220751  2.079518956e-20  2.079518956e-20
360.834721  2.063358814e-20  2.063358814e-20
361.165279  2.046424431e-20  2.046424431e-20
361.4779249  2.030549669e-20  2.030549669e-20
361.7387739  2.017409597e-20  2.017409597e-20
361.9195339  2.008359369e-20  2.008359369e-20
362  2.00434514e-20  2.00434514e-20
362.0804661  2.000339824e-20  2.000339824e-20
362.2612261  1.991374619e-20  1.991374619e-20
362.5220751  1.978515821e-20  1.978515821e-20
362.834721  1.963225042e-20  1.963225042e-20
363.165279  1.947200888e-20  1.947200888e-20
363.4779249  1.932178662e-20  1.932178662e-20
363.7387739  1.919743721e-20  1.919743721e-20
363.9195339  1.911178864e-20  1.911178864e-20
364  1.907379846e-20  1.907379846e-20
364.0804661  1.903589216e-20  1.903589216e-20
364.2612261  1.895104383e-20  1.895104383e-20
364.5220751  1.882934174e-20  1.882934174e-20
364.834721  1.868461589e-20  1.868461589e-20
365.165279  1.853294135e-20  1.853294135e-20
365.4779249  1.839074353e-20  1.839074353e-20
365.7387739  1.827303142e-20  1.827303142e-20
365.9195339  1.819195175e-20  1.819195175e-20
366  1.815598744e-20  1.815598744e-20
366.0804661  1.812010211e-20  1.812010211e-20
366.2612261  1.803977587e-20  1.803977587e-20
366.5220751  1.792455623e-20  1.792455623e-20
366.834721  1.778753331e-20  1.778753331e-20
367.165279  1.764392464e-20  1.764392464e-20
367.4779249  1.750928226e-20  1.750928226e-20
367.7387739  1.739781983e-20  1.739781983e-20
367.9195339  1.73210424e-20  1.73210424e-20
368  1.728698576e-20  1.728698576e-20
368.0804661  1.72530035e-20  1.72530035e-20
368.2612261  1.717693566e-20  1.717693566e-20
368.5220751  1.706782067e-20  1.706782067e-20
368.834721  1.69380521e-20  1.69380521e-20
369.165279  1.680203996e-20  1.680203996e-20
369.4779249  1.667451379e-20  1.667451379e-20
369.7387739  1.656893797e-20  1.656893797e-20
369.9195339  1.649621299e-20  1.649621299e-20
370  1.64639533e-20  1.64639533e-20
370.0804661  1.643176369e-20  1.643176369e-20
370.2612261  1.635970723e-20  1.635970723e-20
370.5220751  1.625634299e-20  1.625634299e-20
370.834721  1.613340853e-20  1.613340853e-20
371.165279  1.600455326e-20  1.600455326e-20
371.4779249  1.588373174e-20  1.588373174e-20
371.7387739  1.578370237e-20  1.578370237e-20
371.9195339  1.571479579e-20  1.571479579e-20
372  1.568422931e-20  1.568422931e-20
372.0804661  1.565372887e-20  1.565372887e-20
372.2612261  1.558545232e-20  1.558545232e-20
372.5220751  1.54875072e-20  1.54875072e-20
372.834721  1.537101302e-20  1.537101302e-20
373.165279  1.524890254e-20  1.524890254e-20
373.4779249  1.513439998e-20  1.513439998e-20
373.7387739  1.503959821e-20  1.503959821e-20
373.9195339  1.497429066e-20  1.497429066e-20
374  1.494532014e-20  1.494532014e-20
374.0804661  1.491641188e-20  1.491641188e-20
374.2612261  1.485169827e-20  1.485169827e-20
374.5220751  1.475886138e-20  1.475886138e-20
374.834721  1.46484383e-20  1.46484383e-20
375.165279  1.453268628e-20  1.453268628e-20
375.4779249  1.442414104e-20  1.442414104e-20
375.7387739  1.433426793e-20  1.433426793e-20
375.9195339  1.427235371e-20  1.427235371e-20
376  1.424488796e-20  1.424488796e-20
376.0804661  1.421748093e-20  1.421748093e-20
376.2612261  1.415612681e-20  1.415612681e-20
376.5220751  1.406810662e-20  1.406810662e-20
376.834721  1.396340841e-20  1.396340841e-20
377.165279  1.385365255e-20  1.385365255e-20
377.4779249  1.375072546e-20  1.375072546e-20
377.7387739  1.366550061e-20  1.366550061e-20
377.9195339  1.360678678e-20  1.360678678e-20
378  1.358074028e-20  1.358074028e-20
378.0804661  1.355474916e-20  1.355474916e-20
378.2612261  1.349656368e-20  1.349656368e-20
378.5220751  1.341308671e-20  1.341308671e-20
378.834721  1.331378858e-20  1.331378858e-20
379.165279  1.320968897e-20  1.320968897e-20
379.4779249  1.311206182e-20  1.311206182e-20
379.7387739  1.303122214e-20  1.303122214e-20
379.9195339  1.297552767e-20  1.297552767e-20
380  1.295082016e-20  1.295082016e-20
380.0804661  1.292616491e-20  1.292616491e-20
380.2612261  1.2870969e-20  1.2870969e-20
380.5220751  1.279177863e-20  1.279177863e-20
380.834721  1.269757578e-20  1.269757578e-20
381.165279  1.259881342e-20  1.259881342e-20
381.4779249  1.250618756e-20  1.250618756e-20
381.7387739  1.242948613e-20  1.242948613e-20
381.9195339  1.23766411e-20  1.23766411e-20
382  1.235319725e-20  1.235319725e-20
382.0804661  1.232980273e-20  1.232980273e-20
382.2612261  1.227742828e-20  1.227742828e-20
382.5220751  1.220228362e-20  1.220228362e-20
382.834721  1.211288993e-20  1.211288993e-20
383.165279  1.201916536e-20  1.201916536e-20
383.4779249  1.193126039e-20  1.193126039e-20
383.7387739  1.185846539e-20  1.185846539e-20
383.9195339  1.180831025e-20  1.180831025e-20
384  1.178605933e-20  1.178605933e-20
384.0804661  1.176385499e-20  1.176385499e-20
384.2612261  1.171414416e-20  1.171414416e-20
384.5220751  1.164281902e-20  1.164281902e-20
384.834721  1.155796579e-20  1.155796579e-20
385.165279  1.146899778e-20  1.146899778e-20
385.4779249  1.138555039e-20  1.138555039e-20
385.7387739  1.131644407e-20  1.131644407e-20
385.9195339  1.126882897e-20  1.126882897e-20
386  1.124770455e-20  1.124770455e-20
386.0804661  1.122662413e-20  1.122662413e-20
386.2612261  1.117942867e-20  1.117942867e-20
386.5220751  1.111171057e-20  1.111171057e-20
386.834721  1.103114542e-20  1.103114542e-20
387.165279  1.094666978e-20  1.094666978e-20
387.4779249  1.086743258e-20  1.086743258e-20
387.7387739  1.080181037e-20  1.080181037e-20
387.9195339  1.075659454e-20  1.075659454e-20
388  1.07365342e-20  1.07365342e-20
388.0804661  1.071651542e-20  1.071651542e-20
388.2612261  1.067169604e-20  1.067169604e-20
388.5220751  1.060738534e-20  1.060738534e-20
388.834721  1.05308711e-20  1.05308711e-20
389.165279  1.045063956e-20  1.045063956e-20
389.4779249  1.037538007e-20  1.037538007e-20
389.7387739  1.031304972e-20  1.031304972e-20
389.9195339  1.027010084e-20  1.027010084e-20
390  1.025104592e-20  1.025104592e-20
390.0804661  1.023203027e-20  1.023203027e-20
390.2612261  1.018945604e-20  1.018945604e-20
390.5220751  1.012836509e-20  1.012836509e-20
390.834721  1.005567883e-20  1.005567883e-20
391.165279  9.979458022e-21  9.979458022e-21
391.4779249  9.90795769e-21  9.90795769e-21
391.7387739  9.848738475e-21  9.848738475e-21
391.9195339  9.807932144e-21  9.807932144e-21
392  9.78982749e-21  9.78982749e-21
392.0804661  9.771759961e-21  9.771759961e-21
392.2612261  9.731307778e-21  9.731307778e-21
392.5220751  9.673260149e-21  9.673260149e-21
392.834721  9.604192261e-21  9.604192261e-21
393.165279  9.53176274e-21  9.53176274e-21
393.4779249  9.463816053e-21  9.463816053e-21
393.7387739  9.407538004e-21  9.407538004e-21
393.9195339  9.368757238e-21  9.368757238e-21
394  9.35155098e-21  9.35155098e-21
394.0804661  9.334379826e-21  9.334379826e-21
394.2612261  9.295933928e-21  9.295933928e-21
394.5220751  9.24076368e-21  9.24076368e-21
394.834721  9.175117011e-21  9.175117011e-21
395.165279  9.106272368e-21  9.106272368e-21
395.4779249  9.04168601e-21  9.04168601e-21
395.7387739  8.98818924e-21  8.98818924e-21
395.9195339  8.951323986e-21  8.951323986e-21
396  8.93496733e-21  8.93496733e-21
396.0804661  8.918643875e-21  8.918643875e-21
396.2612261  8.882095349e-21  8.882095349e-21
396.5220751  8.829646366e-21  8.829646366e-21
396.834721  8.767235423e-21  8.767235423e-21
397.165279  8.701781448e-21  8.701781448e-21
397.4779249  8.640373516e-21  8.640373516e-21
397.7387739  8.589507575e-21  8.589507575e-21
397.9195339  8.554454272e-21  8.554454272e-21
398  8.538901298e-21  8.538901298e-21
398.0804661  8.523379736e-21  8.523379736e-21
398.2612261  8.488626086e-21  8.488626086e-21
398.5220751  8.438751448e-21  8.438751448e-21
398.834721  8.379401657e-21  8.379401657e-21
399.165279  8.31715556e-21  8.31715556e-21
399.4779249  8.258754842e-21  8.258754842e-21
399.7387739  8.210378113e-21  8.210378113e-21
399.9195339  8.177039278e-21  8.177039278e-21
