#L=8 M=2
#R     Re(V)   Im(V)

0.08046609183  4.03200491e-13  -1.096289016e-15
0.2612261349  4.976875256e-09  -1.582045513e-12
0.5220750502  1.267971528e-06  -4.040440418e-10
0.8347210423  5.425087115e-05  -1.737903674e-08
1.165278958  0.0007846586698  -2.534545458e-07
1.47792495  0.005268590896  -1.719676618e-06
1.738773865  0.01938261491  -6.394576745e-06
1.919533908  0.04281789759  -1.424704088e-05
2  0.05926908029  -1.967022058e-05
2.080466092  0.04168381785  -2.738359765e-05
2.261226135  0.01963841671  -5.391604527e-05
2.52207505  0.007304004312  -0.0001312820607
2.834721042  0.002520232842  -0.0003412634569
3.165278958  0.0009160318104  -0.0008426573281
3.47792495  0.0003826198776  -0.001825300528
3.738773865  0.0001942793037  -0.003303558122
3.919533908  0.0001242635187  -0.004863204389
4  0.0001023914852  -0.005742290196
4.080466092  8.462680133e-05  -0.004773611761
4.261226135  5.572952507e-05  -0.003183462012
4.52207505  3.119153208e-05  -0.001812800393
4.834721042  1.602392116e-05  -0.0009494871672
5.165278958  8.150738835e-06  -0.0004922622535
5.47792495  4.390249362e-06  -0.0002696742931
5.738773865  2.649731428e-06  -0.0001649720016
5.919533908  1.875313727e-06  -0.0001178254949
6  1.609077688e-06  -0.0001015047658
6.080466092  1.381089586e-06  -8.747201751e-05
6.261226135  9.804597458e-07  -6.265813024e-05
6.52207505  5.975047672e-07  -3.86897211e-05
6.834721042  3.274584113e-07  -2.15597543e-05
7.165278958  1.695880998e-07  -1.139327869e-05
7.47792495  8.724858603e-08  -6.007555678e-06
7.738773865  4.716754758e-08  -3.346498958e-06
7.919533908  2.900600375e-08  -2.125265054e-06
8  2.275650915e-08  -1.701510095e-06
8.080466092  1.742519573e-08  -1.338059619e-06
8.261226135  8.183511756e-09  -7.021447596e-07
8.52207505  -2.445327182e-10  -1.111482242e-07
8.834721042  -5.482258962e-09  2.693800575e-07
9.165278958  -7.724799267e-09  4.456794381e-07
9.47792495  -8.180611052e-09  4.954651484e-07
9.738773865  -7.913917958e-09  4.900676832e-07
9.919533908  -7.543191238e-09  4.722400698e-07
10  -7.348625795e-09  4.619492441e-07
10.08046609  -7.141682055e-09  4.506182583e-07
10.26122613  -6.648051435e-09  4.225407576e-07
10.52207505  -5.910837909e-09  3.78899948e-07
10.83472104  -5.054292026e-09  3.266142309e-07
11.16527896  -4.229907465e-09  2.751959414e-07
11.47792495  -3.546357016e-09  2.319294097e-07
11.73877387  -3.049472088e-09  2.001679725e-07
11.91953391  -2.742647243e-09  1.804345411e-07
12  -2.615437996e-09  1.722269245e-07
12.08046609  -2.49377079e-09  1.643627479e-07
12.26122613  -2.239756858e-09  1.478999691e-07
12.52207505  -1.916799775e-09  1.268833662e-07
12.83472104  -1.589785767e-09  1.055049771e-07
13.16527896  -1.304782018e-09  8.679140693e-08
13.47792495  -1.083219357e-09  7.218929729e-08
13.73877387  -9.282480726e-10  6.194665921e-08
13.91953391  -8.345440579e-10  5.574129148e-08
14  -7.960675154e-10  5.319053865e-08
14.08046609  -7.59448567e-10  5.07614357e-08
14.26122613  -6.835006062e-10  4.571871912e-08
14.52207505  -5.877335335e-10  3.935069667e-08
14.83472104  -4.913590867e-10  3.293128341e-08
15.16527896  -4.07535969e-10  2.733846668e-08
15.47792495  -3.422409482e-10  2.297546405e-08
15.73877387  -2.963657493e-10  1.990656487e-08
15.91953391  -2.68492195e-10  1.804043782e-08
16  -2.570082496e-10  1.727125697e-08
16.08046609  -2.460543959e-10  1.653739647e-08
16.26122613  -2.232490074e-10  1.500894744e-08
16.52207505  -1.942889684e-10  1.306683507e-08
16.83472104  -1.648492188e-10  1.109116751e-08
17.16527896  -1.389242981e-10  9.350178416e-09
17.47792495  -1.184597203e-10  7.975059506e-09
17.73877387  -1.039016944e-10  6.996379072e-09
17.91953391  -9.496846732e-11  6.395642082e-09
18  -9.126600624e-11  6.146617949e-09
18.08046609  -8.772149472e-11  5.908193572e-09
18.26122613  -8.029810446e-11  5.408777471e-09
18.52207505  -7.077527928e-11  4.767968017e-09
18.83472104  -6.096486191e-11  4.10762562e-09
19.16527896  -5.219435691e-11  3.517123588e-09
19.47792495  -4.516526294e-11  3.043760326e-09
19.73877387  -4.009674499e-11  2.702369634e-09
19.91953391  -3.695400169e-11  2.490664837e-09
20  -3.56434326e-11  2.402375289e-09
20.08046609  -3.438407034e-11  2.317532274e-09
20.26122613  -3.173067001e-11  2.138763262e-09
20.52207505  -2.829228459e-11  1.907087071e-09
20.83472104  -2.470360232e-11  1.665260217e-09
21.16527896  -2.144857692e-11  1.445896573e-09
21.47792495  -1.880231918e-11  1.26754501e-09
21.73877387  -1.687003815e-11  1.137305991e-09
21.91953391  -1.566041965e-11  1.055772375e-09
22  -1.515315769e-11  1.021579935e-09
22.08046609  -1.466405505e-11  9.886111427e-10
22.26122613  -1.362792729e-11  9.187678859e-10
22.52207505  -1.227298776e-11  8.274315426e-10
22.83472104  -1.084223461e-11  7.309814782e-10
23.16527896  -9.527721464e-12  6.42364678e-10
23.47792495  -8.445499019e-12  5.694056688e-10
23.73877387  -7.64650428e-12  5.155396979e-10
23.91953391  -7.142132981e-12  4.815359616e-10
24  -6.929584992e-12  4.672063064e-10
24.08046609  -6.724038099e-12  4.533485769e-10
24.26122613  -6.286534354e-12  4.238524587e-10
24.52207505  -5.709865356e-12  3.8497355e-10
24.83472104  -5.094738483e-12  3.435014365e-10
25.16527896  -4.523266956e-12  3.049722237e-10
25.47792495  -4.047631859e-12  2.729041419e-10
25.73877387  -3.693119212e-12  2.490022081e-10
25.91953391  -3.467713588e-12  2.338048599e-10
26  -3.372324698e-12  2.273735053e-10
26.08046609  -3.279841662e-12  2.211380744e-10
26.26122613  -3.0821877e-12  2.078117509e-10
26.52207505  -2.819878756e-12  1.901261548e-10
26.83472104  -2.53762778e-12  1.710959766e-10
27.16527896  -2.272884449e-12  1.532461589e-10
27.47792495  -2.050462866e-12  1.382497689e-10
27.73877387  -1.88331759e-12  1.26980288e-10
27.91953391  -1.776382297e-12  1.197703348e-10
28  -1.730963936e-12  1.167080732e-10
28.08046609  -1.686832281e-12  1.137325537e-10
28.26122613  -1.592181045e-12  1.073508422e-10
28.52207505  -1.465825692e-12  9.883151501e-11
28.83472104  -1.328836445e-12  8.959520482e-11
29.16527896  -1.19927526e-12  8.085971692e-11
29.47792495  -1.089538324e-12  7.34608427e-11
29.73877387  -1.006485683e-12  6.786111699e-11
29.91953391  -9.530636194e-13  6.425920982e-11
30  -9.303023781e-13  6.272455776e-11
30.08046609  -9.081434153e-13  6.12305203e-11
30.26122613  -8.604724763e-13  5.801636535e-11
30.52207505  -7.965067691e-13  5.370354531e-11
30.83472104  -7.267013125e-13  4.899700033e-11
31.16527896  -6.602025361e-13  4.451339772e-11
31.47792495  -6.034782232e-13  4.068883061e-11
31.73877387  -5.602802784e-13  3.777625208e-11
31.91953391  -5.323628248e-13  3.589395909e-11
32  -5.204354094e-13  3.508976451e-11
32.08046609  -5.088042542e-13  3.430553986e-11
32.26122613  -4.837142176e-13  3.261388268e-11
32.52207505  -4.498963263e-13  3.033375383e-11
32.83472104  -4.127782756e-13  2.783110608e-11
33.16527896  -3.771932205e-13  2.54318294e-11
33.47792495  -3.466490251e-13  2.337242349e-11
33.73877387  -3.232609836e-13  2.179550285e-11
33.91953391  -3.080832268e-13  2.077216102e-11
34  -3.015828577e-13  2.033388299e-11
34.08046609  -2.952344216e-13  1.990585538e-11
34.26122613  -2.815080284e-13  1.898036126e-11
34.52207505  -2.629328769e-13  1.772795208e-11
34.83472104  -2.424408482e-13  1.634630429e-11
35.16527896  -2.22684698e-13  1.501426307e-11
35.47792495  -2.056330291e-13  1.38645805e-11
35.73877387  -1.925131968e-13  1.297997335e-11
35.91953391  -1.839673635e-13  1.240379001e-11
36  -1.802993762e-13  1.215648821e-11
36.08046609  -1.767126687e-13  1.19146528e-11
36.26122613  -1.689407985e-13  1.13906439e-11
36.52207505  -1.58386393e-13  1.067902616e-11
36.83472104  -1.466899673e-13  9.890407365e-12
37.16527896  -1.353568265e-13  9.126286187e-12
37.47792495  -1.255270175e-13  8.46351611e-12
37.73877387  -1.179306707e-13  7.951344723e-12
37.91953391  -1.129665261e-13  7.616645491e-12
38  -1.108318761e-13  7.47271271e-12
38.08046609  -1.087418421e-13  7.331795782e-12
38.26122613  -1.042046312e-13  7.025879637e-12
38.52207505  -9.802345168e-14  6.609119426e-12
38.83472104  -9.114551522e-14  6.145382904e-12
39.16527896  -8.445123095e-14  5.694028532e-12
39.47792495  -7.861911203e-14  5.300804703e-12
39.73877387  -7.409464866e-14  4.995747641e-12
39.91953391  -7.112918679e-14  4.795804835e-12
40  -6.985171811e-14  4.709672817e-12
40.08046609  -6.859968555e-14  4.625256165e-12
40.26122613  -6.587703157e-14  4.441684301e-12
40.52207505  -6.215726622e-14  4.190883332e-12
40.83472104  -5.800302669e-14  3.910788433e-12
41.16527896  -5.394328986e-14  3.637065272e-12
41.47792495  -5.039225595e-14  3.397640829e-12
41.73877387  -4.762772223e-14  3.211245271e-12
41.91953391  -4.581091724e-14  3.088749251e-12
42  -4.502703819e-14  3.035897094e-12
42.08046609  -4.425803427e-14  2.984047874e-12
42.26122613  -4.25831864e-14  2.871123152e-12
42.52207505  -4.02890426e-14  2.716443103e-12
42.83472104  -3.771842136e-14  2.543121875e-12
43.16527896  -3.519703071e-14  2.373119964e-12
43.47792495  -3.298357436e-14  2.223880174e-12
43.73877387  -3.125485987e-14  2.107323556e-12
43.91953391  -3.011601406e-14  2.030538166e-12
44  -2.96239459e-14  1.997361027e-12
44.08046609  -2.91407948e-14  1.964785111e-12
44.26122613  -2.808704358e-14  1.893737128e-12
44.52207505  -2.664025746e-14  1.796189211e-12
44.83472104  -2.501420741e-14  1.686554627e-12
45.16527896  -2.34139519e-14  1.578659209e-12
45.47792495  -2.200448601e-14  1.483627567e-12
45.73877387  -2.09004834e-14  1.409191441e-12
45.91953391  -2.017157239e-14  1.36004544e-12
46  -1.985621694e-14  1.338782956e-12
46.08046609  -1.954632994e-14  1.317889176e-12
46.26122613  -1.886960199e-14  1.27226156e-12
46.52207505  -1.793846577e-14  1.209480754e-12
46.83472104  -1.688906293e-14  1.138725955e-12
47.16527896  -1.585314119e-14  1.068880104e-12
47.47792495  -1.493796467e-14  1.007175362e-12
47.73877387  -1.421921601e-14  9.587145475e-13
47.91953391  -1.374370192e-14  9.266535482e-13
48  -1.35377303e-14  9.127661452e-13
48.08046609  -1.333518278e-14  8.991096075e-13
48.26122613  -1.289234239e-14  8.692515956e-13
48.52207505  -1.228181941e-14  8.280877744e-13
48.83472104  -1.159200589e-14  7.815778784e-13
49.16527896  -1.090913775e-14  7.355362669e-13
49.47792495  -1.030418617e-14  6.947480915e-13
49.73877387  -9.827913349e-15  6.626359354e-13
49.91953391  -9.512229033e-15  6.413512777e-13
50  -9.375338461e-15  6.321215858e-13
50.08046609  -9.240633273e-15  6.230392409e-13
50.26122613  -8.945802015e-15  6.03160577e-13
50.52207505  -8.538594265e-15  5.757050553e-13
50.83472104  -8.077426076e-15  5.44611312e-13
51.16527896  -7.619717632e-15  5.137508382e-13
51.47792495  -7.213195495e-15  4.863415432e-13
51.73877387  -6.892421098e-15  4.647136925e-13
51.91953391  -6.679438088e-15  4.50353554e-13
52  -6.586988444e-15  4.441202414e-13
52.08046609  -6.495958381e-15  4.379826425e-13
52.26122613  -6.296520784e-15  4.245357882e-13
52.52207505  -6.020604667e-15  4.059324562e-13
52.83472104  -5.707451443e-15  3.848184545e-13
53.16527896  -5.395902847e-15  3.63812643e-13
53.47792495  -5.118539598e-15  3.451117398e-13
53.73877387  -4.899223096e-15  3.303245729e-13
53.91953391  -4.753372284e-15  3.204907469e-13
54  -4.690003382e-15  3.162181704e-13
54.08046609  -4.627571749e-15  3.120087882e-13
54.26122613  -4.490664037e-15  3.027779407e-13
54.52207505  -4.300962025e-15  2.899874972e-13
54.83472104  -4.085227514e-15  2.754418419e-13
55.16527896  -3.870121739e-15  2.609385785e-13
55.47792495  -3.678198101e-15  2.479983444e-13
55.73877387  -3.526146046e-15  2.377464067e-13
55.91953391  -3.42487802e-15  2.309185246e-13
56  -3.380841037e-15  2.279493808e-13
56.08046609  -3.337432296e-15  2.250225956e-13
56.26122613  -3.242158626e-15  2.185988762e-13
56.52207505  -3.109955092e-15  2.096852026e-13
56.83472104  -2.95933002e-15  1.995294776e-13
57.16527896  -2.808833849e-15  1.893824436e-13
57.47792495  -2.674282396e-15  1.803104641e-13
57.73877387  -2.567491303e-15  1.731101955e-13
57.91953391  -2.496269493e-15  1.683081456e-13
58  -2.465273187e-15  1.662182547e-13
58.08046609  -2.434703938e-15  1.641571577e-13
58.26122613  -2.367556824e-15  1.596298395e-13
58.52207505  -2.274257018e-15  1.533392057e-13
58.83472104  -2.167772519e-15  1.461596089e-13
59.16527896  -2.061174428e-15  1.389723532e-13
59.47792495  -1.965688592e-15  1.325343288e-13
59.73877387  -1.889775672e-15  1.274159861e-13
59.91953391  -1.839082263e-15  1.239980403e-13
60  -1.817003404e-15  1.225093982e-13
60.08046609  -1.795218668e-15  1.210405871e-13
60.26122613  -1.747331548e-15  1.178118522e-13
60.52207505  -1.6807097e-15  1.133199495e-13
60.83472104  -1.604550188e-15  1.081849806e-13
61.16527896  -1.528172385e-15  1.030352936e-13
61.47792495  -1.459634737e-15  9.84142203e-14
61.73877387  -1.405060398e-15  9.473460723e-14
61.91953391  -1.368572746e-15  9.227446857e-14
62  -1.352669784e-15  9.120222937e-14
62.08046609  -1.336971884e-15  9.014381624e-14
62.26122613  -1.302440738e-15  8.781559282e-14
62.52207505  -1.254343673e-15  8.457270261e-14
62.83472104  -1.199277738e-15  8.085994429e-14
63.16527896  -1.143961025e-15  7.713027749e-14
63.47792495  -1.094239784e-15  7.377787908e-14
63.73877387  -1.054590006e-15  7.110453772e-14
63.91953391  -1.028050855e-15  6.931516548e-14
64  -1.016476233e-15  6.853475966e-14
64.08046609  -1.005046225e-15  6.776410433e-14
64.26122613  -9.798868369e-16  6.606776105e-14
64.52207505  -9.448047333e-16  6.370238992e-14
64.83472104  -9.04582486e-16  6.099045042e-14
65.16527896  -8.641132527e-16  5.826185815e-14
65.47792495  -8.276806918e-16  5.580543397e-14
65.73877387  -7.985876664e-16  5.384386966e-14
65.91953391  -7.790939691e-16  5.252952918e-14
66  -7.70586816e-16  5.195594401e-14
66.08046609  -7.621827511e-16  5.138930944e-14
66.26122613  -7.436726022e-16  5.01412836e-14
66.52207505  -7.178354522e-16  4.8399243e-14
66.83472104  -6.881731703e-16  4.639929721e-14
67.16527896  -6.582844384e-16  4.438408329e-14
67.47792495  -6.313374099e-16  4.256721038e-14
67.73877387  -6.097910039e-16  4.111446835e-14
67.91953391  -5.953395321e-16  4.014009422e-14
68  -5.890291393e-16  3.971462312e-14
68.08046609  -5.82792979e-16  3.929415707e-14
68.26122613  -5.690497403e-16  3.836753475e-14
68.52207505  -5.498477325e-16  3.707286111e-14
68.83472104  -5.277752056e-16  3.558464596e-14
69.16527896  -5.05503071e-16  3.408297249e-14
69.47792495  -4.8539516e-16  3.272721935e-14
69.73877387  -4.692974858e-16  3.164185188e-14
69.91953391  -4.584904278e-16  3.091319823e-14
70  -4.537688027e-16  3.0594848e-14
70.08046609  -4.491011427e-16  3.02801363e-14
70.26122613  -4.388089474e-16  2.958619669e-14
70.52207505  -4.244155147e-16  2.861573577e-14
70.83472104  -4.078507854e-16  2.749887764e-14
71.16527896  -3.911142051e-16  2.637043266e-14
71.47792495  -3.759841773e-16  2.535030766e-14
71.73877387  -3.638575978e-16  2.453268676e-14
71.91953391  -3.557092973e-16  2.398329682e-14
72  -3.521474326e-16  2.374314212e-14
72.08046609  -3.486251531e-16  2.350565642e-14
72.26122613  -3.408545191e-16  2.298173021e-14
72.52207505  -3.299780083e-16  2.224839378e-14
72.83472104  -3.174467194e-16  2.140348581e-14
73.16527896  -3.047696381e-16  2.054874794e-14
73.47792495  -2.932952612e-16  1.977510107e-14
73.73877387  -2.840885876e-16  1.915435152e-14
73.91953391  -2.778971007e-16  1.873689752e-14
74  -2.75189283e-16  1.855432598e-14
74.08046609  -2.725107501e-16  1.837372893e-14
74.26122613  -2.665986547e-16  1.797511259e-14
74.52207505  -2.583167341e-16  1.741671346e-14
74.83472104  -2.487646678e-16  1.677267621e-14
75.16527896  -2.390900661e-16  1.612037713e-14
75.47792495  -2.303230625e-16  1.552927184e-14
75.73877387  -2.232814089e-16  1.505449631e-14
75.91953391  -2.185421422e-16  1.473495661e-14
76  -2.164684781e-16  1.459514216e-14
76.08046609  -2.144166534e-16  1.44568002e-14
76.26122613  -2.098857443e-16  1.415130878e-14
76.52207505  -2.035337103e-16  1.372303008e-14
76.83472104  -1.962001453e-16  1.322857276e-14
77.16527896  -1.887641946e-16  1.27272122e-14
77.47792495  -1.820183477e-16  1.227238111e-14
77.73877387  -1.765947614e-16  1.190670194e-14
77.91953391  -1.729417621e-16  1.16604026e-14
78  -1.713426857e-16  1.155258668e-14
78.08046609  -1.697600209e-16  1.144587729e-14
78.26122613  -1.66263594e-16  1.121013467e-14
78.52207505  -1.613582159e-16  1.08793951e-14
78.83472104  -1.556894475e-16  1.049718481e-14
79.16527896  -1.499354323e-16  1.010922684e-14
79.47792495  -1.447099242e-16  9.756902873e-15
79.73877387  -1.405047527e-16  9.473373941e-15
79.91953391  -1.376703804e-16  9.282269601e-15
80  -1.364291305e-16  9.19857973e-15
80.08046609  -1.352003029e-16  9.115727416e-15
80.26122613  -1.324844428e-16  8.932613625e-15
80.52207505  -1.286715022e-16  8.675530421e-15
80.83472104  -1.242611873e-16  8.37816993e-15
81.16527896  -1.197800317e-16  8.076033084e-15
81.47792495  -1.157063927e-16  7.801372585e-15
81.73877387  -1.124252665e-16  7.580146364e-15
81.91953391  -1.102122174e-16  7.430934034e-15
82  -1.092426742e-16  7.365563678e-15
82.08046609  -1.082825985e-16  7.300831661e-15
82.26122613  -1.061598723e-16  7.157709249e-15
82.52207505  -1.031776744e-16  6.956637932e-15
82.83472104  -9.972528082e-17  6.723864202e-15
83.16527896  -9.621406348e-17  6.487124346e-15
83.47792495  -9.301911188e-17  6.27170835e-15
83.73877387  -9.044355339e-17  6.098054234e-15
83.91953391  -8.870527085e-17  5.980852501e-15
84  -8.794343397e-17  5.929486511e-15
84.08046609  -8.718886011e-17  5.878610222e-15
84.26122613  -8.551986835e-17  5.766080342e-15
84.52207505  -8.317362668e-17  5.607887652e-15
84.83472104  -8.045522788e-17  5.42460269e-15
85.16527896  -7.768798097e-17  5.238024198e-15
85.47792495  -7.516769926e-17  5.068097056e-15
85.73877387  -7.313437903e-17  4.931002741e-15
85.91953391  -7.176121488e-17  4.838418702e-15
86  -7.115917971e-17  4.797827162e-15
86.08046609  -7.056275123e-17  4.757613646e-15
86.26122613  -6.924307581e-17  4.668636025e-15
86.52207505  -6.738677238e-17  4.543476867e-15
86.83472104  -6.523434006e-17  4.398351554e-15
87.16527896  -6.304131662e-17  4.25048943e-15
87.47792495  -6.104227912e-17  4.115706589e-15
87.73877387  -5.94282506e-17  4.006882542e-15
87.91953391  -5.833760567e-17  3.933347043e-15
88  -5.785926933e-17  3.901095756e-15
88.08046609  -5.73852869e-17  3.869138027e-15
88.26122613  -5.633617885e-17  3.798403104e-15
88.52207505  -5.485961091e-17  3.698847181e-15
88.83472104  -5.314621107e-17  3.583323137e-15
89.16527896  -5.139904392e-17  3.465522368e-15
89.47792495  -4.980510482e-17  3.358052829e-15
89.73877387  -4.851720931e-17  3.271217932e-15
89.91953391  -4.764645244e-17  3.212508135e-15
90  -4.726442832e-17  3.186750591e-15
90.08046609  -4.688580453e-17  3.16122231e-15
90.26122613  -4.604748711e-17  3.104699707e-15
90.52207505  -4.486694374e-17  3.025102906e-15
90.83472104  -4.349606942e-17  2.932673257e-15
91.16527896  -4.209706397e-17  2.838346898e-15
91.47792495  -4.081974169e-17  2.752224888e-15
91.73877387  -3.978694676e-17  2.682589859e-15
91.91953391  -3.908829007e-17  2.635483722e-15
92  -3.878167372e-17  2.614810462e-15
92.08046609  -3.847772743e-17  2.594317227e-15
92.26122613  -3.780454333e-17  2.548928551e-15
92.52207505  -3.685604374e-17  2.48497704e-15
92.83472104  -3.575387056e-17  2.41066426e-15
93.16527896  -3.462822224e-17  2.334768697e-15
93.47792495  -3.359970197e-17  2.265421881e-15
93.73877387  -3.276752034e-17  2.209312977e-15
93.91953391  -3.220428315e-17  2.171337346e-15
94  -3.195702275e-17  2.154666094e-15
94.08046609  -3.171186993e-17  2.138136942e-15
94.26122613  -3.116873898e-17  2.101516953e-15
94.52207505  -3.040309313e-17  2.049894147e-15
94.83472104  -2.951281631e-17  1.98986824e-15
95.16527896  -2.860291328e-17  1.928519058e-15
95.47792495  -2.777091877e-17  1.87242277e-15
95.73877387  -2.709731401e-17  1.827005731e-15
95.91953391  -2.664117997e-17  1.79625141e-15
96  -2.64408795e-17  1.782746377e-15
96.08046609  -2.624225091e-17  1.76935407e-15
96.26122613  -2.580206655e-17  1.739675138e-15
96.52207505  -2.518124192e-17  1.697816739e-15
96.83472104  -2.44589068e-17  1.649114111e-15
97.16527896  -2.37201307e-17  1.599302968e-15
97.47792495  -2.304414046e-17  1.553725092e-15
97.73877387  -2.24965031e-17  1.516801263e-15
97.91953391  -2.212549298e-17  1.491786325e-15
98  -2.196252723e-17  1.480798544e-15
98.08046609  -2.18008941e-17  1.469900613e-15
98.26122613  -2.144259695e-17  1.445742833e-15
98.52207505  -2.093702838e-17  1.411655444e-15
98.83472104  -2.034844032e-17  1.371970561e-15
99.16527896  -1.974605094e-17  1.331355138e-15
99.47792495  -1.919448818e-17  1.294166643e-15
99.73877387  -1.874738809e-17  1.264021426e-15
99.91953391  -1.844435186e-17  1.243589551e-15
100  -1.831120793e-17  1.234612472e-15
100.0804661  -1.817913107e-17  1.225707339e-15
100.2612261  -1.788627448e-17  1.205961815e-15
100.5220751  -1.747285967e-17  1.178087789e-15
100.834721  -1.699127949e-17  1.145617791e-15
101.165279  -1.649808906e-17  1.112364984e-15
101.4779249  -1.604622183e-17  1.081898347e-15
101.7387739  -1.567972713e-17  1.057187857e-15
101.9195339  -1.543121542e-17  1.040432236e-15
102  -1.532199966e-17  1.033068487e-15
102.0804661  -1.52136421e-17  1.025762601e-15
102.2612261  -1.497331747e-17  1.009558986e-15
102.5220751  -1.463391421e-17  9.866751045e-16
102.834721  -1.423832906e-17  9.600032234e-16
103.165279  -1.383295559e-17  9.326713761e-16
103.4779249  -1.34613183e-17  9.076141524e-16
103.7387739  -1.315973061e-17  8.87279944e-16
103.9195339  -1.295514513e-17  8.73485999e-16
104  -1.286521181e-17  8.674223466e-16
104.0804661  -1.277597162e-17  8.614054284e-16
104.2612261  -1.25779986e-17  8.480573213e-16
104.5220751  -1.229829161e-17  8.29198394e-16
104.834721  -1.197211002e-17  8.072059692e-16
105.165279  -1.163765801e-17  7.846559214e-16
105.4779249  -1.133085802e-17  7.639702789e-16
105.7387739  -1.108175549e-17  7.47174823e-16
105.9195339  -1.091270575e-17  7.357768355e-16
106  -1.083837584e-17  7.307652254e-16
106.0804661  -1.076460804e-17  7.25791515e-16
106.2612261  -1.060092076e-17  7.147550856e-16
106.5220751  -1.036956249e-17  6.991560157e-16
106.834721  -1.009962412e-17  6.80955727e-16
107.165279  -9.822682469e-18  6.622832492e-16
107.4779249  -9.568492858e-18  6.451448024e-16
107.7387739  -9.362002139e-18  6.312223994e-16
107.9195339  -9.221815843e-18  6.21770497e-16
108  -9.160162855e-18  6.17613614e-16
108.0804661  -9.098967509e-18  6.134875871e-16
108.2612261  -8.963147039e-18  6.043300456e-16
108.5220751  -8.771102585e-18  5.913816656e-16
108.834721  -8.546922742e-18  5.762665934e-16
109.165279  -8.316799548e-18  5.607507975e-16
109.4779249  -8.105465837e-18  5.465018612e-16
109.7387739  -7.933705282e-18  5.349211002e-16
109.9195339  -7.817053614e-18  5.270559935e-16
110  -7.765739673e-18  5.235962091e-16
110.0804661  -7.71479973e-18  5.20161641e-16
110.2612261  -7.601715915e-18  5.125370928e-16
110.5220751  -7.441761076e-18  5.017523188e-16
110.834721  -7.254951297e-18  4.891568809e-16
111.165279  -7.063086663e-18  4.76220625e-16
111.4779249  -6.88679426e-18  4.643343093e-16
111.7387739  -6.743445956e-18  4.546692121e-16
111.9195339  -6.646055422e-18  4.481027655e-16
112  -6.60320515e-18  4.452136345e-16
112.0804661  -6.560661631e-18  4.423451859e-16
112.2612261  -6.466197453e-18  4.359760456e-16
112.5220751  -6.332532125e-18  4.269638121e-16
112.834721  -6.176353695e-18  4.164336582e-16
113.165279  -6.015866767e-18  4.056130087e-16
113.4779249  -5.86832993e-18  3.956655044e-16
113.7387739  -5.748309126e-18  3.875732376e-16
113.9195339  -5.66673886e-18  3.820734546e-16
114  -5.630841882e-18  3.796531416e-16
114.0804661  -5.595197389e-18  3.77249852e-16
114.2612261  -5.516035758e-18  3.719124686e-16
114.5220751  -5.403984788e-18  3.643575587e-16
114.834721  -5.273002977e-18  3.555262584e-16
115.165279  -5.138340963e-18  3.464468244e-16
115.4779249  -5.014484027e-18  3.380959107e-16
115.7387739  -4.913682603e-18  3.312994887e-16
115.9195339  -4.845151464e-18  3.266788543e-16
116  -4.814986693e-18  3.246450287e-16
116.0804661  -4.785030443e-18  3.226252625e-16
116.2612261  -4.718488537e-18  3.181387498e-16
116.5220751  -4.624269152e-18  3.117861144e-16
116.834721  -4.514084252e-18  3.043570222e-16
117.165279  -4.400749177e-18  2.96715533e-16
117.4779249  -4.296458218e-18  2.896838331e-16
117.7387739  -4.21154471e-18  2.839586359e-16
117.9195339  -4.153796433e-18  2.800650237e-16
118  -4.128372995e-18  2.783508771e-16
118.0804661  -4.103122334e-18  2.766483799e-16
118.2612261  -4.047022297e-18  2.728658984e-16
118.5220751  -3.967562501e-18  2.675084116e-16
118.834721  -3.874599651e-18  2.612404966e-16
119.165279  -3.778934709e-18  2.547903962e-16
119.4779249  -3.690863232e-18  2.488522765e-16
119.7387739  -3.619126261e-18  2.440154924e-16
119.9195339  -3.57032382e-18  2.407250431e-16
120  -3.548834773e-18  2.392761684e-16
120.0804661  -3.527489338e-18  2.378369766e-16
120.2612261  -3.480056921e-18  2.346388996e-16
120.5220751  -3.412853064e-18  2.301077556e-16
120.834721  -3.334197335e-18  2.24804482e-16
121.165279  -3.253219116e-18  2.193446173e-16
121.4779249  -3.178635364e-18  2.143158922e-16
121.7387739  -3.117860534e-18  2.10218218e-16
121.9195339  -3.076503056e-18  2.074297369e-16
122  -3.058288969e-18  2.062016727e-16
122.0804661  -3.040194618e-18  2.049816816e-16
122.2612261  -2.999979395e-18  2.022702157e-16
122.5220751  -2.942984014e-18  1.984273666e-16
122.834721  -2.876250448e-18  1.939279314e-16
123.165279  -2.807516652e-18  1.89293633e-16
123.4779249  -2.744183138e-18  1.850234425e-16
123.7387739  -2.692555848e-18  1.815425309e-16
123.9195339  -2.657412986e-18  1.791730632e-16
124  -2.641933171e-18  1.781293542e-16
124.0804661  -2.626553484e-18  1.770923962e-16
124.2612261  -2.592365794e-18  1.747873299e-16
124.5220751  -2.543898923e-18  1.71519506e-16
124.834721  -2.487129726e-18  1.676919071e-16
125.165279  -2.428634442e-18  1.637479288e-16
125.4779249  -2.374712518e-18  1.601123041e-16
125.7387739  -2.330740941e-18  1.571475703e-16
125.9195339  -2.300800839e-18  1.551288928e-16
126  -2.287610537e-18  1.542395516e-16
126.0804661  -2.274504202e-18  1.533558718e-16
126.2612261  -2.24536512e-18  1.513912021e-16
126.5220751  -2.204043897e-18  1.486051655e-16
126.834721  -2.155626787e-18  1.453406966e-16
127.165279  -2.105717273e-18  1.419756041e-16
127.4779249  -2.059691252e-18  1.388723517e-16
127.7387739  -2.022145056e-18  1.36340842e-16
127.9195339  -1.996572933e-18  1.346166705e-16
128  -1.985305142e-18  1.338569525e-16
128.0804661  -1.974107963e-18  1.331019953e-16
128.2612261  -1.949209451e-18  1.314232413e-16
128.5220751  -1.913892034e-18  1.290420045e-16
128.834721  -1.872495149e-18  1.262508663e-16
129.165279  -1.829805456e-18  1.233725621e-16
129.4779249  -1.790422052e-18  1.207171807e-16
129.7387739  -1.758283463e-18  1.185502727e-16
129.9195339  -1.736388535e-18  1.170740319e-16
130  -1.726739499e-18  1.164234566e-16
130.0804661  -1.717150003e-18  1.157768957e-16
130.2612261  -1.695823065e-18  1.14338951e-16
130.5220751  -1.665563779e-18  1.122987529e-16
130.834721  -1.630083605e-18  1.099065423e-16
131.165279  -1.593481439e-18  1.074386827e-16
131.4779249  -1.559701261e-18  1.051610924e-16
131.7387739  -1.532125854e-18  1.033018518e-16
131.9195339  -1.513334805e-18  1.020348866e-16
132  -1.505052375e-18  1.014764531e-16
132.0804661  -1.496820281e-18  1.009214135e-16
132.2612261  -1.478509412e-18  9.968682387e-17
132.5220751  -1.452522762e-18  9.79347034e-17
132.834721  -1.422042322e-18  9.587959423e-17
133.165279  -1.390586361e-18  9.37587117e-17
133.4779249  -1.361544926e-18  9.180062576e-17
133.7387739  -1.337830089e-18  9.020167974e-17
133.9195339  -1.321665739e-18  8.911181672e-17
134  -1.31454001e-18  8.863137251e-17
134.0804661  -1.307456942e-18  8.815380469e-17
134.2612261  -1.291699564e-18  8.709138128e-17
134.5220751  -1.269331254e-18  8.558322334e-17
134.834721  -1.24308643e-18  8.381369574e-17
135.165279  -1.215991919e-18  8.198687901e-17
135.4779249  -1.190968209e-18  8.029968371e-17
135.7387739  -1.170527705e-18  7.892150585e-17
135.9195339  -1.156591789e-18  7.79818925e-17
136  -1.150447538e-18  7.756762329e-17
136.0804661  -1.144339532e-18  7.715579791e-17
136.2612261  -1.130749387e-18  7.623949777e-17
136.5220751  -1.111452913e-18  7.493845482e-17
136.834721  -1.088805219e-18  7.34114597e-17
137.165279  -1.065416147e-18  7.183447802e-17
137.4779249  -1.043807177e-18  7.037751764e-17
137.7387739  -1.026150546e-18  6.918703929e-17
137.9195339  -1.014109771e-18  6.837520362e-17
138  -1.008800332e-18  6.801722076e-17
138.0804661  -1.003521763e-18  6.766131918e-17
138.2612261  -9.917754604e-19  6.686933804e-17
138.5220751  -9.7509313e-19  6.574455079e-17
138.834721  -9.555076453e-19  6.442402165e-17
139.165279  -9.352741777e-19  6.305980299e-17
139.4779249  -9.165743416e-19  6.179898771e-17
139.7387739  -9.01290182e-19  6.076847054e-17
139.9195339  -8.908648962e-19  6.006555745e-17
140  -8.862671927e-19  5.975556249e-17
140.0804661  -8.816958391e-19  5.944734414e-17
140.2612261  -8.715219195e-19  5.876137913e-17
140.5220751  -8.570694317e-19  5.77869365e-17
140.834721  -8.400968441e-19  5.664257899e-17
141.165279  -8.225569536e-19  5.545997172e-17
141.4779249  -8.063412203e-19  5.436664425e-17
141.7387739  -7.930835661e-19  5.347276192e-17
141.9195339  -7.840385352e-19  5.286291095e-17
142  -7.800490186e-19  5.259392231e-17
142.0804661  -7.760820452e-19  5.232645362e-17
142.2612261  -7.672520661e-19  5.173110227e-17
142.5220751  -7.547059306e-19  5.088519328e-17
142.834721  -7.399678922e-19  4.989149772e-17
143.165279  -7.247323707e-19  4.886425992e-17
143.4779249  -7.106425553e-19  4.791427006e-17
143.7387739  -6.991197506e-19  4.7137358e-17
143.9195339  -6.912566138e-19  4.66071949e-17
144  -6.877879542e-19  4.637332445e-17
144.0804661  -6.843386232e-19  4.614075721e-17
144.2612261  -6.76659872e-19  4.56230261e-17
144.5220751  -6.657471215e-19  4.488724625e-17
144.834721  -6.529242659e-19  4.402267972e-17
145.165279  -6.396644533e-19  4.312865186e-17
145.4779249  -6.273979772e-19  4.230159859e-17
145.7387739  -6.173635603e-19  4.162503939e-17
145.9195339  -6.105146507e-19  4.116325941e-17
146  -6.074930198e-19  4.095952937e-17
146.0804661  -6.044879965e-19  4.075691908e-17
146.2612261  -5.97797515e-19  4.030582093e-17
146.5220751  -5.882872683e-19  3.966460331e-17
146.834721  -5.771093783e-19  3.891094673e-17
147.165279  -5.655470903e-19  3.813137254e-17
147.4779249  -5.548477499e-19  3.740998162e-17
147.7387739  -5.460929642e-19  3.681970011e-17
147.9195339  -5.401162292e-19  3.641672551e-17
148  -5.374790684e-19  3.623891793e-17
148.0804661  -5.348562066e-19  3.606207444e-17
148.2612261  -5.290158779e-19  3.566829689e-17
148.5220751  -5.207124e-19  3.510844429e-17
148.834721  -5.109503182e-19  3.445024697e-17
149.165279  -5.008495553e-19  3.376921446e-17
149.4779249  -4.914999196e-19  3.313882585e-17
149.7387739  -4.83847544e-19  3.262287309e-17
149.9195339  -4.786223603e-19  3.227057099e-17
150  -4.763165402e-19  3.211510368e-17
150.0804661  -4.740230564e-19  3.196046813e-17
150.2612261  -4.689155544e-19  3.161610059e-17
150.5220751  -4.616525339e-19  3.112639965e-17
150.834721  -4.531114892e-19  3.055052938e-17
151.165279  -4.442715937e-19  2.995450943e-17
151.4779249  -4.360867279e-19  2.940265411e-17
151.7387739  -4.293859806e-19  2.895086381e-17
151.9195339  -4.248096958e-19  2.864231299e-17
152  -4.227899962e-19  2.850613703e-17
152.0804661  -4.207809603e-19  2.837068005e-17
152.2612261  -4.163064017e-19  2.806898801e-17
152.5220751  -4.09942219e-19  2.763989019e-17
152.834721  -4.024563061e-19  2.713516098e-17
153.165279  -3.947062999e-19  2.661262559e-17
153.4779249  -3.875285692e-19  2.612867522e-17
153.7387739  -3.816508876e-19  2.573237919e-17
153.9195339  -3.776359558e-19  2.546167695e-17
154  -3.758638057e-19  2.534219174e-17
154.0804661  -3.74100891e-19  2.522332921e-17
154.2612261  -3.701740609e-19  2.495856713e-17
154.5220751  -3.645878655e-19  2.458192423e-17
154.834721  -3.580154677e-19  2.413878775e-17
155.165279  -3.51209355e-19  2.36798933e-17
155.4779249  -3.44904112e-19  2.325476943e-17
155.7387739  -3.39739649e-19  2.290656136e-17
155.9195339  -3.362112516e-19  2.266866316e-17
156  -3.346536831e-19  2.256364586e-17
156.0804661  -3.331041279e-19  2.245916886e-17
156.2612261  -3.296521741e-19  2.222642478e-17
156.5220751  -3.247406256e-19  2.189526917e-17
156.834721  -3.189606092e-19  2.150555811e-17
157.165279  -3.129734698e-19  2.110188202e-17
157.4779249  -3.074254676e-19  2.072781424e-17
157.7387739  -3.028801756e-19  2.042135308e-17
157.9195339  -2.997742413e-19  2.021193897e-17
158  -2.984030183e-19  2.011948581e-17
158.0804661  -2.970387609e-19  2.00275023e-17
158.2612261  -2.939992748e-19  1.982256839e-17
158.5220751  -2.896738269e-19  1.953092996e-17
158.834721  -2.845823705e-19  1.918764428e-17
159.165279  -2.793071038e-19  1.883196539e-17
159.4779249  -2.744175032e-19  1.85022896e-17
159.7387739  -2.70410702e-19  1.823213556e-17
159.9195339  -2.676722541e-19  1.804749881e-17
160  -2.664631456e-19  1.796597604e-17
160.0804661  -2.652601025e-19  1.788486222e-17
160.2612261  -2.625795163e-19  1.770412673e-17
160.5220751  -2.5876415e-19  1.744687998e-17
160.834721  -2.54272096e-19  1.714400832e-17
161.165279  -2.496166993e-19  1.683012346e-17
161.4779249  -2.453005686e-19  1.653911323e-17
161.7387739  -2.417629111e-19  1.630059068e-17
161.9195339  -2.393446857e-19  1.613754457e-17
162  -2.382768573e-19  1.606554745e-17
162.0804661  -2.372143197e-19  1.599390705e-17
162.2612261  -2.348465656e-19  1.583426391e-17
162.5220751  -2.314758919e-19  1.560700005e-17
162.834721  -2.275065286e-19  1.533937022e-17
163.165279  -2.233918188e-19  1.506194058e-17
163.4779249  -2.195760386e-19  1.480466591e-17
163.7387739  -2.164478065e-19  1.45937484e-17
163.9195339  -2.143090937e-19  1.444954811e-17
164  -2.13364598e-19  1.438586656e-17
164.0804661  -2.124247251e-19  1.432249669e-17
164.2612261  -2.103301112e-19  1.418126972e-17
164.5220751  -2.073477792e-19  1.398018936e-17
164.834721  -2.038349809e-19  1.374334291e-17
165.165279  -2.001926818e-19  1.349776501e-17
165.4779249  -1.968141856e-19  1.326997373e-17
165.7387739  -1.940438576e-19  1.30831875e-17
165.9195339  -1.921495284e-19  1.29554645e-17
166  -1.913128766e-19  1.28990542e-17
166.0804661  -1.904802706e-19  1.284291668e-17
166.2612261  -1.886245355e-19  1.271779584e-17
166.5220751  -1.859818947e-19  1.253961878e-17
166.834721  -1.828685573e-19  1.232970553e-17
167.165279  -1.796396903e-19  1.211200282e-17
167.4779249  -1.766439844e-19  1.191002074e-17
167.7387739  -1.741870313e-19  1.174436346e-17
167.9195339  -1.725067182e-19  1.163107025e-17
168  -1.717645195e-19  1.158102834e-17
168.0804661  -1.710258671e-19  1.153122554e-17
168.2612261  -1.693793845e-19  1.142021331e-17
168.5220751  -1.670343578e-19  1.126210255e-17
168.834721  -1.642710802e-19  1.107579168e-17
169.165279  -1.614046086e-19  1.088252308e-17
169.4779249  -1.587445239e-19  1.070316987e-17
169.7387739  -1.565623921e-19  1.055604211e-17
169.9195339  -1.55069798e-19  1.045540564e-17
170  -1.544104547e-19  1.041095016e-17
170.0804661  -1.537542249e-19  1.036670461e-17
170.2612261  -1.522913318e-19  1.02680707e-17
170.5220751  -1.502074643e-19  1.012756829e-17
170.834721  -1.477514354e-19  9.961973322e-18
171.165279  -1.452031187e-19  9.790155953e-18
171.4779249  -1.428377561e-19  9.630674054e-18
171.7387739  -1.408970087e-19  9.499821362e-18
171.9195339  -1.39569322e-19  9.410303584e-18
172  -1.389827729e-19  9.370756175e-18
172.0804661  -1.383989614e-19  9.331393347e-18
172.2612261  -1.3709739e-19  9.243636369e-18
172.5220751  -1.352430438e-19  9.118609175e-18
172.834721  -1.33057101e-19  8.971224459e-18
173.165279  -1.307885252e-19  8.818268301e-18
173.4779249  -1.286823626e-19  8.676262669e-18
173.7387739  -1.269539519e-19  8.559726532e-18
173.9195339  -1.257713517e-19  8.479991055e-18
174  -1.252488537e-19  8.444762216e-18
174.0804661  -1.247287663e-19  8.409695917e-18
174.2612261  -1.23569163e-19  8.331510972e-18
174.5220751  -1.219168356e-19  8.220104665e-18
174.834721  -1.19968666e-19  8.088751541e-18
175.165279  -1.179464215e-19  7.952403989e-18
175.4779249  -1.160685563e-19  7.825791058e-18
175.7387739  -1.145272061e-19  7.721867265e-18
175.9195339  -1.134724424e-19  7.650751015e-18
176  -1.130063854e-19  7.619327649e-18
176.0804661  -1.125424543e-19  7.58804762e-18
176.2612261  -1.115079707e-19  7.51829873e-18
176.5220751  -1.100337155e-19  7.418898746e-18
176.834721  -1.08295178e-19  7.301679819e-18
177.165279  -1.064901608e-19  7.179978577e-18
177.4779249  -1.048136664e-19  7.066942843e-18
177.7387739  -1.034373476e-19  6.974146103e-18
177.9195339  -1.024953834e-19  6.910635236e-18
178  -1.020791332e-19  6.882570032e-18
178.0804661  -1.016647603e-19  6.854631413e-18
178.2612261  -1.007407059e-19  6.792328087e-18
178.5220751  -9.942363983e-20  6.703526399e-18
178.834721  -9.787018739e-20  6.598786626e-18
179.165279  -9.625700473e-20  6.490019611e-18
179.4779249  -9.475838199e-20  6.388976669e-18
179.7387739  -9.352786526e-20  6.306010471e-18
179.9195339  -9.268557275e-20  6.249219851e-18
180  -9.231333656e-20  6.224122248e-18
180.0804661  -9.194276068e-20  6.199136589e-18
180.2612261  -9.111630654e-20  6.143413853e-18
180.5220751  -8.993818966e-20  6.063980656e-18
180.834721  -8.854837779e-20  5.970274164e-18
181.165279  -8.710484068e-20  5.872945307e-18
181.4779249  -8.576355028e-20  5.78251032e-18
181.7387739  -8.466202484e-20  5.708241214e-18
181.9195339  -8.390792521e-20  5.6573969e-18
182  -8.357463766e-20  5.634925364e-18
182.0804661  -8.32428204e-20  5.612552961e-18
182.2612261  -8.250274641e-20  5.562654309e-18
182.5220751  -8.144762345e-20  5.491513838e-18
182.834721  -8.020268966e-20  5.407575586e-18
183.165279  -7.890937958e-20  5.320375617e-18
183.4779249  -7.770744253e-20  5.239336372e-18
183.7387739  -7.672018992e-20  5.172771982e-18
183.9195339  -7.60442315e-20  5.12719625e-18
184  -7.574545647e-20  5.107051683e-18
184.0804661  -7.544798519e-20  5.086995018e-18
184.2612261  -7.478446365e-20  5.042257829e-18
184.5220751  -7.383835721e-20  4.978467673e-18
184.834721  -7.272186142e-20  4.903189208e-18
185.165279  -7.156175953e-20  4.824970651e-18
185.4779249  -7.04834149e-20  4.752264485e-18
185.7387739  -6.959752983e-20  4.692534686e-18
185.9195339  -6.899089781e-20  4.651633209e-18
186  -6.872274469e-20  4.633553288e-18
186.0804661  -6.845574914e-20  4.615551415e-18
186.2612261  -6.786015956e-20  4.575394462e-18
186.5220751  -6.70108072e-20  4.51812784e-18
186.834721  -6.600832355e-20  4.450536515e-18
187.165279  -6.496649269e-20  4.380292248e-18
187.4779249  -6.399790424e-20  4.314986268e-18
187.7387739  -6.320205508e-20  4.261327039e-18
187.9195339  -6.265700833e-20  4.224577878e-18
188  -6.241606006e-20  4.208332214e-18
188.0804661  -6.217614088e-20  4.192155935e-18
188.2612261  -6.164091094e-20  4.156068662e-18
188.5220751  -6.087753962e-20  4.104599214e-18
188.834721  -5.997639181e-20  4.043840343e-18
189.165279  -5.903970347e-20  3.980685192e-18
189.4779249  -5.816870761e-20  3.921959282e-18
189.7387739  -5.745293062e-20  3.873698828e-18
189.9195339  -5.696266141e-20  3.840642981e-18
190  -5.674591271e-20  3.826028946e-18
190.0804661  -5.653008002e-20  3.811476671e-18
190.2612261  -5.604854891e-20  3.779009981e-18
190.5220751  -5.536168091e-20  3.732698683e-18
190.834721  -5.455071467e-20  3.678020202e-18
191.165279  -5.370761416e-20  3.621175104e-18
191.4779249  -5.292350306e-20  3.568307301e-18
191.7387739  -5.227902531e-20  3.524854118e-18
191.9195339  -5.183753864e-20  3.495087379e-18
192  -5.164234277e-20  3.481926518e-18
192.0804661  -5.144796324e-20  3.468820699e-18
192.2612261  -5.101426399e-20  3.439579017e-18
192.5220751  -5.039554992e-20  3.397862921e-18
192.834721  -4.966493701e-20  3.348602173e-18
193.165279  -4.890524105e-20  3.297380533e-18
193.4779249  -4.819857582e-20  3.249734429e-18
193.7387739  -4.761766251e-20  3.210567007e-18
193.9195339  -4.721967204e-20  3.18373295e-18
194  -4.704369492e-20  3.171867891e-18
194.0804661  -4.686844619e-20  3.160051944e-18
194.2612261  -4.647740416e-20  3.133686378e-18
194.5220751  -4.591947887e-20  3.096068897e-18
194.834721  -4.526054799e-20  3.051641227e-18
195.165279  -4.457527017e-20  3.005437146e-18
195.4779249  -4.393771952e-20  2.962451015e-18
195.7387739  -4.341354224e-20  2.927108955e-18
195.9195339  -4.305438042e-20  2.902892876e-18
196  -4.2895561e-20  2.892184656e-18
196.0804661  -4.273739227e-20  2.881520308e-18
196.2612261  -4.238443756e-20  2.857722737e-18
196.5220751  -4.188079567e-20  2.823765252e-18
196.834721  -4.128588634e-20  2.783654164e-18
197.165279  -4.06670862e-20  2.741932264e-18
197.4779249  -4.009128702e-20  2.703109656e-18
197.7387739  -3.961780978e-20  2.67118599e-18
197.9195339  -3.929335016e-20  2.649309666e-18
198  -3.914986618e-20  2.639635422e-18
198.0804661  -3.900696413e-20  2.630000413e-18
198.2612261  -3.868805573e-20  2.608498375e-18
198.5220751  -3.823294396e-20  2.577812978e-18
198.834721  -3.769528015e-20  2.541561605e-18
199.165279  -3.713593253e-20  2.503848225e-18
199.4779249  -3.661536919e-20  2.468749831e-18
199.7387739  -3.61872498e-20  2.439884365e-18
199.9195339  -3.589383969e-20  2.42010152e-18
200  -3.576407799e-20  2.411352485e-18
200.0804661  -3.563483732e-20  2.402638579e-18
200.2612261  -3.534639743e-20  2.383190846e-18
200.5220751  -3.49347213e-20  2.355434049e-18
200.834721  -3.444830184e-20  2.322637767e-18
201.165279  -3.394218373e-20  2.288513326e-18
201.4779249  -3.347108342e-20  2.256749921e-18
201.7387739  -3.308358786e-20  2.230623471e-18
201.9195339  -3.281799001e-20  2.212715837e-18
202  -3.270052079e-20  2.204795607e-18
202.0804661  -3.258351856e-20  2.196906865e-18
202.2612261  -3.232237565e-20  2.179299599e-18
202.5220751  -3.194961855e-20  2.154166874e-18
202.834721  -3.150912203e-20  2.124466895e-18
203.165279  -3.105071427e-20  2.09355927e-18
203.4779249  -3.06239561e-20  2.064785583e-18
203.7387739  -3.027288428e-20  2.041114963e-18
203.9195339  -3.003222617e-20  2.024888863e-18
204  -2.992578059e-20  2.01771189e-18
204.0804661  -2.981975404e-20  2.01056317e-18
204.2612261  -2.95830933e-20  1.994606587e-18
204.5220751  -2.924524615e-20  1.971827625e-18
204.834721  -2.884594834e-20  1.944905422e-18
205.165279  -2.843035017e-20  1.916884186e-18
205.4779249  -2.804338619e-20  1.890793577e-18
205.7387739  -2.772500729e-20  1.86932724e-18
205.9195339  -2.750673702e-20  1.854610614e-18
206  -2.741018779e-20  1.848100892e-18
206.0804661  -2.731401496e-20  1.841616548e-18
206.2612261  -2.709933528e-20  1.827142013e-18
206.5220751  -2.679283528e-20  1.806476598e-18
206.834721  -2.643053718e-20  1.782049058e-18
207.165279  -2.60533919e-20  1.756620464e-18
207.4779249  -2.570217829e-20  1.732940284e-18
207.7387739  -2.54131745e-20  1.713454531e-18
207.9195339  -2.521502237e-20  1.700094348e-18
208  -2.512736681e-20  1.694184271e-18
208.0804661  -2.504004969e-20  1.688297013e-18
208.2612261  -2.484512611e-20  1.675154511e-18
208.5220751  -2.456680349e-20  1.656388923e-18
208.834721  -2.423776864e-20  1.634204121e-18
209.165279  -2.389519876e-20  1.611106734e-18
209.4779249  -2.357613585e-20  1.589594279e-18
209.7387739  -2.331355332e-20  1.571889949e-18
209.9195339  -2.313349834e-20  1.559749946e-18
210  -2.305384355e-20  1.554379312e-18
210.0804661  -2.29744934e-20  1.549029217e-18
210.2612261  -2.27973444e-20  1.537085147e-18
210.5220751  -2.254437582e-20  1.520029027e-18
210.834721  -2.224527564e-20  1.499862535e-18
211.165279  -2.193382631e-20  1.478863417e-18
211.4779249  -2.164370623e-20  1.459302399e-18
211.7387739  -2.140491215e-20  1.443201978e-18
211.9195339  -2.124115281e-20  1.43216069e-18
212  -2.116870281e-20  1.427275831e-18
212.0804661  -2.109652728e-20  1.422409478e-18
212.2612261  -2.093538619e-20  1.411544722e-18
212.5220751  -2.070525412e-20  1.396028327e-18
212.834721  -2.043312009e-20  1.377679998e-18
213.165279  -2.014970966e-20  1.358571371e-18
213.4779249  -1.988567054e-20  1.340768832e-18
213.7387739  -1.966831572e-20  1.326113929e-18
213.9195339  -1.951924437e-20  1.316062962e-18
214  -1.945328879e-20  1.311615982e-18
214.0804661  -1.938758075e-20  1.307185691e-18
214.2612261  -1.924087071e-20  1.297293933e-18
214.5220751  -1.903132788e-20  1.283165745e-18
214.834721  -1.878350972e-20  1.266456885e-18
215.165279  -1.852538644e-20  1.249053216e-18
215.4779249  -1.828487234e-20  1.232836825e-18
215.7387739  -1.808685842e-20  1.219485961e-18
215.9195339  -1.795103888e-20  1.210328482e-18
216  -1.789094308e-20  1.20627659e-18
216.0804661  -1.783107072e-20  1.202239764e-18
216.2612261  -1.769738282e-20  1.193226009e-18
216.5220751  -1.750642105e-20  1.180350628e-18
216.834721  -1.728055011e-20  1.165121535e-18
217.165279  -1.704525422e-20  1.149256976e-18
217.4779249  -1.682598003e-20  1.134472662e-18
217.7387739  -1.664543072e-20  1.122299329e-18
217.9195339  -1.652157865e-20  1.113948743e-18
218  -1.646677502e-20  1.11025367e-18
218.0804661  -1.64121733e-20  1.106572211e-18
218.2612261  -1.629024735e-20  1.098351492e-18
218.5220751  -1.611607024e-20  1.086607798e-18
218.834721  -1.591002737e-20  1.07271559e-18
219.165279  -1.569535781e-20  1.058241738e-18
219.4779249  -1.549527844e-20  1.044751613e-18
219.7387739  -1.533051423e-20  1.033642573e-18
219.9195339  -1.521747989e-20  1.02602136e-18
220  -1.51674603e-20  1.022648846e-18
220.0804661  -1.511762332e-20  1.019288644e-18
220.2612261  -1.500633101e-20  1.011784886e-18
220.5220751  -1.484732997e-20  1.001064421e-18
220.834721  -1.465921726e-20  9.883811343e-19
221.165279  -1.44632025e-20  9.751650607e-19
221.4779249  -1.428048578e-20  9.628455926e-19
221.7387739  -1.413000186e-20  9.526993844e-19
221.9195339  -1.402675495e-20  9.457380788e-19
222  -1.398106401e-20  9.42657419e-19
222.0804661  -1.393553839e-20  9.395879052e-19
222.2612261  -1.383386845e-20  9.327329245e-19
222.5220751  -1.368860161e-20  9.229384721e-19
222.834721  -1.351671762e-20  9.11349389e-19
223.165279  -1.33375899e-20  8.992719049e-19
223.4779249  -1.31705928e-20  8.880123146e-19
223.7387739  -1.303303948e-20  8.787379374e-19
223.9195339  -1.293865584e-20  8.723742275e-19
224  -1.289688506e-20  8.695578798e-19
224.0804661  -1.285526406e-20  8.66751631e-19
224.2612261  -1.276230924e-20  8.604842573e-19
224.5220751  -1.262948287e-20  8.515285898e-19
224.834721  -1.247230079e-20  8.409307658e-19
225.165279  -1.230847352e-20  8.298848979e-19
225.4779249  -1.215572117e-20  8.195857435e-19
225.7387739  -1.202988673e-20  8.111014989e-19
225.9195339  -1.194353657e-20  8.052794371e-19
226  -1.190531914e-20  8.027026701e-19
226.0804661  -1.186723754e-20  8.001350613e-19
226.2612261  -1.17821831e-20  7.94400362e-19
226.5220751  -1.16606353e-20  7.862051388e-19
226.834721  -1.151678366e-20  7.765061049e-19
227.165279  -1.136683151e-20  7.663957505e-19
227.4779249  -1.12269987e-20  7.569676822e-19
227.7387739  -1.111179425e-20  7.492001524e-19
227.9195339  -1.103273181e-20  7.438694568e-19
228  -1.099773805e-20  7.415100421e-19
228.0804661  -1.096286757e-20  7.391589396e-19
228.2612261  -1.088498117e-20  7.339075369e-19
228.5220751  -1.07736674e-20  7.264023317e-19
228.834721  -1.064191313e-20  7.175189496e-19
229.165279  -1.050455436e-20  7.0825769e-19
229.4779249  -1.037644927e-20  6.99620349e-19
229.7387739  -1.027089535e-20  6.925034958e-19
229.9195339  -1.019844976e-20  6.876189335e-19
230  -1.016638307e-20  6.854568736e-19
230.0804661  -1.013442838e-20  6.833023645e-19
230.2612261  -1.006305109e-20  6.784898318e-19
230.5220751  -9.961031469e-21  6.71611274e-19
230.834721  -9.840264891e-21  6.634687242e-19
231.165279  -9.714345869e-21  6.549787766e-19
231.4779249  -9.596895579e-21  6.470598237e-19
231.7387739  -9.50011038e-21  6.405341912e-19
231.9195339  -9.433677566e-21  6.360550339e-19
232  -9.404270885e-21  6.340723217e-19
232.0804661  -9.37496602e-21  6.320964744e-19
232.2612261  -9.309504467e-21  6.276828032e-19
232.5220751  -9.215932482e-21  6.213738181e-19
232.834721  -9.105154025e-21  6.13904706e-19
233.165279  -8.98963544e-21  6.061159961e-19
233.4779249  -8.88187324e-21  5.988502517e-19
233.7387739  -8.793062107e-21  5.928622616e-19
233.9195339  -8.732097673e-21  5.887518036e-19
234  -8.705110285e-21  5.869322095e-19
234.0804661  -8.67821554e-21  5.851188618e-19
234.2612261  -8.618134856e-21  5.810679896e-19
234.5220751  -8.532247421e-21  5.752771265e-19
234.834721  -8.430555898e-21  5.684206907e-19
235.165279  -8.324500597e-21  5.61270032e-19
235.4779249  -8.22555467e-21  5.545987149e-19
235.7387739  -8.144000868e-21  5.491000421e-19
235.9195339  -8.088013741e-21  5.453251734e-19
236  -8.063228505e-21  5.436540569e-19
236.0804661  -8.038527633e-21  5.419886285e-19
236.2612261  -7.983345275e-21  5.382680205e-19
236.5220751  -7.904453881e-21  5.329488576e-19
236.834721  -7.811036082e-21  5.266502682e-19
237.165279  -7.71359828e-21  5.200806347e-19
237.4779249  -7.622681696e-21  5.139506868e-19
237.7387739  -7.547738197e-21  5.088977063e-19
237.9195339  -7.496285022e-21  5.054285341e-19
238  -7.473505884e-21  5.038926765e-19
238.0804661  -7.45080363e-21  5.023620028e-19
238.2612261  -7.400083881e-21  4.989422811e-19
238.5220751  -7.327566767e-21  4.940528967e-19
238.834721  -7.241688229e-21  4.882626335e-19
239.165279  -7.152103937e-21  4.82222514e-19
239.4779249  -7.068505771e-21  4.765860022e-19
239.7387739  -6.999587968e-21  4.719392974e-19
239.9195339  -6.952268122e-21  4.687488103e-19
240  -6.931317915e-21  4.673362663e-19
240.0804661  -6.910437831e-21  4.659284503e-19
240.2612261  -6.863786914e-21  4.62783065e-19
240.5220751  -6.797082114e-21  4.582855694e-19
240.834721  -6.718078928e-21  4.529588689e-19
241.165279  -6.635657452e-21  4.474016942e-19
241.4779249  -6.558734895e-21  4.422152779e-19
241.7387739  -6.49531413e-21  4.379392046e-19
241.9195339  -6.4517653e-21  4.35002974e-19
242  -6.43248379e-21  4.3370294e-19
242.0804661  -6.413266285e-21  4.324072214e-19
242.2612261  -6.370328023e-21  4.295121577e-19
242.5220751  -6.308927187e-21  4.253722759e-19
242.834721  -6.236198713e-21  4.204686408e-19
243.165279  -6.160315098e-21  4.153522739e-19
243.4779249  -6.089486444e-21  4.105767321e-19
243.7387739  -6.031084255e-21  4.066390306e-19
243.9195339  -5.990978498e-21  4.039349453e-19
244  -5.973220642e-21  4.027376419e-19
244.0804661  -5.955521251e-21  4.015442805e-19
244.2612261  -5.915973212e-21  3.988777988e-19
244.5220751  -5.859416109e-21  3.950645001e-19
244.834721  -5.792418495e-21  3.905472618e-19
245.165279  -5.722506798e-21  3.858335447e-19
245.4779249  -5.657245203e-21  3.814333556e-19
245.7387739  -5.603428199e-21  3.77804805e-19
245.9195339  -5.566468438e-21  3.753128349e-19
246  -5.550102839e-21  3.742094029e-19
246.0804661  -5.533790684e-21  3.731095744e-19
246.2612261  -5.497340744e-21  3.706519784e-19
246.5220751  -5.445210362e-21  3.671371464e-19
246.834721  -5.383450777e-21  3.629730762e-19
247.165279  -5.318998079e-21  3.586274261e-19
247.4779249  -5.258825997e-21  3.545703915e-19
247.7387739  -5.209201297e-21  3.512245022e-19
247.9195339  -5.175118199e-21  3.48926488e-19
248  -5.160025726e-21  3.47908895e-19
248.0804661  -5.144982142e-21  3.468945984e-19
248.2612261  -5.111365418e-21  3.446280288e-19
248.5220751  -5.063283609e-21  3.413861673e-19
248.834721  -5.006315093e-21  3.375451296e-19
249.165279  -4.946856161e-21  3.335361784e-19
249.4779249  -4.891340386e-21  3.2979309e-19
249.7387739  -4.845551547e-21  3.267058294e-19
249.9195339  -4.814100739e-21  3.245852943e-19
250  -4.800173292e-21  3.236462519e-19
250.0804661  -4.786290601e-21  3.227102272e-19
250.2612261  -4.755266728e-21  3.206184777e-19
250.5220751  -4.710890308e-21  3.176264478e-19
250.834721  -4.658307187e-21  3.140810903e-19
251.165279  -4.603419706e-21  3.10380364e-19
251.4779249  -4.552166946e-21  3.069247047e-19
251.7387739  -4.509890332e-21  3.040742519e-19
251.9195339  -4.480849912e-21  3.021162344e-19
252  -4.467989329e-21  3.012491242e-19
252.0804661  -4.455169746e-21  3.003847783e-19
252.2612261  -4.426520434e-21  2.984531308e-19
252.5220751  -4.385537709e-21  2.95689917e-19
252.834721  -4.336971493e-21  2.924153948e-19
253.165279  -4.286271809e-21  2.88997026e-19
253.4779249  -4.238924736e-21  2.858047032e-19
253.7387739  -4.199866271e-21  2.831712304e-19
253.9195339  -4.173034587e-21  2.813621344e-19
254  -4.16115166e-21  2.805609416e-19
254.0804661  -4.149306319e-21  2.797622828e-19
254.2612261  -4.12283317e-21  2.779773607e-19
254.5220751  -4.084960833e-21  2.754238613e-19
254.834721  -4.040076552e-21  2.723975894e-19
255.165279  -3.99321587e-21  2.69238061e-19
255.4779249  -3.949449579e-21  2.662871683e-19
255.7387739  -3.913341843e-21  2.638526451e-19
255.9195339  -3.888535509e-21  2.621801061e-19
256  -3.877549106e-21  2.614393603e-19
256.0804661  -3.86659718e-21  2.607009391e-19
256.2612261  -3.842119745e-21  2.590505758e-19
256.5220751  -3.807100094e-21  2.566894154e-19
256.834721  -3.76559302e-21  2.538908479e-19
257.165279  -3.722253996e-21  2.509687633e-19
257.4779249  -3.681772846e-21  2.482393675e-19
257.7387739  -3.64837248e-21  2.459873856e-19
257.9195339  -3.625424594e-21  2.444401504e-19
258  -3.61526087e-21  2.437548728e-19
258.0804661  -3.605128796e-21  2.430717292e-19
258.2612261  -3.582482826e-21  2.415448503e-19
258.5220751  -3.550081274e-21  2.393602123e-19
258.834721  -3.511673986e-21  2.367706444e-19
259.165279  -3.471567679e-21  2.340665221e-19
259.4779249  -3.434102458e-21  2.315404719e-19
259.7387739  -3.403187832e-21  2.294560883e-19
259.9195339  -3.381946385e-21  2.280239077e-19
260  -3.372538083e-21  2.273895636e-19
260.0804661  -3.363158855e-21  2.267571797e-19
260.2612261  -3.342194736e-21  2.253436978e-19
260.5220751  -3.312197586e-21  2.233211739e-19
260.834721  -3.276637337e-21  2.209235643e-19
261.165279  -3.239500477e-21  2.184196535e-19
261.4779249  -3.204805859e-21  2.160804082e-19
261.7387739  -3.176174992e-21  2.141500044e-19
261.9195339  -3.156501436e-21  2.128235371e-19
262  -3.147787253e-21  2.122359932e-19
262.0804661  -3.139099793e-21  2.116502511e-19
262.2612261  -3.119681148e-21  2.103409709e-19
262.5220751  -3.091893589e-21  2.084674262e-19
262.834721  -3.058949948e-21  2.062462385e-19
263.165279  -3.024542479e-21  2.039263538e-19
263.4779249  -2.992394751e-21  2.017588296e-19
263.7387739  -2.96586343e-21  1.999699853e-19
263.9195339  -2.9476314e-21  1.987407113e-19
264  -2.93955542e-21  1.981961975e-19
264.0804661  -2.931504018e-21  1.976533409e-19
264.2612261  -2.913506442e-21  1.964398747e-19
264.5220751  -2.887750757e-21  1.947033267e-19
264.834721  -2.857213489e-21  1.926443861e-19
265.165279  -2.825316373e-21  1.904937591e-19
265.4779249  -2.79551138e-21  1.884841912e-19
265.7387739  -2.770911486e-21  1.868255712e-19
265.9195339  -2.754005646e-21  1.85685714e-19
266  -2.74651683e-21  1.851807891e-19
266.0804661  -2.739050634e-21  1.846773892e-19
266.2612261  -2.722360569e-21  1.835520805e-19
266.5220751  -2.698474518e-21  1.819415906e-19
266.834721  -2.670151683e-21  1.800319554e-19
267.165279  -2.640564916e-21  1.780371012e-19
267.4779249  -2.612916227e-21  1.761729196e-19
267.7387739  -2.59009422e-21  1.746341716e-19
267.9195339  -2.574409226e-21  1.735766287e-19
268  -2.567460957e-21  1.731081494e-19
268.0804661  -2.560533517e-21  1.726410747e-19
268.2612261  -2.545047233e-21  1.715969295e-19
268.5220751  -2.522882607e-21  1.701025047e-19
268.834721  -2.496598843e-21  1.683303516e-19
269.165279  -2.469139682e-21  1.664789487e-19
269.4779249  -2.443476934e-21  1.64748667e-19
269.7387739  -2.422292492e-21  1.6332033e-19
269.9195339  -2.407732065e-21  1.623386097e-19
270  -2.401281731e-21  1.619037032e-19
270.0804661  -2.394850593e-21  1.61470091e-19
270.2612261  -2.380473271e-21  1.605007163e-19
270.5220751  -2.359894586e-21  1.591132218e-19
270.834721  -2.335489573e-21  1.574677414e-19
271.165279  -2.309990927e-21  1.55748524e-19
271.4779249  -2.286158334e-21  1.541416385e-19
271.7387739  -2.266483132e-21  1.528150602e-19
271.9195339  -2.252959215e-21  1.519032254e-19
272  -2.246967847e-21  1.514992642e-19
272.0804661  -2.240994177e-21  1.510964963e-19
272.2612261  -2.227639089e-21  1.501960446e-19
272.5220751  -2.208522409e-21  1.489071241e-19
272.834721  -2.185849479e-21  1.473784275e-19
273.165279  -2.162158473e-21  1.457810881e-19
273.4779249  -2.140013487e-21  1.442879876e-19
273.7387739  -2.121730091e-21  1.430552502e-19
273.9195339  -2.109162097e-21  1.422078675e-19
274  -2.103594026e-21  1.418324466e-19
274.0804661  -2.098042284e-21  1.414581267e-19
274.2612261  -2.085630046e-21  1.406212456e-19
274.5220751  -2.067861929e-21  1.394232504e-19
274.834721  -2.046786817e-21  1.380022848e-19
275.165279  -2.024763486e-21  1.365173867e-19
275.4779249  -2.004175586e-21  1.351292708e-19
275.7387739  -1.987176459e-21  1.339831239e-19
275.9195339  -1.975490587e-21  1.331952172e-19
276  -1.970313149e-21  1.328461343e-19
276.0804661  -1.965150784e-21  1.324980677e-19
276.2612261  -1.953608693e-21  1.317198553e-19
276.5220751  -1.937085228e-21  1.306057794e-19
276.834721  -1.917484943e-21  1.292842523e-19
277.165279  -1.897001064e-21  1.279031499e-19
277.4779249  -1.877850662e-21  1.266119557e-19
277.7387739  -1.862037269e-21  1.255457556e-19
277.9195339  -1.851165891e-21  1.248127652e-19
278  -1.846349151e-21  1.24488002e-19
278.0804661  -1.841546333e-21  1.241641774e-19
278.2612261  -1.830807757e-21  1.234401411e-19
278.5220751  -1.81543371e-21  1.224035634e-19
278.834721  -1.797195516e-21  1.211738738e-19
279.165279  -1.778133544e-21  1.198886419e-19
279.4779249  -1.760311003e-21  1.186869773e-19
279.7387739  -1.745592999e-21  1.176946325e-19
279.9195339  -1.735474102e-21  1.170123773e-19
280  -1.730990611e-21  1.16710083e-19
280.0804661  -1.726519985e-21  1.164086561e-19
280.2612261  -1.716523822e-21  1.157346761e-19
280.5220751  -1.70221185e-21  1.147697076e-19
280.834721  -1.685232348e-21  1.136248839e-19
281.165279  -1.667484462e-21  1.124282528e-19
281.4779249  -1.650889204e-21  1.113093363e-19
281.7387739  -1.637183701e-21  1.103852583e-19
281.9195339  -1.627760389e-21  1.097499021e-19
282  -1.623584959e-21  1.094683785e-19
282.0804661  -1.619421427e-21  1.09187657e-19
282.2612261  -1.610111606e-21  1.085599529e-19
282.5220751  -1.596781557e-21  1.076611895e-19
282.834721  -1.580965851e-21  1.065948334e-19
283.165279  -1.564433089e-21  1.054801306e-19
283.4779249  -1.548972789e-21  1.044377374e-19
283.7387739  -1.536203695e-21  1.035767956e-19
283.9195339  -1.527423731e-21  1.029848165e-19
284  -1.52353324e-21  1.027225045e-19
284.0804661  -1.519653756e-21  1.024609347e-19
284.2612261  -1.510978794e-21  1.018760353e-19
284.5220751  -1.498557073e-21  1.010385147e-19
284.834721  -1.483818018e-21  1.000447506e-19
285.165279  -1.46840949e-21  9.900584808e-20
285.4779249  -1.453999349e-21  9.803426065e-20
285.7387739  -1.442096767e-21  9.723174249e-20
285.9195339  -1.433912166e-21  9.667990505e-20
286  -1.430285369e-21  9.643537237e-20
286.0804661  -1.426668762e-21  9.619152673e-20
286.2612261  -1.418581363e-21  9.564624302e-20
286.5220751  -1.407000347e-21  9.486540611e-20
286.834721  -1.393257869e-21  9.393883509e-20
287.165279  -1.378890054e-21  9.29701014e-20
287.4779249  -1.365452137e-21  9.20640651e-20
287.7387739  -1.354351823e-21  9.131563896e-20
287.9195339  -1.346718478e-21  9.080096929e-20
288  -1.343335848e-21  9.057289932e-20
288.0804661  -1.339962656e-21  9.034546568e-20
288.2612261  -1.33241934e-21  8.983686613e-20
288.5220751  -1.321616863e-21  8.910852136e-20
288.834721  -1.308797341e-21  8.824417959e-20
289.165279  -1.295393439e-21  8.734043667e-20
289.4779249  -1.28285608e-21  8.649511939e-20
289.7387739  -1.272498951e-21  8.579680171e-20
289.9195339  -1.265376294e-21  8.531656463e-20
290  -1.262219872e-21  8.510374641e-20
290.0804661  -1.259072195e-21  8.489151787e-20
290.2612261  -1.252032968e-21  8.441690598e-20
290.5220751  -1.241951846e-21  8.37371977e-20
290.834721  -1.229987551e-21  8.293051869e-20
291.165279  -1.217476905e-21  8.208700253e-20
291.4779249  -1.20577416e-21  8.129795815e-20
291.7387739  -1.196105849e-21  8.064608326e-20
291.9195339  -1.189456549e-21  8.019776171e-20
292  -1.186509804e-21  7.99990808e-20
292.0804661  -1.183571169e-21  7.980094664e-20
292.2612261  -1.176999224e-21  7.935784068e-20
292.5220751  -1.167586822e-21  7.872322015e-20
292.834721  -1.156415413e-21  7.797000055e-20
293.165279  -1.144732978e-21  7.718232555e-20
293.4779249  -1.133804136e-21  7.644546075e-20
293.7387739  -1.124774586e-21  7.583665357e-20
293.9195339  -1.118564268e-21  7.54179299e-20
294  -1.115811982e-21  7.523236011e-20
294.0804661  -1.113067218e-21  7.504729752e-20
294.2612261  -1.106928659e-21  7.463341216e-20
294.5220751  -1.098136507e-21  7.404061122e-20
294.834721  -1.087700566e-21  7.333697972e-20
295.165279  -1.076786429e-21  7.260110638e-20
295.4779249  -1.066575566e-21  7.191265051e-20
295.7387739  -1.058138662e-21  7.134380178e-20
295.9195339  -1.052335656e-21  7.095254071e-20
296  -1.049763805e-21  7.077913657e-20
296.0804661  -1.047198936e-21  7.060620319e-20
296.2612261  -1.041462534e-21  7.021943274e-20
296.5220751  -1.033245966e-21  6.966543997e-20
296.834721  -1.023492582e-21  6.900782909e-20
297.165279  -1.013291528e-21  6.832003458e-20
297.4779249  -1.0037471e-21  6.767651229e-20
297.7387739  -9.95860334e-22  6.714475602e-20
297.9195339  -9.904354482e-22  6.677898923e-20
298  -9.880311059e-22  6.661687917e-20
298.0804661  -9.856332471e-22  6.645520625e-20
298.2612261  -9.802702088e-22  6.609360947e-20
298.5220751  -9.72588048e-22  6.557564847e-20
298.834721  -9.634684349e-22  6.496076888e-20
299.165279  -9.539295498e-22  6.431762035e-20
299.4779249  -9.450040215e-22  6.37158267e-20
299.7387739  -9.37628191e-22  6.321851968e-20
299.9195339  -9.325544994e-22  6.287643176e-20
300  -9.303057426e-22  6.272481188e-20
300.0804661  -9.280630094e-22  6.257359813e-20
300.2612261  -9.230467779e-22  6.22353844e-20
300.5220751  -9.158610385e-22  6.175089405e-20
300.834721  -9.073301897e-22  6.117571123e-20
301.165279  -8.98406499e-22  6.057404148e-20
301.4779249  -8.900560114e-22  6.00110193e-20
301.7387739  -8.831549414e-22  5.954572247e-20
301.9195339  -8.784075965e-22  5.922563811e-20
302  -8.76303422e-22  5.908376653e-20
302.0804661  -8.742048466e-22  5.894227245e-20
302.2612261  -8.695109119e-22  5.862578922e-20
302.5220751  -8.627865347e-22  5.81724057e-20
302.834721  -8.548029079e-22  5.76341187e-20
303.165279  -8.46451049e-22  5.707100406e-20
303.4779249  -8.386351116e-22  5.654402333e-20
303.7387739  -8.321754034e-22  5.610848481e-20
303.9195339  -8.277314632e-22  5.580885718e-20
304  -8.257617114e-22  5.567604888e-20
304.0804661  -8.237971663e-22  5.554359166e-20
304.2612261  -8.194028959e-22  5.524731295e-20
304.5220751  -8.131075058e-22  5.48228534e-20
304.834721  -8.056327359e-22  5.431887549e-20
305.165279  -7.978126592e-22  5.379161567e-20
305.4779249  -7.904938718e-22  5.329815471e-20
305.7387739  -7.844446733e-22  5.289029435e-20
305.9195339  -7.802829442e-22  5.260969448e-20
306  -7.78438229e-22  5.248531664e-20
306.0804661  -7.765983583e-22  5.236126544e-20
306.2612261  -7.724828423e-22  5.208378143e-20
306.5220751  -7.665865267e-22  5.168622903e-20
306.834721  -7.59585164e-22  5.121417007e-20
307.165279  -7.522598606e-22  5.072026978e-20
307.4779249  -7.454036595e-22  5.025799818e-20
307.7387739  -7.397364564e-22  4.987589343e-20
307.9195339  -7.358373496e-22  4.961300056e-20
308  -7.341089955e-22  4.949646824e-20
308.0804661  -7.323851508e-22  4.938023996e-20
308.2612261  -7.285290612e-22  4.912024749e-20
308.5220751  -7.230041685e-22  4.874773785e-20
308.834721  -7.164434405e-22  4.830538819e-20
309.165279  -7.095786933e-22  4.784254038e-20
309.4779249  -7.031531198e-22  4.740930335e-20
309.7387739  -6.978415449e-22  4.705117643e-20
309.9195339  -6.941869453e-22  4.680476918e-20
310  -6.925669293e-22  4.669554144e-20
310.0804661  -6.90951113e-22  4.658659685e-20
310.2612261  -6.873365743e-22  4.634289067e-20
310.5220751  -6.821575299e-22  4.599369946e-20
310.834721  -6.760071235e-22  4.557901527e-20
311.165279  -6.695712807e-22  4.514508586e-20
311.4779249  -6.635467696e-22  4.473889001e-20
311.7387739  -6.585664286e-22  4.440309616e-20
311.9195339  -6.551395759e-22  4.417204449e-20
312  -6.536204748e-22  4.406962082e-20
312.0804661  -6.521052865e-22  4.396746096e-20
312.2612261  -6.487157588e-22  4.373892589e-20
312.5220751  -6.438588969e-22  4.341145748e-20
312.834721  -6.380907598e-22  4.302254736e-20
313.165279  -6.32054528e-22  4.261556126e-20
313.4779249  -6.264037146e-22  4.223456156e-20
313.7387739  -6.217320274e-22  4.191957834e-20
313.9195339  -6.185174067e-22  4.170283618e-20
314  -6.170923486e-22  4.160675325e-20
314.0804661  -6.156709378e-22  4.151091623e-20
314.2612261  -6.124911086e-22  4.129651985e-20
314.5220751  -6.079345195e-22  4.098929699e-20
314.834721  -6.025226785e-22  4.062440973e-20
315.165279  -5.968589332e-22  4.024253811e-20
315.4779249  -5.91556477e-22  3.988502601e-20
315.7387739  -5.871725324e-22  3.95894435e-20
315.9195339  -5.841557748e-22  3.938604203e-20
316  -5.828183952e-22  3.929587073e-20
316.0804661  -5.814844167e-22  3.920592874e-20
316.2612261  -5.785001037e-22  3.900471481e-20
316.5220751  -5.742234927e-22  3.871636915e-20
316.834721  -5.69143888e-22  3.837388255e-20
317.165279  -5.638275007e-22  3.801543116e-20
317.4779249  -5.588499245e-22  3.767982372e-20
317.7387739  -5.547343471e-22  3.740233557e-20
317.9195339  -5.519021383e-22  3.72113771e-20
318  -5.506465397e-22  3.712671978e-20
318.0804661  -5.493941141e-22  3.70422764e-20
318.2612261  -5.465921746e-22  3.68533588e-20
318.5220751  -5.425767344e-22  3.658262229e-20
318.834721  -5.378070677e-22  3.626103291e-20
319.165279  -5.328147482e-22  3.592443142e-20
319.4779249  -5.281402899e-22  3.560926136e-20
319.7387739  -5.24275119e-22  3.534865658e-20
319.9195339  -5.216151163e-22  3.516930891e-20
320  -5.204358312e-22  3.508979695e-20
320.0804661  -5.192595077e-22  3.501048467e-20
320.2612261  -5.166277571e-22  3.483304186e-20
320.5220751  -5.1285605e-22  3.457873878e-20
320.834721  -5.083756456e-22  3.427665258e-20
321.165279  -5.036857967e-22  3.396044483e-20
321.4779249  -4.992942752e-22  3.366435146e-20
321.7387739  -4.956628534e-22  3.341950695e-20
321.9195339  -4.931636089e-22  3.325099822e-20
322  -4.920555662e-22  3.31762897e-20
322.0804661  -4.90950289e-22  3.310176764e-20
322.2612261  -4.884774253e-22  3.29350376e-20
322.5220751  -4.849332762e-22  3.269607735e-20
322.834721  -4.807229541e-22  3.241220115e-20
323.165279  -4.763155393e-22  3.21150362e-20
323.4779249  -4.721882301e-22  3.183675704e-20
323.7387739  -4.687751015e-22  3.160663071e-20
323.9195339  -4.664259928e-22  3.144824472e-20
324  -4.653844869e-22  3.137802236e-20
324.0804661  -4.643455643e-22  3.130797418e-20
324.2612261  -4.620210993e-22  3.115124976e-20
324.5220751  -4.58689497e-22  3.092662024e-20
324.834721  -4.547314562e-22  3.065975382e-20
325.165279  -4.505878782e-22  3.038037776e-20
325.4779249  -4.467074006e-22  3.011874095e-20
325.7387739  -4.434982175e-22  2.990236542e-20
325.9195339  -4.412893832e-22  2.975343726e-20
326  -4.403100453e-22  2.968740651e-20
326.0804661  -4.393331218e-22  2.962153855e-20
326.2612261  -4.371473181e-22  2.947416321e-20
326.5220751  -4.340143252e-22  2.926292471e-20
326.834721  -4.302920368e-22  2.901195363e-20
327.165279  -4.263950264e-22  2.874920211e-20
327.4779249  -4.227452395e-22  2.850311936e-20
327.7387739  -4.197266769e-22  2.829959619e-20
327.9195339  -4.176489579e-22  2.815950834e-20
328  -4.167277305e-22  2.809739562e-20
328.0804661  -4.158087603e-22  2.80354351e-20
328.2612261  -4.137525735e-22  2.789679903e-20
328.5220751  -4.108052437e-22  2.769807865e-20
328.834721  -4.073033533e-22  2.746196765e-20
329.165279  -4.036368667e-22  2.721475895e-20
329.4779249  -4.002027744e-22  2.698321916e-20
329.7387739  -3.973624513e-22  2.679171359e-20
329.9195339  -3.954073371e-22  2.665989223e-20
330  -3.945404498e-22  2.660144333e-20
330.0804661  -3.936756737e-22  2.654313678e-20
330.2612261  -3.917406989e-22  2.64126733e-20
330.5220751  -3.889670011e-22  2.622565986e-20
330.834721  -3.856712387e-22  2.600344681e-20
331.165279  -3.822203646e-22  2.577077553e-20
331.4779249  -3.789880277e-22  2.555283887e-20
331.7387739  -3.763144353e-22  2.537257493e-20
331.9195339  -3.744740145e-22  2.524848664e-20
332  -3.736579622e-22  2.519346523e-20
332.0804661  -3.728438853e-22  2.513857702e-20
332.2612261  -3.710223088e-22  2.501575929e-20
332.5220751  -3.684110573e-22  2.483969861e-20
332.834721  -3.653081549e-22  2.463048893e-20
333.165279  -3.620590279e-22  2.441142022e-20
333.4779249  -3.590154844e-22  2.420621274e-20
333.7387739  -3.564979197e-22  2.403646879e-20
333.9195339  -3.547648345e-22  2.391961748e-20
334  -3.539963572e-22  2.386780377e-20
334.0804661  -3.532297291e-22  2.381611474e-20
334.2612261  -3.515142835e-22  2.370045276e-20
334.5220751  -3.490550742e-22  2.353464336e-20
334.834721  -3.461326901e-22  2.333760492e-20
335.165279  -3.430724118e-22  2.313126911e-20
335.4779249  -3.402056026e-22  2.293797775e-20
335.7387739  -3.378341079e-22  2.27780824e-20
335.9195339  -3.362015125e-22  2.26680065e-20
336  -3.354775771e-22  2.261919598e-20
336.0804661  -3.347553733e-22  2.257050221e-20
336.2612261  -3.331392963e-22  2.246154005e-20
336.5220751  -3.308224477e-22  2.230532915e-20
336.834721  -3.280690968e-22  2.211968758e-20
337.165279  -3.251856631e-22  2.192527533e-20
337.4779249  -3.224843648e-22  2.174314335e-20
337.7387739  -3.202496715e-22  2.159247168e-20
337.9195339  -3.187111936e-22  2.148874155e-20
338  -3.180289767e-22  2.144274384e-20
338.0804661  -3.173483819e-22  2.139685551e-20
338.2612261  -3.158253785e-22  2.129416873e-20
338.5220751  -3.136418778e-22  2.114694867e-20
338.834721  -3.110468675e-22  2.097198303e-20
339.165279  -3.08329102e-22  2.078874077e-20
339.4779249  -3.057828641e-22  2.061706356e-20
339.7387739  -3.036763415e-22  2.047503366e-20
339.9195339  -3.022260472e-22  2.03772492e-20
340  -3.015829193e-22  2.033388704e-20
340.0804661  -3.009413118e-22  2.029062738e-20
340.2612261  -2.995055195e-22  2.019382071e-20
340.5220751  -2.974469729e-22  2.005502553e-20
340.834721  -2.950003441e-22  1.989006435e-20
341.165279  -2.924378366e-22  1.971729018e-20
341.4779249  -2.900369243e-22  1.955541139e-20
341.7387739  -2.880505325e-22  1.942148117e-20
341.9195339  -2.866828934e-22  1.932926965e-20
342  -2.860764051e-22  1.928837787e-20
342.0804661  -2.854713421e-22  1.924758218e-20
342.2612261  -2.841172991e-22  1.915628736e-20
342.5220751  -2.821758857e-22  1.902538976e-20
342.834721  -2.798683589e-22  1.886980738e-20
343.165279  -2.774514087e-22  1.870684724e-20
343.4779249  -2.751867502e-22  1.855415521e-20
343.7387739  -2.73312996e-22  1.842781945e-20
343.9195339  -2.7202286e-22  1.834083349e-20
344  -2.714507282e-22  1.830225815e-20
344.0804661  -2.708799332e-22  1.826377295e-20
344.2612261  -2.696025486e-22  1.817764673e-20
344.5220751  -2.677709785e-22  1.805415519e-20
344.834721  -2.655939037e-22  1.790736839e-20
345.165279  -2.633134674e-22  1.775361255e-20
345.4779249  -2.611766051e-22  1.760953703e-20
345.7387739  -2.594085027e-22  1.749032473e-20
345.9195339  -2.581910658e-22  1.740824042e-20
346  -2.576511618e-22  1.7371838e-20
346.0804661  -2.571125119e-22  1.733552015e-20
346.2612261  -2.559070387e-22  1.725424247e-20
346.5220751  -2.541785143e-22  1.713769867e-20
346.834721  -2.521238249e-22  1.699916357e-20
347.165279  -2.499714688e-22  1.685404339e-20
347.4779249  -2.479545146e-22  1.671805254e-20
347.7387739  -2.462855479e-22  1.660552435e-20
347.9195339  -2.451363293e-22  1.652803958e-20
348  -2.446266673e-22  1.64936762e-20
348.0804661  -2.441181825e-22  1.645939219e-20
348.2612261  -2.429801925e-22  1.63826645e-20
348.5220751  -2.413483724e-22  1.627264088e-20
348.834721  -2.39408543e-22  1.614185007e-20
349.165279  -2.373763985e-22  1.600483503e-20
349.4779249  -2.354719925e-22  1.587643261e-20
349.7387739  -2.338960815e-22  1.57701786e-20
349.9195339  -2.328108998e-22  1.569701145e-20
350  -2.32329627e-22  1.566456217e-20
350.0804661  -2.318494593e-22  1.563218742e-20
350.2612261  -2.307748203e-22  1.555973109e-20
350.5220751  -2.292337865e-22  1.545582864e-20
350.834721  -2.274017935e-22  1.533230858e-20
351.165279  -2.254825165e-22  1.52029035e-20
351.4779249  -2.236837889e-22  1.508162633e-20
351.7387739  -2.22195258e-22  1.498126382e-20
351.9195339  -2.2117021e-22  1.491215111e-20
352  -2.207155965e-22  1.488149931e-20
352.0804661  -2.202620211e-22  1.48509175e-20
352.2612261  -2.192468752e-22  1.478247244e-20
352.5220751  -2.177911026e-22  1.468431862e-20
352.834721  -2.160603885e-22  1.456762718e-20
353.165279  -2.142471215e-22  1.444536971e-20
353.4779249  -2.125476573e-22  1.433078526e-20
353.7387739  -2.111412066e-22  1.423595691e-20
353.9195339  -2.101726471e-22  1.417065288e-20
354  -2.097430775e-22  1.414168964e-20
354.0804661  -2.093144833e-22  1.411279216e-20
354.2612261  -2.083552276e-22  1.404811543e-20
354.5220751  -2.069795559e-22  1.395536232e-20
354.834721  -2.053439957e-22  1.384508653e-20
355.165279  -2.036303334e-22  1.372954478e-20
355.4779249  -2.020241401e-22  1.362124902e-20
355.7387739  -2.006948183e-22  1.3531621e-20
355.9195339  -1.997793419e-22  1.346989604e-20
356  -1.99373307e-22  1.344251959e-20
356.0804661  -1.989681888e-22  1.341520496e-20
356.2612261  -1.980614571e-22  1.33540696e-20
356.5220751  -1.967610648e-22  1.326639212e-20
356.834721  -1.952149355e-22  1.31621461e-20
357.165279  -1.935948922e-22  1.305291652e-20
357.4779249  -1.920763699e-22  1.295053187e-20
357.7387739  -1.908195499e-22  1.28657922e-20
357.9195339  -1.899539738e-22  1.280743172e-20
358  -1.89570063e-22  1.278154697e-20
358.0804661  -1.891870141e-22  1.275572033e-20
358.2612261  -1.883296603e-22  1.269791421e-20
358.5220751  -1.871000407e-22  1.261500851e-20
358.834721  -1.856379926e-22  1.251643157e-20
359.165279  -1.841059732e-22  1.241313689e-20
359.4779249  -1.826698867e-22  1.231631038e-20
359.7387739  -1.814812423e-22  1.223616739e-20
359.9195339  -1.80662591e-22  1.218097075e-20
360  -1.802994855e-22  1.215648877e-20
360.0804661  -1.799371906e-22  1.213206144e-20
360.2612261  -1.791262727e-22  1.207738622e-20
360.5220751  -1.77963212e-22  1.199896817e-20
360.834721  -1.765802427e-22  1.190572303e-20
361.165279  -1.751310147e-22  1.180801048e-20
361.4779249  -1.73772468e-22  1.1716412e-20
361.7387739  -1.726479534e-22  1.164059288e-20
361.9195339  -1.718734437e-22  1.158837244e-20
362  -1.715299099e-22  1.156521006e-20
362.0804661  -1.711871388e-22  1.154209911e-20
362.2612261  -1.704199053e-22  1.149036925e-20
362.5220751  -1.693194618e-22  1.14161731e-20
362.834721  -1.680108918e-22  1.132794425e-20
363.165279  -1.666395603e-22  1.123548377e-20
363.4779249  -1.653539728e-22  1.114880449e-20
363.7387739  -1.642898026e-22  1.107705402e-20
363.9195339  -1.635568305e-22  1.10276342e-20
364  -1.632317142e-22  1.10057136e-20
364.0804661  -1.629073158e-22  1.098384141e-20
364.2612261  -1.62181192e-22  1.093488333e-20
364.5220751  -1.611396773e-22  1.086466039e-20
364.834721  -1.599011276e-22  1.078115257e-20
365.165279  -1.586031116e-22  1.069363531e-20
365.4779249  -1.573861965e-22  1.061158618e-20
365.7387739  -1.563788276e-22  1.054366548e-20
365.9195339  -1.556849557e-22  1.049688195e-20
366  -1.553771767e-22  1.04761303e-20
366.0804661  -1.550700735e-22  1.045542422e-20
366.2612261  -1.543826494e-22  1.040907542e-20
366.5220751  -1.533966109e-22  1.034259289e-20
366.834721  -1.522239821e-22  1.026352972e-20
367.165279  -1.509949929e-22  1.018066652e-20
367.4779249  -1.498427366e-22  1.010297694e-20
367.7387739  -1.488888519e-22  1.003866234e-20
367.9195339  -1.482317981e-22  9.994361235e-21
368  -1.479403447e-22  9.974710318e-21
368.0804661  -1.476495278e-22  9.955102322e-21
368.2612261  -1.469985466e-22  9.91121065e-21
368.5220751  -1.460647512e-22  9.848250548e-21
368.834721  -1.449542043e-22  9.773373184e-21
369.165279  -1.437902257e-22  9.694893243e-21
369.4779249  -1.426988691e-22  9.621309758e-21
369.7387739  -1.417953615e-22  9.560391782e-21
369.9195339  -1.411729882e-22  9.518428965e-21
370  -1.408969129e-22  9.499814901e-21
370.0804661  -1.406214374e-22  9.481241274e-21
370.2612261  -1.400047851e-22  9.439664196e-21
370.5220751  -1.391202041e-22  9.380022318e-21
370.834721  -1.380681428e-22  9.309088281e-21
371.165279  -1.369654119e-22  9.234737898e-21
371.4779249  -1.359314332e-22  9.165023048e-21
371.7387739  -1.350753915e-22  9.10730541e-21
371.9195339  -1.344856957e-22  9.067545839e-21
372  -1.342241107e-22  9.049908766e-21
372.0804661  -1.339630909e-22  9.032309803e-21
372.2612261  -1.333787869e-22  8.992913762e-21
372.5220751  -1.32540582e-22  8.936398749e-21
372.834721  -1.315436362e-22  8.869180803e-21
373.165279  -1.304986265e-22  8.798722209e-21
373.4779249  -1.295187247e-22  8.732653439e-21
373.7387739  -1.287074204e-22  8.677952164e-21
373.9195339  -1.281485248e-22  8.640269258e-21
374  -1.279005978e-22  8.623553065e-21
374.0804661  -1.276532037e-22  8.606872799e-21
374.2612261  -1.27099391e-22  8.569532602e-21
374.5220751  -1.263049019e-22  8.515965071e-21
374.834721  -1.253599119e-22  8.452250191e-21
375.165279  -1.243693173e-22  8.385460474e-21
375.4779249  -1.234403977e-22  8.32282912e-21
375.7387739  -1.226712724e-22  8.270971714e-21
375.9195339  -1.221414165e-22  8.235246783e-21
376  -1.219063673e-22  8.219398856e-21
376.0804661  -1.216718206e-22  8.203584809e-21
376.2612261  -1.21146758e-22  8.168183059e-21
376.5220751  -1.203934897e-22  8.117394797e-21
376.834721  -1.194974927e-22  8.056983208e-21
377.165279  -1.185582126e-22  7.993653315e-21
377.4779249  -1.176773726e-22  7.934263673e-21
377.7387739  -1.169480266e-22  7.885088344e-21
377.9195339  -1.164455594e-22  7.85121006e-21
378  -1.162226559e-22  7.836181048e-21
378.0804661  -1.160002265e-22  7.821183994e-21
378.2612261  -1.155022808e-22  7.787610572e-21
378.5220751  -1.14787893e-22  7.739443783e-21
378.834721  -1.139381093e-22  7.682148076e-21
379.165279  -1.130472349e-22  7.622081878e-21
379.4779249  -1.122117512e-22  7.565750338e-21
379.7387739  -1.115199331e-22  7.519105285e-21
379.9195339  -1.110433053e-22  7.486969191e-21
380  -1.108318608e-22  7.472712785e-21
380.0804661  -1.106208635e-22  7.458486536e-21
380.2612261  -1.101485023e-22  7.426638111e-21
380.5220751  -1.094707988e-22  7.380944721e-21
380.834721  -1.0866462e-22  7.326589026e-21
381.165279  -1.078194213e-22  7.269602462e-21
381.4779249  -1.070267382e-22  7.216156699e-21
381.7387739  -1.063703348e-22  7.171899446e-21
381.9195339  -1.059180921e-22  7.141407496e-21
382  -1.057174619e-22  7.127880232e-21
382.0804661  -1.055172539e-22  7.114381432e-21
382.2612261  -1.050690384e-22  7.084161011e-21
382.5220751  -1.044259578e-22  7.040802025e-21
382.834721  -1.036609352e-22  6.989221247e-21
383.165279  -1.028588495e-22  6.935141522e-21
383.4779249  -1.021065673e-22  6.88441975e-21
383.7387739  -1.014835947e-22  6.842416527e-21
383.9195339  -1.010543719e-22  6.813476665e-21
384  -1.008639507e-22  6.800637731e-21
384.0804661  -1.006739281e-22  6.787825672e-21
384.2612261  -1.002485077e-22  6.759142181e-21
384.5220751  -9.963811406e-23  6.717987081e-21
384.834721  -9.891194842e-23  6.669026185e-21
385.165279  -9.815056882e-23  6.617691027e-21
385.4779249  -9.743643416e-23  6.569541306e-21
385.7387739  -9.684502893e-23  6.529666477e-21
385.9195339  -9.643754361e-23  6.502192241e-21
386  -9.625676288e-23  6.490003304e-21
386.0804661  -9.607635861e-23  6.477839751e-21
386.2612261  -9.567246448e-23  6.450607646e-21
386.5220751  -9.509293956e-23  6.411533835e-21
386.834721  -9.440347085e-23  6.365047187e-21
387.165279  -9.368053649e-23  6.316304156e-21
387.4779249  -9.300243223e-23  6.270583743e-21
387.7387739  -9.244084373e-23  6.232719274e-21
387.9195339  -9.205389106e-23  6.206629429e-21
388  -9.188221664e-23  6.195054475e-21
388.0804661  -9.171089788e-23  6.183503501e-21
388.2612261  -9.132733795e-23  6.157642407e-21
388.5220751  -9.077697323e-23  6.120534689e-21
388.834721  -9.01221718e-23  6.076385444e-21
389.165279  -8.943555807e-23  6.03009129e-21
389.4779249  -8.879149464e-23  5.986666042e-21
389.7387739  -8.825807761e-23  5.950701002e-21
389.9195339  -8.789052525e-23  5.925919201e-21
390  -8.77274551e-23  5.91492438e-21
390.0804661  -8.756472105e-23  5.903952221e-21
390.2612261  -8.720037488e-23  5.879386593e-21
390.5220751  -8.667756448e-23  5.844136693e-21
390.834721  -8.605552255e-23  5.80219622e-21
391.165279  -8.540323226e-23  5.758216285e-21
391.4779249  -8.479133936e-23  5.716960099e-21
391.7387739  -8.428454707e-23  5.682790203e-21
391.9195339  -8.393533046e-23  5.659244668e-21
392  -8.378039258e-23  5.648798157e-21
392.0804661  -8.362577243e-23  5.638373068e-21
392.2612261  -8.327958658e-23  5.615031879e-21
392.5220751  -8.278282061e-23  5.581537995e-21
392.834721  -8.219174433e-23  5.541685346e-21
393.165279  -8.157189952e-23  5.499893012e-21
393.4779249  -8.099041838e-23  5.460687304e-21
393.7387739  -8.05087963e-23  5.42821448e-21
393.9195339  -8.017691427e-23  5.40583771e-21
394  -8.002966479e-23  5.39590958e-21
394.0804661  -7.988271573e-23  5.386001706e-21
394.2612261  -7.955369947e-23  5.363818157e-21
394.5220751  -7.908155785e-23  5.331984542e-21
394.834721  -7.851976002e-23  5.29410596e-21
395.165279  -7.793059426e-23  5.254382125e-21
395.4779249  -7.737787048e-23  5.21711535e-21
395.7387739  -7.692005032e-23  5.186247343e-21
395.9195339  -7.660456106e-23  5.164975837e-21
396  -7.646458238e-23  5.155537933e-21
396.0804661  -7.632488785e-23  5.146119187e-21
396.2612261  -7.601210911e-23  5.125030435e-21
396.5220751  -7.556325581e-23  5.094767009e-21
396.834721  -7.502914902e-23  5.058755463e-21
397.165279  -7.446900026e-23  5.020988067e-21
397.4779249  -7.394347715e-23  4.985555266e-21
397.7387739  -7.350817136e-23  4.956205266e-21
397.9195339  -7.320818861e-23  4.935979268e-21
398  -7.307508776e-23  4.927005094e-21
398.0804661  -7.294225574e-23  4.918049046e-21
398.2612261  -7.264483738e-23  4.897995949e-21
398.5220751  -7.221801507e-23  4.869217938e-21
398.834721  -7.171010533e-23  4.834972698e-21
399.165279  -7.117740928e-23  4.79905627e-21
399.4779249  -7.06776216e-23  4.765358652e-21
399.7387739  -7.026361826e-23  4.737444945e-21
399.9195339  -6.997830775e-23  4.718208207e-21
