#L=6 M=0
#R     Re(V)   Im(V)

0.08046609183  1.607236033e-09  0
0.2612261349  1.881762717e-06  0
0.5220750502  0.0001199683155  0
0.8347210423  0.002005951938  0
1.165278958  0.01486710331  0
1.47792495  0.06197030291  0
1.738773865  0.1645305803  0
1.919533908  0.2980491296  0
2  0.3812074317  0
2.080466092  0.2882026003  0
2.261226135  0.1577366156  0
2.52207505  0.06690495358  0
2.834721042  0.0162052414  0
3.165278958  -0.01757919133  0
3.47792495  -0.05009333477  0
3.738773865  -0.08502199471  0
3.919533908  -0.1160420838  0
4  -0.1321245169  0
4.080466092  -0.114705686  0
4.261226135  -0.08425624907  0
4.52207505  -0.05509200311  0
4.834721042  -0.03405401606  0
5.165278958  -0.02108723775  0
5.47792495  -0.01373347399  0
5.738773865  -0.009760991622  0
5.919533908  -0.007766451433  0
6  -0.00702913245  0
6.080466092  -0.00636941118  0
6.261226135  -0.005125999227  0
6.52207505  -0.003783832167  0
6.834721042  -0.002667692295  0
7.165278958  -0.001872970499  0
7.47792495  -0.001359348714  0
7.738773865  -0.00105062813  0
7.919533908  -0.0008832473161  0
8  -0.0008186232704  0
8.080466092  -0.0007593091244  0
8.261226135  -0.0006430240581  0
8.52207505  -0.000509168425  0
8.834721042  -0.0003886450142  0
9.165278958  -0.0002952782201  0
9.47792495  -0.0002299243009  0
9.738773865  -0.000187891225  0
9.919533908  -0.0001639314252  0
10  -0.0001544100931  0
10.08046609  -0.0001455198573  0
10.26122613  -0.0001276150592  0
10.52207505  -0.0001060680829  0
10.83472104  -8.555413463e-05  0
11.16527896  -6.86790544e-05  0
11.47792495  -5.616865511e-05  0
11.73877387  -4.771778152e-05  0
11.91953391  -4.272186281e-05  0
12  -4.069440519e-05  0
12.08046609  -3.877744243e-05  0
12.26122613  -3.483975289e-05  0
12.52207505  -2.994426849e-05  0
12.83472104  -2.508961944e-05  0
13.16527896  -2.091776769e-05  0
13.47792495  -1.769358493e-05  0
13.73877387  -1.543721975e-05  0
13.91953391  -1.406797234e-05  0
14  -1.35038797e-05  0
14.08046609  -1.296571419e-05  0
14.26122613  -1.184448926e-05  0
14.52207505  -1.041768386e-05  0
14.83472104  -8.96102502e-06  0
15.16527896  -7.669698197e-06  0
15.47792495  -6.641755939e-06  0
15.73877387  -5.904064749e-06  0
15.91953391  -5.448000572e-06  0
16  -5.258091892e-06  0
16.08046609  -5.075745788e-06  0
16.26122613  -4.691973145e-06  0
16.52207505  -4.195383559e-06  0
16.83472104  -3.677695432e-06  0
17.16527896  -3.208348823e-06  0
17.47792495  -2.826631853e-06  0
17.73877387  -2.547627846e-06  0
17.91953391  -2.372769866e-06  0
18  -2.299381558e-06  0
18.08046609  -2.22858096e-06  0
18.26122613  -2.078447449e-06  0
18.52207505  -1.881750144e-06  0
18.83472104  -1.673462989e-06  0
19.16527896  -1.481405085e-06  0
19.47792495  -1.322641851e-06  0
19.73877387  -1.204961369e-06  0
19.91953391  -1.130431161e-06  0
20  -1.098959867e-06  0
20.08046609  -1.06848664e-06  0
20.26122613  -1.003489483e-06  0
20.52207505  -9.175043876e-07  0
20.83472104  -8.253298956e-07  0
21.16527896  -7.391969105e-07  0
21.47792495  -6.670706039e-07  0
21.73877387  -6.130075745e-07  0
21.91953391  -5.784793423e-07  0
22  -5.638279906e-07  0
22.08046609  -5.495992983e-07  0
22.26122613  -5.191071742e-07  0
22.52207505  -4.784513692e-07  0
22.83472104  -4.344329217e-07  0
23.16527896  -3.928499212e-07  0
23.47792495  -3.576588419e-07  0
23.73877387  -3.310375595e-07  0
23.91953391  -3.139173162e-07  0
24  -3.066233106e-07  0
24.08046609  -2.995223677e-07  0
24.26122613  -2.842454256e-07  0
24.52207505  -2.637431748e-07  0
24.83472104  -2.413602897e-07  0
25.16527896  -2.200228581e-07  0
25.47792495  -2.018046116e-07  0
25.73877387  -1.879161443e-07  0
25.91953391  -1.789322112e-07  0
26  -1.75091601e-07  0
26.08046609  -1.713449158e-07  0
26.26122613  -1.6325763e-07  0
26.52207505  -1.523441448e-07  0
26.83472104  -1.40345489e-07  0
27.16527896  -1.288186351e-07  0
27.47792495  -1.18902289e-07  0
27.73877387  -1.112927409e-07  0
27.91953391  -1.063458288e-07  0
28  -1.042248712e-07  0
28.08046609  -1.021521196e-07  0
28.26122613  -9.76653536e-08  0
28.52207505  -9.158190038e-08  0
28.83472104  -8.485299053e-08  0
29.16527896  -7.834557124e-08  0
29.47792495  -7.271081359e-08  0
29.73877387  -6.836218532e-08  0
29.91953391  -6.552296925e-08  0
30  -6.43026022e-08  0
30.08046609  -6.310814259e-08  0
30.26122613  -6.051620315e-08  0
30.52207505  -5.698740971e-08  0
30.83472104  -5.30636515e-08  0
31.16527896  -4.924704317e-08  0
31.47792495  -4.592346144e-08  0
31.73877387  -4.334572437e-08  0
31.91953391  -4.165637652e-08  0
32  -4.092865083e-08  0
32.08046609  -4.021541827e-08  0
32.26122613  -3.866439232e-08  0
32.52207505  -3.65451323e-08  0
32.83472104  -3.417778815e-08  0
33.16527896  -3.186336853e-08  0
33.47792495  -2.983785144e-08  0
33.73877387  -2.826000268e-08  0
33.91953391  -2.722250802e-08  0
34  -2.677471437e-08  0
34.08046609  -2.633531917e-08  0
34.26122613  -2.537797445e-08  0
34.52207505  -2.40657288e-08  0
34.83472104  -2.259388454e-08  0
35.16527896  -2.114846231e-08  0
35.47792495  -1.98778674e-08  0
35.73877387  -1.888424925e-08  0
35.91953391  -1.822898196e-08  0
36  -1.794567334e-08  0
36.08046609  -1.766738566e-08  0
36.26122613  -1.7060033e-08  0
36.52207505  -1.622516609e-08  0
36.83472104  -1.528535631e-08  0
37.16527896  -1.4358712e-08  0
37.47792495  -1.354093031e-08  0
37.73877387  -1.289919958e-08  0
37.91953391  -1.247487864e-08  0
38  -1.229113777e-08  0
38.08046609  -1.211048331e-08  0
38.26122613  -1.171561466e-08  0
38.52207505  -1.117145015e-08  0
38.83472104  -1.055688848e-08  0
39.16527896  -9.948754032e-09  0
39.47792495  -9.410160773e-09  0
39.73877387  -8.986198814e-09  0
39.91953391  -8.705205536e-09  0
40  -8.583359917e-09  0
40.08046609  -8.463459497e-09  0
40.26122613  -8.201027802e-09  0
40.52207505  -7.838546284e-09  0
40.83472104  -7.427969491e-09  0
41.16527896  -7.020367122e-09  0
41.47792495  -6.658219568e-09  0
41.73877387  -6.372347554e-09  0
41.91953391  -6.182471835e-09  0
42  -6.100033642e-09  0
42.08046609  -6.018849339e-09  0
42.26122613  -5.840938193e-09  0
42.52207505  -5.594691133e-09  0
42.83472104  -5.315029293e-09  0
43.16527896  -5.036576093e-09  0
43.47792495  -4.788457125e-09  0
43.73877387  -4.59209679e-09  0
43.91953391  -4.461420978e-09  0
44  -4.404620823e-09  0
44.08046609  -4.348645618e-09  0
44.26122613  -4.225841251e-09  0
44.52207505  -4.055547396e-09  0
44.83472104  -3.861677122e-09  0
45.16527896  -3.668127175e-09  0
45.47792495  -3.49520601e-09  0
45.73877387  -3.358038229e-09  0
45.91953391  -3.266592528e-09  0
46  -3.22680292e-09  0
46.08046609  -3.187566255e-09  0
46.26122613  -3.101396463e-09  0
46.52207505  -2.981698453e-09  0
46.83472104  -2.84512727e-09  0
47.16527896  -2.708447434e-09  0
47.47792495  -2.58603951e-09  0
47.73877387  -2.488733771e-09  0
47.91953391  -2.423757503e-09  0
48  -2.395458224e-09  0
48.08046609  -2.367535935e-09  0
48.26122613  -2.306156641e-09  0
48.52207505  -2.220760409e-09  0
48.83472104  -2.12312852e-09  0
49.16527896  -2.025199024e-09  0
49.47792495  -1.937300187e-09  0
49.73877387  -1.867289854e-09  0
49.91953391  -1.820470353e-09  0
50  -1.800061042e-09  0
50.08046609  -1.779912807e-09  0
50.26122613  -1.735584286e-09  0
50.52207505  -1.673820973e-09  0
50.83472104  -1.60307614e-09  0
51.16527896  -1.531968512e-09  0
51.47792495  -1.468013456e-09  0
51.73877387  -1.41698201e-09  0
51.91953391  -1.382807631e-09  0
52  -1.36789845e-09  0
52.08046609  -1.353172699e-09  0
52.26122613  -1.320748419e-09  0
52.52207505  -1.275510774e-09  0
52.83472104  -1.22360525e-09  0
53.16527896  -1.171333554e-09  0
53.47792495  -1.124230675e-09  0
53.73877387  -1.086583213e-09  0
53.91953391  -1.061339572e-09  0
54  -1.050318329e-09  0
54.08046609  -1.039427689e-09  0
54.26122613  -1.015430117e-09  0
54.52207505  -9.819076175e-10  0
54.83472104  -9.433824525e-10  0
55.16527896  -9.04516581e-10  0
55.47792495  -8.69432363e-10  0
55.73877387  -8.413474572e-10  0
55.91953391  -8.224934778e-10  0
56  -8.142561997e-10  0
56.08046609  -8.061130684e-10  0
56.26122613  -7.881573203e-10  0
56.52207505  -7.630457563e-10  0
56.83472104  -7.341437975e-10  0
57.16527896  -7.049380829e-10  0
57.47792495  -6.785310033e-10  0
57.73877387  -6.573616498e-10  0
57.91953391  -6.431345701e-10  0
58  -6.369147521e-10  0
58.08046609  -6.307635849e-10  0
58.26122613  -6.171914779e-10  0
58.52207505  -5.981901338e-10  0
58.83472104  -5.762903834e-10  0
59.16527896  -5.541264075e-10  0
59.47792495  -5.340557595e-10  0
59.73877387  -5.179443877e-10  0
59.91953391  -5.071054494e-10  0
60  -5.023640006e-10  0
60.08046609  -4.9767315e-10  0
60.26122613  -4.873169472e-10  0
60.52207505  -4.728034041e-10  0
60.83472104  -4.560543646e-10  0
61.16527896  -4.390788697e-10  0
61.47792495  -4.236847769e-10  0
61.73877387  -4.113118882e-10  0
61.91953391  -4.029800189e-10  0
62  -3.993332167e-10  0
62.08046609  -3.957240824e-10  0
62.26122613  -3.877515824e-10  0
62.52207505  -3.76568145e-10  0
62.83472104  -3.636465097e-10  0
63.16527896  -3.505325351e-10  0
63.47792495  -3.386243718e-10  0
63.73877387  -3.290419951e-10  0
63.91953391  -3.225834382e-10  0
64  -3.197550742e-10  0
64.08046609  -3.169550162e-10  0
64.26122613  -3.107665082e-10  0
64.52207505  -3.020779192e-10  0
64.83472104  -2.920274908e-10  0
65.16527896  -2.818145761e-10  0
65.47792495  -2.725291165e-10  0
65.73877387  -2.650489367e-10  0
65.91953391  -2.600030049e-10  0
66  -2.577921652e-10  0
66.08046609  -2.556027841e-10  0
66.26122613  -2.507615737e-10  0
66.52207505  -2.439589457e-10  0
66.83472104  -2.360816789e-10  0
67.16527896  -2.280675531e-10  0
67.47792495  -2.207726297e-10  0
67.73877387  -2.148898706e-10  0
67.91953391  -2.109183593e-10  0
68  -2.091774547e-10  0
68.08046609  -2.074529527e-10  0
68.26122613  -2.036379274e-10  0
68.52207505  -1.982730647e-10  0
68.83472104  -1.920544462e-10  0
69.16527896  -1.85720709e-10  0
69.47792495  -1.799489797e-10  0
69.73877387  -1.752899879e-10  0
69.91953391  -1.721422959e-10  0
70  -1.707619018e-10  0
70.08046609  -1.693941437e-10  0
70.26122613  -1.663670025e-10  0
70.52207505  -1.621069688e-10  0
70.83472104  -1.571643163e-10  0
71.16527896  -1.521248526e-10  0
71.47792495  -1.475277469e-10  0
71.73877387  -1.438134868e-10  0
71.91953391  -1.413022944e-10  0
72  -1.402005728e-10  0
72.08046609  -1.391086575e-10  0
72.26122613  -1.36691018e-10  0
72.52207505  -1.332863606e-10  0
72.83472104  -1.293326078e-10  0
73.16527896  -1.252973926e-10  0
73.47792495  -1.216127421e-10  0
73.73877387  -1.186331003e-10  0
73.91953391  -1.166172307e-10  0
74  -1.157324707e-10  0
74.08046609  -1.148553739e-10  0
74.26122613  -1.129126119e-10  0
74.52207505  -1.101749059e-10  0
74.83472104  -1.069929727e-10  0
75.16527896  -1.037424136e-10  0
75.47792495  -1.007714712e-10  0
75.73877387  -9.836698781e-11  0
75.91953391  -9.673920873e-11  0
76  -9.602451383e-11  0
76.08046609  -9.531584692e-11  0
76.26122613  -9.374557509e-11  0
76.52207505  -9.153139788e-11  0
76.83472104  -8.8955874e-11  0
77.16527896  -8.632244827e-11  0
77.47792495  -8.391341541e-11  0
77.73877387  -8.196217185e-11  0
77.91953391  -8.064043106e-11  0
78  -8.005990016e-11  0
78.08046609  -7.948414063e-11  0
78.26122613  -7.820791869e-11  0
78.52207505  -7.640730606e-11  0
78.83472104  -7.431124142e-11  0
79.16527896  -7.216623328e-11  0
79.47792495  -7.020234582e-11  0
79.73877387  -6.861046932e-11  0
79.91953391  -6.753154195e-11  0
80  -6.705749935e-11  0
80.08046609  -6.658725588e-11  0
80.26122613  -6.554457208e-11  0
80.52207505  -6.407263078e-11  0
80.83472104  -6.235792503e-11  0
81.16527896  -6.06017637e-11  0
81.47792495  -5.899260075e-11  0
81.73877387  -5.768732912e-11  0
81.91953391  -5.680217354e-11  0
82  -5.641314295e-11  0
82.08046609  -5.602715444e-11  0
82.26122613  -5.517101999e-11  0
82.52207505  -5.396178203e-11  0
82.83472104  -5.255213503e-11  0
83.16527896  -5.110729824e-11  0
83.47792495  -4.978239054e-11  0
83.73877387  -4.87069663e-11  0
83.91953391  -4.797730194e-11  0
84  -4.765651283e-11  0
84.08046609  -4.733817268e-11  0
84.26122613  -4.663187105e-11  0
84.52207505  -4.563375524e-11  0
84.83472104  -4.446945533e-11  0
85.16527896  -4.327521657e-11  0
85.47792495  -4.217930969e-11  0
85.73877387  -4.128919197e-11  0
85.91953391  -4.068495838e-11  0
86  -4.041923637e-11  0
86.08046609  -4.015549593e-11  0
86.26122613  -3.957016616e-11  0
86.52207505  -3.87426013e-11  0
86.83472104  -3.77766436e-11  0
87.16527896  -3.678515517e-11  0
87.47792495  -3.587467327e-11  0
87.73877387  -3.513470703e-11  0
87.91953391  -3.463216353e-11  0
88  -3.441110018e-11  0
88.08046609  -3.419164803e-11  0
88.26122613  -3.37044751e-11  0
88.52207505  -3.301536958e-11  0
88.83472104  -3.221054422e-11  0
89.16527896  -3.138389591e-11  0
89.47792495  -3.06242834e-11  0
89.73877387  -3.000656924e-11  0
89.91953391  -2.958686386e-11  0
90  -2.940219116e-11  0
90.08046609  -2.921883464e-11  0
90.26122613  -2.881168522e-11  0
90.52207505  -2.823551786e-11  0
90.83472104  -2.756221115e-11  0
91.16527896  -2.687020665e-11  0
91.47792495  -2.62339164e-11  0
91.73877387  -2.5716197e-11  0
91.91953391  -2.536428172e-11  0
92  -2.520939781e-11  0
92.08046609  -2.505559384e-11  0
92.26122613  -2.471398103e-11  0
92.52207505  -2.423035138e-11  0
92.83472104  -2.366487451e-11  0
93.16527896  -2.308333967e-11  0
93.47792495  -2.254830083e-11  0
93.73877387  -2.211273103e-11  0
93.91953391  -2.181653436e-11  0
94  -2.168614153e-11  0
94.08046609  -2.15566386e-11  0
94.26122613  -2.126893138e-11  0
94.52207505  -2.0861452e-11  0
94.83472104  -2.038476295e-11  0
95.16527896  -1.989425077e-11  0
95.47792495  -1.944269487e-11  0
95.73877387  -1.907489847e-11  0
95.91953391  -1.88246905e-11  0
96  -1.871451738e-11  0
96.08046609  -1.860508055e-11  0
96.26122613  -1.836189664e-11  0
96.52207505  -1.801734165e-11  0
96.83472104  -1.761406207e-11  0
97.16527896  -1.719885559e-11  0
97.47792495  -1.681641179e-11  0
97.73877387  -1.650475407e-11  0
97.91953391  -1.629265645e-11  0
98  -1.619924348e-11  0
98.08046609  -1.610644211e-11  0
98.26122613  -1.590017885e-11  0
98.52207505  -1.560782587e-11  0
98.83472104  -1.526548044e-11  0
99.16527896  -1.491282075e-11  0
99.47792495  -1.458781476e-11  0
99.73877387  -1.432283829e-11  0
99.91953391  -1.414244395e-11  0
100  -1.406297689e-11  0
100.0804661  -1.398401973e-11  0
100.2612261  -1.380848977e-11  0
100.5220751  -1.355960841e-11  0
100.834721  -1.326803336e-11  0
101.165279  -1.296751859e-11  0
101.4779249  -1.269042645e-11  0
101.7387739  -1.24644112e-11  0
101.9195339  -1.231048776e-11  0
102  -1.224266767e-11  0
102.0804661  -1.217527425e-11  0
102.2612261  -1.202542109e-11  0
102.5220751  -1.181287338e-11  0
102.834721  -1.156375397e-11  0
103.165279  -1.130686912e-11  0
103.4779249  -1.106988947e-11  0
103.7387739  -1.087650814e-11  0
103.9195339  -1.074476525e-11  0
104  -1.068670664e-11  0
104.0804661  -1.062900629e-11  0
104.2612261  -1.050068104e-11  0
104.5220751  -1.03186077e-11  0
104.834721  -1.010511489e-11  0
105.165279  -9.884862119e-12  0
105.4779249  -9.681579616e-12  0
105.7387739  -9.51562618e-12  0
105.9195339  -9.402532341e-12  0
106  -9.352682817e-12  0
106.0804661  -9.303135109e-12  0
106.2612261  -9.192920469e-12  0
106.5220751  -9.03649344e-12  0
106.834721  -8.85299707e-12  0
107.165279  -8.663603567e-12  0
107.4779249  -8.488722799e-12  0
107.7387739  -8.345897798e-12  0
107.9195339  -8.248535274e-12  0
108  -8.205611942e-12  0
108.0804661  -8.162943692e-12  0
108.2612261  -8.068014548e-12  0
108.5220751  -7.933240819e-12  0
108.834721  -7.775082105e-12  0
109.165279  -7.611768313e-12  0
109.4779249  -7.460902468e-12  0
109.7387739  -7.33764234e-12  0
109.9195339  -7.253591866e-12  0
110  -7.216530756e-12  0
110.0804661  -7.179685897e-12  0
110.2612261  -7.097698374e-12  0
110.5220751  -6.981263843e-12  0
110.834721  -6.844574188e-12  0
111.165279  -6.703369021e-12  0
111.4779249  -6.572871318e-12  0
111.7387739  -6.466212204e-12  0
111.9195339  -6.393460892e-12  0
112  -6.36137656e-12  0
112.0804661  -6.329476107e-12  0
112.2612261  -6.258478917e-12  0
112.5220751  -6.157623563e-12  0
112.834721  -6.039179611e-12  0
113.165279  -5.916772552e-12  0
113.4779249  -5.803601215e-12  0
113.7387739  -5.7110698e-12  0
113.9195339  -5.647937303e-12  0
114  -5.62009043e-12  0
114.0804661  -5.592400358e-12  0
114.2612261  -5.530763676e-12  0
114.5220751  -5.443181345e-12  0
114.834721  -5.340288563e-12  0
115.165279  -5.233910787e-12  0
115.4779249  -5.135520458e-12  0
115.7387739  -5.055046129e-12  0
115.9195339  -5.000125204e-12  0
116  -4.975896501e-12  0
116.0804661  -4.95180188e-12  0
116.2612261  -4.898160039e-12  0
116.5220751  -4.82191769e-12  0
116.834721  -4.732316483e-12  0
117.165279  -4.639644945e-12  0
117.4779249  -4.553899009e-12  0
117.7387739  -4.483742898e-12  0
117.9195339  -4.435851366e-12  0
118  -4.414720486e-12  0
118.0804661  -4.393704569e-12  0
118.2612261  -4.346909722e-12  0
118.5220751  -4.280382091e-12  0
118.834721  -4.202171817e-12  0
119.165279  -4.121251566e-12  0
119.4779249  -4.046351101e-12  0
119.7387739  -3.985048549e-12  0
119.9195339  -3.943190328e-12  0
120  -3.924718755e-12  0
120.0804661  -3.906346005e-12  0
120.2612261  -3.865430517e-12  0
120.5220751  -3.807247062e-12  0
120.834721  -3.738824297e-12  0
121.165279  -3.668005324e-12  0
121.4779249  -3.602431316e-12  0
121.7387739  -3.548745052e-12  0
121.9195339  -3.51207844e-12  0
122  -3.495895549e-12  0
122.0804661  -3.479797823e-12  0
122.2612261  -3.443943631e-12  0
122.5220751  -3.392945305e-12  0
122.834721  -3.332953509e-12  0
123.165279  -3.270839239e-12  0
123.4779249  -3.21330541e-12  0
123.7387739  -3.166187319e-12  0
123.9195339  -3.133999076e-12  0
124  -3.119790756e-12  0
124.0804661  -3.105656004e-12  0
124.2612261  -3.074169578e-12  0
124.5220751  -3.029373476e-12  0
124.834721  -2.976661821e-12  0
125.165279  -2.922066946e-12  0
125.4779249  -2.871481128e-12  0
125.7387739  -2.830040924e-12  0
125.9195339  -2.801725034e-12  0
126  -2.789224345e-12  0
126.0804661  -2.776787358e-12  0
126.2612261  -2.74907916e-12  0
126.5220751  -2.709649521e-12  0
126.834721  -2.66323909e-12  0
127.165279  -2.615154942e-12  0
127.4779249  -2.570587339e-12  0
127.7387739  -2.534066811e-12  0
127.9195339  -2.509107015e-12  0
128  -2.498086518e-12  0
128.0804661  -2.487121304e-12  0
128.2612261  -2.462688894e-12  0
128.5220751  -2.427913227e-12  0
128.834721  -2.386969187e-12  0
129.165279  -2.34453521e-12  0
129.4779249  -2.305192237e-12  0
129.7387739  -2.272944015e-12  0
129.9195339  -2.250899403e-12  0
130  -2.241164821e-12  0
130.0804661  -2.231478323e-12  0
130.2612261  -2.20989241e-12  0
130.5220751  -2.179161792e-12  0
130.834721  -2.142970406e-12  0
131.165279  -2.105450582e-12  0
131.4779249  -2.070653232e-12  0
131.7387739  -2.042123222e-12  0
131.9195339  -2.022616312e-12  0
132  -2.014001291e-12  0
132.0804661  -2.00542818e-12  0
132.2612261  -1.986321078e-12  0
132.5220751  -1.95911383e-12  0
132.834721  -1.927063415e-12  0
133.165279  -1.893826724e-12  0
133.4779249  -1.862992633e-12  0
133.7387739  -1.837705447e-12  0
133.9195339  -1.820412291e-12  0
134  -1.812774045e-12  0
134.0804661  -1.805172405e-12  0
134.2612261  -1.788228449e-12  0
134.5220751  -1.76409658e-12  0
134.834721  -1.735661684e-12  0
135.165279  -1.70616586e-12  0
135.4779249  -1.678794393e-12  0
135.7387739  -1.65634122e-12  0
135.9195339  -1.64098317e-12  0
136  -1.634198864e-12  0
136.0804661  -1.627446596e-12  0
136.2612261  -1.612394154e-12  0
136.5220751  -1.590952079e-12  0
136.834721  -1.565680292e-12  0
137.165279  -1.539458286e-12  0
137.4779249  -1.515118092e-12  0
137.7387739  -1.49514659e-12  0
137.9195339  -1.481483426e-12  0
138  -1.475447151e-12  0
138.0804661  -1.469438968e-12  0
138.2612261  -1.456043785e-12  0
138.5220751  -1.436958887e-12  0
138.834721  -1.414459833e-12  0
139.165279  -1.391108491e-12  0
139.4779249  -1.369427105e-12  0
139.7387739  -1.351632934e-12  0
139.9195339  -1.339457118e-12  0
140  -1.334077358e-12  0
140.0804661  -1.328722277e-12  0
140.2612261  -1.316781891e-12  0
140.5220751  -1.299766631e-12  0
140.834721  -1.279702734e-12  0
141.165279  -1.258873316e-12  0
141.4779249  -1.239528432e-12  0
141.7387739  -1.223648163e-12  0
141.9195339  -1.212780009e-12  0
142  -1.20797752e-12  0
142.0804661  -1.203196753e-12  0
142.2612261  -1.192535813e-12  0
142.5220751  -1.1773411e-12  0
142.834721  -1.159419836e-12  0
143.165279  -1.140810044e-12  0
143.4779249  -1.123522188e-12  0
143.7387739  -1.109327328e-12  0
143.9195339  -1.09961095e-12  0
144  -1.095316975e-12  0
144.0804661  -1.091042152e-12  0
144.2612261  -1.08150848e-12  0
144.5220751  -1.06791809e-12  0
144.834721  -1.051885461e-12  0
145.165279  -1.035232725e-12  0
145.4779249  -1.019759074e-12  0
145.7387739  -1.007051042e-12  0
145.9195339  -9.983509294e-13  0
146  -9.945056906e-13  0
146.0804661  -9.906773685e-13  0
146.2612261  -9.821386313e-13  0
146.5220751  -9.699644991e-13  0
146.834721  -9.555995258e-13  0
147.165279  -9.406753356e-13  0
147.4779249  -9.268045016e-13  0
147.7387739  -9.154103757e-13  0
147.9195339  -9.076085012e-13  0
148  -9.041599277e-13  0
148.0804661  -9.007263212e-13  0
148.2612261  -8.930672239e-13  0
148.5220751  -8.821454636e-13  0
148.834721  -8.692555221e-13  0
149.165279  -8.558606328e-13  0
149.4779249  -8.434082416e-13  0
149.7387739  -8.331771577e-13  0
149.9195339  -8.261705304e-13  0
150  -8.230731786e-13  0
150.0804661  -8.199890907e-13  0
150.2612261  -8.13108993e-13  0
150.5220751  -8.032965205e-13  0
150.834721  -7.917133934e-13  0
151.165279  -7.796737526e-13  0
151.4779249  -7.684786961e-13  0
151.7387739  -7.592787933e-13  0
151.9195339  -7.529773765e-13  0
152  -7.501915143e-13  0
152.0804661  -7.474174255e-13  0
152.2612261  -7.412283193e-13  0
152.5220751  -7.32399985e-13  0
152.834721  -7.219765016e-13  0
153.165279  -7.111397905e-13  0
153.4779249  -7.010610375e-13  0
153.7387739  -6.927768577e-13  0
153.9195339  -6.871017994e-13  0
154  -6.845926264e-13  0
154.0804661  -6.8209392e-13  0
154.2612261  -6.765187067e-13  0
154.5220751  -6.685648535e-13  0
154.834721  -6.591720299e-13  0
155.165279  -6.494047146e-13  0
155.4779249  -6.403185927e-13  0
155.7387739  -6.32848864e-13  0
155.9195339  -6.277309876e-13  0
156  -6.2546797e-13  0
156.0804661  -6.232142714e-13  0
156.2612261  -6.181852929e-13  0
156.5220751  -6.110096725e-13  0
156.834721  -6.025342691e-13  0
157.165279  -5.937190843e-13  0
157.4779249  -5.855169584e-13  0
157.7387739  -5.787727009e-13  0
157.9195339  -5.741512151e-13  0
158  -5.721075173e-13  0
158.0804661  -5.700721291e-13  0
158.2612261  -5.655299115e-13  0
158.5220751  -5.59047903e-13  0
158.834721  -5.513903367e-13  0
159.165279  -5.434241312e-13  0
159.4779249  -5.360104165e-13  0
159.7387739  -5.299133215e-13  0
159.9195339  -5.257347157e-13  0
160  -5.238867137e-13  0
160.0804661  -5.220461318e-13  0
160.2612261  -5.179383096e-13  0
160.5220751  -5.120753928e-13  0
160.834721  -5.051479467e-13  0
161.165279  -4.979398376e-13  0
161.4779249  -4.912302959e-13  0
161.7387739  -4.857113343e-13  0
161.9195339  -4.819284309e-13  0
162  -4.802552943e-13  0
162.0804661  -4.78588793e-13  0
162.2612261  -4.748691856e-13  0
162.5220751  -4.695596306e-13  0
162.834721  -4.632849173e-13  0
163.165279  -4.567547037e-13  0
163.4779249  -4.506749793e-13  0
163.7387739  -4.456732067e-13  0
163.9195339  -4.422443461e-13  0
164  -4.407276793e-13  0
164.0804661  -4.39216954e-13  0
164.2612261  -4.358447718e-13  0
164.5220751  -4.310305115e-13  0
164.834721  -4.253401508e-13  0
165.165279  -4.194169489e-13  0
165.4779249  -4.139013079e-13  0
165.7387739  -4.093628351e-13  0
165.9195339  -4.062511746e-13  0
166  -4.04874707e-13  0
166.0804661  -4.035035668e-13  0
166.2612261  -4.004427268e-13  0
166.5220751  -3.960723861e-13  0
166.834721  -3.909058649e-13  0
167.165279  -3.855269311e-13  0
167.4779249  -3.805171748e-13  0
167.7387739  -3.763942795e-13  0
167.9195339  -3.735671871e-13  0
168  -3.723165065e-13  0
168.0804661  -3.71070609e-13  0
168.2612261  -3.682891442e-13  0
168.5220751  -3.64317201e-13  0
168.834721  -3.596208894e-13  0
169.165279  -3.547306039e-13  0
169.4779249  -3.50175129e-13  0
169.7387739  -3.464254888e-13  0
169.9195339  -3.4385402e-13  0
170  -3.427163417e-13  0
170.0804661  -3.415829632e-13  0
170.2612261  -3.390525121e-13  0
170.5220751  -3.354385724e-13  0
170.834721  -3.311648719e-13  0
171.165279  -3.267138591e-13  0
171.4779249  -3.225668451e-13  0
171.7387739  -3.191528725e-13  0
171.9195339  -3.168113175e-13  0
172  -3.157752842e-13  0
172.0804661  -3.147431211e-13  0
172.2612261  -3.124384855e-13  0
172.5220751  -3.091466547e-13  0
172.834721  -3.052532608e-13  0
173.165279  -3.011976264e-13  0
173.4779249  -2.974183309e-13  0
173.7387739  -2.943065972e-13  0
173.9195339  -2.921720871e-13  0
174  -2.912275958e-13  0
174.0804661  -2.902865923e-13  0
174.2612261  -2.881853534e-13  0
174.5220751  -2.851836916e-13  0
174.834721  -2.816329527e-13  0
175.165279  -2.779336223e-13  0
175.4779249  -2.744857683e-13  0
175.7387739  -2.716465033e-13  0
175.9195339  -2.696986689e-13  0
176  -2.688367201e-13  0
176.0804661  -2.679779182e-13  0
176.2612261  -2.660601029e-13  0
176.5220751  -2.633201506e-13  0
176.834721  -2.600785118e-13  0
177.165279  -2.567006547e-13  0
177.4779249  -2.535518984e-13  0
177.7387739  -2.509585544e-13  0
177.9195339  -2.49179229e-13  0
178  -2.483917955e-13  0
178.0804661  -2.476072047e-13  0
178.2612261  -2.458549955e-13  0
178.5220751  -2.43351361e-13  0
178.834721  -2.403888787e-13  0
179.165279  -2.373014065e-13  0
179.4779249  -2.344228733e-13  0
179.7387739  -2.320517457e-13  0
179.9195339  -2.304247057e-13  0
180  -2.297046185e-13  0
180.0804661  -2.289871019e-13  0
180.2612261  -2.273845839e-13  0
180.5220751  -2.250945833e-13  0
180.834721  -2.223845026e-13  0
181.165279  -2.195596317e-13  0
181.4779249  -2.16925511e-13  0
181.7387739  -2.147554071e-13  0
181.9195339  -2.132661459e-13  0
182  -2.12606994e-13  0
182.0804661  -2.119501694e-13  0
182.2612261  -2.104831089e-13  0
182.5220751  -2.08386452e-13  0
182.834721  -2.059048368e-13  0
183.165279  -2.03317706e-13  0
183.4779249  -2.009048977e-13  0
183.7387739  -1.989168466e-13  0
183.9195339  -1.975523769e-13  0
184  -1.969484204e-13  0
184.0804661  -1.963465732e-13  0
184.2612261  -1.950022245e-13  0
184.5220751  -1.930807398e-13  0
184.834721  -1.908061498e-13  0
185.165279  -1.884344856e-13  0
185.4779249  -1.862222901e-13  0
185.7387739  -1.843992894e-13  0
185.9195339  -1.8314797e-13  0
186  -1.825940634e-13  0
186.0804661  -1.820420706e-13  0
186.2612261  -1.808090067e-13  0
186.5220751  -1.790464006e-13  0
186.834721  -1.76959608e-13  0
187.165279  -1.747834316e-13  0
187.4779249  -1.72753278e-13  0
187.7387739  -1.710800715e-13  0
187.9195339  -1.699314553e-13  0
188  -1.694229807e-13  0
188.0804661  -1.689162442e-13  0
188.2612261  -1.677842082e-13  0
188.5220751  -1.661658538e-13  0
188.834721  -1.642495944e-13  0
189.165279  -1.622509643e-13  0
189.4779249  -1.603861725e-13  0
189.7387739  -1.588490547e-13  0
189.9195339  -1.577937555e-13  0
190  -1.573265635e-13  0
190.0804661  -1.568609516e-13  0
190.2612261  -1.558207263e-13  0
190.5220751  -1.543334777e-13  0
190.834721  -1.525722329e-13  0
191.165279  -1.507350186e-13  0
191.4779249  -1.490205893e-13  0
191.7387739  -1.476072341e-13  0
191.9195339  -1.46636809e-13  0
192  -1.46207167e-13  0
192.0804661  -1.457789631e-13  0
192.2612261  -1.448222563e-13  0
192.5220751  -1.43454285e-13  0
192.834721  -1.418340897e-13  0
193.165279  -1.401437724e-13  0
193.4779249  -1.38566203e-13  0
193.7387739  -1.372655122e-13  0
193.9195339  -1.363723588e-13  0
194  -1.359769055e-13  0
194.0804661  -1.355827622e-13  0
194.2612261  -1.347021054e-13  0
194.5220751  -1.334427572e-13  0
194.834721  -1.3195103e-13  0
195.165279  -1.303945279e-13  0
195.4779249  -1.289416494e-13  0
195.7387739  -1.277436198e-13  0
195.9195339  -1.269208846e-13  0
196  -1.265565897e-13  0
196.0804661  -1.261934893e-13  0
196.2612261  -1.253821489e-13  0
196.5220751  -1.242218163e-13  0
196.834721  -1.228472105e-13  0
197.165279  -1.214127232e-13  0
197.4779249  -1.200735573e-13  0
197.7387739  -1.189691627e-13  0
197.9195339  -1.182106611e-13  0
198  -1.178747898e-13  0
198.0804661  -1.175400086e-13  0
198.2612261  -1.167919068e-13  0
198.5220751  -1.157219174e-13  0
198.834721  -1.144541891e-13  0
199.165279  -1.131310611e-13  0
199.4779249  -1.118956929e-13  0
199.7387739  -1.108767803e-13  0
199.9195339  -1.101769254e-13  0
200  -1.098670069e-13  0
200.0804661  -1.095580844e-13  0
200.2612261  -1.088677298e-13  0
200.5220751  -1.07880247e-13  0
200.834721  -1.067101379e-13  0
201.165279  -1.054887379e-13  0
201.4779249  -1.043482038e-13  0
201.7387739  -1.034074014e-13  0
201.9195339  -1.027611409e-13  0
202  -1.02474941e-13  0
202.0804661  -1.021896516e-13  0
202.2612261  -1.015520777e-13  0
202.5220751  -1.006400128e-13  0
202.834721  -9.95591475e-14  0
203.165279  -9.843076065e-14  0
203.4779249  -9.737694883e-14  0
203.7387739  -9.650758451e-14  0
203.9195339  -9.591034525e-14  0
204  -9.564584118e-14  0
204.0804661  -9.538217044e-14  0
204.2612261  -9.479288063e-14  0
204.5220751  -9.394981526e-14  0
204.834721  -9.295060902e-14  0
205.165279  -9.190734228e-14  0
205.4779249  -9.093290467e-14  0
205.7387739  -9.012893353e-14  0
205.9195339  -8.957657173e-14  0
206  -8.933193071e-14  0
206.0804661  -8.908805298e-14  0
206.2612261  -8.854297239e-14  0
206.5220751  -8.776308944e-14  0
206.834721  -8.683866705e-14  0
207.165279  -8.587336457e-14  0
207.4779249  -8.497163838e-14  0
207.7387739  -8.422757853e-14  0
207.9195339  -8.371633601e-14  0
208  -8.348989565e-14  0
208.0804661  -8.326415501e-14  0
208.2612261  -8.275958729e-14  0
208.5220751  -8.203760946e-14  0
208.834721  -8.118173288e-14  0
209.165279  -8.028790101e-14  0
209.4779249  -7.94528391e-14  0
209.7387739  -7.876371453e-14  0
209.9195339  -7.829017955e-14  0
210  -7.808043062e-14  0
210.0804661  -7.787132367e-14  0
210.2612261  -7.740391268e-14  0
210.5220751  -7.673504789e-14  0
210.834721  -7.594205192e-14  0
211.165279  -7.511379243e-14  0
211.4779249  -7.433990131e-14  0
211.7387739  -7.370119101e-14  0
211.9195339  -7.326226346e-14  0
212  -7.306783451e-14  0
212.0804661  -7.287399504e-14  0
212.2612261  -7.244069072e-14  0
212.5220751  -7.182058351e-14  0
212.834721  -7.108531843e-14  0
213.165279  -7.031726899e-14  0
213.4779249  -6.959955357e-14  0
213.7387739  -6.900714616e-14  0
213.9195339  -6.860000657e-14  0
214  -6.841965021e-14  0
214.0804661  -6.823983556e-14  0
214.2612261  -6.783786351e-14  0
214.5220751  -6.726255166e-14  0
214.834721  -6.65803321e-14  0
215.165279  -6.586761322e-14  0
215.4779249  -6.520152754e-14  0
215.7387739  -6.465168081e-14  0
215.9195339  -6.427376263e-14  0
216  -6.41063433e-14  0
216.0804661  -6.393942218e-14  0
216.2612261  -6.356625652e-14  0
216.5220751  -6.303213234e-14  0
216.834721  -6.239869166e-14  0
217.165279  -6.173685927e-14  0
217.4779249  -6.111826245e-14  0
217.7387739  -6.060756726e-14  0
217.9195339  -6.025653211e-14  0
218  -6.010101517e-14  0
218.0804661  -5.994595677e-14  0
218.2612261  -5.959929584e-14  0
218.5220751  -5.910307162e-14  0
218.834721  -5.851452108e-14  0
219.165279  -5.78995242e-14  0
219.4779249  -5.73246411e-14  0
219.7387739  -5.684998902e-14  0
219.9195339  -5.652370461e-14  0
220  -5.637914653e-14  0
220.0804661  -5.623501081e-14  0
220.2612261  -5.591275547e-14  0
220.5220751  -5.545143252e-14  0
220.834721  -5.490422482e-14  0
221.165279  -5.433236762e-14  0
221.4779249  -5.379775362e-14  0
221.7387739  -5.335630802e-14  0
221.9195339  -5.305282834e-14  0
222  -5.291836797e-14  0
222.0804661  -5.278429692e-14  0
222.2612261  -5.248453115e-14  0
222.5220751  -5.205537207e-14  0
222.834721  -5.154626863e-14  0
223.165279  -5.101417652e-14  0
223.4779249  -5.051668595e-14  0
223.7387739  -5.010585611e-14  0
223.9195339  -4.982340365e-14  0
224  -4.969825438e-14  0
224.0804661  -4.957346424e-14  0
224.2612261  -4.929443769e-14  0
224.5220751  -4.889494158e-14  0
224.834721  -4.842098327e-14  0
225.165279  -4.79255724e-14  0
225.4779249  -4.746233028e-14  0
225.7387739  -4.707974811e-14  0
225.9195339  -4.681669798e-14  0
226  -4.670014069e-14  0
226.0804661  -4.658391493e-14  0
226.2612261  -4.632402731e-14  0
226.5220751  -4.595190748e-14  0
226.834721  -4.55103883e-14  0
227.165279  -4.504883829e-14  0
227.4779249  -4.46172149e-14  0
227.7387739  -4.426071408e-14  0
227.9195339  -4.401557972e-14  0
228  -4.390695648e-14  0
228.0804661  -4.37986395e-14  0
228.2612261  -4.355642656e-14  0
228.5220751  -4.32095905e-14  0
228.834721  -4.279803399e-14  0
229.165279  -4.236776334e-14  0
229.4779249  -4.19653514e-14  0
229.7387739  -4.163294865e-14  0
229.9195339  -4.140436898e-14  0
230  -4.130307737e-14  0
230.0804661  -4.120206886e-14  0
230.2612261  -4.097618977e-14  0
230.5220751  -4.065272117e-14  0
230.834721  -4.026885915e-14  0
231.165279  -3.986750321e-14  0
231.4779249  -3.949209738e-14  0
231.7387739  -3.918197558e-14  0
231.9195339  -3.896870344e-14  0
232  -3.887419141e-14  0
232.0804661  -3.877994127e-14  0
232.2612261  -3.856916726e-14  0
232.5220751  -3.826730987e-14  0
232.834721  -3.790906333e-14  0
233.165279  -3.753445441e-14  0
233.4779249  -3.718403277e-14  0
233.7387739  -3.689452577e-14  0
233.9195339  -3.669541752e-14  0
234  -3.660717886e-14  0
234.0804661  -3.65191826e-14  0
234.2612261  -3.632238676e-14  0
234.5220751  -3.604052974e-14  0
234.834721  -3.570599166e-14  0
235.165279  -3.535614112e-14  0
235.4779249  -3.502884859e-14  0
235.7387739  -3.475842752e-14  0
235.9195339  -3.457243368e-14  0
236  -3.44900038e-14  0
236.0804661  -3.440779845e-14  0
236.2612261  -3.422394651e-14  0
236.5220751  -3.396061134e-14  0
236.834721  -3.364803113e-14  0
237.165279  -3.332111329e-14  0
237.4779249  -3.301524654e-14  0
237.7387739  -3.27625075e-14  0
237.9195339  -3.258866428e-14  0
238  -3.251161651e-14  0
238.0804661  -3.243477685e-14  0
238.2612261  -3.226291888e-14  0
238.5220751  -3.201674749e-14  0
238.834721  -3.172451702e-14  0
239.165279  -3.141885453e-14  0
239.4779249  -3.113284851e-14  0
239.7387739  -3.089650139e-14  0
239.9195339  -3.073392306e-14  0
240  -3.066186527e-14  0
240.0804661  -3.05900005e-14  0
240.2612261  -3.042926338e-14  0
240.5220751  -3.019900745e-14  0
240.834721  -2.992564839e-14  0
241.165279  -2.963969913e-14  0
241.4779249  -2.937211475e-14  0
241.7387739  -2.91509732e-14  0
241.9195339  -2.899884518e-14  0
242  -2.893141674e-14  0
242.0804661  -2.886416743e-14  0
242.2612261  -2.871374812e-14  0
242.5220751  -2.849825937e-14  0
242.834721  -2.824241175e-14  0
243.165279  -2.797475692e-14  0
243.4779249  -2.772427004e-14  0
243.7387739  -2.751724233e-14  0
243.9195339  -2.737481498e-14  0
244  -2.731168398e-14  0
244.0804661  -2.724871931e-14  0
244.2612261  -2.710787867e-14  0
244.5220751  -2.690610017e-14  0
244.834721  -2.666651205e-14  0
245.165279  -2.64158454e-14  0
245.4779249  -2.618123679e-14  0
245.7387739  -2.598731759e-14  0
245.9195339  -2.585390054e-14  0
246  -2.57947613e-14  0
246.0804661  -2.57357766e-14  0
246.2612261  -2.560383386e-14  0
246.5220751  -2.541479204e-14  0
246.834721  -2.519031015e-14  0
247.165279  -2.495542824e-14  0
247.4779249  -2.473557451e-14  0
247.7387739  -2.455383745e-14  0
247.9195339  -2.442879448e-14  0
248  -2.437336528e-14  0
248.0804661  -2.431807977e-14  0
248.2612261  -2.41944075e-14  0
248.5220751  -2.4017205e-14  0
248.834721  -2.380676624e-14  0
249.165279  -2.358655962e-14  0
249.4779249  -2.338042499e-14  0
249.7387739  -2.321001585e-14  0
249.9195339  -2.309276028e-14  0
250  -2.304078133e-14  0
250.0804661  -2.298893606e-14  0
250.2612261  -2.287295559e-14  0
250.5220751  -2.270676478e-14  0
250.834721  -2.250938852e-14  0
251.165279  -2.23028337e-14  0
251.4779249  -2.210946257e-14  0
251.7387739  -2.194959317e-14  0
251.9195339  -2.183958362e-14  0
252  -2.179081519e-14  0
252.0804661  -2.174217119e-14  0
252.2612261  -2.163334851e-14  0
252.5220751  -2.147740552e-14  0
252.834721  -2.129218664e-14  0
253.165279  -2.109833882e-14  0
253.4779249  -2.091684897e-14  0
253.7387739  -2.07667916e-14  0
253.9195339  -2.066352821e-14  0
254  -2.061774892e-14  0
254.0804661  -2.057208552e-14  0
254.2612261  -2.046992748e-14  0
254.5220751  -2.032352688e-14  0
254.834721  -2.014962941e-14  0
255.165279  -1.99676159e-14  0
255.4779249  -1.979719234e-14  0
255.7387739  -1.965627469e-14  0
255.9195339  -1.95592956e-14  0
256  -1.951630092e-14  0
256.0804661  -1.947341422e-14  0
256.2612261  -1.937746515e-14  0
256.5220751  -1.923995503e-14  0
256.834721  -1.907660638e-14  0
257.165279  -1.890562059e-14  0
257.4779249  -1.874550997e-14  0
257.7387739  -1.861311052e-14  0
257.9195339  -1.852198874e-14  0
258  -1.848158956e-14  0
258.0804661  -1.844129106e-14  0
258.2612261  -1.835112963e-14  0
258.5220751  -1.822190721e-14  0
258.834721  -1.806839293e-14  0
259.165279  -1.790768887e-14  0
259.4779249  -1.775719441e-14  0
259.7387739  -1.763273825e-14  0
259.9195339  -1.754707879e-14  0
260  -1.750910016e-14  0
260.0804661  -1.747121545e-14  0
260.2612261  -1.738645187e-14  0
260.5220751  -1.726495944e-14  0
260.834721  -1.712061844e-14  0
261.165279  -1.696950577e-14  0
261.4779249  -1.68279826e-14  0
261.7387739  -1.671093761e-14  0
261.9195339  -1.663037485e-14  0
262  -1.659465484e-14  0
262.0804661  -1.655902249e-14  0
262.2612261  -1.64792959e-14  0
262.5220751  -1.636501713e-14  0
262.834721  -1.622923734e-14  0
263.165279  -1.608707684e-14  0
263.4779249  -1.595392778e-14  0
263.7387739  -1.584380116e-14  0
263.9195339  -1.576799647e-14  0
264  -1.573438508e-14  0
264.0804661  -1.570085555e-14  0
264.2612261  -1.562583172e-14  0
264.5220751  -1.551828833e-14  0
264.834721  -1.53905027e-14  0
265.165279  -1.525670215e-14  0
265.4779249  -1.513137387e-14  0
265.7387739  -1.502770895e-14  0
265.9195339  -1.495634852e-14  0
266  -1.492470675e-14  0
266.0804661  -1.489314146e-14  0
266.2612261  -1.482251061e-14  0
266.5220751  -1.472125928e-14  0
266.834721  -1.460094221e-14  0
267.165279  -1.447495259e-14  0
267.4779249  -1.435693207e-14  0
267.7387739  -1.425930544e-14  0
267.9195339  -1.419209828e-14  0
268  -1.416229723e-14  0
268.0804661  -1.413256767e-14  0
268.2612261  -1.406604253e-14  0
268.5220751  -1.397067214e-14  0
268.834721  -1.385733612e-14  0
269.165279  -1.373864818e-14  0
269.4779249  -1.362745954e-14  0
269.7387739  -1.353547839e-14  0
269.9195339  -1.347215453e-14  0
270  -1.344407461e-14  0
270.0804661  -1.341606155e-14  0
270.2612261  -1.335337556e-14  0
270.5220751  -1.326350461e-14  0
270.834721  -1.315669726e-14  0
271.165279  -1.304483838e-14  0
271.4779249  -1.294003992e-14  0
271.7387739  -1.285333962e-14  0
271.9195339  -1.279364845e-14  0
272  -1.276717863e-14  0
272.0804661  -1.274077138e-14  0
272.2612261  -1.268167709e-14  0
272.5220751  -1.259695138e-14  0
272.834721  -1.249625265e-14  0
273.165279  -1.239078395e-14  0
273.4779249  -1.229196546e-14  0
273.7387739  -1.221020737e-14  0
273.9195339  -1.215391612e-14  0
274  -1.212895328e-14  0
274.0804661  -1.210404902e-14  0
274.2612261  -1.204831657e-14  0
274.5220751  -1.196840708e-14  0
274.834721  -1.187342672e-14  0
275.165279  -1.177394044e-14  0
275.4779249  -1.168072077e-14  0
275.7387739  -1.16035902e-14  0
275.9195339  -1.155048256e-14  0
276  -1.152693087e-14  0
276.0804661  -1.150343404e-14  0
276.2612261  -1.145084979e-14  0
276.5220751  -1.13754507e-14  0
276.834721  -1.128582598e-14  0
277.165279  -1.119194306e-14  0
277.4779249  -1.110396787e-14  0
277.7387739  -1.103117224e-14  0
277.9195339  -1.098104708e-14  0
278  -1.095881742e-14  0
278.0804661  -1.093663918e-14  0
278.2612261  -1.088700448e-14  0
278.5220751  -1.081583139e-14  0
278.834721  -1.073122496e-14  0
279.165279  -1.064259285e-14  0
279.4779249  -1.055953253e-14  0
279.7387739  -1.049079968e-14  0
279.9195339  -1.044346988e-14  0
280  -1.042247936e-14  0
280.0804661  -1.040153703e-14  0
280.2612261  -1.035466705e-14  0
280.5220751  -1.028745536e-14  0
280.834721  -1.020755332e-14  0
281.165279  -1.012384394e-14  0
281.4779249  -1.004539174e-14  0
281.7387739  -9.980468345e-15  0
281.9195339  -9.935759758e-15  0
282  -9.915931198e-15  0
282.0804661  -9.89614785e-15  0
282.2612261  -9.851870548e-15  0
282.5220751  -9.788373924e-15  0
282.834721  -9.712884034e-15  0
283.165279  -9.633791925e-15  0
283.4779249  -9.559662225e-15  0
283.7387739  -9.498312398e-15  0
283.9195339  -9.456062832e-15  0
284  -9.437324375e-15  0
284.0804661  -9.418628343e-15  0
284.2612261  -9.376783485e-15  0
284.5220751  -9.316772508e-15  0
284.834721  -9.245422564e-15  0
285.165279  -9.170663176e-15  0
285.4779249  -9.100589887e-15  0
285.7387739  -9.042593862e-15  0
285.9195339  -9.002652206e-15  0
286  -8.984936892e-15  0
286.0804661  -8.967261408e-15  0
286.2612261  -8.927699688e-15  0
286.5220751  -8.870960568e-15  0
286.834721  -8.803496897e-15  0
287.165279  -8.732805036e-15  0
287.4779249  -8.666540146e-15  0
287.7387739  -8.611693068e-15  0
287.9195339  -8.573918457e-15  0
288  -8.557163867e-15  0
288.0804661  -8.540446685e-15  0
288.2612261  -8.503028913e-15  0
288.5220751  -8.44936233e-15  0
288.834721  -8.385548413e-15  0
289.165279  -8.318676796e-15  0
289.4779249  -8.255989029e-15  0
289.7387739  -8.204099853e-15  0
289.9195339  -8.168360911e-15  0
290  -8.152508827e-15  0
290.0804661  -8.136691891e-15  0
290.2612261  -8.101288241e-15  0
290.5220751  -8.050508278e-15  0
290.834721  -7.99012348e-15  0
291.165279  -7.926841417e-15  0
291.4779249  -7.867514995e-15  0
291.7387739  -7.818405469e-15  0
291.9195339  -7.78457961e-15  0
292  -7.769575707e-15  0
292.0804661  -7.754604845e-15  0
292.2612261  -7.721094167e-15  0
292.5220751  -7.67302732e-15  0
292.834721  -7.61586573e-15  0
293.165279  -7.555957904e-15  0
293.4779249  -7.499791416e-15  0
293.7387739  -7.453295142e-15  0
293.9195339  -7.421267929e-15  0
294  -7.407061492e-15  0
294.0804661  -7.392886127e-15  0
294.2612261  -7.361155315e-15  0
294.5220751  -7.315639591e-15  0
294.834721  -7.261508942e-15  0
295.165279  -7.204774293e-15  0
295.4779249  -7.151579649e-15  0
295.7387739  -7.107541224e-15  0
295.9195339  -7.077205773e-15  0
296  -7.063749435e-15  0
296.0804661  -7.050322329e-15  0
296.2612261  -7.020265735e-15  0
296.5220751  -6.977149818e-15  0
296.834721  -6.925870503e-15  0
297.165279  -6.872121194e-15  0
297.4779249  -6.821722661e-15  0
297.7387739  -6.779996883e-15  0
297.9195339  -6.751253322e-15  0
298  -6.73850282e-15  0
298.0804661  -6.725779831e-15  0
298.2612261  -6.697298729e-15  0
298.5220751  -6.656441209e-15  0
298.834721  -6.607845369e-15  0
299.165279  -6.556905837e-15  0
299.4779249  -6.509139152e-15  0
299.7387739  -6.469590287e-15  0
299.9195339  -6.442345254e-15  0
300  -6.430259208e-15  0
300.0804661  -6.418199068e-15  0
300.2612261  -6.391201158e-15  0
300.5220751  -6.352469823e-15  0
300.834721  -6.306400508e-15  0
301.165279  -6.258106587e-15  0
301.4779249  -6.21281814e-15  0
301.7387739  -6.175319248e-15  0
301.9195339  -6.149485423e-15  0
302  -6.138025132e-15  0
302.0804661  -6.126589243e-15  0
302.2612261  -6.100988196e-15  0
302.5220751  -6.064259379e-15  0
302.834721  -6.020569771e-15  0
303.165279  -5.974767883e-15  0
303.4779249  -5.931813961e-15  0
303.7387739  -5.896246274e-15  0
303.9195339  -5.871741955e-15  0
304  -5.860871205e-15  0
304.0804661  -5.850023451e-15  0
304.2612261  -5.825738484e-15  0
304.5220751  -5.790896458e-15  0
304.834721  -5.749449159e-15  0
305.165279  -5.705995567e-15  0
305.4779249  -5.665241657e-15  0
305.7387739  -5.631494005e-15  0
305.9195339  -5.608242711e-15  0
306  -5.597927604e-15  0
306.0804661  -5.587634174e-15  0
306.2612261  -5.564589662e-15  0
306.5220751  -5.531526083e-15  0
306.834721  -5.492192452e-15  0
307.165279  -5.450952574e-15  0
307.4779249  -5.412272722e-15  0
307.7387739  -5.380240997e-15  0
307.9195339  -5.358171105e-15  0
308  -5.348379894e-15  0
308.0804661  -5.338609125e-15  0
308.2612261  -5.316734239e-15  0
308.5220751  -5.285347632e-15  0
308.834721  -5.248007177e-15  0
309.165279  -5.208854945e-15  0
309.4779249  -5.172131156e-15  0
309.7387739  -5.141717827e-15  0
309.9195339  -5.120762235e-15  0
310  -5.111465174e-15  0
310.0804661  -5.102187398e-15  0
310.2612261  -5.081415778e-15  0
310.5220751  -5.05161106e-15  0
310.834721  -5.016150872e-15  0
311.165279  -4.978968146e-15  0
311.4779249  -4.944089836e-15  0
311.7387739  -4.915203493e-15  0
311.9195339  -4.895299306e-15  0
312  -4.886468515e-15  0
312.0804661  -4.877655926e-15  0
312.2612261  -4.857925364e-15  0
312.5220751  -4.829613406e-15  0
312.834721  -4.795927639e-15  0
313.165279  -4.76060366e-15  0
313.4779249  -4.727467151e-15  0
313.7387739  -4.700022083e-15  0
313.9195339  -4.681110326e-15  0
314  -4.672719662e-15  0
314.0804661  -4.664346182e-15  0
314.2612261  -4.645598348e-15  0
314.5220751  -4.618695565e-15  0
314.834721  -4.58668495e-15  0
315.165279  -4.553115837e-15  0
315.4779249  -4.52162388e-15  0
315.7387739  -4.49553969e-15  0
315.9195339  -4.47756504e-15  0
316  -4.469589979e-15  0
316.0804661  -4.461631148e-15  0
316.2612261  -4.443811316e-15  0
316.5220751  -4.418239292e-15  0
316.834721  -4.387810695e-15  0
317.165279  -4.355898977e-15  0
317.4779249  -4.325960319e-15  0
317.7387739  -4.301161561e-15  0
317.9195339  -4.284072103e-15  0
318  -4.276489628e-15  0
318.0804661  -4.268922488e-15  0
318.2612261  -4.251979301e-15  0
318.5220751  -4.227664437e-15  0
318.834721  -4.198730441e-15  0
319.165279  -4.168384626e-15  0
319.4779249  -4.139913607e-15  0
319.7387739  -4.116329454e-15  0
319.9195339  -4.100076446e-15  0
320  -4.09286495e-15  0
320.0804661  -4.085667948e-15  0
320.2612261  -4.069553186e-15  0
320.5220751  -4.046426379e-15  0
320.834721  -4.0189049e-15  0
321.165279  -3.990039074e-15  0
321.4779249  -3.962955248e-15  0
321.7387739  -3.940519184e-15  0
321.9195339  -3.925056849e-15  0
322  -3.918196038e-15  0
322.0804661  -3.911348929e-15  0
322.2612261  -3.896017302e-15  0
322.5220751  -3.874013643e-15  0
322.834721  -3.847827577e-15  0
323.165279  -3.820361031e-15  0
323.4779249  -3.794588824e-15  0
323.7387739  -3.773238354e-15  0
323.9195339  -3.758523682e-15  0
324  -3.751994487e-15  0
324.0804661  -3.745478251e-15  0
324.2612261  -3.730887202e-15  0
324.5220751  -3.709945699e-15  0
324.834721  -3.68502259e-15  0
325.165279  -3.658879476e-15  0
325.4779249  -3.63434786e-15  0
325.7387739  -3.614024247e-15  0
325.9195339  -3.600016812e-15  0
326  -3.593801309e-15  0
326.0804661  -3.587598067e-15  0
326.2612261  -3.573707594e-15  0
326.5220751  -3.553770914e-15  0
326.834721  -3.530042647e-15  0
327.165279  -3.505151656e-15  0
327.4779249  -3.481793852e-15  0
327.7387739  -3.462441869e-15  0
327.9195339  -3.449103659e-15  0
328  -3.443184995e-15  0
328.0804661  -3.437277934e-15  0
328.2612261  -3.424050423e-15  0
328.5220751  -3.405064649e-15  0
328.834721  -3.382467166e-15  0
329.165279  -3.358761236e-15  0
329.4779249  -3.336514434e-15  0
329.7387739  -3.318082135e-15  0
329.9195339  -3.305377394e-15  0
330  -3.299739715e-15  0
330.0804661  -3.294113022e-15  0
330.2612261  -3.281513086e-15  0
330.5220751  -3.263427497e-15  0
330.834721  -3.241900536e-15  0
331.165279  -3.21931657e-15  0
331.4779249  -3.198121673e-15  0
331.7387739  -3.180560178e-15  0
331.9195339  -3.168455261e-15  0
332  -3.163083648e-15  0
332.0804661  -3.157722441e-15  0
332.2612261  -3.145716781e-15  0
332.5220751  -3.128483646e-15  0
332.834721  -3.107970489e-15  0
333.165279  -3.086449101e-15  0
333.4779249  -3.066250484e-15  0
333.7387739  -3.049513784e-15  0
333.9195339  -3.037977019e-15  0
334  -3.03285743e-15  0
334.0804661  -3.027747699e-15  0
334.2612261  -3.016304969e-15  0
334.5220751  -2.99987935e-15  0
334.834721  -2.9803266e-15  0
335.165279  -2.959811876e-15  0
335.4779249  -2.940557164e-15  0
335.7387739  -2.924601933e-15  0
335.9195339  -2.913603497e-15  0
336  -2.908722707e-15  0
336.0804661  -2.903851259e-15  0
336.2612261  -2.892941938e-15  0
336.5220751  -2.877281516e-15  0
336.834721  -2.858638882e-15  0
337.165279  -2.839078158e-15  0
337.4779249  -2.820718015e-15  0
337.7387739  -2.805503445e-15  0
337.9195339  -2.795015242e-15  0
338  -2.790360793e-15  0
338.0804661  -2.7857152e-15  0
338.2612261  -2.775311476e-15  0
338.5220751  -2.760376381e-15  0
338.834721  -2.742596481e-15  0
339.165279  -2.723940138e-15  0
339.4779249  -2.70642808e-15  0
339.7387739  -2.691915713e-15  0
339.9195339  -2.681911268e-15  0
340  -2.67747142e-15  0
340.0804661  -2.67303997e-15  0
340.2612261  -2.663115635e-15  0
340.5220751  -2.648868291e-15  0
340.834721  -2.63190647e-15  0
341.165279  -2.614107738e-15  0
341.4779249  -2.597399946e-15  0
341.7387739  -2.583553533e-15  0
341.9195339  -2.574007887e-15  0
342  -2.569771573e-15  0
342.0804661  -2.565543225e-15  0
342.2612261  -2.556073572e-15  0
342.5220751  -2.542478554e-15  0
342.834721  -2.526292707e-15  0
343.165279  -2.50930749e-15  0
343.4779249  -2.493362648e-15  0
343.7387739  -2.480148006e-15  0
343.9195339  -2.471037625e-15  0
344  -2.466994408e-15  0
344.0804661  -2.462958749e-15  0
344.2612261  -2.453920476e-15  0
344.5220751  -2.440944376e-15  0
344.834721  -2.425494795e-15  0
345.165279  -2.409281499e-15  0
345.4779249  -2.394060637e-15  0
345.7387739  -2.38144552e-15  0
345.9195339  -2.372748204e-15  0
346  -2.368888237e-15  0
346.0804661  -2.365035446e-15  0
346.2612261  -2.356406571e-15  0
346.5220751  -2.34401787e-15  0
346.834721  -2.32926709e-15  0
347.165279  -2.313786474e-15  0
347.4779249  -2.299252818e-15  0
347.7387739  -2.287206801e-15  0
347.9195339  -2.278901598e-15  0
348  -2.275215592e-15  0
348.0804661  -2.271536399e-15  0
348.2612261  -2.263296177e-15  0
348.5220751  -2.251465131e-15  0
348.834721  -2.237377795e-15  0
349.165279  -2.222592819e-15  0
349.4779249  -2.208711662e-15  0
349.7387739  -2.197206024e-15  0
349.9195339  -2.189273159e-15  0
350  -2.185752343e-15  0
350.0804661  -2.182237996e-15  0
350.2612261  -2.174366846e-15  0
350.5220751  -2.163065373e-15  0
350.834721  -2.149608099e-15  0
351.165279  -2.135483794e-15  0
351.4779249  -2.122222363e-15  0
351.7387739  -2.111229986e-15  0
351.9195339  -2.103650784e-15  0
352  -2.100286876e-15  0
352.0804661  -2.096929114e-15  0
352.2612261  -2.089408542e-15  0
352.5220751  -2.078610123e-15  0
352.834721  -2.065751386e-15  0
353.165279  -2.052254725e-15  0
353.4779249  -2.039582068e-15  0
353.7387739  -2.029077336e-15  0
353.9195339  -2.021834158e-15  0
354  -2.018619335e-15  0
354.0804661  -2.015410353e-15  0
354.2612261  -2.00822289e-15  0
354.5220751  -1.997902474e-15  0
354.834721  -1.985612492e-15  0
355.165279  -1.97271227e-15  0
355.4779249  -1.960599143e-15  0
355.7387739  -1.950557854e-15  0
355.9195339  -1.943634033e-15  0
356  -1.940560903e-15  0
356.0804661  -1.937493324e-15  0
356.2612261  -1.930622464e-15  0
356.5220751  -1.920756378e-15  0
356.834721  -1.909007005e-15  0
357.165279  -1.896673734e-15  0
357.4779249  -1.885092496e-15  0
357.7387739  -1.875491776e-15  0
357.9195339  -1.868871558e-15  0
358  -1.865933133e-15  0
358.0804661  -1.862999988e-15  0
358.2612261  -1.856430126e-15  0
358.5220751  -1.846995994e-15  0
358.834721  -1.835760624e-15  0
359.165279  -1.823966427e-15  0
359.4779249  -1.812890947e-15  0
359.7387739  -1.803709167e-15  0
359.9195339  -1.797377657e-15  0
360  -1.794567332e-15  0
360.0804661  -1.791762027e-15  0
360.2612261  -1.785478412e-15  0
360.5220751  -1.776455073e-15  0
360.834721  -1.765708547e-15  0
361.165279  -1.75442706e-15  0
361.4779249  -1.743832627e-15  0
361.7387739  -1.735049333e-15  0
361.9195339  -1.728992444e-15  0
362  -1.72630397e-15  0
362.0804661  -1.723620272e-15  0
362.2612261  -1.717608948e-15  0
362.5220751  -1.708976389e-15  0
362.834721  -1.698694909e-15  0
363.165279  -1.687901194e-15  0
363.4779249  -1.677764429e-15  0
363.7387739  -1.669360271e-15  0
363.9195339  -1.663564675e-15  0
364  -1.66099214e-15  0
364.0804661  -1.658424151e-15  0
364.2612261  -1.652671916e-15  0
364.5220751  -1.6444112e-15  0
364.834721  -1.634572249e-15  0
365.165279  -1.624242708e-15  0
365.4779249  -1.614541489e-15  0
365.7387739  -1.606498154e-15  0
365.9195339  -1.600951238e-15  0
366  -1.598489049e-15  0
366.0804661  -1.596031186e-15  0
366.2612261  -1.590525544e-15  0
366.5220751  -1.582618749e-15  0
366.834721  -1.573201013e-15  0
367.165279  -1.56331331e-15  0
367.4779249  -1.554026697e-15  0
367.7387739  -1.546326851e-15  0
367.9195339  -1.541016675e-15  0
368  -1.538659534e-15  0
368.0804661  -1.536306513e-15  0
368.2612261  -1.531035636e-15  0
368.5220751  -1.523465795e-15  0
368.834721  -1.514449096e-15  0
369.165279  -1.504982082e-15  0
369.4779249  -1.496090247e-15  0
369.7387739  -1.488717475e-15  0
369.9195339  -1.483632733e-15  0
370  -1.481375626e-15  0
370.0804661  -1.479122441e-15  0
370.2612261  -1.474075127e-15  0
370.5220751  -1.466826171e-15  0
370.834721  -1.458191399e-15  0
371.165279  -1.449125046e-15  0
371.4779249  -1.440609208e-15  0
371.7387739  -1.433547963e-15  0
371.9195339  -1.428677946e-15  0
372  -1.426516121e-15  0
372.0804661  -1.424358033e-15  0
372.2612261  -1.41952367e-15  0
372.5220751  -1.412580377e-15  0
372.834721  -1.404309429e-15  0
373.165279  -1.39562476e-15  0
373.4779249  -1.387467128e-15  0
373.7387739  -1.38070268e-15  0
373.9195339  -1.376037239e-15  0
374  -1.373966195e-15  0
374.0804661  -1.371898713e-15  0
374.2612261  -1.367267247e-15  0
374.5220751  -1.360615194e-15  0
374.834721  -1.352690913e-15  0
375.165279  -1.344369948e-15  0
375.4779249  -1.336553659e-15  0
375.7387739  -1.330072047e-15  0
375.9195339  -1.325601565e-15  0
376  -1.323617037e-15  0
376.0804661  -1.321635903e-15  0
376.2612261  -1.317197804e-15  0
376.5220751  -1.310823319e-15  0
376.834721  -1.303229446e-15  0
377.165279  -1.295255137e-15  0
377.4779249  -1.287764207e-15  0
377.7387739  -1.281552196e-15  0
377.9195339  -1.277267556e-15  0
378  -1.275365498e-15  0
378.0804661  -1.273466677e-15  0
378.2612261  -1.26921291e-15  0
378.5220751  -1.263103031e-15  0
378.834721  -1.255824147e-15  0
379.165279  -1.248180332e-15  0
379.4779249  -1.240999605e-15  0
379.7387739  -1.235044644e-15  0
379.9195339  -1.2309372e-15  0
380  -1.229113777e-15  0
380.0804661  -1.227293441e-15  0
380.2612261  -1.223215437e-15  0
380.5220751  -1.217357872e-15  0
380.834721  -1.210379354e-15  0
381.165279  -1.203050703e-15  0
381.4779249  -1.196165801e-15  0
381.7387739  -1.190455987e-15  0
381.9195339  -1.186517537e-15  0
382  -1.18476911e-15  0
382.0804661  -1.183023628e-15  0
382.2612261  -1.17911326e-15  0
382.5220751  -1.173496347e-15  0
382.834721  -1.166804323e-15  0
383.165279  -1.159776293e-15  0
383.4779249  -1.153173576e-15  0
383.7387739  -1.147697612e-15  0
383.9195339  -1.143920374e-15  0
384  -1.142243492e-15  0
384.0804661  -1.140569419e-15  0
384.2612261  -1.136818974e-15  0
384.5220751  -1.131431647e-15  0
384.834721  -1.125012953e-15  0
385.165279  -1.118271741e-15  0
385.4779249  -1.111938264e-15  0
385.7387739  -1.106685433e-15  0
385.9195339  -1.103062021e-15  0
386  -1.101453406e-15  0
386.0804661  -1.099847472e-15  0
386.2612261  -1.09624963e-15  0
386.5220751  -1.091081385e-15  0
386.834721  -1.084923526e-15  0
387.165279  -1.078456031e-15  0
387.4779249  -1.072379506e-15  0
387.7387739  -1.067339629e-15  0
387.9195339  -1.063863032e-15  0
388  -1.062319574e-15  0
388.0804661  -1.060778675e-15  0
388.2612261  -1.057326485e-15  0
388.5220751  -1.052367351e-15  0
388.834721  -1.046458463e-15  0
389.165279  -1.040252245e-15  0
389.4779249  -1.034421004e-15  0
389.7387739  -1.029584418e-15  0
389.9195339  -1.026247977e-15  0
390  -1.024766722e-15  0
390.0804661  -1.02328791e-15  0
390.2612261  -1.019974772e-15  0
390.5220751  -1.015215278e-15  0
390.834721  -1.009544093e-15  0
391.165279  -1.003587338e-15  0
391.4779249  -9.979902983e-16  0
391.7387739  -9.933478254e-16  0
391.9195339  -9.901452155e-16  0
392  -9.887233571e-16  0
392.0804661  -9.873038318e-16  0
392.2612261  -9.84123477e-16  0
392.5220751  -9.795546275e-16  0
392.834721  -9.74110442e-16  0
393.165279  -9.683919255e-16  0
393.4779249  -9.630185573e-16  0
393.7387739  -9.585614767e-16  0
393.9195339  -9.554866891e-16  0
394  -9.541215614e-16  0
394.0804661  -9.527586622e-16  0
394.2612261  -9.497051334e-16  0
394.5220751  -9.453183801e-16  0
394.834721  -9.400910235e-16  0
395.165279  -9.346000795e-16  0
395.4779249  -9.294403776e-16  0
395.7387739  -9.251604018e-16  0
395.9195339  -9.222077259e-16  0
396  -9.20896795e-16  0
396.0804661  -9.195879935e-16  0
396.2612261  -9.166556293e-16  0
396.5220751  -9.124428479e-16  0
396.834721  -9.074226531e-16  0
397.165279  -9.021491439e-16  0
397.4779249  -8.971935974e-16  0
397.7387739  -8.930828486e-16  0
397.9195339  -8.902468556e-16  0
398  -8.88987713e-16  0
398.0804661  -8.877306053e-16  0
398.2612261  -8.849140236e-16  0
398.5220751  -8.808674908e-16  0
398.834721  -8.760452673e-16  0
399.165279  -8.709795541e-16  0
399.4779249  -8.662191203e-16  0
399.7387739  -8.622701083e-16  0
399.9195339  -8.595456363e-16  0
