#L=7 M=0
#R     Re(V)   Im(V)

0.08046609183  -2.548192997e-14  0
0.2612261349  -4.93459326e-10  0
0.5220750502  -6.282676248e-08  0
0.8347210423  -1.677372053e-06  0
1.165278958  -1.73213094e-05  0
1.47792495  -9.137094231e-05  0
1.738773865  -0.0002848491748  0
1.919533908  -0.000568892535  0
2  -0.0007581417947  0
2.080466092  -0.0009989459692  0
2.261226135  -0.001788696331  0
2.52207505  -0.003836992218  0
2.834721042  -0.008683484096  0
3.165278958  -0.01876688965  0
3.47792495  -0.03623911088  0
3.738773865  -0.06006082419  0
3.919533908  -0.0835303152  0
4  -0.0962736427  0
4.080466092  -0.08212822957  0
4.261226135  -0.0581271798  0
4.52207505  -0.03620964308  0
4.834721042  -0.02127386544  0
5.165278958  -0.0125804282  0
5.47792495  -0.007893450785  0
5.738773865  -0.005460461012  0
5.919533908  -0.004272042272  0
6  -0.003839288867  0
6.080466092  -0.003455390849  0
6.261226135  -0.002741130477  0
6.52207505  -0.001985646479  0
6.834721042  -0.001372094283  0
7.165278958  -0.0009452889012  0
7.47792495  -0.0006749915269  0
7.738773865  -0.0005150980931  0
7.919533908  -0.0004293685088  0
8  -0.0003964734803  0
8.080466092  -0.0003663898009  0
8.261226135  -0.0003077366717  0
8.52207505  -0.0002408232581  0
8.834721042  -0.000181235591  0
9.165278958  -0.0001356172023  0
9.47792495  -0.0001040520468  0
9.738773865  -8.395770442e-05  0
9.919533908  -7.25945184e-05  0
10  -6.810047569e-05  0
10.08046609  -6.391659105e-05  0
10.26122613  -5.553017213e-05  0
10.52207505  -4.552018352e-05  0
10.83472104  -3.609462875e-05  0
11.16527896  -2.844074619e-05  0
11.47792495  -2.284315202e-05  0
11.73877387  -1.91096261e-05  0
11.91953391  -1.692473715e-05  0
12  -1.604349184e-05  0
12.08046609  -1.521342784e-05  0
12.26122613  -1.351884686e-05  0
12.52207505  -1.143439826e-05  0
12.83472104  -9.396562324e-06  0
13.16527896  -7.673963949e-06  0
13.47792495  -6.365054292e-06  0
13.73877387  -5.463113489e-06  0
13.91953391  -4.922373427e-06  0
14  -4.701210203e-06  0
14.08046609  -4.491145969e-06  0
14.26122613  -4.056614801e-06  0
14.52207505  -3.510357073e-06  0
14.83472104  -2.961512927e-06  0
15.16527896  -2.483682034e-06  0
15.47792495  -2.110170665e-06  0
15.73877387  -1.846453571e-06  0
15.91953391  -1.685449317e-06  0
16  -1.618902002e-06  0
16.08046609  -1.555293485e-06  0
16.26122613  -1.422391017e-06  0
16.52207505  -1.25252e-06  0
16.83472104  -1.078229609e-06  0
17.16527896  -9.230009821e-07  0
17.47792495  -7.989687102e-07  0
17.73877387  -7.097214572e-07  0
17.91953391  -6.544554107e-07  0
18  -6.31423453e-07  0
18.08046609  -6.092989926e-07  0
18.26122613  -5.627064036e-07  0
18.52207505  -5.023678023e-07  0
18.83472104  -4.394233207e-07  0
19.16527896  -3.82341013e-07  0
19.47792495  -3.359251276e-07  0
19.73877387  -3.020167021e-07  0
19.91953391  -2.807785875e-07  0
20  -2.718688555e-07  0
20.08046609  -2.632758786e-07  0
20.26122613  -2.45064073e-07  0
20.52207505  -2.212281314e-07  0
20.83472104  -1.960261812e-07  0
21.16527896  -1.728335251e-07  0
21.47792495  -1.537038501e-07  0
21.73877387  -1.395549562e-07  0
21.91953391  -1.306100176e-07  0
22  -1.268370488e-07  0
22.08046609  -1.231862454e-07  0
22.26122613  -1.154081729e-07  0
22.52207505  -1.051388888e-07  0
22.83472104  -9.415996154e-08  0
23.16527896  -8.393301843e-08  0
23.47792495  -7.539739113e-08  0
23.73877387  -6.901894822e-08  0
23.91953391  -6.495510087e-08  0
24  -6.323320239e-08  0
24.08046609  -6.156248465e-08  0
24.26122613  -5.798739071e-08  0
24.52207505  -5.323265758e-08  0
24.83472104  -4.810186821e-08  0
25.16527896  -4.327355098e-08  0
25.47792495  -3.920345245e-08  0
25.73877387  -3.613549954e-08  0
25.91953391  -3.416799421e-08  0
26  -3.333114543e-08  0
26.08046609  -3.251728431e-08  0
26.26122613  -3.076926563e-08  0
26.52207505  -2.843002327e-08  0
26.83472104  -2.588574191e-08  0
27.16527896  -2.347059039e-08  0
27.47792495  -2.141736095e-08  0
27.73877387  -1.985817691e-08  0
27.91953391  -1.885263964e-08  0
28  -1.84235465e-08  0
28.08046609  -1.800540924e-08  0
28.26122613  -1.710446557e-08  0
28.52207505  -1.589236694e-08  0
28.83472104  -1.456503445e-08  0
29.16527896  -1.329561678e-08  0
29.47792495  -1.220850001e-08  0
29.73877387  -1.137766438e-08  0
29.91953391  -1.083924423e-08  0
30  -1.06088316e-08  0
30.08046609  -1.038391454e-08  0
30.26122613  -9.897954011e-09  0
30.52207505  -9.241131634e-09  0
30.83472104  -8.517603469e-09  0
31.16527896  -7.821129253e-09  0
31.47792495  -7.220858752e-09  0
31.73877387  -6.759529317e-09  0
31.91953391  -6.459297513e-09  0
32  -6.330496766e-09  0
32.08046609  -6.2045782e-09  0
32.26122613  -5.931856881e-09  0
32.52207505  -5.561752242e-09  0
32.83472104  -5.151942098e-09  0
33.16527896  -4.755195594e-09  0
33.47792495  -4.411328207e-09  0
33.73877387  -4.145751433e-09  0
33.91953391  -3.972268675e-09  0
34  -3.897680953e-09  0
34.08046609  -3.824665146e-09  0
34.26122613  -3.666185307e-09  0
34.52207505  -3.450344701e-09  0
34.83472104  -3.210250539e-09  0
35.16527896  -2.976631605e-09  0
35.47792495  -2.773140916e-09  0
35.73877387  -2.615293509e-09  0
35.91953391  -2.511840643e-09  0
36  -2.46727534e-09  0
36.08046609  -2.423597584e-09  0
36.26122613  -2.328615279e-09  0
36.52207505  -2.198842222e-09  0
36.83472104  -2.053896443e-09  0
37.16527896  -1.912222611e-09  0
37.47792495  -1.788270972e-09  0
37.73877387  -1.6917467e-09  0
37.91953391  -1.628297291e-09  0
38  -1.60091713e-09  0
38.08046609  -1.574053834e-09  0
38.26122613  -1.515537045e-09  0
38.52207505  -1.43535802e-09  0
38.83472104  -1.345476465e-09  0
39.16527896  -1.25726791e-09  0
39.47792495  -1.179785591e-09  0
39.73877387  -1.119236647e-09  0
39.91953391  -1.079329207e-09  0
40  -1.062081133e-09  0
40.08046609  -1.045142524e-09  0
40.26122613  -1.00818829e-09  0
40.52207505  -9.574237844e-10  0
40.83472104  -9.003282548e-10  0
41.16527896  -8.440907138e-10  0
41.47792495  -7.945138146e-10  0
41.73877387  -7.556490302e-10  0
41.91953391  -7.299717664e-10  0
42  -7.188583163e-10  0
42.08046609  -7.079348505e-10  0
42.26122613  -6.840705265e-10  0
42.52207505  -6.512114489e-10  0
42.83472104  -6.14143813e-10  0
43.16527896  -5.775122614e-10  0
43.47792495  -5.451137743e-10  0
43.73877387  -5.196426522e-10  0
43.91953391  -5.027775115e-10  0
44  -4.954686868e-10  0
44.08046609  -4.882791737e-10  0
44.26122613  -4.72552537e-10  0
44.52207505  -4.508524618e-10  0
44.83472104  -4.263063963e-10  0
45.16527896  -4.019759303e-10  0
45.47792495  -3.803929851e-10  0
45.73877387  -3.633803839e-10  0
45.91953391  -3.520933759e-10  0
46  -3.471962063e-10  0
46.08046609  -3.42375531e-10  0
46.26122613  -3.318184341e-10  0
46.52207505  -3.172232455e-10  0
46.83472104  -3.006727862e-10  0
47.16527896  -2.842224412e-10  0
47.47792495  -2.695900056e-10  0
47.73877387  -2.580284195e-10  0
47.91953391  -2.503438592e-10  0
48  -2.470061267e-10  0
48.08046609  -2.43718374e-10  0
48.26122613  -2.365107104e-10  0
48.52207505  -2.265284236e-10  0
48.83472104  -2.151829884e-10  0
49.16527896  -2.038776239e-10  0
49.47792495  -1.937964443e-10  0
49.73877387  -1.858133974e-10  0
49.91953391  -1.804984391e-10  0
50  -1.781876457e-10  0
50.08046609  -1.759100805e-10  0
50.26122613  -1.709121714e-10  0
50.52207505  -1.639789825e-10  0
50.83472104  -1.560824477e-10  0
51.16527896  -1.481954447e-10  0
51.47792495  -1.411462569e-10  0
51.73877387  -1.355528228e-10  0
51.91953391  -1.318230465e-10  0
52  -1.301999674e-10  0
52.08046609  -1.28599336e-10  0
52.26122613  -1.250837424e-10  0
52.52207505  -1.201994878e-10  0
52.83472104  -1.146257722e-10  0
53.16527896  -1.090467807e-10  0
53.47792495  -1.040497989e-10  0
53.73877387  -1.000773046e-10  0
53.91953391  -9.742459056e-11  0
54  -9.62692406e-11  0
54.08046609  -9.512928165e-11  0
54.26122613  -9.2623417e-11  0
54.52207505  -8.91371234e-11  0
54.83472104  -8.5151542e-11  0
55.16527896  -8.115421392e-11  0
55.47792495  -7.756681424e-11  0
55.73877387  -7.470993132e-11  0
55.91953391  -7.279964834e-11  0
56  -7.196700155e-11  0
56.08046609  -7.114505328e-11  0
56.26122613  -6.933684597e-11  0
56.52207505  -6.681790359e-11  0
56.83472104  -6.393339438e-11  0
57.16527896  -6.103500824e-11  0
57.47792495  -5.842907039e-11  0
57.73877387  -5.635042145e-11  0
57.91953391  -5.495878941e-11  0
58  -5.435176804e-11  0
58.08046609  -5.375227889e-11  0
58.26122613  -5.243251165e-11  0
58.52207505  -5.059177194e-11  0
58.83472104  -4.848060551e-11  0
59.16527896  -4.635560916e-11  0
59.47792495  -4.444175042e-11  0
59.73877387  -4.291283321e-11  0
59.91953391  -4.188805669e-11  0
60  -4.144075141e-11  0
60.08046609  -4.099881262e-11  0
60.26122613  -4.002523702e-11  0
60.52207505  -3.866581302e-11  0
60.83472104  -3.710440375e-11  0
61.16527896  -3.553022342e-11  0
61.47792495  -3.411018078e-11  0
61.73877387  -3.297415109e-11  0
61.91953391  -3.221188915e-11  0
62  -3.187895734e-11  0
62.08046609  -3.154989175e-11  0
62.26122613  -3.082451636e-11  0
62.52207505  -2.981058902e-11  0
62.83472104  -2.864442401e-11  0
63.16527896  -2.746693988e-11  0
63.47792495  -2.640315665e-11  0
63.73877387  -2.555100498e-11  0
63.91953391  -2.497864228e-11  0
64  -2.472850338e-11  0
64.08046609  -2.448117898e-11  0
64.26122613  -2.393566852e-11  0
64.52207505  -2.31724e-11  0
64.83472104  -2.229340736e-11  0
65.16527896  -2.140462161e-11  0
65.47792495  -2.06005285e-11  0
65.73877387  -1.995560176e-11  0
65.91953391  -1.952201314e-11  0
66  -1.933241637e-11  0
66.08046609  -1.914488861e-11  0
66.26122613  -1.873103952e-11  0
66.52207505  -1.815144991e-11  0
66.83472104  -1.748318314e-11  0
67.16527896  -1.680656819e-11  0
67.47792495  -1.619361737e-11  0
67.73877387  -1.570142158e-11  0
67.91953391  -1.537021877e-11  0
68  -1.522531627e-11  0
68.08046609  -1.508194879e-11  0
68.26122613  -1.476539075e-11  0
68.52207505  -1.432166711e-11  0
68.83472104  -1.380947508e-11  0
69.16527896  -1.329023198e-11  0
69.47792495  -1.281925867e-11  0
69.73877387  -1.244065267e-11  0
69.91953391  -1.218567042e-11  0
70  -1.20740593e-11  0
70.08046609  -1.196359691e-11  0
70.26122613  -1.171957409e-11  0
70.52207505  -1.137724117e-11  0
70.83472104  -1.098166323e-11  0
71.16527896  -1.058016343e-11  0
71.47792495  -1.021555897e-11  0
71.73877387  -9.922155473e-12  0
71.91953391  -9.724397681e-12  0
72  -9.637794305e-12  0
72.08046609  -9.552057643e-12  0
72.26122613  -9.362568604e-12  0
72.52207505  -9.096531948e-12  0
72.83472104  -8.788807147e-12  0
73.16527896  -8.476125188e-12  0
73.47792495  -8.191860716e-12  0
73.73877387  -7.962882912e-12  0
73.91953391  -7.8084326e-12  0
74  -7.740764709e-12  0
74.08046609  -7.673755815e-12  0
74.26122613  -7.525592523e-12  0
74.52207505  -7.317422152e-12  0
74.83472104  -7.076401596e-12  0
75.16527896  -6.831238307e-12  0
75.47792495  -6.608121337e-12  0
75.73877387  -6.428230842e-12  0
75.91953391  -6.30680436e-12  0
76  -6.253582539e-12  0
76.08046609  -6.200865453e-12  0
76.26122613  -6.08425427e-12  0
76.52207505  -5.920300054e-12  0
76.83472104  -5.73030151e-12  0
77.16527896  -5.536842634e-12  0
77.47792495  -5.36060465e-12  0
77.73877387  -5.218385191e-12  0
77.91953391  -5.122321769e-12  0
78  -5.080199917e-12  0
78.08046609  -5.038467337e-12  0
78.26122613  -4.946117647e-12  0
78.52207505  -4.816188556e-12  0
78.83472104  -4.66549086e-12  0
79.16527896  -4.511901947e-12  0
79.47792495  -4.371852148e-12  0
79.73877387  -4.258740702e-12  0
79.91953391  -4.182289439e-12  0
80  -4.148754425e-12  0
80.08046609  -4.115521615e-12  0
80.26122613  -4.041953416e-12  0
80.52207505  -3.938383105e-12  0
80.83472104  -3.818159557e-12  0
81.16527896  -3.69551815e-12  0
81.47792495  -3.583586934e-12  0
81.73877387  -3.49311332e-12  0
81.91953391  -3.431925434e-12  0
82  -3.405075967e-12  0
82.08046609  -3.378462582e-12  0
82.26122613  -3.319526929e-12  0
82.52207505  -3.23650666e-12  0
82.83472104  -3.140062644e-12  0
83.16527896  -3.041593951e-12  0
83.47792495  -2.951647319e-12  0
83.73877387  -2.878888498e-12  0
83.91953391  -2.829652599e-12  0
84  -2.808040298e-12  0
84.08046609  -2.786613525e-12  0
84.26122613  -2.739147559e-12  0
84.52207505  -2.672245902e-12  0
84.83472104  -2.594469297e-12  0
85.16527896  -2.514994492e-12  0
85.47792495  -2.442338517e-12  0
85.73877387  -2.383523713e-12  0
85.91953391  -2.343701647e-12  0
86  -2.326215872e-12  0
86.08046609  -2.308876724e-12  0
86.26122613  -2.270453483e-12  0
86.52207505  -2.216267676e-12  0
86.83472104  -2.153229479e-12  0
87.16527896  -2.088764268e-12  0
87.47792495  -2.029784086e-12  0
87.73877387  -1.982006787e-12  0
87.91953391  -1.949640814e-12  0
88  -1.935424558e-12  0
88.08046609  -1.921324814e-12  0
88.26122613  -1.890070367e-12  0
88.52207505  -1.845971276e-12  0
88.83472104  -1.794633132e-12  0
89.16527896  -1.742093433e-12  0
89.47792495  -1.693988247e-12  0
89.73877387  -1.654994573e-12  0
89.91953391  -1.628565565e-12  0
90  -1.616953568e-12  0
90.08046609  -1.605434633e-12  0
90.26122613  -1.579893434e-12  0
90.52207505  -1.543837615e-12  0
90.83472104  -1.501836068e-12  0
91.16527896  -1.458820652e-12  0
91.47792495  -1.419407799e-12  0
91.73877387  -1.387439883e-12  0
91.91953391  -1.365762287e-12  0
92  -1.356235181e-12  0
92.08046609  -1.346782775e-12  0
92.26122613  -1.325817809e-12  0
92.52207505  -1.296208035e-12  0
92.83472104  -1.26169427e-12  0
93.16527896  -1.226323117e-12  0
93.47792495  -1.193892211e-12  0
93.73877387  -1.167571476e-12  0
93.91953391  -1.149714994e-12  0
94  -1.141865091e-12  0
94.08046609  -1.134075432e-12  0
94.26122613  -1.116793679e-12  0
94.52207505  -1.092374736e-12  0
94.83472104  -1.063894726e-12  0
95.16527896  -1.034688029e-12  0
95.47792495  -1.007891657e-12  0
95.73877387  -9.861312815e-13  0
95.91953391  -9.713620819e-13  0
96  -9.648676824e-13  0
96.08046609  -9.584220903e-13  0
96.26122613  -9.441185064e-13  0
96.52207505  -9.238988478e-13  0
96.83472104  -9.003031677e-13  0
97.16527896  -8.760901747e-13  0
97.47792495  -8.538614757e-13  0
97.73877387  -8.358003191e-13  0
97.91953391  -8.235366357e-13  0
98  -8.181426234e-13  0
98.08046609  -8.127883246e-13  0
98.26122613  -8.009035004e-13  0
98.52207505  -7.840959711e-13  0
98.83472104  -7.644714977e-13  0
99.16527896  -7.443214268e-13  0
99.47792495  -7.258115651e-13  0
99.73877387  -7.107640038e-13  0
99.91953391  -7.005424039e-13  0
100  -6.960454912e-13  0
100.0804661  -6.915810272e-13  0
100.2612261  -6.816689821e-13  0
100.5220751  -6.676457123e-13  0
100.834721  -6.512636145e-13  0
101.165279  -6.344329892e-13  0
101.4779249  -6.189634436e-13  0
101.7387739  -6.063810632e-13  0
101.9195339  -5.978306724e-13  0
102  -5.940681246e-13  0
102.0804661  -5.903321961e-13  0
102.2612261  -5.820357474e-13  0
102.5220751  -5.702936326e-13  0
102.834721  -5.565695344e-13  0
103.165279  -5.424618114e-13  0
103.4779249  -5.294877721e-13  0
103.7387739  -5.18929954e-13  0
103.9195339  -5.117526531e-13  0
104  -5.085936226e-13  0
104.0804661  -5.054565134e-13  0
104.2612261  -4.984883355e-13  0
104.5220751  -4.886224758e-13  0
104.834721  -4.770857812e-13  0
105.165279  -4.652202381e-13  0
105.4779249  -4.54302373e-13  0
105.7387739  -4.454135904e-13  0
105.9195339  -4.393687215e-13  0
106  -4.367075522e-13  0
106.0804661  -4.340645021e-13  0
106.2612261  -4.281924856e-13  0
106.5220751  -4.198756424e-13  0
106.834721  -4.101457935e-13  0
107.165279  -4.001334275e-13  0
107.4779249  -3.909159947e-13  0
107.7387739  -3.834081983e-13  0
107.9195339  -3.783006927e-13  0
108  -3.760517211e-13  0
108.0804661  -3.738177795e-13  0
108.2612261  -3.688536563e-13  0
108.5220751  -3.618202839e-13  0
108.834721  -3.535882926e-13  0
109.165279  -3.451130592e-13  0
109.4779249  -3.373068549e-13  0
109.7387739  -3.309457416e-13  0
109.9195339  -3.266168599e-13  0
110  -3.247103586e-13  0
110.0804661  -3.228163677e-13  0
110.2612261  -3.186068313e-13  0
110.5220751  -3.126406054e-13  0
110.834721  -3.056546197e-13  0
111.165279  -2.98458758e-13  0
111.4779249  -2.918277692e-13  0
111.7387739  -2.864220264e-13  0
111.9195339  -2.827421016e-13  0
112  -2.811210998e-13  0
112.0804661  -2.795105457e-13  0
112.2612261  -2.759302877e-13  0
112.5220751  -2.708543186e-13  0
112.834721  -2.649082893e-13  0
113.165279  -2.587807922e-13  0
113.4779249  -2.531317018e-13  0
113.7387739  -2.485245451e-13  0
113.9195339  -2.453872701e-13  0
114  -2.440050495e-13  0
114.0804661  -2.426315818e-13  0
114.2612261  -2.395778059e-13  0
114.5220751  -2.352469257e-13  0
114.834721  -2.301716689e-13  0
115.165279  -2.24939183e-13  0
115.4779249  -2.201130815e-13  0
115.7387739  -2.161755673e-13  0
115.9195339  -2.134934791e-13  0
116  -2.123115939e-13  0
116.0804661  -2.111370643e-13  0
116.2612261  -2.085251458e-13  0
116.5220751  -2.048198031e-13  0
116.834721  -2.004759208e-13  0
117.165279  -1.959955349e-13  0
117.4779249  -1.918613473e-13  0
117.7387739  -1.884870662e-13  0
117.9195339  -1.861879599e-13  0
118  -1.851746643e-13  0
118.0804661  -1.841675686e-13  0
118.2612261  -1.819276061e-13  0
118.5220751  -1.787490135e-13  0
118.834721  -1.750212641e-13  0
119.165279  -1.711747699e-13  0
119.4779249  -1.676240208e-13  0
119.7387739  -1.647248693e-13  0
119.9195339  -1.627489404e-13  0
120  -1.618779352e-13  0
120.0804661  -1.610121707e-13  0
120.2612261  -1.590862355e-13  0
120.5220751  -1.56352497e-13  0
120.834721  -1.531453004e-13  0
121.165279  -1.498346068e-13  0
121.4779249  -1.467772363e-13  0
121.7387739  -1.442800347e-13  0
121.9195339  -1.425775917e-13  0
122  -1.418270204e-13  0
122.0804661  -1.410808913e-13  0
122.2612261  -1.394208253e-13  0
122.5220751  -1.370638343e-13  0
122.834721  -1.342976686e-13  0
123.165279  -1.314411245e-13  0
123.4779249  -1.288021298e-13  0
123.7387739  -1.26645907e-13  0
123.9195339  -1.251755345e-13  0
124  -1.245271771e-13  0
124.0804661  -1.238825953e-13  0
124.2612261  -1.2244824e-13  0
124.5220751  -1.204111851e-13  0
124.834721  -1.180196884e-13  0
125.165279  -1.155491225e-13  0
125.4779249  -1.13265853e-13  0
125.7387739  -1.113996577e-13  0
125.9195339  -1.101267353e-13  0
126  -1.095653584e-13  0
126.0804661  -1.090071988e-13  0
126.2612261  -1.077649681e-13  0
126.5220751  -1.0600032e-13  0
126.834721  -1.039279498e-13  0
127.165279  -1.01786279e-13  0
127.4779249  -9.980625047e-14  0
127.7387739  -9.818738175e-14  0
127.9195339  -9.708288593e-14  0
128  -9.659571631e-14  0
128.0804661  -9.61112952e-14  0
128.2612261  -9.503301899e-14  0
128.5220751  -9.350090058e-14  0
128.834721  -9.170103828e-14  0
129.165279  -8.984032921e-14  0
129.4779249  -8.81194503e-14  0
129.7387739  -8.671202152e-14  0
129.9195339  -8.575155294e-14  0
130  -8.532785063e-14  0
130.0804661  -8.490650209e-14  0
130.2612261  -8.396848741e-14  0
130.5220751  -8.263534938e-14  0
130.834721  -8.106875854e-14  0
131.165279  -7.944865086e-14  0
131.4779249  -7.794978019e-14  0
131.7387739  -7.672354983e-14  0
131.9195339  -7.588654122e-14  0
132  -7.551725146e-14  0
132.0804661  -7.514998219e-14  0
132.2612261  -7.433224818e-14  0
132.5220751  -7.316978931e-14  0
132.834721  -7.180335881e-14  0
133.165279  -7.038977857e-14  0
133.4779249  -6.908154671e-14  0
133.7387739  -6.80109634e-14  0
133.9195339  -6.728003232e-14  0
134  -6.695750118e-14  0
134.0804661  -6.663670843e-14  0
134.2612261  -6.592236086e-14  0
134.5220751  -6.49066451e-14  0
134.834721  -6.371236065e-14  0
135.165279  -6.247646723e-14  0
135.4779249  -6.133231188e-14  0
135.7387739  -6.039573204e-14  0
135.9195339  -5.975615042e-14  0
136  -5.947389169e-14  0
136.0804661  -5.919313198e-14  0
136.2612261  -5.856785031e-14  0
136.5220751  -5.767858258e-14  0
136.834721  -5.663268278e-14  0
137.165279  -5.555000419e-14  0
137.4779249  -5.454737771e-14  0
137.7387739  -5.372642257e-14  0
137.9195339  -5.316568063e-14  0
138  -5.291818416e-14  0
138.0804661  -5.26719831e-14  0
138.2612261  -5.212359871e-14  0
138.5220751  -5.134352898e-14  0
138.834721  -5.042581064e-14  0
139.165279  -4.947553153e-14  0
139.4779249  -4.859524807e-14  0
139.7387739  -4.787427374e-14  0
139.9195339  -4.738172048e-14  0
140  -4.716429413e-14  0
140.0804661  -4.694798959e-14  0
140.2612261  -4.646613778e-14  0
140.5220751  -4.578056944e-14  0
140.834721  -4.497381421e-14  0
141.165279  -4.413818789e-14  0
141.4779249  -4.336388393e-14  0
141.7387739  -4.272954345e-14  0
141.9195339  -4.229608938e-14  0
142  -4.210472833e-14  0
142.0804661  -4.191434073e-14  0
142.2612261  -4.149017288e-14  0
142.5220751  -4.088655597e-14  0
142.834721  -4.017605566e-14  0
143.165279  -3.943991715e-14  0
143.4779249  -3.875760462e-14  0
143.7387739  -3.819848491e-14  0
143.9195339  -3.781635565e-14  0
144  -3.7647634e-14  0
144.0804661  -3.747975875e-14  0
144.2612261  -3.710570364e-14  0
144.5220751  -3.657329729e-14  0
144.834721  -3.594645995e-14  0
145.165279  -3.529682165e-14  0
145.4779249  -3.469451671e-14  0
145.7387739  -3.42008369e-14  0
145.9195339  -3.386336832e-14  0
146  -3.371434901e-14  0
146.0804661  -3.356606703e-14  0
146.2612261  -3.32356323e-14  0
146.5220751  -3.276522392e-14  0
146.834721  -3.2211246e-14  0
147.165279  -3.163696111e-14  0
147.4779249  -3.11043749e-14  0
147.7387739  -3.0667735e-14  0
147.9195339  -3.036920247e-14  0
148  -3.023736215e-14  0
148.0804661  -3.010616537e-14  0
148.2612261  -2.981377193e-14  0
148.5220751  -2.93974431e-14  0
148.834721  -2.890703592e-14  0
149.165279  -2.83985174e-14  0
149.4779249  -2.792679787e-14  0
149.7387739  -2.75399688e-14  0
149.9195339  -2.727544456e-14  0
150  -2.715861084e-14  0
150.0804661  -2.704233984e-14  0
150.2612261  -2.678318355e-14  0
150.5220751  -2.641411417e-14  0
150.834721  -2.597927512e-14  0
151.165279  -2.552826067e-14  0
151.4779249  -2.510977648e-14  0
151.7387739  -2.476652423e-14  0
151.9195339  -2.45317579e-14  0
152  -2.442805679e-14  0
152.0804661  -2.432484858e-14  0
152.2612261  -2.409478428e-14  0
152.5220751  -2.376708849e-14  0
152.834721  -2.338090922e-14  0
153.165279  -2.298026406e-14  0
153.4779249  -2.26084232e-14  0
153.7387739  -2.230336132e-14  0
153.9195339  -2.209467959e-14  0
154  -2.20024913e-14  0
154.0804661  -2.191073551e-14  0
154.2612261  -2.170617962e-14  0
154.5220751  -2.141476791e-14  0
154.834721  -2.107127313e-14  0
155.165279  -2.071482422e-14  0
155.4779249  -2.03839215e-14  0
155.7387739  -2.011238692e-14  0
155.9195339  -1.992660911e-14  0
156  -1.984453092e-14  0
156.0804661  -1.976283288e-14  0
156.2612261  -1.958068146e-14  0
156.5220751  -1.932114457e-14  0
156.834721  -1.901515624e-14  0
157.165279  -1.869755256e-14  0
157.4779249  -1.840264109e-14  0
157.7387739  -1.81605894e-14  0
157.9195339  -1.79949563e-14  0
158  -1.792177121e-14  0
158.0804661  -1.784892081e-14  0
158.2612261  -1.768648034e-14  0
158.5220751  -1.745499126e-14  0
158.834721  -1.718201396e-14  0
159.165279  -1.689860858e-14  0
159.4779249  -1.663539108e-14  0
159.7387739  -1.641930811e-14  0
159.9195339  -1.627142174e-14  0
160  -1.620607197e-14  0
160.0804661  -1.614101732e-14  0
160.2612261  -1.599594622e-14  0
160.5220751  -1.578917736e-14  0
160.834721  -1.554530128e-14  0
161.165279  -1.529205145e-14  0
161.4779249  -1.505678833e-14  0
161.7387739  -1.486361519e-14  0
161.9195339  -1.473138787e-14  0
162  -1.467295238e-14  0
162.0804661  -1.461477755e-14  0
162.2612261  -1.448503661e-14  0
162.5220751  -1.430008948e-14  0
162.834721  -1.408190819e-14  0
163.165279  -1.38552907e-14  0
163.4779249  -1.364472202e-14  0
163.7387739  -1.347179152e-14  0
163.9195339  -1.335340252e-14  0
164  -1.3301078e-14  0
164.0804661  -1.324898402e-14  0
164.2612261  -1.31327943e-14  0
164.5220751  -1.296713992e-14  0
164.834721  -1.277168048e-14  0
165.165279  -1.256861962e-14  0
165.4779249  -1.237989878e-14  0
165.7387739  -1.222488132e-14  0
165.9195339  -1.211874011e-14  0
166  -1.20718247e-14  0
166.0804661  -1.202511351e-14  0
166.2612261  -1.192092053e-14  0
166.5220751  -1.177234856e-14  0
166.834721  -1.159701205e-14  0
167.165279  -1.141481837e-14  0
167.4779249  -1.124545556e-14  0
167.7387739  -1.110631308e-14  0
167.9195339  -1.101102792e-14  0
168  -1.096890741e-14  0
168.0804661  -1.092696809e-14  0
168.2612261  -1.083341125e-14  0
168.5220751  -1.069998676e-14  0
168.834721  -1.054249753e-14  0
169.165279  -1.037881547e-14  0
169.4779249  -1.022662947e-14  0
169.7387739  -1.010157609e-14  0
169.9195339  -1.001592721e-14  0
170  -9.978063272e-15  0
170.0804661  -9.940360294e-15  0
170.2612261  -9.856246841e-15  0
170.5220751  -9.736273245e-15  0
170.834721  -9.594635528e-15  0
171.165279  -9.447398763e-15  0
171.4779249  -9.310475651e-15  0
171.7387739  -9.197944003e-15  0
171.9195339  -9.120860723e-15  0
172  -9.086780749e-15  0
172.0804661  -9.052843966e-15  0
172.2612261  -8.977126631e-15  0
172.5220751  -8.869114055e-15  0
172.834721  -8.741574847e-15  0
173.165279  -8.608967926e-15  0
173.4779249  -8.485625772e-15  0
173.7387739  -8.38423817e-15  0
173.9195339  -8.314779213e-15  0
174  -8.284067678e-15  0
174.0804661  -8.253483701e-15  0
174.2612261  -8.18524156e-15  0
174.5220751  -8.087879647e-15  0
174.834721  -7.972896844e-15  0
175.165279  -7.853322352e-15  0
175.4779249  -7.742080865e-15  0
175.7387739  -7.650624531e-15  0
175.9195339  -7.587961154e-15  0
176  -7.560252179e-15  0
176.0804661  -7.532656986e-15  0
176.2612261  -7.471079011e-15  0
176.5220751  -7.383213591e-15  0
176.834721  -7.279428612e-15  0
177.165279  -7.171478908e-15  0
177.4779249  -7.071033352e-15  0
177.7387739  -6.988439113e-15  0
177.9195339  -6.931840594e-15  0
178  -6.906811542e-15  0
178.0804661  -6.881884114e-15  0
178.2612261  -6.826255026e-15  0
178.5220751  -6.746868022e-15  0
178.834721  -6.653082238e-15  0
179.165279  -6.555515126e-15  0
179.4779249  -6.464713853e-15  0
179.7387739  -6.390037795e-15  0
179.9195339  -6.338858914e-15  0
180  -6.316224876e-15  0
180.0804661  -6.293681718e-15  0
180.2612261  -6.243369782e-15  0
180.5220751  -6.171561893e-15  0
180.834721  -6.086716304e-15  0
181.165279  -5.998434046e-15  0
181.4779249  -5.916259107e-15  0
181.7387739  -5.848666732e-15  0
181.9195339  -5.802336978e-15  0
182  -5.781846009e-15  0
182.0804661  -5.761436413e-15  0
182.2612261  -5.715882911e-15  0
182.5220751  -5.650858655e-15  0
182.834721  -5.57401633e-15  0
183.165279  -5.494047511e-15  0
183.4779249  -5.419597902e-15  0
183.7387739  -5.35835044e-15  0
183.9195339  -5.31636467e-15  0
184  -5.297793675e-15  0
184.0804661  -5.279295629e-15  0
184.2612261  -5.238005744e-15  0
184.5220751  -5.179060518e-15  0
184.834721  -5.109391409e-15  0
185.165279  -5.036875246e-15  0
185.4779249  -4.969352406e-15  0
185.7387739  -4.913794958e-15  0
185.9195339  -4.875705312e-15  0
186  -4.858856476e-15  0
186.0804661  -4.842073115e-15  0
186.2612261  -4.804608046e-15  0
186.5220751  -4.751116919e-15  0
186.834721  -4.687884695e-15  0
187.165279  -4.622057432e-15  0
187.4779249  -4.560752665e-15  0
187.7387739  -4.510303924e-15  0
187.9195339  -4.475712811e-15  0
188  -4.46041051e-15  0
188.0804661  -4.445167041e-15  0
188.2612261  -4.411137154e-15  0
188.5220751  -4.362545139e-15  0
188.834721  -4.305095762e-15  0
189.165279  -4.24527886e-15  0
189.4779249  -4.189562417e-15  0
189.7387739  -4.143705737e-15  0
189.9195339  -4.112259743e-15  0
190  -4.098347853e-15  0
190.0804661  -4.084488887e-15  0
190.2612261  -4.053547764e-15  0
190.5220751  -4.009361365e-15  0
190.834721  -3.957113156e-15  0
191.165279  -3.902703028e-15  0
191.4779249  -3.852014609e-15  0
191.7387739  -3.810290238e-15  0
191.9195339  -3.781674827e-15  0
192  -3.769014384e-15  0
192.0804661  -3.756401605e-15  0
192.2612261  -3.728240871e-15  0
192.5220751  -3.688020724e-15  0
192.834721  -3.640455722e-15  0
193.165279  -3.59091479e-15  0
193.4779249  -3.544755272e-15  0
193.7387739  -3.506753586e-15  0
193.9195339  -3.480688476e-15  0
194  -3.469155645e-15  0
194.0804661  -3.457665786e-15  0
194.2612261  -3.432010595e-15  0
194.5220751  -3.395365056e-15  0
194.834721  -3.352021474e-15  0
195.165279  -3.306870372e-15  0
195.4779249  -3.264794595e-15  0
195.7387739  -3.230150194e-15  0
195.9195339  -3.206385332e-15  0
196  -3.195869623e-15  0
196.0804661  -3.185392696e-15  0
196.2612261  -3.161997793e-15  0
196.5220751  -3.12857734e-15  0
196.834721  -3.089042987e-15  0
197.165279  -3.047853753e-15  0
197.4779249  -3.009464216e-15  0
197.7387739  -2.977850767e-15  0
197.9195339  -2.956162804e-15  0
198  -2.94656552e-15  0
198.0804661  -2.937003273e-15  0
198.2612261  -2.915649554e-15  0
198.5220751  -2.88514189e-15  0
198.834721  -2.849048418e-15  0
199.165279  -2.811438536e-15  0
199.4779249  -2.776379888e-15  0
199.7387739  -2.747505612e-15  0
199.9195339  -2.727694825e-15  0
200  -2.7189277e-15  0
200.0804661  -2.710192263e-15  0
200.2612261  -2.69068376e-15  0
200.5220751  -2.662809535e-15  0
200.834721  -2.629827397e-15  0
201.165279  -2.595454585e-15  0
201.4779249  -2.563408793e-15  0
201.7387739  -2.537012512e-15  0
201.9195339  -2.518900101e-15  0
202  -2.510884114e-15  0
202.0804661  -2.502896813e-15  0
202.2612261  -2.485058056e-15  0
202.5220751  -2.459567106e-15  0
202.834721  -2.429401144e-15  0
203.165279  -2.397958783e-15  0
203.4779249  -2.368640899e-15  0
203.7387739  -2.344488567e-15  0
203.9195339  -2.327914289e-15  0
204  -2.320578612e-15  0
204.0804661  -2.31326893e-15  0
204.2612261  -2.29694263e-15  0
204.5220751  -2.273610685e-15  0
204.834721  -2.245996248e-15  0
205.165279  -2.217209364e-15  0
205.4779249  -2.190363805e-15  0
205.7387739  -2.168245464e-15  0
205.9195339  -2.15306555e-15  0
206  -2.146346634e-15  0
206.0804661  -2.139651296e-15  0
206.2612261  -2.12469631e-15  0
206.5220751  -2.103322097e-15  0
206.834721  -2.078021637e-15  0
207.165279  -2.051643372e-15  0
207.4779249  -2.027040649e-15  0
207.7387739  -2.006767749e-15  0
207.9195339  -1.992853075e-15  0
208  -1.986693838e-15  0
208.0804661  -1.98055601e-15  0
208.2612261  -1.966845547e-15  0
208.5220751  -1.947248241e-15  0
208.834721  -1.924048311e-15  0
209.165279  -1.899856818e-15  0
209.4779249  -1.877290658e-15  0
209.7387739  -1.858693697e-15  0
209.9195339  -1.845928169e-15  0
210  -1.84027729e-15  0
210.0804661  -1.834645864e-15  0
210.2612261  -1.822065912e-15  0
210.5220751  -1.804082891e-15  0
210.834721  -1.782791502e-15  0
211.165279  -1.760587203e-15  0
211.4779249  -1.739872009e-15  0
211.7387739  -1.722798456e-15  0
211.9195339  -1.711077591e-15  0
212  -1.705888876e-15  0
212.0804661  -1.700717855e-15  0
212.2612261  -1.689165784e-15  0
212.5220751  -1.672650648e-15  0
212.834721  -1.653094939e-15  0
213.165279  -1.632698109e-15  0
213.4779249  -1.613666722e-15  0
213.7387739  -1.597979174e-15  0
213.9195339  -1.587208846e-15  0
214  -1.582440676e-15  0
214.0804661  -1.577688615e-15  0
214.2612261  -1.567071952e-15  0
214.5220751  -1.551892774e-15  0
214.834721  -1.53391695e-15  0
215.165279  -1.515165585e-15  0
215.4779249  -1.4976673e-15  0
215.7387739  -1.483241867e-15  0
215.9195339  -1.473337192e-15  0
216  -1.468952035e-15  0
216.0804661  -1.464581557e-15  0
216.2612261  -1.454816898e-15  0
216.5220751  -1.440854676e-15  0
216.834721  -1.424318187e-15  0
217.165279  -1.407066111e-15  0
217.4779249  -1.390964929e-15  0
217.7387739  -1.377689793e-15  0
217.9195339  -1.368574153e-15  0
218  -1.364538129e-15  0
218.0804661  -1.360515491e-15  0
218.2612261  -1.351527539e-15  0
218.5220751  -1.33867483e-15  0
218.834721  -1.323450757e-15  0
219.165279  -1.307565953e-15  0
219.4779249  -1.292739028e-15  0
219.7387739  -1.280513171e-15  0
219.9195339  -1.272117343e-15  0
220  -1.268399838e-15  0
220.0804661  -1.264694551e-15  0
220.2612261  -1.256415266e-15  0
220.5220751  -1.244574966e-15  0
220.834721  -1.230548595e-15  0
221.165279  -1.21591172e-15  0
221.4779249  -1.202247983e-15  0
221.7387739  -1.190980061e-15  0
221.9195339  -1.183241441e-15  0
222  -1.179814771e-15  0
222.0804661  -1.17639926e-15  0
222.2612261  -1.168767099e-15  0
222.5220751  -1.157851374e-15  0
222.834721  -1.144918922e-15  0
223.165279  -1.131421992e-15  0
223.4779249  -1.118820933e-15  0
223.7387739  -1.108428273e-15  0
223.9195339  -1.101290195e-15  0
224  -1.098129296e-15  0
224.0804661  -1.094978599e-15  0
224.2612261  -1.087937849e-15  0
224.5220751  -1.077867174e-15  0
224.834721  -1.065934665e-15  0
225.165279  -1.053479886e-15  0
225.4779249  -1.041850464e-15  0
225.7387739  -1.032258173e-15  0
225.9195339  -1.025669302e-15  0
226  -1.022751468e-15  0
226.0804661  -1.019842968e-15  0
226.2612261  -1.013343146e-15  0
226.5220751  -1.004045454e-15  0
226.834721  -9.930277177e-16  0
227.165279  -9.815264447e-16  0
227.4779249  -9.707861256e-16  0
227.7387739  -9.619263018e-16  0
227.9195339  -9.558400853e-16  0
228  -9.531447247e-16  0
228.0804661  -9.504579117e-16  0
228.2612261  -9.444532341e-16  0
228.5220751  -9.358631629e-16  0
228.834721  -9.256829409e-16  0
229.165279  -9.15054753e-16  0
229.4779249  -9.051286494e-16  0
229.7387739  -8.969396723e-16  0
229.9195339  -8.913138632e-16  0
230  -8.888222881e-16  0
230.0804661  -8.863385458e-16  0
230.2612261  -8.807874563e-16  0
230.5220751  -8.728456717e-16  0
230.834721  -8.634328219e-16  0
231.165279  -8.536046965e-16  0
231.4779249  -8.444248011e-16  0
231.7387739  -8.368507051e-16  0
231.9195339  -8.316469292e-16  0
232  -8.293421637e-16  0
232.0804661  -8.270445814e-16  0
232.2612261  -8.21909328e-16  0
232.5220751  -8.145619224e-16  0
232.834721  -8.05852711e-16  0
233.165279  -7.967582878e-16  0
233.4779249  -7.882627895e-16  0
233.7387739  -7.812527022e-16  0
233.9195339  -7.764360743e-16  0
234  -7.743026851e-16  0
234.0804661  -7.721758882e-16  0
234.2612261  -7.674221463e-16  0
234.5220751  -7.606201025e-16  0
234.834721  -7.525565701e-16  0
235.165279  -7.441354932e-16  0
235.4779249  -7.362681665e-16  0
235.7387739  -7.297758071e-16  0
235.9195339  -7.253145878e-16  0
236  -7.233385326e-16  0
236.0804661  -7.213685318e-16  0
236.2612261  -7.16965068e-16  0
236.5220751  -7.106637785e-16  0
236.834721  -7.031931743e-16  0
237.165279  -6.953905045e-16  0
237.4779249  -6.881001632e-16  0
237.7387739  -6.820833943e-16  0
237.9195339  -6.779486832e-16  0
238  -6.761171748e-16  0
238.0804661  -6.742912311e-16  0
238.2612261  -6.702096015e-16  0
238.5220751  -6.643684397e-16  0
238.834721  -6.574427147e-16  0
239.165279  -6.502084037e-16  0
239.4779249  -6.434484122e-16  0
239.7387739  -6.378688381e-16  0
239.9195339  -6.340342988e-16  0
240  -6.323356843e-16  0
240.0804661  -6.306421877e-16  0
240.2612261  -6.268564686e-16  0
240.5220751  -6.214384044e-16  0
240.834721  -6.150137582e-16  0
241.165279  -6.08302177e-16  0
241.4779249  -6.020300128e-16  0
241.7387739  -5.968526202e-16  0
241.9195339  -5.932942343e-16  0
242  -5.917178856e-16  0
242.0804661  -5.901462472e-16  0
242.2612261  -5.866327936e-16  0
242.5220751  -5.816040484e-16  0
242.834721  -5.756405226e-16  0
243.165279  -5.694100395e-16  0
243.4779249  -5.635869004e-16  0
243.7387739  -5.587797358e-16  0
243.9195339  -5.55475582e-16  0
244  -5.540117986e-16  0
244.0804661  -5.525523533e-16  0
244.2612261  -5.492895818e-16  0
244.5220751  -5.4461932e-16  0
244.834721  -5.390804333e-16  0
245.165279  -5.33293035e-16  0
245.4779249  -5.278834868e-16  0
245.7387739  -5.234173672e-16  0
245.9195339  -5.203474232e-16  0
246  -5.189873445e-16  0
246.0804661  -5.176312638e-16  0
246.2612261  -5.145994582e-16  0
246.5220751  -5.102595095e-16  0
246.834721  -5.051119306e-16  0
247.165279  -4.997328814e-16  0
247.4779249  -4.947045416e-16  0
247.7387739  -4.905527945e-16  0
247.9195339  -4.876987591e-16  0
248  -4.864342856e-16  0
248.0804661  -4.851734992e-16  0
248.2612261  -4.823546356e-16  0
248.5220751  -4.783192457e-16  0
248.834721  -4.735324984e-16  0
249.165279  -4.68530035e-16  0
249.4779249  -4.638532882e-16  0
249.7387739  -4.599915178e-16  0
249.9195339  -4.573366503e-16  0
250  -4.561603731e-16  0
250.0804661  -4.549874984e-16  0
250.2612261  -4.523650882e-16  0
250.5220751  -4.486106944e-16  0
250.834721  -4.441568933e-16  0
251.165279  -4.395019488e-16  0
251.4779249  -4.351496909e-16  0
251.7387739  -4.315555677e-16  0
251.9195339  -4.290845445e-16  0
252  -4.279896812e-16  0
252.0804661  -4.268979597e-16  0
252.2612261  -4.244569079e-16  0
252.5220751  -4.209619373e-16  0
252.834721  -4.168155493e-16  0
253.165279  -4.124815058e-16  0
253.4779249  -4.084289134e-16  0
253.7387739  -4.050819849e-16  0
253.9195339  -4.02780769e-16  0
254  -4.017611066e-16  0
254.0804661  -4.007443473e-16  0
254.2612261  -3.984708248e-16  0
254.5220751  -3.952155123e-16  0
254.834721  -3.913531417e-16  0
255.165279  -3.873156068e-16  0
255.4779249  -3.835399295e-16  0
255.7387739  -3.804214491e-16  0
255.9195339  -3.782771737e-16  0
256  -3.773270168e-16  0
256.0804661  -3.76379544e-16  0
256.2612261  -3.74260873e-16  0
256.5220751  -3.712270976e-16  0
256.834721  -3.676272923e-16  0
257.165279  -3.638638977e-16  0
257.4779249  -3.603442705e-16  0
257.7387739  -3.574370437e-16  0
257.9195339  -3.554379064e-16  0
258  -3.545520305e-16  0
258.0804661  -3.536686377e-16  0
258.2612261  -3.516931876e-16  0
258.5220751  -3.488643239e-16  0
258.834721  -3.455074008e-16  0
259.165279  -3.419976204e-16  0
259.4779249  -3.387148948e-16  0
259.7387739  -3.360031401e-16  0
259.9195339  -3.341383072e-16  0
260  -3.333119165e-16  0
260.0804661  -3.324878244e-16  0
260.2612261  -3.306449185e-16  0
260.5220751  -3.280057034e-16  0
260.834721  -3.248735903e-16  0
261.165279  -3.215985759e-16  0
261.4779249  -3.185351668e-16  0
261.7387739  -3.160043899e-16  0
261.9195339  -3.142639108e-16  0
262  -3.134926002e-16  0
262.0804661  -3.127234186e-16  0
262.2612261  -3.11003249e-16  0
262.5220751  -3.085396606e-16  0
262.834721  -3.056157536e-16  0
263.165279  -3.025581864e-16  0
263.4779249  -2.996979339e-16  0
263.7387739  -2.973348139e-16  0
263.9195339  -2.95709543e-16  0
264  -2.949892635e-16  0
264.0804661  -2.942709572e-16  0
264.2612261  -2.926645086e-16  0
264.5220751  -2.90363657e-16  0
264.834721  -2.876326911e-16  0
265.165279  -2.847766475e-16  0
265.4779249  -2.821046919e-16  0
265.7387739  -2.798969784e-16  0
265.9195339  -2.783785045e-16  0
266  -2.777055322e-16  0
266.0804661  -2.770343896e-16  0
266.2612261  -2.755333698e-16  0
266.5220751  -2.733833982e-16  0
266.834721  -2.708313306e-16  0
267.165279  -2.681621601e-16  0
267.4779249  -2.656648285e-16  0
267.7387739  -2.636012487e-16  0
267.9195339  -2.621818312e-16  0
268  -2.61552739e-16  0
268.0804661  -2.609253444e-16  0
268.2612261  -2.595221213e-16  0
268.5220751  -2.575121161e-16  0
268.834721  -2.5512602e-16  0
269.165279  -2.526302353e-16  0
269.4779249  -2.502949391e-16  0
269.7387739  -2.483651132e-16  0
269.9195339  -2.470376242e-16  0
270  -2.464492559e-16  0
270.0804661  -2.458624636e-16  0
270.2612261  -2.445500086e-16  0
270.5220751  -2.426699185e-16  0
270.834721  -2.404378872e-16  0
271.165279  -2.381030641e-16  0
271.4779249  -2.359182058e-16  0
271.7387739  -2.341125702e-16  0
271.9195339  -2.328704419e-16  0
272  -2.323198894e-16  0
272.0804661  -2.317708008e-16  0
272.2612261  -2.305426369e-16  0
272.5220751  -2.287831987e-16  0
272.834721  -2.266942585e-16  0
273.165279  -2.24508945e-16  0
273.4779249  -2.224638335e-16  0
273.7387739  -2.207735716e-16  0
273.9195339  -2.196107486e-16  0
274  -2.190953306e-16  0
274.0804661  -2.185812731e-16  0
274.2612261  -2.174314281e-16  0
274.5220751  -2.157841001e-16  0
274.834721  -2.138281308e-16  0
275.165279  -2.117817649e-16  0
275.4779249  -2.098665391e-16  0
275.7387739  -2.082835178e-16  0
275.9195339  -2.07194414e-16  0
276  -2.067116569e-16  0
276.0804661  -2.062301647e-16  0
276.2612261  -2.051531286e-16  0
276.5220751  -2.036100295e-16  0
276.834721  -2.017776928e-16  0
277.165279  -1.998605274e-16  0
277.4779249  -1.980660862e-16  0
277.7387739  -1.965827986e-16  0
277.9195339  -1.955622577e-16  0
278  -1.951098779e-16  0
278.0804661  -1.946586751e-16  0
278.2612261  -1.936493612e-16  0
278.5220751  -1.922032149e-16  0
278.834721  -1.904858888e-16  0
279.165279  -1.886889238e-16  0
279.4779249  -1.870068625e-16  0
279.7387739  -1.856163758e-16  0
279.9195339  -1.846596355e-16  0
280  -1.84235524e-16  0
280.0804661  -1.83812508e-16  0
280.2612261  -1.82866218e-16  0
280.5220751  -1.815103033e-16  0
280.834721  -1.799000226e-16  0
281.165279  -1.782149425e-16  0
281.4779249  -1.766374956e-16  0
281.7387739  -1.753334034e-16  0
281.9195339  -1.744360625e-16  0
282  -1.740382702e-16  0
282.0804661  -1.736414981e-16  0
282.2612261  -1.727538896e-16  0
282.5220751  -1.714819943e-16  0
282.834721  -1.699713964e-16  0
283.165279  -1.683905143e-16  0
283.4779249  -1.669105022e-16  0
283.7387739  -1.656868813e-16  0
283.9195339  -1.648448704e-16  0
284  -1.64471595e-16  0
284.0804661  -1.640992703e-16  0
284.2612261  -1.632663278e-16  0
284.5220751  -1.620727068e-16  0
284.834721  -1.606549824e-16  0
285.165279  -1.591711883e-16  0
285.4779249  -1.577819699e-16  0
285.7387739  -1.566333405e-16  0
285.9195339  -1.558428949e-16  0
286  -1.55492469e-16  0
286.0804661  -1.551429292e-16  0
286.2612261  -1.543609374e-16  0
286.5220751  -1.53240275e-16  0
286.834721  -1.519091228e-16  0
287.165279  -1.505158369e-16  0
287.4779249  -1.492112653e-16  0
287.7387739  -1.481325557e-16  0
287.9195339  -1.473901904e-16  0
288  -1.470610703e-16  0
288.0804661  -1.467327768e-16  0
288.2612261  -1.459982963e-16  0
288.5220751  -1.449456709e-16  0
288.834721  -1.436952569e-16  0
289.165279  -1.423863863e-16  0
289.4779249  -1.411607697e-16  0
289.7387739  -1.401472826e-16  0
289.9195339  -1.3944977e-16  0
290  -1.391405262e-16  0
290.0804661  -1.388320537e-16  0
290.2612261  -1.381418986e-16  0
290.5220751  -1.371527516e-16  0
290.834721  -1.359776713e-16  0
291.165279  -1.347475715e-16  0
291.4779249  -1.33595636e-16  0
291.7387739  -1.326430189e-16  0
291.9195339  -1.319873681e-16  0
292  -1.316966758e-16  0
292.0804661  -1.314067035e-16  0
292.2612261  -1.307579216e-16  0
292.5220751  -1.29828028e-16  0
292.834721  -1.287232722e-16  0
293.165279  -1.275667108e-16  0
293.4779249  -1.264835676e-16  0
293.7387739  -1.255877856e-16  0
293.9195339  -1.249712237e-16  0
294  -1.246978545e-16  0
294.0804661  -1.244251578e-16  0
294.2612261  -1.238150115e-16  0
294.5220751  -1.229404537e-16  0
294.834721  -1.21901377e-16  0
295.165279  -1.208135018e-16  0
295.4779249  -1.197946163e-16  0
295.7387739  -1.189519267e-16  0
295.9195339  -1.183718814e-16  0
296  -1.181146959e-16  0
296.0804661  -1.178581388e-16  0
296.2612261  -1.172840886e-16  0
296.5220751  -1.164612318e-16  0
296.834721  -1.154835243e-16  0
297.165279  -1.144598327e-16  0
297.4779249  -1.135009972e-16  0
297.7387739  -1.127079265e-16  0
297.9195339  -1.121620106e-16  0
298  -1.119199512e-16  0
298.0804661  -1.116784793e-16  0
298.2612261  -1.11138168e-16  0
298.5220751  -1.103636386e-16  0
298.834721  -1.094432994e-16  0
299.165279  -1.084796113e-16  0
299.4779249  -1.075769191e-16  0
299.7387739  -1.068302423e-16  0
299.9195339  -1.06316239e-16  0
300  -1.060883236e-16  0
300.0804661  -1.058609578e-16  0
300.2612261  -1.053521965e-16  0
300.5220751  -1.046228613e-16  0
300.834721  -1.037561745e-16  0
301.165279  -1.028486076e-16  0
301.4779249  -1.019984296e-16  0
301.7387739  -1.012951507e-16  0
301.9195339  -1.008110006e-16  0
302  -1.00596317e-16  0
302.0804661  -1.003821476e-16  0
302.2612261  -9.990290262e-17  0
302.5220751  -9.921585047e-17  0
302.834721  -9.839936329e-17  0
303.165279  -9.754430946e-17  0
303.4779249  -9.674327327e-17  0
303.7387739  -9.608060763e-17  0
303.9195339  -9.562439676e-17  0
304  -9.542209684e-17  0
304.0804661  -9.522027827e-17  0
304.2612261  -9.476865912e-17  0
304.5220751  -9.41211838e-17  0
304.834721  -9.335168628e-17  0
305.165279  -9.254579115e-17  0
305.4779249  -9.179076083e-17  0
305.7387739  -9.116611924e-17  0
305.9195339  -9.073606754e-17  0
306  -9.054536269e-17  0
306.0804661  -9.035510864e-17  0
306.2612261  -8.992935722e-17  0
306.5220751  -8.931894181e-17  0
306.834721  -8.859344836e-17  0
307.165279  -8.783359168e-17  0
307.4779249  -8.712165009e-17  0
307.7387739  -8.653262371e-17  0
307.9195339  -8.612707514e-17  0
308  -8.594723163e-17  0
308.0804661  -8.576781047e-17  0
308.2612261  -8.536629096e-17  0
308.5220751  -8.479059351e-17  0
308.834721  -8.410632586e-17  0
309.165279  -8.338960388e-17  0
309.4779249  -8.271803605e-17  0
309.7387739  -8.216238284e-17  0
309.9195339  -8.177979596e-17  0
310  -8.161013079e-17  0
310.0804661  -8.144086152e-17  0
310.2612261  -8.106205117e-17  0
310.5220751  -8.051889149e-17  0
310.834721  -7.987326311e-17  0
311.165279  -7.919697227e-17  0
311.4779249  -7.856325023e-17  0
311.7387739  -7.803888243e-17  0
311.9195339  -7.767782179e-17  0
312  -7.751769892e-17  0
312.0804661  -7.73579473e-17  0
312.2612261  -7.700042797e-17  0
312.5220751  -7.648777554e-17  0
312.834721  -7.587837729e-17  0
313.165279  -7.523999924e-17  0
313.4779249  -7.464176804e-17  0
313.7387739  -7.414674066e-17  0
313.9195339  -7.380586891e-17  0
314  -7.365469576e-17  0
314.0804661  -7.350387088e-17  0
314.2612261  -7.316632124e-17  0
314.5220751  -7.268228404e-17  0
314.834721  -7.210687099e-17  0
315.165279  -7.150405886e-17  0
315.4779249  -7.093912376e-17  0
315.7387739  -7.047162399e-17  0
315.9195339  -7.014969459e-17  0
316  -7.000691881e-17  0
316.0804661  -6.986446985e-17  0
316.2612261  -6.95456582e-17  0
316.5220751  -6.908847251e-17  0
316.834721  -6.854495179e-17  0
317.165279  -6.797551754e-17  0
317.4779249  -6.744183215e-17  0
317.7387739  -6.700016962e-17  0
317.9195339  -6.669602021e-17  0
318  -6.656112668e-17  0
318.0804661  -6.642654001e-17  0
318.2612261  -6.612531771e-17  0
318.5220751  -6.569333864e-17  0
318.834721  -6.517975827e-17  0
319.165279  -6.464166101e-17  0
319.4779249  -6.413731645e-17  0
319.7387739  -6.37199143e-17  0
319.9195339  -6.343246045e-17  0
320  -6.330496864e-17  0
320.0804661  -6.317776504e-17  0
320.2612261  -6.289306042e-17  0
320.5220751  -6.248475324e-17  0
320.834721  -6.199929187e-17  0
321.165279  -6.149062716e-17  0
321.4779249  -6.101384202e-17  0
321.7387739  -6.061922857e-17  0
321.9195339  -6.03474582e-17  0
322  -6.022691959e-17  0
322.0804661  -6.010665177e-17  0
322.2612261  -5.983746456e-17  0
322.5220751  -5.945139671e-17  0
322.834721  -5.899235412e-17  0
323.165279  -5.851134404e-17  0
323.4779249  -5.806045519e-17  0
323.7387739  -5.768725638e-17  0
323.9195339  -5.743022447e-17  0
324  -5.731622025e-17  0
324.0804661  -5.720247057e-17  0
324.2612261  -5.694786672e-17  0
324.5220751  -5.658270042e-17  0
324.834721  -5.614848881e-17  0
325.165279  -5.569347287e-17  0
325.4779249  -5.526692688e-17  0
325.7387739  -5.491385925e-17  0
325.9195339  -5.467068305e-17  0
326  -5.4562822e-17  0
326.0804661  -5.445520029e-17  0
326.2612261  -5.421430724e-17  0
326.5220751  -5.38687927e-17  0
326.834721  -5.345792858e-17  0
327.165279  -5.302735532e-17  0
327.4779249  -5.262370067e-17  0
327.7387739  -5.228956486e-17  0
327.9195339  -5.205941941e-17  0
328  -5.195733593e-17  0
328.0804661  -5.185547758e-17  0
328.2612261  -5.162747983e-17  0
328.5220751  -5.130044899e-17  0
328.834721  -5.09115458e-17  0
329.165279  -5.050396499e-17  0
329.4779249  -5.012184481e-17  0
329.7387739  -4.980551958e-17  0
329.9195339  -4.958763366e-17  0
330  -4.949098592e-17  0
330.0804661  -4.939455004e-17  0
330.2612261  -4.917868514e-17  0
330.5220751  -4.886904583e-17  0
330.834721  -4.850080706e-17  0
331.165279  -4.811486256e-17  0
331.4779249  -4.775300792e-17  0
331.7387739  -4.745344466e-17  0
331.9195339  -4.724709694e-17  0
332  -4.715556523e-17  0
332.0804661  -4.706423297e-17  0
332.2612261  -4.685978777e-17  0
332.5220751  -4.656651841e-17  0
332.834721  -4.621773124e-17  0
333.165279  -4.58521544e-17  0
333.4779249  -4.550937811e-17  0
333.7387739  -4.522559572e-17  0
333.9195339  -4.50301113e-17  0
334  -4.494339649e-17  0
334.0804661  -4.485686949e-17  0
334.2612261  -4.466317668e-17  0
334.5220751  -4.43853213e-17  0
334.834721  -4.405485075e-17  0
335.165279  -4.370845425e-17  0
335.4779249  -4.338364522e-17  0
335.7387739  -4.311472539e-17  0
335.9195339  -4.292947251e-17  0
336  -4.284729459e-17  0
336.0804661  -4.276529359e-17  0
336.2612261  -4.25817285e-17  0
336.5220751  -4.231839219e-17  0
336.834721  -4.20051757e-17  0
337.165279  -4.167684792e-17  0
337.4779249  -4.136896579e-17  0
337.7387739  -4.111404866e-17  0
337.9195339  -4.093843577e-17  0
338  -4.086053252e-17  0
338.0804661  -4.0782796e-17  0
338.2612261  -4.060877365e-17  0
338.5220751  -4.035911831e-17  0
338.834721  -4.006216074e-17  0
339.165279  -3.975086052e-17  0
339.4779249  -3.945893081e-17  0
339.7387739  -3.921721093e-17  0
339.9195339  -3.905068388e-17  0
340  -3.897680966e-17  0
340.0804661  -3.890309262e-17  0
340.2612261  -3.873806498e-17  0
340.5220751  -3.850130542e-17  0
340.834721  -3.821967441e-17  0
341.165279  -3.792442619e-17  0
341.4779249  -3.764753581e-17  0
341.7387739  -3.741825838e-17  0
341.9195339  -3.726029784e-17  0
342  -3.719022245e-17  0
342.0804661  -3.71202953e-17  0
342.2612261  -3.696374876e-17  0
342.5220751  -3.67391491e-17  0
342.834721  -3.647197073e-17  0
343.165279  -3.61918601e-17  0
343.4779249  -3.592915309e-17  0
343.7387739  -3.571161054e-17  0
343.9195339  -3.556172967e-17  0
344  -3.54952373e-17  0
344.0804661  -3.542888477e-17  0
344.2612261  -3.52803378e-17  0
344.5220751  -3.506720806e-17  0
344.834721  -3.481366296e-17  0
345.165279  -3.454783246e-17  0
345.4779249  -3.429850616e-17  0
345.7387739  -3.409203493e-17  0
345.9195339  -3.394977714e-17  0
346  -3.388666538e-17  0
346.0804661  -3.382368559e-17  0
346.2612261  -3.368268657e-17  0
346.5220751  -3.348037961e-17  0
346.834721  -3.323969918e-17  0
347.165279  -3.298734449e-17  0
347.4779249  -3.275064592e-17  0
347.7387739  -3.255462349e-17  0
347.9195339  -3.241956041e-17  0
348  -3.235963937e-17  0
348.0804661  -3.22998429e-17  0
348.2612261  -3.216596809e-17  0
348.5220751  -3.197387669e-17  0
348.834721  -3.174533975e-17  0
349.165279  -3.150570611e-17  0
349.4779249  -3.128092863e-17  0
349.7387739  -3.109477077e-17  0
349.9195339  -3.096650036e-17  0
350  -3.09095918e-17  0
350.0804661  -3.085280088e-17  0
350.2612261  -3.072565257e-17  0
350.5220751  -3.054320679e-17  0
350.834721  -3.032613637e-17  0
351.165279  -3.009851524e-17  0
351.4779249  -2.988499548e-17  0
351.7387739  -2.970815368e-17  0
351.9195339  -2.958629848e-17  0
352  -2.953223508e-17  0
352.0804661  -2.947828278e-17  0
352.2612261  -2.935748753e-17  0
352.5220751  -2.918415222e-17  0
352.834721  -2.897791263e-17  0
353.165279  -2.876163866e-17  0
353.4779249  -2.855875362e-17  0
353.7387739  -2.839071274e-17  0
353.9195339  -2.827491824e-17  0
354  -2.822354281e-17  0
354.0804661  -2.817227237e-17  0
354.2612261  -2.805747942e-17  0
354.5220751  -2.789275189e-17  0
354.834721  -2.769674601e-17  0
355.165279  -2.749119415e-17  0
355.4779249  -2.729835854e-17  0
355.7387739  -2.713863461e-17  0
355.9195339  -2.702856772e-17  0
356  -2.697973259e-17  0
356.0804661  -2.693099669e-17  0
356.2612261  -2.682187649e-17  0
356.5220751  -2.66652844e-17  0
356.834721  -2.647895111e-17  0
357.165279  -2.628353398e-17  0
357.4779249  -2.610019776e-17  0
357.7387739  -2.594833592e-17  0
357.9195339  -2.584368357e-17  0
358  -2.579724994e-17  0
358.0804661  -2.575091014e-17  0
358.2612261  -2.564715291e-17  0
358.5220751  -2.549825228e-17  0
358.834721  -2.532106411e-17  0
359.165279  -2.513522953e-17  0
359.4779249  -2.496087559e-17  0
359.7387739  -2.481644819e-17  0
359.9195339  -2.471691605e-17  0
360  -2.467275342e-17  0
360.0804661  -2.462867954e-17  0
360.2612261  -2.452999401e-17  0
360.5220751  -2.438836736e-17  0
360.834721  -2.421982832e-17  0
361.165279  -2.404305703e-17  0
361.4779249  -2.387719906e-17  0
361.7387739  -2.373980389e-17  0
361.9195339  -2.364511513e-17  0
362  -2.360310076e-17  0
362.0804661  -2.356117035e-17  0
362.2612261  -2.346728257e-17  0
362.5220751  -2.33325372e-17  0
362.834721  -2.317218073e-17  0
363.165279  -2.300398425e-17  0
363.4779249  -2.284616474e-17  0
363.7387739  -2.271542342e-17  0
363.9195339  -2.262531757e-17  0
364  -2.258533597e-17  0
364.0804661  -2.254543384e-17  0
364.2612261  -2.245608603e-17  0
364.5220751  -2.232785247e-17  0
364.834721  -2.217523954e-17  0
365.165279  -2.201515819e-17  0
365.4779249  -2.186494658e-17  0
365.7387739  -2.174050299e-17  0
365.9195339  -2.165473493e-17  0
366  -2.16166774e-17  0
366.0804661  -2.157869511e-17  0
366.2612261  -2.149364467e-17  0
366.5220751  -2.137157511e-17  0
366.834721  -2.122629247e-17  0
367.165279  -2.107389354e-17  0
367.4779249  -2.093088452e-17  0
367.7387739  -2.08124034e-17  0
367.9195339  -2.073074232e-17  0
368  -2.069450654e-17  0
368.0804661  -2.0658342e-17  0
368.2612261  -2.057736049e-17  0
368.5220751  -2.046112749e-17  0
368.834721  -2.032278601e-17  0
369.165279  -2.017766203e-17  0
369.4779249  -2.00414739e-17  0
369.7387739  -1.992863951e-17  0
369.9195339  -1.985086807e-17  0
370  -1.981635766e-17  0
370.0804661  -1.978191473e-17  0
370.2612261  -1.9704787e-17  0
370.5220751  -1.959408212e-17  0
370.834721  -1.946231528e-17  0
371.165279  -1.932408242e-17  0
371.4779249  -1.919435563e-17  0
371.7387739  -1.908687052e-17  0
371.9195339  -1.901278395e-17  0
372  -1.897990811e-17  0
372.0804661  -1.894709621e-17  0
372.2612261  -1.887361957e-17  0
372.5220751  -1.876815222e-17  0
372.834721  -1.864261467e-17  0
373.165279  -1.851091128e-17  0
373.4779249  -1.838730699e-17  0
373.7387739  -1.828489088e-17  0
373.9195339  -1.821429621e-17  0
374  -1.818296936e-17  0
374.0804661  -1.815170312e-17  0
374.2612261  -1.808168653e-17  0
374.5220751  -1.798118284e-17  0
374.834721  -1.786154908e-17  0
375.165279  -1.773603426e-17  0
375.4779249  -1.76182331e-17  0
375.7387739  -1.752062176e-17  0
375.9195339  -1.745333707e-17  0
376  -1.742347855e-17  0
376.0804661  -1.739367749e-17  0
376.2612261  -1.732694087e-17  0
376.5220751  -1.723114261e-17  0
376.834721  -1.711710577e-17  0
377.165279  -1.69974581e-17  0
377.4779249  -1.688515892e-17  0
377.7387739  -1.679210319e-17  0
377.9195339  -1.672795695e-17  0
378  -1.669949068e-17  0
378.0804661  -1.667107891e-17  0
378.2612261  -1.660745241e-17  0
378.5220751  -1.651611609e-17  0
378.834721  -1.640738674e-17  0
379.165279  -1.629330306e-17  0
379.4779249  -1.618622181e-17  0
379.7387739  -1.609748668e-17  0
379.9195339  -1.603631706e-17  0
380  -1.60091713e-17  0
380.0804661  -1.598207722e-17  0
380.2612261  -1.592140063e-17  0
380.5220751  -1.583429653e-17  0
380.834721  -1.573060161e-17  0
381.165279  -1.562179592e-17  0
381.4779249  -1.551966461e-17  0
381.7387739  -1.543502832e-17  0
381.9195339  -1.537668265e-17  0
382  -1.535078967e-17  0
382.0804661  -1.532494573e-17  0
382.2612261  -1.526706788e-17  0
382.5220751  -1.518397921e-17  0
382.834721  -1.508506105e-17  0
383.165279  -1.498126342e-17  0
383.4779249  -1.488382911e-17  0
383.7387739  -1.480308239e-17  0
383.9195339  -1.474741654e-17  0
384  -1.472271244e-17  0
384.0804661  -1.469805488e-17  0
384.2612261  -1.464283305e-17  0
384.5220751  -1.45635552e-17  0
384.834721  -1.446917055e-17  0
385.165279  -1.437012618e-17  0
385.4779249  -1.427715008e-17  0
385.7387739  -1.420009531e-17  0
385.9195339  -1.414697323e-17  0
386  -1.412339766e-17  0
386.0804661  -1.409986627e-17  0
386.2612261  -1.404716573e-17  0
386.5220751  -1.397150548e-17  0
386.834721  -1.388142466e-17  0
387.165279  -1.378689291e-17  0
387.4779249  -1.369814951e-17  0
387.7387739  -1.362460009e-17  0
387.9195339  -1.357389327e-17  0
388  -1.355138924e-17  0
388.0804661  -1.352892717e-17  0
388.2612261  -1.347862066e-17  0
388.5220751  -1.340639552e-17  0
388.834721  -1.332040157e-17  0
389.165279  -1.323015516e-17  0
389.4779249  -1.314543144e-17  0
389.7387739  -1.307521107e-17  0
389.9195339  -1.302679812e-17  0
390  -1.300531179e-17  0
390.0804661  -1.298386531e-17  0
390.2612261  -1.29358326e-17  0
390.5220751  -1.286687015e-17  0
390.834721  -1.27847581e-17  0
391.165279  -1.269858226e-17  0
391.4779249  -1.261767693e-17  0
391.7387739  -1.255061904e-17  0
391.9195339  -1.250438523e-17  0
392  -1.248386571e-17  0
392.0804661  -1.246338407e-17  0
392.2612261  -1.241751154e-17  0
392.5220751  -1.235164884e-17  0
392.834721  -1.227322494e-17  0
393.165279  -1.219091669e-17  0
393.4779249  -1.211363951e-17  0
393.7387739  -1.204958663e-17  0
393.9195339  -1.200542352e-17  0
394  -1.198582272e-17  0
394.0804661  -1.196625792e-17  0
394.2612261  -1.192243817e-17  0
394.5220751  -1.185952118e-17  0
394.834721  -1.17846023e-17  0
395.165279  -1.170596973e-17  0
395.4779249  -1.16321408e-17  0
395.7387739  -1.157094406e-17  0
395.9195339  -1.152874911e-17  0
396  -1.151002156e-17  0
396.0804661  -1.149132822e-17  0
396.2612261  -1.144945969e-17  0
396.5220751  -1.138934275e-17  0
396.834721  -1.131775569e-17  0
397.165279  -1.124261732e-17  0
397.4779249  -1.117206653e-17  0
397.7387739  -1.111358511e-17  0
397.9195339  -1.107326136e-17  0
398  -1.105536404e-17  0
398.0804661  -1.103749925e-17  0
398.2612261  -1.099748587e-17  0
398.5220751  -1.094003121e-17  0
398.834721  -1.087161214e-17  0
399.165279  -1.07997963e-17  0
399.4779249  -1.073236272e-17  0
399.7387739  -1.067646342e-17  0
399.9195339  -1.063791911e-17  0
