#L=3 M=-3
#R     Re(V)   Im(V)

0.08046609183  -3.490016216e-05  2.408327235e-05
0.2612261349  -0.001194773047  0.0008241422029
0.5220750502  -0.009555209519  0.00658260797
0.8347210423  -0.03919994698  0.02693527116
1.165278958  -0.1072332121  0.07340452348
1.47792495  -0.220144697  0.1500503354
1.738773865  -0.3605136143  0.2447824663
1.919533908  -0.4869351017  0.3297457429
2  -0.5514034013  0.373179896
2.080466092  -0.4694613254  0.3185743222
2.261226135  -0.3332827165  0.2281730806
2.52207505  -0.2121171259  0.1477277403
2.834721042  -0.1307443895  0.09368431517
3.165278958  -0.08372828634  0.06252449602
3.47792495  -0.05893583514  0.04629046157
3.738773865  -0.04687377509  0.0386621611
3.919533908  -0.04162232901  0.03556228223
4  -0.03992410778  0.03464223694
4.080466092  -0.03607648534  0.03148120959
4.261226135  -0.02879912669  0.02546742062
4.52207505  -0.02090872234  0.01887994279
4.834721042  -0.01433230742  0.01331132034
5.165278958  -0.00966542068  0.009290633205
5.47792495  -0.006681210598  0.006669631947
5.738773865  -0.004916641722  0.005089730071
5.919533908  -0.003976423421  0.004233983357
6  -0.003617866243  0.003904210127
6.080466092  -0.003291482192  0.003602030592
6.261226135  -0.002660808328  0.003011620388
6.52207505  -0.001954888795  0.002337228597
6.834721042  -0.001346183901  0.001738219618
7.165278958  -0.0009013253887  0.001283281311
7.47792495  -0.0006107760379  0.0009724360034
7.738773865  -0.0004368356952  0.0007773927575
7.919533908  -0.0003436527273  0.000668496939
8  -0.0003080644485  0.00062577623
8.080466092  -0.0002756631238  0.0005862046272
8.261226135  -0.0002131044244  0.0005075388419
8.52207505  -0.000143389884  0.000414981833
8.834721042  -8.399873608e-05  0.0003294570201
9.165278958  -4.16162514e-05  0.0002614260705
9.47792495  -1.496284872e-05  0.0002126140357
9.738773865  2.179730254e-07  0.0001805400727
9.919533908  7.933413669e-06  0.0001619518345
10  1.076755311e-05  0.0001544911261
10.08046609  1.32786763e-05  0.0001474819662
10.26122613  1.788952546e-05  0.0001332231335
10.52207505  2.24963518e-05  0.0001157579431
10.83472104  2.566492773e-05  9.871715686e-05
11.16527896  2.70997459e-05  8.427098706e-05
11.47792495  2.726481787e-05  7.319976517e-05
11.73877387  2.682211356e-05  6.54745976e-05
11.91953391  2.630440205e-05  6.078350398e-05
12  2.603236283e-05  5.884782136e-05
12.08046609  2.573938631e-05  5.699845302e-05
12.26122613  2.501942517e-05  5.313373234e-05
12.52207505  2.387472354e-05  4.818138952e-05
12.83472104  2.241624737e-05  4.306279052e-05
13.16527896  2.084971486e-05  3.84431176e-05
13.47792495  1.939601869e-05  3.468443231e-05
13.73877387  1.822653596e-05  3.192583736e-05
13.91953391  1.744553623e-05  3.018773781e-05
14  1.71063636e-05  2.945536005e-05
14.08046609  1.677263336e-05  2.874688155e-05
14.26122613  1.604331552e-05  2.723726377e-05
14.52207505  1.504174065e-05  2.52410326e-05
14.83472104  1.392110422e-05  2.309763661e-05
15.16527896  1.282914897e-05  2.108589544e-05
15.47792495  1.188050154e-05  1.938986902e-05
15.73877387  1.114818661e-05  1.810871626e-05
15.91953391  1.067058865e-05  1.728480736e-05
16  1.046552851e-05  1.693364142e-05
16.08046609  1.026498526e-05  1.659163268e-05
16.26122613  9.83047485e-06  1.585518806e-05
16.52207505  9.240695508e-06  1.486482751e-05
16.83472104  8.587898352e-06  1.377971733e-05
17.16527896  7.956560731e-06  1.273992268e-05
17.47792495  7.410132732e-06  1.184658945e-05
17.73877387  6.988697047e-06  1.116125144e-05
17.91953391  6.713698389e-06  1.071557366e-05
18  6.595537861e-06  1.052441705e-05
18.08046609  6.479910142e-06  1.033754594e-05
18.26122613  6.229084851e-06  9.93278263e-06
18.52207505  5.887777352e-06  9.383237459e-06
18.83472104  5.508484996e-06  8.774014615e-06
19.16527896  5.139713732e-06  8.182988976e-06
19.47792495  4.818640352e-06  7.669302548e-06
19.73877387  4.569599797e-06  7.271356289e-06
19.91953391  4.406351031e-06  7.010705059e-06
20  4.336013249e-06  6.898446437e-06
20.08046609  4.267065481e-06  6.78843178e-06
20.26122613  4.117083514e-06  6.549199512e-06
20.52207505  3.9120239e-06  6.222282001e-06
20.83472104  3.682715974e-06  5.856908593e-06
21.16527896  3.458194649e-06  5.499339239e-06
21.47792495  3.261334956e-06  5.185945547e-06
21.73877387  3.107686715e-06  4.941410516e-06
21.91953391  3.006488232e-06  4.780378826e-06
22  2.962763516e-06  4.710808347e-06
22.08046609  2.919829688e-06  4.642499731e-06
22.26122613  2.826179273e-06  4.493511215e-06
22.52207505  2.697547722e-06  4.28889408e-06
22.83472104  2.552855655e-06  4.058756742e-06
23.16527896  2.410261283e-06  3.831980079e-06
23.47792495  2.284436881e-06  3.631890435e-06
23.73877387  2.185683776e-06  3.47485959e-06
23.91953391  2.120366959e-06  3.371000835e-06
24  2.0920761e-06  3.326017057e-06
24.08046609  2.064255351e-06  3.281781249e-06
24.26122613  2.003424852e-06  3.185060506e-06
24.52207505  1.919536844e-06  3.051681352e-06
24.83472104  1.824691237e-06  2.900883752e-06
25.16527896  1.730694893e-06  2.751439726e-06
25.47792495  1.647297339e-06  2.61884891e-06
25.73877387  1.581529355e-06  2.514287982e-06
25.91953391  1.537871997e-06  2.444880057e-06
26  1.518922633e-06  2.414753843e-06
26.08046609  1.500264214e-06  2.385090244e-06
26.26122613  1.459383209e-06  2.320096862e-06
26.52207505  1.402812355e-06  2.230159891e-06
26.83472104  1.338571164e-06  2.128029046e-06
27.16527896  1.274598223e-06  2.026325119e-06
27.47792495  1.217571244e-06  1.935664165e-06
27.73877387  1.17241444e-06  1.863874475e-06
27.91953391  1.142345808e-06  1.816071832e-06
28  1.129270912e-06  1.795285583e-06
28.08046609  1.116382542e-06  1.774795878e-06
28.26122613  1.088093762e-06  1.729822899e-06
28.52207505  1.048831907e-06  1.667405188e-06
28.83472104  1.004077853e-06  1.596256156e-06
29.16527896  9.593253007e-07  1.525109575e-06
29.47792495  9.192694452e-07  1.461429736e-06
29.73877387  8.874384503e-07  1.410825607e-06
29.91953391  8.661860586e-07  1.37703909e-06
30  8.569302401e-07  1.362324425e-06
30.08046609  8.47797723e-07  1.347805782e-06
30.26122613  8.277218384e-07  1.315889657e-06
30.52207505  7.99786891e-07  1.271479405e-06
30.83472104  7.678394424e-07  1.220690192e-06
31.16527896  7.357773996e-07  1.169718808e-06
31.47792495  7.069783912e-07  1.123934915e-06
31.73877387  6.840218025e-07  1.087439149e-06
31.91953391  6.686584879e-07  1.063014966e-06
32  6.619582721e-07  1.052363144e-06
32.08046609  6.553417699e-07  1.041844408e-06
32.26122613  6.407772012e-07  1.018690051e-06
32.52207505  6.204653585e-07  9.863988352e-07
32.83472104  5.97168935e-07  9.493628149e-07
33.16527896  5.737146158e-07  9.120757777e-07
33.47792495  5.525815843e-07  8.78479061e-07
33.73877387  5.356897688e-07  8.516249143e-07
33.91953391  5.24361781e-07  8.336159891e-07
34  5.194154524e-07  8.257524511e-07
34.08046609  5.145273102e-07  8.179814163e-07
34.26122613  5.037544883e-07  8.008550787e-07
34.52207505  4.887007042e-07  7.769229847e-07
34.83472104  4.713908913e-07  7.49404318e-07
35.16527896  4.539147203e-07  7.216211801e-07
35.47792495  4.381246538e-07  6.965185648e-07
35.73877387  4.254729365e-07  6.764052114e-07
35.91953391  4.169728369e-07  6.628919859e-07
36  4.132572981e-07  6.56985124e-07
36.08046609  4.095830524e-07  6.51143909e-07
36.26122613  4.014769296e-07  6.382570171e-07
36.52207505  3.901294691e-07  6.202171353e-07
36.83472104  3.770517791e-07  5.994265822e-07
37.16527896  3.638152903e-07  5.783835751e-07
37.47792495  3.518263691e-07  5.593239168e-07
37.73877387  3.421995168e-07  5.440194108e-07
37.91953391  3.357210502e-07  5.337201223e-07
38  3.328864737e-07  5.292137903e-07
38.08046609  3.300817504e-07  5.247549181e-07
38.26122613  3.23888107e-07  5.149084335e-07
38.52207505  3.152040893e-07  5.011028202e-07
38.83472104  3.051755779e-07  4.851597678e-07
39.16527896  2.950024606e-07  4.689868248e-07
39.47792495  2.857677838e-07  4.543057888e-07
39.73877387  2.783381162e-07  4.424943069e-07
39.91953391  2.733308724e-07  4.345339279e-07
40  2.711381134e-07  4.310479398e-07
40.08046609  2.689672992e-07  4.275968389e-07
40.26122613  2.641694228e-07  4.199693065e-07
40.52207505  2.574327695e-07  4.092595597e-07
40.83472104  2.49638844e-07  3.968689906e-07
41.16527896  2.417164928e-07  3.842742538e-07
41.47792495  2.345105846e-07  3.728184986e-07
41.73877387  2.287029611e-07  3.635856979e-07
41.91953391  2.247836683e-07  3.573549138e-07
42  2.230659969e-07  3.546242068e-07
42.08046609  2.21364701e-07  3.519195332e-07
42.26122613  2.176016391e-07  3.459371206e-07
42.52207505  2.123111176e-07  3.375263946e-07
42.83472104  2.061801083e-07  3.27779484e-07
43.16527896  1.999366115e-07  3.17853744e-07
43.47792495  1.942474387e-07  3.08809253e-07
43.73877387  1.89654922e-07  3.015081959e-07
43.91953391  1.865518864e-07  2.965750749e-07
44  1.851909797e-07  2.944115428e-07
44.08046609  1.838424603e-07  2.922677036e-07
44.26122613  1.808576038e-07  2.875224605e-07
44.52207505  1.76656225e-07  2.808432236e-07
44.83472104  1.717800194e-07  2.730911656e-07
45.16527896  1.668060305e-07  2.651836544e-07
45.47792495  1.622661652e-07  2.579663011e-07
45.73877387  1.585960851e-07  2.521317083e-07
45.91953391  1.561135682e-07  2.48185071e-07
46  1.550240963e-07  2.464530586e-07
46.08046609  1.539441118e-07  2.447361288e-07
46.26122613  1.515521066e-07  2.409333845e-07
46.52207505  1.481815813e-07  2.355750157e-07
46.83472104  1.442642705e-07  2.293473824e-07
47.16527896  1.402622837e-07  2.229851335e-07
47.47792495  1.36604063e-07  2.171693945e-07
47.73877387  1.336427778e-07  2.124616245e-07
47.91953391  1.316376723e-07  2.092739628e-07
48  1.30757192e-07  2.078741993e-07
48.08046609  1.29884061e-07  2.064861195e-07
48.26122613  1.279490687e-07  2.034099219e-07
48.52207505  1.252198197e-07  1.990710367e-07
48.83472104  1.220437912e-07  1.940218736e-07
49.16527896  1.187945467e-07  1.888563137e-07
49.47792495  1.158202839e-07  1.841279123e-07
49.73877387  1.134097087e-07  1.802956459e-07
49.91953391  1.117759702e-07  1.776983732e-07
50  1.110581712e-07  1.765572361e-07
50.08046609  1.10346125e-07  1.754252445e-07
50.26122613  1.087672677e-07  1.729152204e-07
50.52207505  1.065383132e-07  1.693716898e-07
50.83472104  1.039414465e-07  1.652432622e-07
51.16527896  1.012812727e-07  1.610141908e-07
51.47792495  9.884311092e-08  1.571380681e-07
51.73877387  9.686480439e-08  1.539930106e-07
51.91953391  9.552287715e-08  1.518596514e-07
52  9.493299023e-08  1.509218654e-07
52.08046609  9.434764974e-08  1.499913071e-07
52.26122613  9.304909555e-08  1.479269013e-07
52.52207505  9.121432139e-08  1.450100276e-07
52.83472104  8.907439066e-08  1.416080244e-07
53.16527896  8.687966694e-08  1.381189128e-07
53.47792495  8.486572886e-08  1.349172093e-07
53.73877387  8.322992874e-08  1.323166591e-07
53.91953391  8.211944727e-08  1.305512461e-07
54  8.163107127e-08  1.297748393e-07
54.08046609  8.114632042e-08  1.290041957e-07
54.26122613  8.007042289e-08  1.272937633e-07
54.52207505  7.854906687e-08  1.248751532e-07
54.83472104  7.677290628e-08  1.220514618e-07
55.16527896  7.49492447e-08  1.191522546e-07
55.47792495  7.327396628e-08  1.164889429e-07
55.73877387  7.191192119e-08  1.143236009e-07
55.91953391  7.098659805e-08  1.128525476e-07
56  7.057947558e-08  1.122053154e-07
56.08046609  7.01752676e-08  1.115627167e-07
56.26122613  6.927774838e-08  1.101358652e-07
56.52207505  6.800770913e-08  1.081167916e-07
56.83472104  6.652357868e-08  1.057573617e-07
57.16527896  6.499818456e-08  1.03332332e-07
57.47792495  6.359547439e-08  1.011023418e-07
57.73877387  6.245400694e-08  9.928766812e-08
57.91953391  6.167800273e-08  9.805399791e-08
58  6.133643933e-08  9.751098978e-08
58.08046609  6.099723707e-08  9.697173532e-08
58.26122613  6.024375781e-08  9.577387465e-08
58.52207505  5.917682607e-08  9.407769582e-08
58.83472104  5.792896119e-08  9.209387445e-08
59.16527896  5.6645168e-08  9.005293522e-08
59.47792495  5.546350369e-08  8.817435769e-08
59.73877387  5.450110621e-08  8.664436456e-08
59.91953391  5.384641936e-08  8.560356137e-08
60  5.355814586e-08  8.514527205e-08
60.08046609  5.327179891e-08  8.469004552e-08
60.26122613  5.263549107e-08  8.367846077e-08
60.52207505  5.173390916e-08  8.224515056e-08
60.83472104  5.067858162e-08  8.056741976e-08
61.16527896  4.959189366e-08  7.883983304e-08
61.47792495  4.859076465e-08  7.724826559e-08
61.73877387  4.777476227e-08  7.595100737e-08
61.91953391  4.721933003e-08  7.506799642e-08
62  4.697467426e-08  7.467904938e-08
62.08046609  4.673160096e-08  7.429261812e-08
62.26122613  4.619126526e-08  7.343360724e-08
62.52207505  4.542521604e-08  7.221576319e-08
62.83472104  4.452785449e-08  7.078916239e-08
63.16527896  4.360304924e-08  6.931893236e-08
63.47792495  4.275034748e-08  6.796333048e-08
63.73877387  4.205481397e-08  6.685759036e-08
63.91953391  4.158111561e-08  6.61045177e-08
64  4.137239279e-08  6.577269589e-08
64.08046609  4.116497798e-08  6.54429535e-08
64.26122613  4.070375765e-08  6.470971806e-08
64.52207505  4.004951224e-08  6.366961665e-08
64.83472104  3.928257504e-08  6.245036092e-08
65.16527896  3.84915589e-08  6.119282515e-08
65.47792495  3.77616449e-08  6.003242788e-08
65.73877387  3.716585576e-08  5.908525863e-08
65.91953391  3.675987478e-08  5.843984119e-08
66  3.658093426e-08  5.815536647e-08
66.08046609  3.640308124e-08  5.787262061e-08
66.26122613  3.60074746e-08  5.724369601e-08
66.52207505  3.544601228e-08  5.635109862e-08
66.83472104  3.478740043e-08  5.530405555e-08
67.16527896  3.410760649e-08  5.422333778e-08
67.47792495  3.347986203e-08  5.322536684e-08
67.73877387  3.296713528e-08  5.241024791e-08
67.91953391  3.261758084e-08  5.185453585e-08
68  3.246346588e-08  5.160952811e-08
68.08046609  3.231026007e-08  5.136596572e-08
68.26122613  3.196937863e-08  5.082404175e-08
68.52207505  3.148534891e-08  5.005454456e-08
68.83472104  3.091721088e-08  4.91513343e-08
69.16527896  3.033039063e-08  4.821842355e-08
69.47792495  2.978812574e-08  4.73563457e-08
69.73877387  2.934494538e-08  4.665178971e-08
69.91953391  2.904266309e-08  4.617122961e-08
70  2.89093532e-08  4.59592972e-08
70.08046609  2.877680732e-08  4.574857939e-08
70.26122613  2.848181344e-08  4.527960622e-08
70.52207505  2.806274856e-08  4.461338835e-08
70.83472104  2.757057245e-08  4.383094027e-08
71.16527896  2.70618767e-08  4.30222297e-08
71.47792495  2.659149721e-08  4.227443328e-08
71.73877387  2.62068448e-08  4.166292344e-08
71.91953391  2.594436696e-08  4.124564336e-08
72  2.582858114e-08  4.106157024e-08
72.08046609  2.571344052e-08  4.087852284e-08
72.26122613  2.545711764e-08  4.047102774e-08
72.52207505  2.509283018e-08  3.989189353e-08
72.83472104  2.466474844e-08  3.921134091e-08
73.16527896  2.422202255e-08  3.850750743e-08
73.47792495  2.381239087e-08  3.785628621e-08
73.73877387  2.347723179e-08  3.73234595e-08
73.91953391  2.32484314e-08  3.695971892e-08
74  2.314747673e-08  3.679922395e-08
74.08046609  2.304706946e-08  3.663959921e-08
74.26122613  2.282349097e-08  3.628416026e-08
74.52207505  2.250560946e-08  3.577880096e-08
74.83472104  2.213186227e-08  3.518462791e-08
75.16527896  2.174510158e-08  3.456976638e-08
75.47792495  2.138704225e-08  3.400053346e-08
75.73877387  2.109392779e-08  3.353454814e-08
75.91953391  2.089375041e-08  3.321631163e-08
76  2.080540461e-08  3.307586189e-08
76.08046609  2.071752526e-08  3.293615371e-08
76.26122613  2.052179763e-08  3.26249913e-08
76.52207505  2.024340585e-08  3.218241166e-08
76.83472104  1.991592397e-08  3.166178996e-08
77.16527896  1.957684999e-08  3.112273944e-08
77.47792495  1.926276437e-08  3.062341474e-08
77.73877387  1.900552144e-08  3.021445697e-08
77.91953391  1.882977588e-08  2.99350615e-08
78  1.87521956e-08  2.98117265e-08
78.08046609  1.867501446e-08  2.968902603e-08
78.26122613  1.850307648e-08  2.941568375e-08
78.52207505  1.825843138e-08  2.902675367e-08
78.83472104  1.797050966e-08  2.856902362e-08
79.16527896  1.76722379e-08  2.809483936e-08
79.47792495  1.7395802e-08  2.765536914e-08
79.73877387  1.716928944e-08  2.729526568e-08
79.91953391  1.701448333e-08  2.704915916e-08
80  1.694613209e-08  2.694049623e-08
80.08046609  1.687812373e-08  2.683237842e-08
80.26122613  1.672658858e-08  2.659147199e-08
80.52207505  1.651089832e-08  2.624857351e-08
80.83472104  1.625693838e-08  2.584483497e-08
81.16527896  1.599371647e-08  2.542637199e-08
81.47792495  1.574964232e-08  2.50383496e-08
81.73877387  1.554955842e-08  2.47202617e-08
81.91953391  1.541276812e-08  2.450279623e-08
82  1.535235929e-08  2.440675994e-08
82.08046609  1.529224614e-08  2.431119369e-08
82.26122613  1.515827637e-08  2.409821223e-08
82.52207505  1.496752442e-08  2.379496001e-08
82.83472104  1.474283072e-08  2.343774813e-08
83.16527896  1.450983056e-08  2.306733085e-08
83.47792495  1.42936767e-08  2.272369538e-08
83.73877387  1.411640615e-08  2.244187551e-08
83.91953391  1.399517337e-08  2.224914296e-08
84  1.394162481e-08  2.216401292e-08
84.08046609  1.388833211e-08  2.207928966e-08
84.26122613  1.376954016e-08  2.189043748e-08
84.52207505  1.360034523e-08  2.162145602e-08
84.83472104  1.340096246e-08  2.130448275e-08
85.16527896  1.31941143e-08  2.097564121e-08
85.47792495  1.300213444e-08  2.067043689e-08
85.73877387  1.284462594e-08  2.04200342e-08
85.91953391  1.273687497e-08  2.024873465e-08
86  1.268927268e-08  2.017305785e-08
86.08046609  1.264189258e-08  2.009773426e-08
86.26122613  1.253626105e-08  1.992980415e-08
86.52207505  1.238576481e-08  1.969054935e-08
86.83472104  1.220834747e-08  1.940849612e-08
87.16527896  1.202420682e-08  1.911575437e-08
87.47792495  1.185322817e-08  1.884393721e-08
87.73877387  1.171289612e-08  1.862084115e-08
87.91953391  1.161686726e-08  1.846817711e-08
88  1.157443623e-08  1.840072142e-08
88.08046609  1.153219875e-08  1.833357344e-08
88.26122613  1.143801626e-08  1.818384469e-08
88.52207505  1.130379291e-08  1.797046009e-08
88.83472104  1.114550019e-08  1.771881066e-08
89.16527896  1.098114041e-08  1.745751599e-08
89.47792495  1.082846555e-08  1.721479769e-08
89.73877387  1.070311052e-08  1.701551169e-08
89.91953391  1.061730631e-08  1.68791025e-08
90  1.057938684e-08  1.681881917e-08
90.08046609  1.05416365e-08  1.675880472e-08
90.26122613  1.045744574e-08  1.662496056e-08
90.52207505  1.033742882e-08  1.643416094e-08
90.83472104  1.019583945e-08  1.620906605e-08
91.16527896  1.004876464e-08  1.597525055e-08
91.47792495  9.912091821e-09  1.575797185e-08
91.73877387  9.799836051e-09  1.55795107e-08
91.91953391  9.722977507e-09  1.54573231e-08
92  9.689006021e-09  1.540331616e-08
92.08046609  9.655182774e-09  1.534954489e-08
92.26122613  9.579738344e-09  1.52296054e-08
92.52207505  9.472161139e-09  1.505858211e-08
92.83472104  9.345204043e-09  1.48567492e-08
93.16527896  9.213278101e-09  1.464701695e-08
93.47792495  9.090636289e-09  1.445204436e-08
93.73877387  8.989871027e-09  1.429185051e-08
93.91953391  8.920861988e-09  1.418214183e-08
94  8.890355362e-09  1.413364324e-08
94.08046609  8.859979029e-09  1.408535177e-08
94.26122613  8.792212912e-09  1.397761906e-08
94.52207505  8.695559808e-09  1.38239626e-08
94.83472104  8.581457401e-09  1.364256573e-08
95.16527896  8.462845946e-09  1.345400049e-08
95.47792495  8.352541614e-09  1.327864168e-08
95.73877387  8.261883955e-09  1.313451662e-08
95.91953391  8.199781806e-09  1.303578833e-08
96  8.172324502e-09  1.299213746e-08
96.08046609  8.144982029e-09  1.294866915e-08
96.26122613  8.083975306e-09  1.285168233e-08
96.52207505  7.996941806e-09  1.271331886e-08
96.83472104  7.894163408e-09  1.254992458e-08
97.16527896  7.787286048e-09  1.238001388e-08
97.47792495  7.687859411e-09  1.222194814e-08
97.73877387  7.606116783e-09  1.209199595e-08
97.91953391  7.550108362e-09  1.20029553e-08
98  7.525341836e-09  1.196358215e-08
98.08046609  7.500676779e-09  1.192437032e-08
98.26122613  7.445636309e-09  1.183686849e-08
98.52207505  7.367096084e-09  1.171200739e-08
98.83472104  7.274319497e-09  1.156451372e-08
99.16527896  7.177810419e-09  1.141108623e-08
99.47792495  7.087999282e-09  1.126830695e-08
99.73877387  7.014140088e-09  1.115088763e-08
99.91953391  6.96352176e-09  1.1070416e-08
100  6.941135703e-09  1.103482726e-08
100.0804661  6.918839531e-09  1.099938141e-08
100.2612261  6.869078654e-09  1.092027294e-08
100.5220751  6.798056269e-09  1.08073635e-08
100.834721  6.714135947e-09  1.067394927e-08
101.165279  6.626811261e-09  1.053512288e-08
101.4779249  6.545521036e-09  1.040588991e-08
101.7387739  6.478650292e-09  1.029958063e-08
101.9195339  6.432811412e-09  1.022670723e-08
102  6.412536471e-09  1.019447469e-08
102.0804661  6.392341345e-09  1.016236903e-08
102.2612261  6.347263856e-09  1.009070608e-08
102.5220751  6.282912106e-09  9.988401427e-09
102.834721  6.206852687e-09  9.867484248e-09
103.165279  6.12768325e-09  9.741622848e-09
103.4779249  6.053961997e-09  9.624422821e-09
103.7387739  5.993301044e-09  9.527985701e-09
103.9195339  5.951710172e-09  9.461865672e-09
104  5.933311889e-09  9.432616587e-09
104.0804661  5.914984645e-09  9.403480436e-09
104.2612261  5.874071427e-09  9.338437724e-09
104.5220751  5.815652426e-09  9.245564797e-09
104.834721  5.746586649e-09  9.13576592e-09
105.165279  5.674675377e-09  9.02144335e-09
105.4779249  5.607692948e-09  8.91495652e-09
105.7387739  5.55256249e-09  8.82731163e-09
105.9195339  5.514755863e-09  8.767207691e-09
106  5.498029606e-09  8.740616746e-09
106.0804661  5.481366714e-09  8.714126537e-09
106.2612261  5.444164555e-09  8.654983564e-09
106.5220751  5.39103391e-09  8.570517921e-09
106.834721  5.328204117e-09  8.470632839e-09
107.165279  5.262766966e-09  8.36660265e-09
107.4779249  5.201797518e-09  8.269675093e-09
107.7387739  5.151603391e-09  8.189877846e-09
107.9195339  5.117175256e-09  8.13514494e-09
108  5.101941954e-09  8.110927455e-09
108.0804661  5.086765295e-09  8.086800019e-09
108.2612261  5.052877498e-09  8.032926127e-09
108.5220751  5.004471012e-09  7.955970823e-09
108.834721  4.947213596e-09  7.864944552e-09
109.165279  4.887563576e-09  7.770114586e-09
109.4779249  4.831970859e-09  7.681734809e-09
109.7387739  4.786192055e-09  7.608956921e-09
109.9195339  4.754786516e-09  7.559029257e-09
110  4.740889081e-09  7.536935495e-09
110.0804661  4.727042383e-09  7.514922394e-09
110.2612261  4.696120851e-09  7.46576419e-09
110.5220751  4.651943318e-09  7.39553196e-09
110.834721  4.599675617e-09  7.312438201e-09
111.165279  4.5452093e-09  7.225849144e-09
111.4779249  4.494434241e-09  7.145128347e-09
111.7387739  4.45261279e-09  7.07864175e-09
111.9195339  4.423916933e-09  7.033021864e-09
112  4.411217224e-09  7.012832214e-09
112.0804661  4.398563053e-09  6.99271496e-09
112.2612261  4.370301606e-09  6.947785687e-09
112.5220751  4.329917336e-09  6.883583881e-09
112.834721  4.282126541e-09  6.807607386e-09
113.165279  4.232312645e-09  6.728414618e-09
113.4779249  4.185862828e-09  6.654569974e-09
113.7387739  4.147595233e-09  6.5937332e-09
113.9195339  4.121333294e-09  6.551982689e-09
114  4.109709552e-09  6.533503584e-09
114.0804661  4.098126761e-09  6.51508958e-09
114.2612261  4.072255463e-09  6.473960099e-09
114.5220751  4.035280244e-09  6.41517791e-09
114.834721  3.991513994e-09  6.345599525e-09
115.165279  3.945883689e-09  6.273057717e-09
115.4779249  3.903324431e-09  6.205398175e-09
115.7387739  3.868254386e-09  6.149644779e-09
115.9195339  3.844182791e-09  6.111376417e-09
116  3.833527458e-09  6.094436861e-09
116.0804661  3.822909018e-09  6.077555956e-09
116.2612261  3.799189355e-09  6.039847086e-09
116.5220751  3.76528362e-09  5.985944679e-09
116.834721  3.725141991e-09  5.922128616e-09
117.165279  3.683280652e-09  5.855578608e-09
117.4779249  3.644227389e-09  5.793492801e-09
117.7387739  3.612039577e-09  5.7423215e-09
117.9195339  3.589942723e-09  5.707192527e-09
118  3.580160577e-09  5.691641139e-09
118.0804661  3.570411726e-09  5.676142684e-09
118.2612261  3.548632497e-09  5.641518662e-09
118.5220751  3.517495493e-09  5.592017907e-09
118.834721  3.480624165e-09  5.53340088e-09
119.165279  3.442164325e-09  5.472258482e-09
119.4779249  3.40627612e-09  5.415204396e-09
119.7387739  3.37669091e-09  5.368170641e-09
119.9195339  3.356377551e-09  5.33587702e-09
120  3.347384116e-09  5.321579503e-09
120.0804661  3.338420783e-09  5.307329842e-09
120.2612261  3.318394581e-09  5.275492735e-09
120.5220751  3.289759378e-09  5.229969274e-09
120.834721  3.25584379e-09  5.176051202e-09
121.165279  3.220459109e-09  5.119797606e-09
121.4779249  3.187433083e-09  5.067293735e-09
121.7387739  3.160201989e-09  5.024002488e-09
121.9195339  3.141502143e-09  4.994273987e-09
122  3.133222326e-09  4.98111096e-09
122.0804661  3.124969769e-09  4.967991272e-09
122.2612261  3.106529968e-09  4.938676181e-09
122.5220751  3.080159182e-09  4.896752629e-09
122.834721  3.048919512e-09  4.847088658e-09
123.165279  3.016319598e-09  4.795262208e-09
123.4779249  2.985886155e-09  4.746879954e-09
123.7387739  2.960787934e-09  4.70697949e-09
123.9195339  2.943550223e-09  4.67957545e-09
124  2.935917141e-09  4.667440586e-09
124.0804661  2.928308786e-09  4.655345031e-09
124.2612261  2.911306946e-09  4.628315973e-09
124.5220751  2.886989061e-09  4.589656066e-09
124.834721  2.858175911e-09  4.543849711e-09
125.165279  2.828101868e-09  4.496038821e-09
125.4779249  2.800020577e-09  4.451395953e-09
125.7387739  2.776857867e-09  4.414572513e-09
125.9195339  2.760947225e-09  4.38927821e-09
126  2.753901196e-09  4.378076627e-09
126.0804661  2.74687763e-09  4.366910754e-09
126.2612261  2.731181269e-09  4.341957109e-09
126.5220751  2.708727464e-09  4.306260665e-09
126.834721  2.682118137e-09  4.263957887e-09
127.165279  2.654338718e-09  4.219794928e-09
127.4779249  2.628394762e-09  4.178549938e-09
127.7387739  2.606991184e-09  4.144523117e-09
127.9195339  2.59228688e-09  4.121146618e-09
128  2.585774549e-09  4.110793493e-09
128.0804661  2.579282656e-09  4.100472859e-09
128.2612261  2.564773312e-09  4.077406301e-09
128.5220751  2.54401472e-09  4.044404861e-09
128.834721  2.519410003e-09  4.005288957e-09
129.165279  2.493718288e-09  3.964444972e-09
129.4779249  2.469719396e-09  3.926292192e-09
129.7387739  2.44991704e-09  3.894810949e-09
129.9195339  2.436310965e-09  3.873180383e-09
130  2.43028455e-09  3.863599754e-09
130.0804661  2.424276757e-09  3.85404873e-09
130.2612261  2.410848323e-09  3.832700573e-09
130.5220751  2.391633658e-09  3.802153626e-09
130.834721  2.368855034e-09  3.765940793e-09
131.165279  2.345065547e-09  3.72812092e-09
131.4779249  2.322839327e-09  3.692786285e-09
131.7387739  2.304496576e-09  3.663625481e-09
131.9195339  2.291891755e-09  3.643586683e-09
132  2.286308392e-09  3.634710404e-09
132.0804661  2.28074202e-09  3.625861139e-09
132.2612261  2.268299291e-09  3.60608003e-09
132.5220751  2.250492786e-09  3.577771737e-09
132.834721  2.229380011e-09  3.544207226e-09
133.165279  2.207326221e-09  3.509146716e-09
133.4779249  2.186717846e-09  3.476384085e-09
133.7387739  2.169707481e-09  3.449341473e-09
133.9195339  2.158016787e-09  3.430755928e-09
134  2.152837956e-09  3.422522765e-09
134.0804661  2.147674651e-09  3.414314285e-09
134.2612261  2.136132064e-09  3.395964196e-09
134.5220751  2.119611679e-09  3.369700541e-09
134.834721  2.100020679e-09  3.338555306e-09
135.165279  2.079552816e-09  3.306016059e-09
135.4779249  2.060423007e-09  3.275604012e-09
135.7387739  2.04463056e-09  3.250497613e-09
135.9195339  2.033775582e-09  3.233240667e-09
136  2.028966618e-09  3.225595507e-09
136.0804661  2.024171859e-09  3.217972931e-09
136.2612261  2.01345239e-09  3.200931414e-09
136.5220751  1.998108248e-09  3.176537717e-09
136.834721  1.979909277e-09  3.147605492e-09
137.165279  1.960892434e-09  3.117373037e-09
137.4779249  1.943115703e-09  3.089112077e-09
137.7387739  1.928438018e-09  3.065777895e-09
137.9195339  1.918348081e-09  3.04973719e-09
138  1.913877733e-09  3.042630353e-09
138.0804661  1.909420398e-09  3.035544205e-09
138.2612261  1.899454607e-09  3.019700862e-09
138.5220751  1.885187627e-09  2.997019609e-09
138.834721  1.868263664e-09  2.970114356e-09
139.165279  1.850576135e-09  2.941995208e-09
139.4779249  1.834039245e-09  2.915705314e-09
139.7387739  1.820383214e-09  2.893995331e-09
139.9195339  1.81099452e-09  2.879069441e-09
140  1.806834575e-09  2.872456075e-09
140.0804661  1.802686568e-09  2.865861687e-09
140.2612261  1.79341175e-09  2.851116836e-09
140.5220751  1.780132454e-09  2.830005776e-09
140.834721  1.764377796e-09  2.804959451e-09
141.165279  1.747909619e-09  2.778778796e-09
141.4779249  1.732510237e-09  2.754297281e-09
141.7387739  1.719791702e-09  2.734077702e-09
141.9195339  1.711046572e-09  2.720174934e-09
142  1.707171523e-09  2.714014487e-09
142.0804661  1.703307437e-09  2.707871469e-09
142.2612261  1.694666893e-09  2.694134969e-09
142.5220751  1.682294356e-09  2.674465449e-09
142.834721  1.667613382e-09  2.651126038e-09
143.165279  1.652265063e-09  2.626725702e-09
143.4779249  1.637910575e-09  2.603905331e-09
143.7387739  1.626053355e-09  2.585055047e-09
143.9195339  1.617899571e-09  2.572092385e-09
144  1.614286321e-09  2.56634814e-09
144.0804661  1.610683153e-09  2.560619922e-09
144.2612261  1.602625537e-09  2.547810145e-09
144.5220751  1.591086464e-09  2.529465642e-09
144.834721  1.577392554e-09  2.50769544e-09
145.165279  1.563073943e-09  2.484932104e-09
145.4779249  1.549680414e-09  2.463639439e-09
145.7387739  1.538615452e-09  2.446048666e-09
145.9195339  1.531005673e-09  2.433950849e-09
146  1.527633283e-09  2.428589516e-09
146.0804661  1.524270174e-09  2.423242936e-09
146.2612261  1.516748925e-09  2.41128586e-09
146.5220751  1.50597684e-09  2.394160696e-09
146.834721  1.493191418e-09  2.373834783e-09
147.165279  1.479820718e-09  2.352578409e-09
147.4779249  1.467311975e-09  2.332692353e-09
147.7387739  1.45697659e-09  2.316261442e-09
147.9195339  1.449867839e-09  2.304960144e-09
148  1.446717296e-09  2.299951497e-09
148.0804661  1.443575306e-09  2.294956447e-09
148.2612261  1.436548144e-09  2.283784858e-09
148.5220751  1.426482677e-09  2.267783055e-09
148.834721  1.414534369e-09  2.248787962e-09
149.165279  1.402037264e-09  2.228920407e-09
149.4779249  1.390344086e-09  2.210330913e-09
149.7387739  1.380681306e-09  2.194969291e-09
149.9195339  1.374034514e-09  2.184402403e-09
150  1.371088534e-09  2.179718964e-09
150.0804661  1.368150445e-09  2.175048071e-09
150.2612261  1.361578928e-09  2.164600854e-09
150.5220751  1.35216518e-09  2.149635136e-09
150.834721  1.340989068e-09  2.131867659e-09
151.165279  1.329297953e-09  2.113281444e-09
151.4779249  1.318357355e-09  2.095888381e-09
151.7387739  1.309315332e-09  2.081513622e-09
151.9195339  1.303094939e-09  2.071624611e-09
152  1.300337788e-09  2.067241368e-09
152.0804661  1.297587926e-09  2.062869712e-09
152.2612261  1.291437057e-09  2.05309123e-09
152.5220751  1.282625041e-09  2.039082128e-09
152.834721  1.272162005e-09  2.022448281e-09
153.165279  1.261215299e-09  2.005045508e-09
153.4779249  1.250969899e-09  1.988757652e-09
153.7387739  1.242501389e-09  1.975294647e-09
153.9195339  1.236674987e-09  1.966031992e-09
154  1.234092326e-09  1.961926149e-09
154.0804661  1.231516404e-09  1.957831019e-09
154.2612261  1.225754282e-09  1.948670555e-09
154.5220751  1.217498427e-09  1.935545623e-09
154.834721  1.207694563e-09  1.919959709e-09
155.165279  1.197436106e-09  1.903651094e-09
155.4779249  1.187833562e-09  1.888385234e-09
155.7387739  1.179895461e-09  1.875765459e-09
155.9195339  1.174433481e-09  1.867082152e-09
156  1.172012225e-09  1.863232906e-09
156.0804661  1.169597206e-09  1.859393574e-09
156.2612261  1.164194717e-09  1.850804846e-09
156.5220751  1.156453428e-09  1.838497958e-09
156.834721  1.147259525e-09  1.823881742e-09
157.165279  1.137638037e-09  1.808585764e-09
157.4779249  1.128630548e-09  1.794265905e-09
157.7387739  1.121183487e-09  1.782426771e-09
157.9195339  1.116058915e-09  1.774279868e-09
158  1.11378711e-09  1.770668214e-09
158.0804661  1.111521082e-09  1.767065745e-09
158.2612261  1.106451624e-09  1.75900646e-09
158.5220751  1.099186892e-09  1.747457188e-09
158.834721  1.090557972e-09  1.733739167e-09
159.165279  1.081526577e-09  1.719381304e-09
159.4779249  1.073070437e-09  1.705937964e-09
159.7387739  1.066078412e-09  1.694822235e-09
159.9195339  1.061266545e-09  1.68717246e-09
160  1.059133255e-09  1.683781015e-09
160.0804661  1.057005324e-09  1.680398087e-09
160.2612261  1.052244564e-09  1.672829561e-09
160.5220751  1.045421613e-09  1.661982622e-09
160.834721  1.037316521e-09  1.649097368e-09
161.165279  1.028832319e-09  1.635609416e-09
161.4779249  1.020887522e-09  1.622978996e-09
161.7387739  1.014317573e-09  1.612534271e-09
161.9195339  1.009795788e-09  1.605345662e-09
162  1.007791003e-09  1.60215851e-09
162.0804661  1.005791191e-09  1.598979263e-09
162.2612261  1.001316843e-09  1.591866067e-09
162.5220751  9.949038248e-10  1.581670827e-09
162.834721  9.872848601e-10  1.569558405e-09
163.165279  9.793085451e-10  1.556877878e-09
163.4779249  9.718384311e-10  1.545002096e-09
163.7387739  9.656603498e-10  1.535180352e-09
163.9195339  9.614079148e-10  1.528419947e-09
164  9.595224557e-10  1.525422496e-09
164.0804661  9.576416165e-10  1.522432389e-09
164.2612261  9.534332511e-10  1.515742045e-09
164.5220751  9.47400962e-10  1.506152078e-09
164.834721  9.402335531e-10  1.494757527e-09
165.165279  9.327290741e-10  1.482827112e-09
165.4779249  9.257000132e-10  1.471652504e-09
165.7387739  9.198860836e-10  1.462409678e-09
165.9195339  9.158839721e-10  1.456047231e-09
166  9.141094171e-10  1.453226092e-09
166.0804661  9.123391577e-10  1.450411782e-09
166.2612261  9.083780245e-10  1.444114481e-09
166.5220751  9.026996603e-10  1.435087173e-09
166.834721  8.959520699e-10  1.424360039e-09
167.165279  8.888863265e-10  1.413127114e-09
167.4779249  8.822674357e-10  1.402604583e-09
167.7387739  8.767922024e-10  1.393900207e-09
167.9195339  8.730229383e-10  1.387907934e-09
168  8.713515504e-10  1.385250808e-09
168.0804661  8.696841604e-10  1.382600037e-09
168.2612261  8.659530333e-10  1.376668393e-09
168.5220751  8.606039656e-10  1.368164592e-09
168.834721  8.542470285e-10  1.358058508e-09
169.165279  8.47589598e-10  1.347474707e-09
169.4779249  8.41352488e-10  1.337559121e-09
169.7387739  8.361925474e-10  1.329355989e-09
169.9195339  8.326400616e-10  1.323708344e-09
170  8.310647266e-10  1.32120392e-09
170.0804661  8.294931155e-10  1.318705415e-09
170.2612261  8.259761526e-10  1.313114244e-09
170.5220751  8.209337295e-10  1.305097938e-09
170.834721  8.149406171e-10  1.295570252e-09
171.165279  8.086635096e-10  1.285591079e-09
171.4779249  8.027820575e-10  1.276240908e-09
171.7387739  7.97915871e-10  1.268504778e-09
171.9195339  7.945653735e-10  1.263178249e-09
172  7.930795428e-10  1.260816116e-09
172.0804661  7.915971836e-10  1.258459502e-09
172.2612261  7.882798016e-10  1.253185619e-09
172.5220751  7.835231683e-10  1.245623654e-09
172.834721  7.778691773e-10  1.236635094e-09
173.165279  7.719466161e-10  1.227219568e-09
173.4779249  7.663967605e-10  1.21839656e-09
173.7387739  7.61804487e-10  1.211095889e-09
173.9195339  7.586423515e-10  1.206068813e-09
174  7.572399917e-10  1.20383938e-09
174.0804661  7.558408707e-10  1.201615096e-09
174.2612261  7.527096316e-10  1.196637138e-09
174.5220751  7.482195696e-10  1.18949896e-09
174.834721  7.428819314e-10  1.181013329e-09
175.165279  7.372901552e-10  1.172123677e-09
175.4779249  7.320497126e-10  1.163792565e-09
175.7387739  7.277130568e-10  1.156898268e-09
175.9195339  7.247267178e-10  1.152150668e-09
176  7.234022645e-10  1.150045089e-09
176.0804661  7.220808354e-10  1.147944317e-09
176.2612261  7.191233451e-10  1.14324258e-09
176.5220751  7.148821267e-10  1.136500007e-09
176.834721  7.098398367e-10  1.128483913e-09
177.165279  7.045569213e-10  1.120085279e-09
177.4779249  6.996054206e-10  1.112213519e-09
177.7387739  6.955074971e-10  1.105698752e-09
177.9195339  6.926853561e-10  1.10121219e-09
178  6.91433673e-10  1.099222298e-09
178.0804661  6.901848158e-10  1.0972369e-09
178.2612261  6.873896324e-10  1.092793194e-09
178.5220751  6.833808904e-10  1.086420205e-09
178.834721  6.786145528e-10  1.078842813e-09
179.165279  6.736202509e-10  1.070903008e-09
179.4779249  6.689387837e-10  1.06346054e-09
179.7387739  6.650639943e-10  1.057300506e-09
179.9195339  6.623953358e-10  1.053057946e-09
180  6.612116772e-10  1.051176198e-09
180.0804661  6.600306614e-10  1.049298652e-09
180.2612261  6.573872125e-10  1.045096169e-09
180.5220751  6.535958219e-10  1.03906872e-09
180.834721  6.49087511e-10  1.031901531e-09
181.165279  6.44363107e-10  1.024390803e-09
181.4779249  6.399341928e-10  1.017349837e-09
181.7387739  6.362681154e-10  1.011521607e-09
181.9195339  6.33743031e-10  1.007507297e-09
182  6.326230086e-10  1.005726717e-09
182.0804661  6.315054595e-10  1.003950068e-09
182.2612261  6.290039675e-10  9.999732641e-10
182.5220751  6.254159388e-10  9.942691145e-10
182.834721  6.211490728e-10  9.874857678e-10
183.165279  6.166772518e-10  9.803765894e-10
183.4779249  6.124847162e-10  9.737114113e-10
183.7387739  6.090140046e-10  9.681937692e-10
183.9195339  6.066233241e-10  9.643931308e-10
184  6.055628763e-10  9.6270726e-10
184.0804661  6.045047448e-10  9.610250715e-10
184.2612261  6.021361593e-10  9.572595591e-10
184.5220751  5.987385425e-10  9.518581212e-10
184.834721  5.946977695e-10  9.45434211e-10
185.165279  5.904624988e-10  9.387010937e-10
185.4779249  5.864913632e-10  9.323878913e-10
185.7387739  5.832036564e-10  9.27161185e-10
185.9195339  5.809388857e-10  9.235607147e-10
186  5.799342501e-10  9.219635726e-10
186.0804661  5.789317852e-10  9.203698814e-10
186.2612261  5.766877219e-10  9.16802331e-10
186.5220751  5.734685189e-10  9.116845305e-10
186.834721  5.69639614e-10  9.055974423e-10
187.165279  5.656260356e-10  8.992167654e-10
187.4779249  5.618624171e-10  8.932334679e-10
187.7387739  5.587462568e-10  8.882794816e-10
187.9195339  5.565995217e-10  8.84866661e-10
188  5.556472101e-10  8.833527023e-10
188.0804661  5.546969344e-10  8.8184198e-10
188.2612261  5.525696196e-10  8.784600331e-10
188.5220751  5.495177052e-10  8.736081833e-10
188.834721  5.458874765e-10  8.678369453e-10
189.165279  5.4208181e-10  8.61786801e-10
189.4779249  5.385128308e-10  8.561129357e-10
189.7387739  5.355575871e-10  8.514147703e-10
189.9195339  5.335215818e-10  8.481779849e-10
190  5.32618358e-10  8.467420644e-10
190.0804661  5.317170447e-10  8.453091813e-10
190.2612261  5.29699265e-10  8.421013704e-10
190.5220751  5.268043148e-10  8.37499058e-10
190.834721  5.233605192e-10  8.32024206e-10
191.165279  5.197499732e-10  8.262842591e-10
191.4779249  5.163636781e-10  8.2090082e-10
191.7387739  5.135594818e-10  8.164427855e-10
191.9195339  5.116274228e-10  8.13371251e-10
192  5.107702814e-10  8.120085912e-10
192.0804661  5.099149342e-10  8.106487837e-10
192.2612261  5.079999909e-10  8.076044593e-10
192.5220751  5.052524165e-10  8.032364409e-10
192.834721  5.019836817e-10  7.980398959e-10
193.165279  4.985563737e-10  7.925912556e-10
193.4779249  4.953416557e-10  7.87480585e-10
193.7387739  4.926793364e-10  7.832481028e-10
193.9195339  4.9084492e-10  7.803317978e-10
194  4.900310683e-10  7.790379588e-10
194.0804661  4.892189027e-10  7.777468002e-10
194.2612261  4.874005701e-10  7.748560649e-10
194.5220751  4.847914595e-10  7.707081723e-10
194.834721  4.816872146e-10  7.657731289e-10
195.165279  4.784320977e-10  7.605982332e-10
195.4779249  4.753786295e-10  7.557439133e-10
195.7387739  4.728496601e-10  7.517234269e-10
195.9195339  4.71107024e-10  7.48953032e-10
196  4.703338648e-10  7.477238846e-10
196.0804661  4.69562291e-10  7.464972577e-10
196.2612261  4.678347789e-10  7.437509063e-10
196.5220751  4.653558423e-10  7.398099609e-10
196.834721  4.624062536e-10  7.351207857e-10
197.165279  4.593130502e-10  7.302032957e-10
197.4779249  4.564112227e-10  7.255900499e-10
197.7387739  4.540076677e-10  7.217689441e-10
197.9195339  4.523513565e-10  7.191357859e-10
198  4.516164724e-10  7.179674873e-10
198.0804661  4.5088308e-10  7.168015602e-10
198.2612261  4.49240999e-10  7.141910248e-10
198.5220751  4.468845201e-10  7.104447593e-10
198.834721  4.440804331e-10  7.059868986e-10
199.165279  4.411395741e-10  7.013116016e-10
199.4779249  4.383804395e-10  6.969252051e-10
199.7387739  4.360949093e-10  6.932917317e-10
199.9195339  4.345198418e-10  6.907877327e-10
200  4.338209814e-10  6.896767036e-10
200.0804661  4.331235255e-10  6.885679073e-10
200.2612261  4.315618555e-10  6.860852071e-10
200.5220751  4.293206464e-10  6.825221944e-10
200.834721  4.266535324e-10  6.782820896e-10
201.165279  4.238561021e-10  6.738348117e-10
201.4779249  4.212313227e-10  6.696620093e-10
201.7387739  4.190569304e-10  6.6620522e-10
201.9195339  4.175583712e-10  6.638228517e-10
202  4.168934362e-10  6.627657562e-10
202.0804661  4.162298242e-10  6.617107641e-10
202.2612261  4.14743886e-10  6.593484602e-10
202.5220751  4.126112462e-10  6.55958048e-10
202.834721  4.100731542e-10  6.519230588e-10
203.165279  4.074108398e-10  6.476905844e-10
203.4779249  4.049126406e-10  6.437190159e-10
203.7387739  4.028429638e-10  6.404287004e-10
203.9195339  4.014164963e-10  6.381609415e-10
204  4.007835294e-10  6.371546681e-10
204.0804661  4.001518097e-10  6.361503773e-10
204.2612261  3.987372387e-10  6.339015311e-10
204.5220751  3.967069177e-10  6.306737826e-10
204.834721  3.942904299e-10  6.268321165e-10
205.165279  3.917554753e-10  6.228021151e-10
205.4779249  3.893766013e-10  6.190202465e-10
205.7387739  3.874056463e-10  6.158868763e-10
205.9195339  3.860471485e-10  6.137271737e-10
206  3.854443231e-10  6.127688184e-10
206.0804661  3.848426739e-10  6.11812333e-10
206.2612261  3.834953962e-10  6.096704679e-10
206.5220751  3.815615595e-10  6.065961072e-10
206.834721  3.792597509e-10  6.029367551e-10
207.165279  3.768449144e-10  5.990977141e-10
207.4779249  3.745785911e-10  5.954947756e-10
207.7387739  3.727007609e-10  5.925094525e-10
207.9195339  3.714063831e-10  5.904516863e-10
208  3.708319931e-10  5.895385367e-10
208.0804661  3.70258713e-10  5.886271517e-10
208.2612261  3.689749235e-10  5.865862183e-10
208.5220751  3.671321208e-10  5.836565811e-10
208.834721  3.649385223e-10  5.801692583e-10
209.165279  3.62637038e-10  5.765104217e-10
209.4779249  3.604769355e-10  5.7307635e-10
209.7387739  3.586869995e-10  5.702307588e-10
209.9195339  3.574531442e-10  5.682692095e-10
210  3.56905595e-10  5.673987309e-10
210.0804661  3.563590939e-10  5.665299184e-10
210.2612261  3.55135236e-10  5.645842626e-10
210.5220751  3.53378373e-10  5.6179125e-10
210.834721  3.512869372e-10  5.584663426e-10
211.165279  3.490924798e-10  5.549776545e-10
211.4779249  3.470326796e-10  5.517030405e-10
211.7387739  3.453257469e-10  5.489894057e-10
211.9195339  3.441490498e-10  5.471187249e-10
212  3.436268504e-10  5.462885466e-10
212.0804661  3.431056411e-10  5.454599424e-10
212.2612261  3.419383886e-10  5.436042763e-10
212.5220751  3.402627005e-10  5.409403134e-10
212.834721  3.382677705e-10  5.377688283e-10
213.165279  3.361744228e-10  5.344408815e-10
213.4779249  3.342093874e-10  5.313169221e-10
213.7387739  3.325808818e-10  5.287279686e-10
213.9195339  3.314581946e-10  5.269431513e-10
214  3.309599496e-10  5.26151055e-10
214.0804661  3.304626405e-10  5.253604466e-10
214.2612261  3.293488806e-10  5.235898216e-10
214.5220751  3.27749908e-10  5.210478188e-10
214.834721  3.258461891e-10  5.180213387e-10
215.165279  3.238484118e-10  5.148453272e-10
215.4779249  3.219729573e-10  5.118637811e-10
215.7387739  3.204185942e-10  5.093926972e-10
215.9195339  3.193469693e-10  5.076890573e-10
216  3.188713721e-10  5.069329659e-10
216.0804661  3.1839666e-10  5.061782816e-10
216.2612261  3.173334777e-10  5.044880636e-10
216.5220751  3.158070444e-10  5.020613816e-10
216.834721  3.139895777e-10  4.99172023e-10
217.165279  3.120821826e-10  4.961396985e-10
217.4779249  3.102914529e-10  4.932928456e-10
217.7387739  3.088072183e-10  4.9093325e-10
217.9195339  3.077838939e-10  4.89306397e-10
218  3.073297203e-10  4.885843643e-10
218.0804661  3.068763842e-10  4.87863663e-10
218.2612261  3.058610483e-10  4.862495098e-10
218.5220751  3.044032408e-10  4.839319273e-10
218.834721  3.026673792e-10  4.811723022e-10
219.165279  3.008455035e-10  4.782759342e-10
219.4779249  2.991349469e-10  4.755565382e-10
219.7387739  2.97717078e-10  4.73302449e-10
219.9195339  2.967394651e-10  4.717482669e-10
220  2.963055675e-10  4.710584684e-10
220.0804661  2.958724627e-10  4.703699302e-10
220.2612261  2.949024124e-10  4.688277708e-10
220.5220751  2.935095615e-10  4.666134546e-10
220.834721  2.918509473e-10  4.639766353e-10
221.165279  2.901100308e-10  4.61208974e-10
221.4779249  2.884753783e-10  4.586102482e-10
221.7387739  2.871203458e-10  4.564560547e-10
221.9195339  2.86186016e-10  4.549706827e-10
222  2.857713177e-10  4.543114068e-10
222.0804661  2.853573703e-10  4.536533246e-10
222.2612261  2.844302033e-10  4.521793399e-10
222.5220751  2.830988666e-10  4.500628173e-10
222.834721  2.815134112e-10  4.475423038e-10
223.165279  2.79849175e-10  4.448965467e-10
223.4779249  2.782864204e-10  4.424121223e-10
223.7387739  2.76990912e-10  4.403525586e-10
223.9195339  2.760975859e-10  4.389323731e-10
224  2.757010765e-10  4.383020134e-10
224.0804661  2.753052787e-10  4.376727848e-10
224.2612261  2.7441874e-10  4.3626339e-10
224.5220751  2.73145686e-10  4.342395237e-10
224.834721  2.716295511e-10  4.318292139e-10
225.165279  2.700379777e-10  4.292989742e-10
225.4779249  2.685433594e-10  4.269228711e-10
225.7387739  2.673042649e-10  4.249529925e-10
225.9195339  2.664498019e-10  4.235945906e-10
226  2.660705324e-10  4.229916384e-10
226.0804661  2.656919375e-10  4.223897586e-10
226.2612261  2.648439095e-10  4.210415869e-10
226.5220751  2.636261031e-10  4.191055516e-10
226.834721  2.621756832e-10  4.167997138e-10
227.165279  2.606529986e-10  4.143789916e-10
227.4779249  2.592229826e-10  4.121055915e-10
227.7387739  2.580373795e-10  4.102207522e-10
227.9195339  2.572197683e-10  4.089209363e-10
228  2.56856847e-10  4.08343974e-10
228.0804661  2.564945656e-10  4.077680288e-10
228.2612261  2.55683058e-10  4.064779164e-10
228.5220751  2.545176469e-10  4.046251778e-10
228.834721  2.531295535e-10  4.024184249e-10
229.165279  2.516722104e-10  4.001015808e-10
229.4779249  2.503034748e-10  3.979256025e-10
229.7387739  2.491686159e-10  3.961214348e-10
229.9195339  2.483859657e-10  3.94877199e-10
230  2.480385541e-10  3.943248937e-10
230.0804661  2.476917498e-10  3.937735537e-10
230.2612261  2.469148917e-10  3.925385259e-10
230.5220751  2.457991939e-10  3.907648201e-10
230.834721  2.444702405e-10  3.886520864e-10
231.165279  2.430749029e-10  3.864338169e-10
231.4779249  2.417643232e-10  3.843502933e-10
231.7387739  2.406776244e-10  3.826226893e-10
231.9195339  2.399281565e-10  3.814312058e-10
232  2.395954661e-10  3.809023038e-10
232.0804661  2.392633522e-10  3.803743183e-10
232.2612261  2.385193832e-10  3.791915767e-10
232.5220751  2.374508755e-10  3.774928925e-10
232.834721  2.361780641e-10  3.754694118e-10
233.165279  2.34841593e-10  3.733447267e-10
233.4779249  2.335862292e-10  3.713489837e-10
233.7387739  2.325452587e-10  3.696940773e-10
233.9195339  2.318272991e-10  3.685526848e-10
234  2.315085877e-10  3.680460061e-10
234.0804661  2.311904238e-10  3.675401979e-10
234.2612261  2.30477687e-10  3.664071085e-10
234.5220751  2.294539945e-10  3.647796702e-10
234.834721  2.282345029e-10  3.62840956e-10
235.165279  2.269539432e-10  3.608051572e-10
235.4779249  2.25751027e-10  3.58892794e-10
235.7387739  2.24753495e-10  3.57306945e-10
235.9195339  2.240654675e-10  3.562131377e-10
236  2.23760036e-10  3.557275712e-10
236.0804661  2.234551249e-10  3.552428318e-10
236.2612261  2.227720602e-10  3.541569142e-10
236.5220751  2.21790946e-10  3.525971658e-10
236.834721  2.206221163e-10  3.507389924e-10
237.165279  2.193946844e-10  3.487876547e-10
237.4779249  2.182416082e-10  3.469545259e-10
237.7387739  2.172853576e-10  3.454343049e-10
237.9195339  2.166257771e-10  3.443857219e-10
238  2.163329672e-10  3.439202207e-10
238.0804661  2.160406518e-10  3.434555057e-10
238.2612261  2.15385789e-10  3.424144229e-10
238.5220751  2.144451456e-10  3.409190138e-10
238.834721  2.13324473e-10  3.391373992e-10
239.165279  2.121475458e-10  3.372663525e-10
239.4779249  2.110418521e-10  3.355085511e-10
239.7387739  2.101248498e-10  3.340507258e-10
239.9195339  2.094923165e-10  3.330451417e-10
240  2.092115073e-10  3.325987189e-10
240.0804661  2.089311684e-10  3.321530439e-10
240.2612261  2.083031219e-10  3.311545927e-10
240.5220751  2.074009624e-10  3.297203644e-10
240.834721  2.063260855e-10  3.280115545e-10
241.165279  2.051971896e-10  3.262168667e-10
241.4779249  2.04136561e-10  3.245307086e-10
241.7387739  2.032568896e-10  3.23132231e-10
241.9195339  2.026500834e-10  3.221675472e-10
242  2.023806895e-10  3.217392722e-10
242.0804661  2.021117432e-10  3.213117086e-10
242.2612261  2.015092058e-10  3.203538113e-10
242.5220751  2.006436563e-10  3.189777844e-10
242.834721  1.996123476e-10  3.173382381e-10
243.165279  1.985291499e-10  3.156162001e-10
243.4779249  1.975114003e-10  3.139982096e-10
243.7387739  1.966672508e-10  3.12656204e-10
243.9195339  1.960849263e-10  3.117304403e-10
244  1.958263954e-10  3.11319435e-10
244.0804661  1.955682904e-10  3.109091068e-10
244.2612261  1.94990029e-10  3.099898027e-10
244.5220751  1.941593211e-10  3.08669166e-10
244.834721  1.931694785e-10  3.070955414e-10
245.165279  1.92129777e-10  3.054426525e-10
245.4779249  1.911528428e-10  3.038895493e-10
245.7387739  1.903425079e-10  3.026013011e-10
245.9195339  1.897834892e-10  3.017125885e-10
246  1.895352999e-10  3.013180239e-10
246.0804661  1.892875161e-10  3.009241041e-10
246.2612261  1.887323664e-10  3.000415422e-10
246.5220751  1.879348305e-10  2.987736415e-10
246.834721  1.869844693e-10  2.972627834e-10
247.165279  1.859861849e-10  2.956757382e-10
247.4779249  1.850481176e-10  2.941844245e-10
247.7387739  1.842699848e-10  2.929473702e-10
247.9195339  1.837331616e-10  2.920939434e-10
248  1.834948213e-10  2.917150366e-10
248.0804661  1.832568674e-10  2.91336744e-10
248.2612261  1.827237296e-10  2.904891762e-10
248.5220751  1.819577889e-10  2.892715046e-10
248.834721  1.810450344e-10  2.878204326e-10
249.165279  1.800862029e-10  2.862961085e-10
249.4779249  1.791851616e-10  2.848636578e-10
249.7387739  1.784377074e-10  2.836753755e-10
249.9195339  1.779220305e-10  2.828555665e-10
250  1.77693074e-10  2.824915778e-10
250.0804661  1.774644857e-10  2.821281744e-10
250.2612261  1.769523209e-10  2.813139488e-10
250.5220751  1.76216485e-10  2.801441371e-10
250.834721  1.753395656e-10  2.787500347e-10
251.165279  1.744183306e-10  2.772854805e-10
251.4779249  1.735525754e-10  2.759091266e-10
251.7387739  1.728343597e-10  2.747673269e-10
251.9195339  1.723388373e-10  2.739795591e-10
252  1.721188248e-10  2.736297892e-10
252.0804661  1.718991632e-10  2.732805772e-10
252.2612261  1.71406989e-10  2.724981321e-10
252.5220751  1.706998493e-10  2.713739408e-10
252.834721  1.698570898e-10  2.700341449e-10
253.165279  1.689716961e-10  2.686265703e-10
253.4779249  1.681395816e-10  2.673036975e-10
253.7387739  1.674492426e-10  2.662062155e-10
253.9195339  1.66972937e-10  2.654489978e-10
254  1.667614523e-10  2.651127853e-10
254.0804661  1.665503024e-10  2.647771049e-10
254.2612261  1.660771897e-10  2.640249634e-10
254.5220751  1.653974136e-10  2.62944274e-10
254.834721  1.645872296e-10  2.616562657e-10
255.165279  1.637360169e-10  2.603030311e-10
255.4779249  1.629359867e-10  2.59031165e-10
255.7387739  1.622722361e-10  2.579759524e-10
255.9195339  1.618142597e-10  2.572478741e-10
256  1.616109093e-10  2.569245933e-10
256.0804661  1.614078783e-10  2.566018201e-10
256.2612261  1.609529482e-10  2.558785847e-10
256.5220751  1.602992749e-10  2.548393928e-10
256.834721  1.59520167e-10  2.536007884e-10
257.165279  1.587015639e-10  2.522993957e-10
257.4779249  1.579321448e-10  2.510761943e-10
257.7387739  1.572937631e-10  2.500613126e-10
257.9195339  1.568532761e-10  2.493610384e-10
258  1.566576875e-10  2.49050097e-10
258.0804661  1.564624036e-10  2.4873964e-10
258.2612261  1.560248238e-10  2.480439877e-10
258.5220751  1.553960597e-10  2.470443958e-10
258.834721  1.546466085e-10  2.458529388e-10
259.165279  1.538591274e-10  2.446010229e-10
259.4779249  1.531189246e-10  2.434242688e-10
259.7387739  1.525047571e-10  2.424478821e-10
259.9195339  1.520809641e-10  2.417741476e-10
260  1.518927844e-10  2.414749846e-10
260.0804661  1.517048956e-10  2.411762843e-10
260.2612261  1.512838782e-10  2.405069623e-10
260.5220751  1.506788929e-10  2.395451732e-10
260.834721  1.499577539e-10  2.383987263e-10
261.165279  1.491999856e-10  2.37194047e-10
261.4779249  1.48487678e-10  2.360616399e-10
261.7387739  1.478966309e-10  2.351220094e-10
261.9195339  1.474887783e-10  2.344736165e-10
262  1.473076733e-10  2.341857007e-10
262.0804661  1.471268461e-10  2.338982267e-10
262.2612261  1.467216445e-10  2.332540482e-10
262.5220751  1.461393669e-10  2.323283593e-10
262.834721  1.454452664e-10  2.312248973e-10
263.165279  1.447158757e-10  2.30065332e-10
263.4779249  1.440302112e-10  2.289752813e-10
263.7387739  1.434612478e-10  2.28070759e-10
263.9195339  1.430686216e-10  2.274465726e-10
264  1.428942745e-10  2.271694003e-10
264.0804661  1.427201928e-10  2.268926501e-10
264.2612261  1.423300993e-10  2.2627249e-10
264.5220751  1.417695144e-10  2.253812875e-10
264.834721  1.411012448e-10  2.243188909e-10
265.165279  1.40398966e-10  2.232024273e-10
265.4779249  1.397387576e-10  2.22152846e-10
265.7387739  1.391908952e-10  2.212818694e-10
265.9195339  1.388128183e-10  2.206808131e-10
266  1.386449287e-10  2.204139068e-10
266.0804661  1.384772928e-10  2.201474039e-10
266.2612261  1.381016364e-10  2.195501957e-10
266.5220751  1.375617815e-10  2.186919492e-10
266.834721  1.36918198e-10  2.176687977e-10
267.165279  1.362418307e-10  2.165935275e-10
267.4779249  1.356059526e-10  2.155826259e-10
267.7387739  1.35078259e-10  2.147437132e-10
267.9195339  1.347140892e-10  2.14164766e-10
268  1.345523722e-10  2.139076728e-10
268.0804661  1.343908979e-10  2.136509653e-10
268.2612261  1.340290422e-10  2.130756971e-10
268.5220751  1.335090042e-10  2.122489549e-10
268.834721  1.328890204e-10  2.112633216e-10
269.165279  1.322374257e-10  2.102274343e-10
269.4779249  1.3162481e-10  2.092535145e-10
269.7387739  1.311164008e-10  2.084452596e-10
269.9195339  1.307655287e-10  2.078874527e-10
270  1.30609714e-10  2.076397428e-10
270.0804661  1.304541314e-10  2.073924018e-10
270.2612261  1.301054725e-10  2.068381134e-10
270.5220751  1.296043848e-10  2.060414981e-10
270.834721  1.290069698e-10  2.050917441e-10
271.165279  1.28379067e-10  2.040935213e-10
271.4779249  1.277886998e-10  2.031549717e-10
271.7387739  1.272987354e-10  2.023760398e-10
271.9195339  1.269605826e-10  2.018384537e-10
272  1.268104136e-10  2.015997192e-10
272.0804661  1.266604666e-10  2.013613376e-10
272.2612261  1.263244311e-10  2.008271175e-10
272.5220751  1.258414711e-10  2.00059321e-10
272.834721  1.252656463e-10  1.991438904e-10
273.165279  1.24660409e-10  1.981817008e-10
273.4779249  1.240913277e-10  1.97276991e-10
273.7387739  1.23619011e-10  1.965261148e-10
273.9195339  1.232930281e-10  1.960078762e-10
274  1.231482611e-10  1.957777296e-10
274.0804661  1.230037065e-10  1.955479207e-10
274.2612261  1.226797499e-10  1.950329033e-10
274.5220751  1.222141364e-10  1.942926837e-10
274.834721  1.216589721e-10  1.934100987e-10
275.165279  1.210754257e-10  1.924823926e-10
275.4779249  1.205267159e-10  1.916100689e-10
275.7387739  1.200712895e-10  1.908860445e-10
275.9195339  1.197569548e-10  1.903863238e-10
276  1.196173583e-10  1.90164397e-10
276.0804661  1.194779651e-10  1.899427936e-10
276.2612261  1.191655701e-10  1.894461566e-10
276.5220751  1.187165607e-10  1.887323337e-10
276.834721  1.181811737e-10  1.878811902e-10
277.165279  1.176183919e-10  1.869864951e-10
277.4779249  1.170891849e-10  1.861451764e-10
277.7387739  1.166499292e-10  1.854468597e-10
277.9195339  1.163467467e-10  1.849648685e-10
278  1.162121006e-10  1.847508118e-10
278.0804661  1.160776493e-10  1.845370647e-10
278.2612261  1.157763243e-10  1.840580265e-10
278.5220751  1.153432135e-10  1.833694788e-10
278.834721  1.148267644e-10  1.825484421e-10
279.165279  1.142838669e-10  1.816853586e-10
279.4779249  1.137733366e-10  1.808737316e-10
279.7387739  1.133495675e-10  1.80200035e-10
279.9195339  1.130570658e-10  1.797350239e-10
280  1.129271609e-10  1.795285047e-10
280.0804661  1.127974426e-10  1.793222821e-10
280.2612261  1.125067202e-10  1.788600996e-10
280.5220751  1.120888373e-10  1.781957607e-10
280.834721  1.115905278e-10  1.77403562e-10
281.165279  1.110666775e-10  1.765707591e-10
281.4779249  1.105740386e-10  1.757875754e-10
281.7387739  1.101651054e-10  1.751374645e-10
281.9195339  1.098828361e-10  1.746887206e-10
282  1.097574736e-10  1.744894227e-10
282.0804661  1.096322898e-10  1.742904089e-10
282.2612261  1.093517255e-10  1.738443754e-10
282.5220751  1.089484324e-10  1.732032311e-10
282.834721  1.084675034e-10  1.724386634e-10
283.165279  1.079619039e-10  1.716348751e-10
283.4779249  1.074864093e-10  1.708789468e-10
283.7387739  1.07091693e-10  1.702514378e-10
283.9195339  1.068192296e-10  1.69818283e-10
284  1.066982202e-10  1.696259054e-10
284.0804661  1.06577382e-10  1.694338002e-10
284.2612261  1.063065527e-10  1.690032433e-10
284.5220751  1.059172425e-10  1.683843285e-10
284.834721  1.054529716e-10  1.676462434e-10
285.165279  1.049648652e-10  1.668702651e-10
285.4779249  1.045058038e-10  1.661404619e-10
285.7387739  1.041247156e-10  1.655346183e-10
285.9195339  1.038616521e-10  1.651164072e-10
286  1.037448155e-10  1.649306636e-10
286.0804661  1.036281432e-10  1.647451812e-10
286.2612261  1.033666465e-10  1.643294609e-10
286.5220751  1.029907413e-10  1.637318572e-10
286.834721  1.025424409e-10  1.630191614e-10
287.165279  1.020711063e-10  1.622698466e-10
287.4779249  1.016278012e-10  1.615650924e-10
287.7387739  1.012597803e-10  1.609800228e-10
287.9195339  1.010057302e-10  1.60576141e-10
288  1.008928951e-10  1.603967588e-10
288.0804661  1.007802175e-10  1.602176269e-10
288.2612261  1.0052767e-10  1.598161339e-10
288.5220751  1.001646199e-10  1.592389668e-10
288.834721  9.973163515e-11  1.585506195e-10
289.165279  9.927638553e-11  1.578268762e-10
289.4779249  9.884819238e-11  1.571461464e-10
289.7387739  9.849270465e-11  1.565810018e-10
289.9195339  9.824729998e-11  1.561908642e-10
290  9.813830292e-11  1.560175836e-10
290.0804661  9.802945698e-11  1.558445433e-10
290.2612261  9.77854938e-11  1.554566974e-10
290.5220751  9.743477473e-11  1.548991338e-10
290.834721  9.701648209e-11  1.542341436e-10
291.165279  9.657666323e-11  1.535349317e-10
291.4779249  9.616296795e-11  1.528772502e-10
291.7387739  9.581950474e-11  1.523312219e-10
291.9195339  9.558239478e-11  1.519542709e-10
292  9.547708022e-11  1.517868447e-10
292.0804661  9.537191066e-11  1.516196491e-10
292.2612261  9.513618396e-11  1.512448972e-10
292.5220751  9.479729676e-11  1.507061436e-10
292.834721  9.439310202e-11  1.500635659e-10
293.165279  9.396809052e-11  1.493878943e-10
293.4779249  9.356830803e-11  1.48752331e-10
293.7387739  9.323638455e-11  1.482246482e-10
293.9195339  9.300723514e-11  1.478603527e-10
294  9.290545477e-11  1.476985451e-10
294.0804661  9.280381359e-11  1.475369587e-10
294.2612261  9.257599193e-11  1.471747741e-10
294.5220751  9.224846083e-11  1.466540741e-10
294.834721  9.185779763e-11  1.460330085e-10
295.165279  9.144699928e-11  1.453799325e-10
295.4779249  9.106057187e-11  1.447656008e-10
295.7387739  9.073972597e-11  1.442555288e-10
295.9195339  9.051821853e-11  1.439033824e-10
296  9.041983099e-11  1.437469686e-10
296.0804661  9.03215771e-11  1.435907672e-10
296.2612261  9.010134448e-11  1.432406474e-10
296.5220751  8.978471587e-11  1.4273728e-10
296.834721  8.940704424e-11  1.421368679e-10
297.165279  8.900989246e-11  1.415054869e-10
297.4779249  8.863628832e-11  1.409115413e-10
297.7387739  8.83260793e-11  1.404183795e-10
297.9195339  8.811191005e-11  1.400778991e-10
298  8.801678052e-11  1.399266648e-10
298.0804661  8.792177934e-11  1.397756345e-10
298.2612261  8.770883442e-11  1.394371005e-10
298.5220751  8.74026757e-11  1.389503778e-10
298.834721  8.703748062e-11  1.383698007e-10
299.165279  8.6653435e-11  1.377592555e-10
299.4779249  8.629214688e-11  1.371848895e-10
299.7387739  8.599215437e-11  1.367079696e-10
299.9195339  8.57850335e-11  1.363786946e-10
300  8.569303337e-11  1.362324353e-10
300.0804661  8.560115654e-11  1.36086372e-10
300.2612261  8.539521184e-11  1.357589668e-10
300.5220751  8.509911029e-11  1.352882327e-10
300.834721  8.474590041e-11  1.347267093e-10
301.165279  8.437444537e-11  1.341361802e-10
301.4779249  8.402498926e-11  1.335806245e-10
301.7387739  8.373481213e-11  1.331193088e-10
301.9195339  8.353446311e-11  1.328007995e-10
302  8.344546966e-11  1.326593201e-10
302.0804661  8.335659468e-11  1.325180291e-10
302.2612261  8.315737587e-11  1.322013165e-10
302.5220751  8.287093763e-11  1.317459448e-10
302.834721  8.252924404e-11  1.312027297e-10
303.165279  8.216988747e-11  1.306314345e-10
303.4779249  8.183180141e-11  1.300939546e-10
303.7387739  8.155105681e-11  1.296476345e-10
303.9195339  8.135721568e-11  1.293394712e-10
304  8.127111175e-11  1.292025855e-10
304.0804661  8.118512171e-11  1.290658809e-10
304.2612261  8.099236689e-11  1.287594446e-10
304.5220751  8.0715216e-11  1.283188377e-10
304.834721  8.038459103e-11  1.277932192e-10
305.165279  8.003686314e-11  1.272404109e-10
305.4779249  7.970970608e-11  1.267203056e-10
305.7387739  7.943802845e-11  1.262883999e-10
305.9195339  7.925044318e-11  1.25990182e-10
306  7.916711692e-11  1.258577122e-10
306.0804661  7.908390015e-11  1.257254165e-10
306.2612261  7.889735929e-11  1.254288589e-10
306.5220751  7.862913672e-11  1.25002446e-10
306.834721  7.830915289e-11  1.244937445e-10
307.165279  7.797260503e-11  1.239587099e-10
307.4779249  7.765595574e-11  1.234553096e-10
307.7387739  7.739299595e-11  1.230372633e-10
307.9195339  7.721142581e-11  1.227486081e-10
308  7.713077039e-11  1.226203843e-10
308.0804661  7.705022026e-11  1.224923279e-10
308.2612261  7.68696545e-11  1.222052694e-10
308.5220751  7.661001732e-11  1.217925054e-10
308.834721  7.630026629e-11  1.213000717e-10
309.165279  7.597446986e-11  1.207821294e-10
309.4779249  7.566792595e-11  1.202947943e-10
309.7387739  7.541335044e-11  1.198900772e-10
309.9195339  7.523756547e-11  1.19610619e-10
310  7.515947881e-11  1.19486479e-10
310.0804661  7.508149343e-11  1.193625e-10
310.2612261  7.490667457e-11  1.190845778e-10
310.5220751  7.465529511e-11  1.186849416e-10
310.834721  7.435538669e-11  1.182081554e-10
311.165279  7.403993217e-11  1.177066545e-10
311.4779249  7.37431091e-11  1.172347733e-10
311.7387739  7.349659912e-11  1.168428785e-10
311.9195339  7.332637952e-11  1.16572268e-10
312  7.325076407e-11  1.164520566e-10
312.0804661  7.317524606e-11  1.163320002e-10
312.2612261  7.300595601e-11  1.160628675e-10
312.5220751  7.276252111e-11  1.156758614e-10
312.834721  7.247208237e-11  1.152141298e-10
313.165279  7.216657829e-11  1.147284478e-10
313.4779249  7.187910848e-11  1.142714362e-10
313.7387739  7.164035932e-11  1.138918793e-10
313.9195339  7.147549499e-11  1.136297825e-10
314  7.140225749e-11  1.135133516e-10
314.0804661  7.132911378e-11  1.133970697e-10
314.2612261  7.116514403e-11  1.131363951e-10
314.5220751  7.092935428e-11  1.12761543e-10
314.834721  7.064802867e-11  1.123142992e-10
315.165279  7.035210077e-11  1.118438412e-10
315.4779249  7.007363276e-11  1.114011404e-10
315.7387739  6.984235306e-11  1.110334583e-10
315.9195339  6.968264308e-11  1.107795557e-10
316  6.961169436e-11  1.106667634e-10
316.0804661  6.954083592e-11  1.105541146e-10
316.2612261  6.938198709e-11  1.10301581e-10
316.5220751  6.915355618e-11  1.099384279e-10
316.834721  6.888100271e-11  1.095051298e-10
317.165279  6.859429302e-11  1.090493266e-10
317.4779249  6.832449067e-11  1.086204022e-10
317.7387739  6.810040175e-11  1.082641518e-10
317.9195339  6.794565396e-11  1.08018138e-10
318  6.787690872e-11  1.079088487e-10
318.0804661  6.78082504e-11  1.077996976e-10
318.2612261  6.765433176e-11  1.07555002e-10
318.5220751  6.743298581e-11  1.072031122e-10
318.834721  6.716887828e-11  1.067832413e-10
319.165279  6.689104437e-11  1.063415486e-10
319.4779249  6.662958608e-11  1.059258894e-10
319.7387739  6.641242132e-11  1.055806468e-10
319.9195339  6.626245184e-11  1.053422294e-10
320  6.619582847e-11  1.052363134e-10
320.0804661  6.612928881e-11  1.051305305e-10
320.2612261  6.598011787e-11  1.048933826e-10
320.5220751  6.576559482e-11  1.045523398e-10
320.834721  6.550962109e-11  1.041453997e-10
321.165279  6.524033526e-11  1.037172965e-10
321.4779249  6.498691328e-11  1.033144132e-10
321.7387739  6.477641752e-11  1.029797728e-10
321.9195339  6.463105039e-11  1.027486721e-10
322  6.456647078e-11  1.026460052e-10
322.0804661  6.450197181e-11  1.025434665e-10
322.2612261  6.435737392e-11  1.023135888e-10
322.5220751  6.414942293e-11  1.01982994e-10
322.834721  6.390128427e-11  1.015885099e-10
323.165279  6.364023286e-11  1.011734976e-10
323.4779249  6.339455258e-11  1.007829218e-10
323.7387739  6.319048157e-11  1.004584953e-10
323.9195339  6.304954834e-11  1.002344435e-10
324  6.29869377e-11  1.001349069e-10
324.0804661  6.292440477e-11  1.000354937e-10
324.2612261  6.278421273e-11  9.981262025e-11
324.5220751  6.258259368e-11  9.94920918e-11
324.834721  6.234200404e-11  9.910960899e-11
325.165279  6.208888673e-11  9.870721003e-11
325.4779249  6.185066609e-11  9.832849339e-11
325.7387739  6.165278593e-11  9.801390894e-11
325.9195339  6.15161253e-11  9.779664961e-11
326  6.145541205e-11  9.770012935e-11
326.0804661  6.139477368e-11  9.760372814e-11
326.2612261  6.125882737e-11  9.738760442e-11
326.5220751  6.106331029e-11  9.707677672e-11
326.834721  6.082999575e-11  9.670585967e-11
327.165279  6.058452493e-11  9.631561688e-11
327.4779249  6.035349378e-11  9.594832989e-11
327.7387739  6.016158046e-11  9.564323136e-11
327.9195339  6.002903793e-11  9.543251888e-11
328  5.997015348e-11  9.5338906e-11
328.0804661  5.991134122e-11  9.524540787e-11
328.2612261  5.977948727e-11  9.503579007e-11
328.5220751  5.958985189e-11  9.473431294e-11
328.834721  5.936355005e-11  9.437454449e-11
329.165279  5.912545019e-11  9.399601985e-11
329.4779249  5.890134971e-11  9.363975106e-11
329.7387739  5.871518863e-11  9.334379728e-11
329.9195339  5.858661618e-11  9.313939632e-11
330  5.852949482e-11  9.304858635e-11
330.0804661  5.847244306e-11  9.295788703e-11
330.2612261  5.834453453e-11  9.275454155e-11
330.5220751  5.81605698e-11  9.246207946e-11
330.834721  5.794102924e-11  9.211305991e-11
331.165279  5.771003633e-11  9.17458337e-11
331.4779249  5.749261852e-11  9.140018883e-11
331.7387739  5.731200402e-11  9.111305285e-11
331.9195339  5.71872598e-11  9.091473791e-11
332  5.713183857e-11  9.082663075e-11
332.0804661  5.707648445e-11  9.07386303e-11
332.2612261  5.695238051e-11  9.054133326e-11
332.5220751  5.677388415e-11  9.025756464e-11
332.834721  5.656086392e-11  8.99189109e-11
333.165279  5.63367249e-11  8.956258085e-11
333.4779249  5.612575205e-11  8.922718199e-11
333.7387739  5.5950487e-11  8.894855041e-11
333.9195339  5.582943504e-11  8.875610533e-11
334  5.577565356e-11  8.867060501e-11
334.0804661  5.572193683e-11  8.858520763e-11
334.2612261  5.56015025e-11  8.839374442e-11
334.5220751  5.542828061e-11  8.811836101e-11
334.834721  5.522154968e-11  8.778970585e-11
335.165279  5.500402197e-11  8.744388626e-11
335.4779249  5.479926618e-11  8.711837111e-11
335.7387739  5.462916156e-11  8.684794345e-11
335.9195339  5.451167149e-11  8.666116097e-11
336  5.44594719e-11  8.657817549e-11
336.0804661  5.440733478e-11  8.649528931e-11
336.2612261  5.42904406e-11  8.630945415e-11
336.5220751  5.412230725e-11  8.604216037e-11
336.834721  5.392164412e-11  8.572315162e-11
337.165279  5.371049508e-11  8.538747267e-11
337.4779249  5.351173778e-11  8.507149376e-11
337.7387739  5.334661234e-11  8.480898186e-11
337.9195339  5.323255913e-11  8.46276632e-11
338  5.318188592e-11  8.454710431e-11
338.0804661  5.313127299e-11  8.446664126e-11
338.2612261  5.301779482e-11  8.428623679e-11
338.5220751  5.28545717e-11  8.402674914e-11
338.834721  5.265976388e-11  8.371704902e-11
339.165279  5.245477037e-11  8.339115595e-11
339.4779249  5.226180192e-11  8.308438e-11
339.7387739  5.210148178e-11  8.282950744e-11
339.9195339  5.19907455e-11  8.265346193e-11
340  5.194154541e-11  8.257524498e-11
340.0804661  5.189240351e-11  8.249712054e-11
340.2612261  5.178222227e-11  8.232195742e-11
340.5220751  5.162373828e-11  8.207000392e-11
340.834721  5.143458196e-11  8.176928838e-11
341.165279  5.123552989e-11  8.145284085e-11
341.4779249  5.104814914e-11  8.115494808e-11
341.7387739  5.089246746e-11  8.090744962e-11
341.9195339  5.078493302e-11  8.07364943e-11
342  5.073715497e-11  8.066053807e-11
342.0804661  5.068943309e-11  8.058467114e-11
342.2612261  5.058243449e-11  8.04145677e-11
342.5220751  5.042852548e-11  8.016988737e-11
342.834721  5.024482504e-11  7.987784544e-11
343.165279  5.005150895e-11  7.957051683e-11
343.4779249  4.986952286e-11  7.928120034e-11
343.7387739  4.971831954e-11  7.904082144e-11
343.9195339  4.961387647e-11  7.887478071e-11
344  4.956747143e-11  7.880100724e-11
344.0804661  4.952112062e-11  7.872732e-11
344.2612261  4.941719498e-11  7.856210186e-11
344.5220751  4.926770337e-11  7.832444421e-11
344.834721  4.908927106e-11  7.80407774e-11
345.165279  4.890149375e-11  7.774225418e-11
345.4779249  4.872471702e-11  7.746121938e-11
345.7387739  4.857783834e-11  7.722771569e-11
345.9195339  4.847638062e-11  7.706642099e-11
346  4.84313015e-11  7.699475543e-11
346.0804661  4.838627476e-11  7.692317316e-11
346.2612261  4.828531678e-11  7.676267293e-11
346.5220751  4.81400913e-11  7.653179745e-11
346.834721  4.796674686e-11  7.625621921e-11
347.165279  4.778431898e-11  7.596620037e-11
347.4779249  4.761257368e-11  7.56931644e-11
347.7387739  4.746987208e-11  7.54663013e-11
347.9195339  4.737129789e-11  7.530959075e-11
348  4.732749948e-11  7.523996125e-11
348.0804661  4.728375168e-11  7.51704122e-11
348.2612261  4.718566025e-11  7.501446912e-11
348.5220751  4.704455564e-11  7.479014489e-11
348.834721  4.687612597e-11  7.452238001e-11
349.165279  4.669886568e-11  7.424057647e-11
349.4779249  4.653198095e-11  7.397526769e-11
349.7387739  4.639331466e-11  7.375481983e-11
349.9195339  4.629752622e-11  7.360253799e-11
350  4.625496512e-11  7.353487552e-11
350.0804661  4.621245291e-11  7.346729078e-11
350.2612261  4.61171309e-11  7.331575047e-11
350.5220751  4.598000765e-11  7.309775567e-11
350.834721  4.581632647e-11  7.283753982e-11
351.165279  4.564405911e-11  7.25636739e-11
351.4779249  4.54818708e-11  7.230583137e-11
351.7387739  4.534710368e-11  7.209158229e-11
351.9195339  4.525400704e-11  7.194357981e-11
352  4.521264153e-11  7.187781806e-11
352.0804661  4.517132328e-11  7.181213143e-11
352.2612261  4.50786774e-11  7.166484555e-11
352.5220751  4.494540144e-11  7.145296709e-11
352.834721  4.478630901e-11  7.12000463e-11
353.165279  4.461886677e-11  7.093385121e-11
353.4779249  4.446121717e-11  7.06832242e-11
353.7387739  4.433021837e-11  7.047496591e-11
353.9195339  4.423972328e-11  7.033109929e-11
354  4.419951329e-11  7.026717455e-11
354.0804661  4.415934898e-11  7.020332242e-11
354.2612261  4.406928957e-11  7.006014846e-11
354.5220751  4.393973211e-11  6.985418155e-11
354.834721  4.378507491e-11  6.960831178e-11
355.165279  4.362229651e-11  6.934953113e-11
355.4779249  4.346903406e-11  6.91058787e-11
355.7387739  4.334167786e-11  6.890341129e-11
355.9195339  4.325369755e-11  6.876354262e-11
356  4.321460456e-11  6.870139365e-11
356.0804661  4.317555572e-11  6.863931489e-11
356.2612261  4.308799663e-11  6.850011584e-11
356.5220751  4.296203385e-11  6.829986366e-11
356.834721  4.281166434e-11  6.806081034e-11
357.165279  4.265339475e-11  6.780919769e-11
357.4779249  4.250437376e-11  6.75722882e-11
357.7387739  4.238053928e-11  6.737541953e-11
357.9195339  4.229499037e-11  6.723941622e-11
358  4.225697735e-11  6.717898416e-11
358.0804661  4.221900702e-11  6.711861998e-11
358.2612261  4.21338654e-11  6.698326416e-11
358.5220751  4.201137827e-11  6.678853749e-11
358.834721  4.18651546e-11  6.65560751e-11
359.165279  4.171124479e-11  6.63113935e-11
359.4779249  4.156632517e-11  6.608100427e-11
359.7387739  4.144589619e-11  6.588954957e-11
359.9195339  4.136269848e-11  6.575728414e-11
360  4.132572983e-11  6.569851238e-11
360.0804661  4.128880247e-11  6.563980628e-11
360.2612261  4.120599866e-11  6.550816705e-11
360.5220751  4.108687274e-11  6.531878394e-11
360.834721  4.094465848e-11  6.509269561e-11
361.165279  4.079496513e-11  6.485471721e-11
361.4779249  4.065401218e-11  6.463063408e-11
361.7387739  4.053687693e-11  6.444441568e-11
361.9195339  4.045595331e-11  6.431576552e-11
362  4.041999478e-11  6.425859963e-11
362.0804661  4.038407619e-11  6.420149724e-11
362.2612261  4.030353358e-11  6.407345282e-11
362.5220751  4.01876588e-11  6.388923827e-11
362.834721  4.004932276e-11  6.366931542e-11
363.165279  3.990370799e-11  6.343782106e-11
363.4779249  3.976659213e-11  6.321983802e-11
363.7387739  3.965264311e-11  6.303868499e-11
363.9195339  3.957391939e-11  6.291353217e-11
364  3.953893804e-11  6.285791978e-11
364.0804661  3.950399533e-11  6.280236882e-11
364.2612261  3.942564024e-11  6.267780205e-11
364.5220751  3.93129107e-11  6.249858771e-11
364.834721  3.917832664e-11  6.228462967e-11
365.165279  3.903665785e-11  6.20594085e-11
365.4779249  3.890325441e-11  6.184732737e-11
365.7387739  3.879238817e-11  6.167107526e-11
365.9195339  3.871579297e-11  6.154930632e-11
366  3.868175711e-11  6.149519704e-11
366.0804661  3.864775864e-11  6.144114721e-11
366.2612261  3.857152016e-11  6.131994535e-11
366.5220751  3.846183395e-11  6.114556924e-11
366.834721  3.833088044e-11  6.093738293e-11
367.165279  3.819302998e-11  6.071823205e-11
367.4779249  3.8063219e-11  6.051186211e-11
367.7387739  3.7955336e-11  6.034035268e-11
367.9195339  3.788080064e-11  6.022185841e-11
368  3.784767977e-11  6.016920375e-11
368.0804661  3.781459509e-11  6.011660663e-11
368.2612261  3.774040496e-11  5.99986612e-11
368.5220751  3.763366404e-11  5.982896741e-11
368.834721  3.750622417e-11  5.9626367e-11
369.165279  3.737206922e-11  5.941309114e-11
369.4779249  3.724573523e-11  5.921224882e-11
369.7387739  3.714073966e-11  5.904532974e-11
369.9195339  3.706819802e-11  5.893000503e-11
370  3.703596278e-11  5.887875832e-11
370.0804661  3.700376256e-11  5.882756731e-11
370.2612261  3.693155511e-11  5.871277388e-11
370.5220751  3.682766507e-11  5.854761235e-11
370.834721  3.670362632e-11  5.835041894e-11
371.165279  3.657304863e-11  5.814283011e-11
371.4779249  3.645008047e-11  5.794733869e-11
371.7387739  3.634788009e-11  5.778486333e-11
371.9195339  3.627726851e-11  5.767260698e-11
372  3.624589063e-11  5.762272329e-11
372.0804661  3.621454667e-11  5.757289351e-11
372.2612261  3.614425864e-11  5.746115154e-11
372.5220751  3.604312861e-11  5.730037778e-11
372.834721  3.592238263e-11  5.710841913e-11
373.165279  3.579526834e-11  5.690633633e-11
373.4779249  3.567555897e-11  5.671602564e-11
373.7387739  3.557606495e-11  5.655785279e-11
373.9195339  3.550732215e-11  5.644856736e-11
374  3.547677441e-11  5.64000034e-11
374.0804661  3.544625952e-11  5.635149166e-11
374.2612261  3.537783002e-11  5.624270432e-11
374.5220751  3.527937246e-11  5.60861792e-11
374.834721  3.516181492e-11  5.589928944e-11
375.165279  3.503805439e-11  5.570253834e-11
375.4779249  3.492150071e-11  5.55172445e-11
375.7387739  3.482462752e-11  5.536323815e-11
375.9195339  3.475769444e-11  5.525682979e-11
376  3.472795063e-11  5.520954389e-11
376.0804661  3.469823863e-11  5.516230857e-11
376.2612261  3.4631609e-11  5.50563826e-11
376.5220751  3.453573962e-11  5.490397209e-11
376.834721  3.442127001e-11  5.472199145e-11
377.165279  3.430075761e-11  5.453040413e-11
377.4779249  3.418726034e-11  5.434996928e-11
377.7387739  3.409292555e-11  5.419999842e-11
377.9195339  3.402774534e-11  5.409637671e-11
378  3.39987802e-11  5.405032873e-11
378.0804661  3.396984588e-11  5.400432973e-11
378.2612261  3.39049596e-11  5.390117531e-11
378.5220751  3.381159718e-11  5.375275029e-11
378.834721  3.370011868e-11  5.357552483e-11
379.165279  3.358275264e-11  5.338893952e-11
379.4779249  3.34722161e-11  5.321321155e-11
379.7387739  3.338034032e-11  5.306714996e-11
379.9195339  3.331685817e-11  5.296622778e-11
380  3.328864737e-11  5.292137903e-11
380.0804661  3.326046643e-11  5.287657773e-11
380.2612261  3.319726905e-11  5.277610828e-11
380.5220751  3.310633534e-11  5.263154435e-11
380.834721  3.299775465e-11  5.245892574e-11
381.165279  3.288343691e-11  5.227718654e-11
381.4779249  3.277576889e-11  5.210601888e-11
381.7387739  3.26862756e-11  5.19637449e-11
381.9195339  3.262443871e-11  5.18654383e-11
382  3.25969588e-11  5.182175149e-11
382.0804661  3.256950781e-11  5.177811066e-11
382.2612261  3.250794686e-11  5.168024275e-11
382.5220751  3.241936643e-11  5.153942001e-11
382.834721  3.231359362e-11  5.13712653e-11
383.165279  3.220222967e-11  5.119422195e-11
383.4779249  3.209734132e-11  5.102747331e-11
383.7387739  3.201015676e-11  5.08888697e-11
383.9195339  3.194991422e-11  5.079309776e-11
384  3.192314259e-11  5.075053695e-11
384.0804661  3.189639899e-11  5.070802071e-11
384.2612261  3.183642388e-11  5.061267392e-11
384.5220751  3.175012402e-11  5.047547677e-11
384.834721  3.164707241e-11  5.031164816e-11
385.165279  3.153857114e-11  5.013915581e-11
385.4779249  3.143637677e-11  4.997669e-11
385.7387739  3.135142985e-11  4.984164371e-11
385.9195339  3.129273258e-11  4.97483284e-11
386  3.126664743e-11  4.970685895e-11
386.0804661  3.124058946e-11  4.96654327e-11
386.2612261  3.118215142e-11  4.95725295e-11
386.5220751  3.109806204e-11  4.943884651e-11
386.834721  3.099764806e-11  4.927921112e-11
387.165279  3.08919216e-11  4.91111301e-11
387.4779249  3.079233862e-11  4.89528158e-11
387.7387739  3.070956076e-11  4.882121783e-11
387.9195339  3.065236144e-11  4.873028393e-11
388  3.062694177e-11  4.868987242e-11
388.0804661  3.060154844e-11  4.86495028e-11
388.2612261  3.054460043e-11  4.855896843e-11
388.5220751  3.046265394e-11  4.842869213e-11
388.834721  3.036479698e-11  4.827312182e-11
389.165279  3.026176063e-11  4.810931745e-11
389.4779249  3.016470935e-11  4.7955028e-11
389.7387739  3.008403444e-11  4.782677323e-11
389.9195339  3.002828744e-11  4.773814818e-11
390  3.000351296e-11  4.76987624e-11
390.0804661  2.997876403e-11  4.765941723e-11
390.2612261  2.992326071e-11  4.757117956e-11
390.5220751  2.98433919e-11  4.744420632e-11
390.834721  2.974801422e-11  4.72925775e-11
391.165279  2.964758625e-11  4.713291987e-11
391.4779249  2.955298985e-11  4.69825331e-11
391.7387739  2.947435409e-11  4.685752012e-11
391.9195339  2.942001537e-11  4.677113393e-11
392  2.939586655e-11  4.673274279e-11
392.0804661  2.93717425e-11  4.669439103e-11
392.2612261  2.931764009e-11  4.660838051e-11
392.5220751  2.923978608e-11  4.648461033e-11
392.834721  2.914681269e-11  4.633680378e-11
393.165279  2.904891426e-11  4.618116754e-11
393.4779249  2.895669858e-11  4.60345656e-11
393.7387739  2.888004044e-11  4.591269658e-11
393.9195339  2.882706754e-11  4.582848172e-11
394  2.88035255e-11  4.579105523e-11
394.0804661  2.878000749e-11  4.575366693e-11
394.2612261  2.872726379e-11  4.566981645e-11
394.5220751  2.865136388e-11  4.554915286e-11
394.834721  2.856072241e-11  4.540505353e-11
395.165279  2.846527745e-11  4.525331775e-11
395.4779249  2.837537097e-11  4.51103869e-11
395.7387739  2.830063107e-11  4.499156744e-11
395.9195339  2.824898299e-11  4.490945874e-11
396  2.822602953e-11  4.487296796e-11
396.0804661  2.820309937e-11  4.483651423e-11
396.2612261  2.815167364e-11  4.475475901e-11
396.5220751  2.807766928e-11  4.46371089e-11
396.834721  2.798928989e-11  4.449660578e-11
397.165279  2.789622499e-11  4.434865375e-11
397.4779249  2.780855866e-11  4.420928422e-11
397.7387739  2.773567967e-11  4.40934232e-11
397.9195339  2.768531685e-11  4.401335777e-11
398  2.76629344e-11  4.397777477e-11
398.0804661  2.764057457e-11  4.394222771e-11
398.2612261  2.759042747e-11  4.386250524e-11
398.5220751  2.751826213e-11  4.374777876e-11
398.834721  2.743207743e-11  4.361076468e-11
399.165279  2.734132171e-11  4.346648373e-11
399.4779249  2.725582888e-11  4.333056957e-11
399.7387739  2.718475549e-11  4.321757904e-11
399.9195339  2.713563974e-11  4.313949617e-11
