#L=1 M=0
#R     Re(V)   Im(V)

0.08046609183  -0.00491386745  0
0.2612261349  -0.01594760372  0
0.5220750502  -0.03184008222  0
0.8347210423  -0.05080017656  0
1.165278958  -0.07068058956  0
1.47792495  -0.089261753  0
1.738773865  -0.1045503871  0
1.919533908  -0.1150074462  0
2  -0.1196218182  0
2.080466092  -0.124209319  0
2.261226135  -0.1344099057  0
2.52207505  -0.1488483309  0
2.834721042  -0.1656566251  0
3.165278958  -0.1827580491  0
3.47792495  -0.1982303757  0
3.738773865  -0.2105854901  0
3.919533908  -0.2188496443  0
4  -0.2224523979  0
4.080466092  -0.215242567  0
4.261226135  -0.2003348977  0
4.52207505  -0.1814825095  0
4.834721042  -0.1622020167  0
5.165278958  -0.1449074528  0
5.47792495  -0.1308761563  0
5.738773865  -0.1205918603  0
5.919533908  -0.1141173999  0
6  -0.1113907142  0
6.080466092  -0.1087539607  0
6.261226135  -0.103139346  0
6.52207505  -0.09572520186  0
6.834721042  -0.08778306959  0
7.165278958  -0.08035359951  0
7.47792495  -0.07411505918  0
7.738773865  -0.06942134018  0
7.919533908  -0.06641265855  0
8  -0.06513284267  0
8.080466092  -0.06388792957  0
8.261226135  -0.06121260067  0
8.52207505  -0.05762693905  0
8.834721042  -0.05371506321  0
9.165278958  -0.04998375994  0
9.47792495  -0.04679165664  0
9.738773865  -0.04435115192  0
9.919533908  -0.04276783133  0
10  -0.04208959238  0
10.08046609  -0.04142704338  0
10.26122613  -0.03999353244  0
10.52207505  -0.0380504282  0
10.83472104  -0.03589992894  0
11.16527896  -0.0338163409  0
11.47792495  -0.03200656142  0
11.73877387  -0.03060458678  0
11.91953391  -0.02968600737  0
12  -0.02929025732  0
12.08046609  -0.02890231745  0
12.26122613  -0.0280582953  0
12.52207505  -0.02690366778  0
12.83472104  -0.02561087416  0
13.16527896  -0.02434243561  0
13.47792495  -0.02322723707  0
13.73877387  -0.02235426695  0
13.91953391  -0.02177781669  0
14  -0.02152834173  0
14.08046609  -0.02128312136  0
14.26122613  -0.02074727935  0
14.52207505  -0.02000894217  0
14.83472104  -0.01917471495  0
15.16527896  -0.01834813236  0
15.47792495  -0.01761451858  0
15.73877387  -0.01703557484  0
15.91953391  -0.01665095787  0
16  -0.01648391945  0
16.08046609  -0.01631938088  0
16.26122613  -0.01595862092  0
16.52207505  -0.01545873461  0
16.83472104  -0.01488992061  0
17.16527896  -0.01432199063  0
17.47792495  -0.01381420855  0
17.73877387  -0.0134109321  0
17.91953391  -0.0131417431  0
18  -0.01302451243  0
18.08046609  -0.01290884325  0
18.26122613  -0.01265455492  0
18.52207505  -0.01230063892  0
18.83472104  -0.01189566585  0
19.16527896  -0.01148886174  0
19.47792495  -0.01112300225  0
19.73877387  -0.01083096439  0
19.91953391  -0.01063528583  0
20  -0.01054988038  0
20.08046609  -0.01046549954  0
20.26122613  -0.0102795978  0
20.52207505  -0.01001993864  0
20.83472104  -0.009721477095  0
21.16527896  -0.009420190147  0
21.47792495  -0.009147934364  0
21.73877387  -0.008929715093  0
21.91953391  -0.008783044209  0
22  -0.008718912917  0
22.08046609  -0.00865548147  0
22.26122613  -0.008515488098  0
22.52207505  -0.008319379046  0
22.83472104  -0.008093125947  0
23.16527896  -0.007863803547  0
23.47792495  -0.007655759943  0
23.73877387  -0.007488436686  0
23.91953391  -0.007375684046  0
24  -0.007326309257  0
24.08046609  -0.007277428605  0
24.26122613  -0.007169390566  0
24.52207505  -0.007017675754  0
24.83472104  -0.006842095966  0
25.16527896  -0.006663528143  0
25.47792495  -0.006500991926  0
25.73877387  -0.006369891374  0
25.91953391  -0.006281355302  0
26  -0.006242535765  0
26.08046609  -0.006204074984  0
26.26122613  -0.006118961724  0
26.52207505  -0.005999191651  0
26.83472104  -0.005860215215  0
27.16527896  -0.00571846408  0
27.47792495  -0.005589074129  0
27.73877387  -0.005484451695  0
27.91953391  -0.005413665377  0
28  -0.005382594623  0
28.08046609  -0.005351790591  0
28.26122613  -0.005283548954  0
28.52207505  -0.005187349376  0
28.83472104  -0.005075469561  0
29.16527896  -0.004961071276  0
29.47792495  -0.00485639405  0
29.73877387  -0.004771573511  0
29.91953391  -0.004714092376  0
30  -0.004688837984  0
30.08046609  -0.00466378599  0
30.26122613  -0.004608235807  0
30.52207505  -0.004529806225  0
30.83472104  -0.004438412766  0
31.16527896  -0.004344759074  0
31.47792495  -0.004258881388  0
31.73877387  -0.004189164803  0
31.91953391  -0.004141852739  0
32  -0.00412104901  0
32.08046609  -0.004100401627  0
32.26122613  -0.004054581153  0
32.52207505  -0.003989801054  0
32.83472104  -0.003914182529  0
33.16527896  -0.003836546152  0
33.47792495  -0.003765222742  0
33.73877387  -0.003707226708  0
33.91953391  -0.003667819745  0
34  -0.0036504794  0
34.08046609  -0.003633261734  0
34.26122613  -0.003595025153  0
34.52207505  -0.00354090236  0
34.83472104  -0.003477627504  0
35.16527896  -0.003412554549  0
35.47792495  -0.003352673909  0
35.73877387  -0.003303911754  0
35.91953391  -0.003270742474  0
36  -0.003256137489  0
36.08046609  -0.00324163011  0
36.26122613  -0.003209391999  0
36.52207505  -0.003163711309  0
36.83472104  -0.003110233291  0
37.16527896  -0.003055152845  0
37.47792495  -0.003004392448  0
37.73877387  -0.0029630035  0
37.91953391  -0.002934821926  0
38  -0.002922405946  0
38.08046609  -0.00291006859  0
38.26122613  -0.002882637082  0
38.52207505  -0.002843730199  0
38.83472104  -0.002798126576  0
39.16527896  -0.0027510931  0
39.47792495  -0.002707691003  0
39.73877387  -0.002672260611  0
39.91953391  -0.002648114822  0
40  -0.002637471366  0
40.08046609  -0.002626891949  0
40.26122613  -0.002603357089  0
40.52207505  -0.002569948278  0
40.83472104  -0.002530745946  0
41.16527896  -0.002490265263  0
41.47792495  -0.002452865265  0
41.73877387  -0.002422302415  0
41.91953391  -0.002401457171  0
42  -0.002392264278  0
42.08046609  -0.002383124069  0
42.26122613  -0.002362781434  0
42.52207505  -0.002333881689  0
42.83472104  -0.002299936525  0
43.16527896  -0.002264845766  0
43.47792495  -0.00223239026  0
43.73877387  -0.00220584264  0
43.91953391  -0.00218772279  0
44  -0.002179728402  0
44.08046609  -0.002171777754  0
44.26122613  -0.00215407517  0
44.52207505  -0.002128908232  0
44.83472104  -0.00209932072  0
45.16527896  -0.002068703943  0
45.47792495  -0.002040358374  0
45.73877387  -0.002017152346  0
45.91953391  -0.002001302757  0
46  -0.001994307271  0
46.08046609  -0.001987348401  0
46.26122613  -0.001971848104  0
46.52207505  -0.001949797822  0
46.83472104  -0.001923852892  0
47.16527896  -0.001896980739  0
47.47792495  -0.001872079454  0
47.73877387  -0.001851676929  0
47.91953391  -0.001837733642  0
48  -0.001831577338  0
48.08046609  -0.001825451917  0
48.26122613  -0.001811803245  0
48.52207505  -0.001792375528  0
48.83472104  -0.001769498967  0
49.16527896  -0.001745784852  0
49.47792495  -0.001723791683  0
49.73877387  -0.001705758664  0
49.91953391  -0.001693427829  0
50  -0.001687981674  0
50.08046609  -0.00168256175  0
50.26122613  -0.001670481144  0
50.52207505  -0.001653276059  0
50.83472104  -0.001633002489  0
51.16527896  -0.001611970328  0
51.47792495  -0.001592449509  0
51.73877387  -0.001576432832  0
51.91953391  -0.001565475106  0
52  -0.001560633944  0
52.08046609  -0.001555815205  0
52.26122613  -0.001545071375  0
52.52207505  -0.001529762407  0
52.83472104  -0.001511711436  0
53.16527896  -0.001492971585  0
53.47792495  -0.001475566005  0
53.73877387  -0.001461275927  0
53.91953391  -0.001451494776  0
54  -0.001447172217  0
54.08046609  -0.001442868939  0
54.26122613  -0.001433271712  0
54.52207505  -0.001419590171  0
54.83472104  -0.00140344843  0
55.16527896  -0.001386679511  0
55.47792495  -0.001371094279  0
55.73877387  -0.001358291285  0
55.91953391  -0.001349524117  0
56  -0.001345648656  0
56.08046609  -0.001341789865  0
56.26122613  -0.001333181721  0
56.52207505  -0.00132090487  0
56.83472104  -0.00130641233  0
57.16527896  -0.001291347368  0
57.47792495  -0.00127733724  0
57.73877387  -0.001265821949  0
57.91953391  -0.001257933316  0
58  -0.001254445358  0
58.08046609  -0.001250971888  0
58.26122613  -0.001243221452  0
58.52207505  -0.001232163395  0
58.83472104  -0.001219102828  0
59.16527896  -0.001205518565  0
59.47792495  -0.001192878247  0
59.73877387  -0.001182483602  0
59.91953391  -0.001175359936  0
60  -0.001172209496  0
60.08046609  -0.001169071706  0
60.26122613  -0.001162068711  0
60.52207505  -0.001152073313  0
60.83472104  -0.001140262112  0
61.16527896  -0.001127970689  0
61.47792495  -0.001116527271  0
61.73877387  -0.001107112453  0
61.91953391  -0.00110065796  0
62  -0.001097802858  0
62.08046609  -0.00109495885  0
62.26122613  -0.001088610196  0
62.52207505  -0.001079545544  0
62.83472104  -0.001068829307  0
63.16527896  -0.001057671737  0
63.47792495  -0.001047278754  0
63.73877387  -0.001038724383  0
63.91953391  -0.001032857808  0
64  -0.001030262252  0
64.08046609  -0.001027676468  0
64.26122613  -0.001021903109  0
64.52207505  -0.001013657141  0
64.83472104  -0.001003904597  0
65.16527896  -0.0009937455997  0
65.47792495  -0.0009842783226  0
65.73877387  -0.000976482663  0
65.91953391  -0.0009711347174  0
66  -0.0009687681786  0
66.08046609  -0.0009664102797  0
66.26122613  -0.0009611447542  0
66.52207505  -0.0009536217774  0
66.83472104  -0.0009447207549  0
67.16527896  -0.0009354446389  0
67.47792495  -0.0009267963148  0
67.73877387  -0.0009196722313  0
67.91953391  -0.0009147835412  0
68  -0.0009126198499  0
68.08046609  -0.000910463826  0
68.26122613  -0.0009056482788  0
68.52207505  -0.0008987661837  0
68.83472104  -0.0008906203671  0
69.16527896  -0.0008821277215  0
69.47792495  -0.0008742065531  0
69.73877387  -0.0008676790692  0
69.91953391  -0.0008631985197  0
70  -0.00086121514  0
70.08046609  -0.0008592385883  0
70.26122613  -0.0008548231739  0
70.52207505  -0.0008485111839  0
70.83472104  -0.0008410374995  0
71.16527896  -0.0008332425204  0
71.47792495  -0.0008259692204  0
71.73877387  -0.0008199735375  0
71.91953391  -0.0008158569316  0
72  -0.0008140343723  0
72.08046609  -0.0008122179133  0
72.26122613  -0.0008081595013  0
72.52207505  -0.0008023563466  0
72.83472104  -0.0007954828364  0
73.16527896  -0.0007883111521  0
73.47792495  -0.0007816169517  0
73.73877387  -0.000776096835  0
73.91953391  -0.0007723058  0
74  -0.000770627134  0
74.08046609  -0.0007689539351  0
74.26122613  -0.0007652150532  0
74.52207505  -0.0007598674786  0
74.83472104  -0.0007535315624  0
75.16527896  -0.0007469184528  0
75.47792495  -0.0007407434708  0
75.73877387  -0.0007356499266  0
75.91953391  -0.0007321510166  0
76  -0.0007306014865  0
76.08046609  -0.0007290568704  0
76.26122613  -0.0007256048365  0
76.52207505  -0.0007206663756  0
76.83472104  -0.0007148134215  0
77.16527896  -0.0007087023535  0
77.47792495  -0.0007029942529  0
77.73877387  -0.0006982844376  0
77.91953391  -0.0006950483936  0
78  -0.0006936150864  0
78.08046609  -0.0006921862083  0
78.26122613  -0.0006889924144  0
78.52207505  -0.0006844223771  0
78.83472104  -0.0006790045205  0
79.16527896  -0.0006733459358  0
79.47792495  -0.0006680588113  0
79.73877387  -0.0006636951278  0
79.91953391  -0.0006606962643  0
80  -0.0006593678415  0
80.08046609  -0.0006580434213  0
80.26122613  -0.0006550827385  0
80.52207505  -0.0006508453702  0
80.83472104  -0.0006458205323  0
81.16527896  -0.0006405708399  0
81.47792495  -0.0006356642921  0
81.73877387  -0.0006316136376  0
81.91953391  -0.0006288293311  0
82  -0.000627595804  0
82.08046609  -0.0006263659029  0
82.26122613  -0.0006236161862  0
82.52207505  -0.0006196799665  0
82.83472104  -0.0006150110346  0
83.16527896  -0.000610131769  0
83.47792495  -0.0006055701309  0
83.73877387  -0.000601803267  0
83.91953391  -0.0005992135284  0
84  -0.0005980660694  0
84.08046609  -0.0005969219033  0
84.26122613  -0.0005943635761  0
84.52207505  -0.0005907006311  0
84.83472104  -0.0005863547718  0
85.16527896  -0.0005818118862  0
85.47792495  -0.0005775635732  0
85.73877387  -0.0005740545971  0
85.91953391  -0.000571641712  0
86  -0.0005705724967  0
86.08046609  -0.0005695062785  0
86.26122613  -0.0005671219832  0
86.52207505  -0.0005637075908  0
86.83472104  -0.0005596556714  0
87.16527896  -0.0005554189426  0
87.47792495  -0.000551455904  0
87.73877387  -0.0005481818021  0
87.91953391  -0.0005459300271  0
88  -0.0005449321005  0
88.08046609  -0.0005439369075  0
88.26122613  -0.0005417112105  0
88.52207505  -0.0005385233821  0
88.83472104  -0.000534739481  0
89.16527896  -0.0005307820052  0
89.47792495  -0.0005270792607  0
89.73877387  -0.0005240195302  0
89.91953391  -0.0005219148354  0
90  -0.0005209819983  0
90.08046609  -0.0005200516598  0
90.26122613  -0.000517970801  0
90.52207505  -0.000514989927  0
90.83472104  -0.000511450918  0
91.16527896  -0.000507748683  0
91.47792495  -0.0005042839276  0
91.73877387  -0.0005014202551  0
91.91953391  -0.0004994501053  0
92  -0.0004985768178  0
92.08046609  -0.0004977058188  0
92.26122613  -0.0004957574988  0
92.52207505  -0.0004929660458  0
92.83472104  -0.0004896512444  0
93.16527896  -0.0004861827644  0
93.47792495  -0.0004829360322  0
93.73877387  -0.0004802520187  0
93.91953391  -0.0004784051859  0
94  -0.0004775864855  0
94.08046609  -0.0004767698849  0
94.26122613  -0.0004749430826  0
94.52207505  -0.0004723253355  0
94.83472104  -0.0004692161956  0
95.16527896  -0.0004659621989  0
95.47792495  -0.0004629155744  0
95.73877387  -0.0004603965004  0
95.91953391  -0.0004586629041  0
96  -0.0004578943344  0
96.08046609  -0.0004571276949  0
96.26122613  -0.0004554125113  0
96.52207505  -0.0004529543515  0
96.83472104  -0.0004500342058  0
97.16527896  -0.0004469773664  0
97.47792495  -0.0004441147373  0
97.73877387  -0.0004417473603  0
97.91953391  -0.0004401179292  0
98  -0.0004393954796  0
98.08046609  -0.0004386748074  0
98.26122613  -0.0004370623312  0
98.52207505  -0.0004347510459  0
98.83472104  -0.0004320048817  0
99.16527896  -0.0004291295885  0
99.47792495  -0.000426436432  0
99.73877387  -0.0004242088124  0
99.91953391  -0.0004226753656  0
100  -0.0004219954186  0
100.0804661  -0.000421317111  0
100.2612261  -0.0004197993029  0
100.5220751  -0.0004176234204  0
100.834721  -0.0004150376866  0
101.165279  -0.0004123298435  0
101.4779249  -0.0004097930418  0
101.7387739  -0.0004076943919  0
101.9195339  -0.0004062495363  0
102  -0.0004056088222  0
102.0804661  -0.0004049696226  0
102.2612261  -0.0004035392148  0
102.5220751  -0.0004014883618  0
102.834721  -0.0003990508015  0
103.165279  -0.0003964976543  0
103.4779249  -0.0003941053347  0
103.7387739  -0.0003921258877  0
103.9195339  -0.0003907629285  0
104  -0.0003901584861  0
104.0804661  -0.0003895554452  0
104.2612261  -0.0003882058539  0
104.5220751  -0.0003862706318  0
104.834721  -0.0003839701366  0
105.165279  -0.0003815601227  0
105.4779249  -0.0003793015184  0
105.7387739  -0.000377432415  0
105.9195339  -0.0003761452778  0
106  -0.0003755744202  0
106.0804661  -0.0003750048612  0
106.2612261  -0.0003737301114  0
106.5220751  -0.0003719019883  0
106.834721  -0.0003697284715  0
107.165279  -0.0003674510887  0
107.4779249  -0.0003653164175  0
107.7387739  -0.0003635496063  0
107.9195339  -0.0003623327699  0
108  -0.0003617930543  0
108.0804661  -0.0003612545438  0
108.2612261  -0.0003600492023  0
108.5220751  -0.0003583204191  0
108.834721  -0.000356264705  0
109.165279  -0.000354110397  0
109.4779249  -0.000352090755  0
109.7387739  -0.0003504189058  0
109.9195339  -0.0003492673425  0
110  -0.0003487565443  0
110.0804661  -0.0003482468659  0
110.2612261  -0.0003471059839  0
110.5220751  -0.0003454694716  0
110.834721  -0.0003435231986  0
111.165279  -0.0003414832545  0
111.4779249  -0.0003395705232  0
111.7387739  -0.0003379869509  0
111.9195339  -0.0003368960743  0
112  -0.0003364121641  0
112.0804661  -0.0003359292957  0
112.2612261  -0.0003348483578  0
112.5220751  -0.0003332976649  0
112.834721  -0.0003314532005  0
113.165279  -0.0003295196665  0
113.4779249  -0.0003277064313  0
113.7387739  -0.0003262050287  0
113.9195339  -0.0003251706486  0
114  -0.0003247117718  0
114.0804661  -0.0003242538656  0
114.2612261  -0.0003232287448  0
114.5220751  -0.0003217579743  0
114.834721  -0.0003200083397  0
115.165279  -0.0003181739417  0
115.4779249  -0.0003164534199  0
115.7387739  -0.000315028599  0
115.9195339  -0.0003140468803  0
116  -0.0003136113396  0
116.0804661  -0.0003131767043  0
116.2612261  -0.0003122036228  0
116.5220751  -0.0003108073754  0
116.834721  -0.0003091461798  0
117.165279  -0.0003074042548  0
117.4779249  -0.0003057702317  0
117.7387739  -0.0003044168716  0
117.9195339  -0.0003034842996  0
118  -0.0003030705391  0
118.0804661  -0.0003026576242  0
118.2612261  -0.0003017331184  0
118.5220751  -0.0003004064432  0
118.834721  -0.0002988278251  0
119.165279  -0.0002971722607  0
119.4779249  -0.0002956190339  0
119.7387739  -0.0002943324346  0
119.9195339  -0.0002934457827  0
120  -0.000293052374  0
120.0804661  -0.000292659756  0
120.2612261  -0.0002917806458  0
120.5220751  -0.0002905189964  0
120.834721  -0.0002890175721  0
121.165279  -0.0002874427525  0
121.4779249  -0.000285965082  0
121.7387739  -0.0002847409236  0
121.9195339  -0.0002838972258  0
122  -0.0002835228558  0
122.0804661  -0.0002831492259  0
122.2612261  -0.0002823125873  0
122.5220751  -0.0002811117826  0
122.834721  -0.0002796826  0
123.165279  -0.0002781833587  0
123.4779249  -0.0002767764222  0
123.7387739  -0.0002756107288  0
123.9195339  -0.0002748072547  0
124  -0.0002744507145  0
124.0804661  -0.0002740948677  0
124.2612261  -0.0002732980083  0
124.5220751  -0.0002721541979  0
124.834721  -0.0002707926958  0
125.165279  -0.000269364273  0
125.4779249  -0.000268023627  0
125.7387739  -0.0002669127341  0
125.9195339  -0.0002661469669  0
126  -0.000265807142  0
126.0804661  -0.0002654679675  0
126.2612261  -0.0002647084049  0
126.5220751  -0.0002636180383  0
126.834721  -0.0002623200098  0
127.165279  -0.0002609580145  0
127.4779249  -0.000259679559  0
127.7387739  -0.0002586200848  0
127.9195339  -0.0002578897014  0
128  -0.0002575655631  0
128.0804661  -0.0002572420355  0
128.2612261  -0.000256517478  0
128.5220751  -0.0002554772769  0
128.834721  -0.000254238837  0
129.165279  -0.0002529392134  0
129.4779249  -0.0002517191605  0
129.7387739  -0.00025070798  0
129.9195339  -0.0002500108337  0
130  -0.0002497014311  0
130.0804661  -0.0002493926025  0
130.2612261  -0.0002487009318  0
130.5220751  -0.0002477078654  0
130.834721  -0.0002465254218  0
131.165279  -0.0002452844189  0
131.4779249  -0.000244119265  0
131.7387739  -0.000243153487  0
131.9195339  -0.0002424875913  0
132  -0.0002421920446  0
132.0804661  -0.0002418970379  0
132.2612261  -0.0002412362934  0
132.5220751  -0.0002402875565  0
132.834721  -0.0002391577836  0
133.165279  -0.0002379719283  0
133.4779249  -0.0002368584283  0
133.7387739  -0.0002359353749  0
133.9195339  -0.0002352988896  0
134  -0.0002350163837  0
134.0804661  -0.0002347343863  0
134.2612261  -0.0002341027514  0
134.5220751  -0.0002331957442  0
134.834721  -0.0002321155597  0
135.165279  -0.0002309816322  0
135.4779249  -0.0002299167775  0
135.7387739  -0.0002290339654  0
135.9195339  -0.0002284251837  0
136  -0.0002281549625  0
136.0804661  -0.0002278852204  0
136.2612261  -0.0002272810101  0
136.5220751  -0.0002264133209  0
136.834721  -0.0002253798647  0
137.165279  -0.0002242948768  0
137.4779249  -0.0002232758746  0
137.7387739  -0.0002224309982  0
137.9195339  -0.0002218483354  0
138  -0.0002215896968  0
138.0804661  -0.0002213315102  0
138.2612261  -0.0002207531595  0
138.5220751  -0.0002199225481  0
138.834721  -0.0002189331633  0
139.165279  -0.0002178943389  0
139.4779249  -0.000216918594  0
139.7387739  -0.0002161095105  0
139.9195339  -0.0002155514936  0
140  -0.000215303785  0
140.0804661  -0.0002150565031  0
140.2612261  -0.0002145025571  0
140.5220751  -0.0002137069408  0
140.834721  -0.0002127591567  0
141.165279  -0.0002117639137  0
141.4779249  -0.0002108290118  0
141.7387739  -0.0002100537277  0
141.9195339  -0.0002095189861  0
142  -0.0002092816002  0
142.0804661  -0.0002090446175  0
142.2612261  -0.0002085137222  0
142.5220751  -0.0002077511624  0
142.834721  -0.000206842679  0
143.165279  -0.0002058886132  0
143.4779249  -0.0002049923065  0
143.7387739  -0.0002042489649  0
143.9195339  -0.0002037362219  0
144  -0.0002035085931  0
144.0804661  -0.0002032813455  0
144.2612261  -0.0002027722395  0
144.5220751  -0.00020204093  0
144.834721  -0.0002011696043  0
145.165279  -0.0002002544751  0
145.4779249  -0.0001993946679  0
145.7387739  -0.000198681538  0
145.9195339  -0.0001981896034  0
146  -0.0001979712041  0
146.0804661  -0.0001977531656  0
146.2612261  -0.0001972646727  0
146.5220751  -0.000196562929  0
146.834721  -0.0001957267618  0
147.165279  -0.000194848479  0
147.4779249  -0.0001940232162  0
147.7387739  -0.0001933386828  0
147.9195339  -0.0001928664455  0
148  -0.0001926567835  0
148.0804661  -0.0001924474632  0
148.2612261  -0.0001919784855  0
148.5220751  -0.000191304735  0
148.834721  -0.00019050186  0
149.165279  -0.0001896584718  0
149.4779249  -0.0001888659273  0
149.7387739  -0.0001882084816  0
149.9195339  -0.0001877549041  0
150  -0.0001875535194  0
150.0804661  -0.0001873524585  0
150.2612261  -0.0001869019701  0
150.5220751  -0.0001862547437  0
150.834721  -0.0001854834167  0
151.165279  -0.0001846730987  0
151.4779249  -0.0001839115657  0
151.7387739  -0.000183279797  0
151.9195339  -0.000182843909  0
152  -0.0001826503716  0
152.0804661  -0.0001824571414  0
152.2612261  -0.000182024183  0
152.5220751  -0.0001814021064  0
152.834721  -0.0001806606959  0
153.165279  -0.0001798817416  0
153.4779249  -0.0001791496229  0
153.7387739  -0.0001785422115  0
153.9195339  -0.0001781231049  0
154  -0.0001779370124  0
154.0804661  -0.0001777512113  0
154.2612261  -0.0001773348852  0
154.5220751  -0.000176736672  0
154.834721  -0.0001760236507  0
155.165279  -0.0001752744621  0
155.4779249  -0.0001745702623  0
155.7387739  -0.000173985972  0
155.9195339  -0.0001735827963  0
156  -0.0001734037716  0
156.0804661  -0.0001732250237  0
156.2612261  -0.0001728244886  0
156.5220751  -0.0001722489338  0
156.834721  -0.0001715628707  0
157.165279  -0.0001708419503  0
157.4779249  -0.0001701642676  0
157.7387739  -0.0001696019397  0
157.9195339  -0.0001692138976  0
158  -0.0001690415873  0
158.0804661  -0.0001688695401  0
158.2612261  -0.0001684840075  0
158.5220751  -0.000167929981  0
158.834721  -0.0001672695339  0
159.165279  -0.0001665754774  0
159.4779249  -0.000165922997  0
159.7387739  -0.0001653815443  0
159.9195339  -0.0001650078879  0
160  -0.0001648419604  0
160.0804661  -0.000164676283  0
160.2612261  -0.0001643050129  0
160.5220751  -0.0001637714543  0
160.834721  -0.0001631353638  0
161.165279  -0.0001624668528  0
161.4779249  -0.0001618383404  0
161.7387739  -0.0001613167423  0
161.9195339  -0.0001609567692  0
162  -0.000160796913  0
162.0804661  -0.000160637295  0
162.2612261  -0.0001602795924  0
162.5220751  -0.0001597655058  0
162.834721  -0.0001591525887  0
163.165279  -0.0001585083848  0
163.4779249  -0.0001579026807  0
163.7387739  -0.0001573999783  0
163.9195339  -0.0001570530283  0
164  -0.000156898951  0
164.0804661  -0.0001567451003  0
164.2612261  -0.0001564003121  0
164.5220751  -0.0001559047615  0
164.834721  -0.0001553139057  0
165.165279  -0.0001546928446  0
165.4779249  -0.0001541088584  0
165.7387739  -0.00015362415  0
165.9195339  -0.0001532896025  0
166  -0.0001531410287  0
166.0804661  -0.0001529926708  0
166.2612261  -0.0001526601828  0
166.5220751  -0.0001521822875  0
166.834721  -0.0001516124469  0
167.165279  -0.0001510134333  0
167.4779249  -0.000150450139  0
167.7387739  -0.0001499825758  0
167.9195339  -0.0001496598466  0
168  -0.0001495165174  0
168.0804661  -0.0001493733939  0
168.2612261  -0.0001490526279  0
168.5220751  -0.0001485915592  0
168.834721  -0.0001480417488  0
169.165279  -0.0001474637513  0
169.4779249  -0.0001469201828  0
169.7387739  -0.0001464689657  0
169.9195339  -0.0001461575047  0
170  -0.000146019176  0
170.0804661  -0.0001458810436  0
170.2612261  -0.000145571455  0
170.5220751  -0.0001451264321  0
170.834721  -0.0001445957241  0
171.165279  -0.0001440377709  0
171.4779249  -0.0001435130179  0
171.7387739  -0.0001430773936  0
171.9195339  -0.0001427766823  0
172  -0.0001426431242  0
172.0804661  -0.0001425097534  0
172.2612261  -0.0001422108289  0
172.5220751  -0.0001417811158  0
172.834721  -0.0001412686354  0
173.165279  -0.0001407298103  0
173.4779249  -0.0001402230143  0
173.7387739  -0.0001398022727  0
173.9195339  -0.0001395118219  0
174  -0.0001393828176  0
174.0804661  -0.0001392539921  0
174.2612261  -0.0001389652474  0
174.5220751  -0.0001385501499  0
174.834721  -0.0001380550718  0
175.165279  -0.0001375345105  0
175.4779249  -0.0001370448613  0
175.7387739  -0.0001366383321  0
175.9195339  -0.0001363576804  0
176  -0.0001362330251  0
176.0804661  -0.0001361085407  0
176.2612261  -0.0001358295188  0
176.5220751  -0.0001354283814  0
176.834721  -0.0001349499266  0
177.165279  -0.0001344468128  0
177.4779249  -0.0001339735457  0
177.7387739  -0.0001335805959  0
177.9195339  -0.0001333093073  0
178  -0.0001331888078  0
178.0804661  -0.0001330684716  0
178.2612261  -0.0001327987409  0
178.5220751  -0.0001324109446  0
178.834721  -0.0001319483771  0
179.165279  -0.0001314619397  0
179.4779249  -0.0001310043319  0
179.7387739  -0.0001306243633  0
179.9195339  -0.000130362026  0
180  -0.0001302454996  0
180.0804661  -0.0001301291293  0
180.2612261  -0.0001298682817  0
180.5220751  -0.0001294932414  0
180.834721  -0.0001290458656  0
181.165279  -0.0001285753757  0
181.4779249  -0.0001281327439  0
181.7387739  -0.000127765191  0
181.9195339  -0.0001275114155  0
182  -0.0001273986893  0
182.0804661  -0.0001272861126  0
182.2612261  -0.0001270337624  0
182.5220751  -0.0001266709247  0
182.834721  -0.0001262380825  0
183.165279  -0.0001257828505  0
183.4779249  -0.0001253545483  0
183.7387739  -0.0001249988761  0
183.9195339  -0.0001247532937  0
184  -0.0001246442045  0
184.0804661  -0.0001245352582  0
184.2612261  -0.0001242910402  0
184.5220751  -0.0001239398814  0
184.834721  -0.00012352095  0
185.165279  -0.0001230803233  0
185.4779249  -0.0001226657388  0
185.7387739  -0.0001223214407  0
185.9195339  -0.0001220837026  0
186  -0.0001219780953  0
186.0804661  -0.0001218726251  0
186.2612261  -0.0001216361935  0
186.5220751  -0.0001212962179  0
186.834721  -0.0001208906076  0
187.165279  -0.000120463968  0
187.4779249  -0.0001200625215  0
187.7387739  -0.0001197291176  0
187.9195339  -0.0001194988932  0
188  -0.0001193966214  0
188.0804661  -0.0001192944808  0
188.2612261  -0.0001190655083  0
188.5220751  -0.0001187362458  0
188.834721  -0.0001183433977  0
189.165279  -0.0001179301594  0
189.4779249  -0.0001175413018  0
189.7387739  -0.0001172183372  0
189.9195339  -0.0001169953132  0
190  -0.0001168962378  0
190.0804661  -0.0001167972882  0
190.2612261  -0.0001165754642  0
190.5220751  -0.0001162564695  0
190.834721  -0.0001158758538  0
191.165279  -0.0001154754614  0
191.4779249  -0.0001150986716  0
191.7387739  -0.0001147857152  0
191.9195339  -0.0001145695944  0
192  -0.0001144735836  0
192.0804661  -0.0001143776935  0
192.2612261  -0.0001141627235  0
192.5220751  -0.000113853574  0
192.834721  -0.0001134846881  0
193.165279  -0.0001130966145  0
193.4779249  -0.0001127313984  0
193.7387739  -0.0001124280407  0
193.9195339  -0.0001122185412  0
194  -0.0001121254699  0
194.0804661  -0.0001120325144  0
194.2612261  -0.0001118241189  0
194.5220751  -0.0001115244137  0
194.834721  -0.0001111667804  0
195.165279  -0.0001107905256  0
195.4779249  -0.0001104364139  0
195.7387739  -0.0001101422665  0
195.9195339  -0.0001099391205  0
196  -0.0001098488699  0
196.0804661  -0.0001097587304  0
196.2612261  -0.0001095566441  0
196.5220751  -0.0001092660023  0
196.834721  -0.0001089191687  0
197.165279  -0.0001085542574  0
197.4779249  -0.0001082108045  0
197.7387739  -0.0001079254983  0
197.9195339  -0.0001077284514  0
198  -0.0001076409087  0
198.0804661  -0.0001075534727  0
198.2612261  -0.0001073574434  0
198.5220751  -0.0001070755032  0
198.834721  -0.0001067390387  0
199.165279  -0.0001063850197  0
199.4779249  -0.000106051802  0
199.7387739  -0.0001057749861  0
199.9195339  -0.0001055837967  0
200  -0.0001054988546  0
200.0804661  -0.000105414015  0
200.2612261  -0.0001052238031  0
200.5220751  -0.0001049502206  0
200.834721  -0.000104623716  0
201.165279  -0.0001042801599  0
201.4779249  -0.0001039567748  0
201.7387739  -0.0001036881157  0
201.9195339  -0.0001035025539  0
202  -0.0001034201104  0
202.0804661  -0.0001033377655  0
202.2612261  -0.0001031531429  0
202.5220751  -0.000102887591  0
202.834721  -0.0001025706571  0
203.165279  -0.0001022371556  0
203.4779249  -0.0001019232201  0
203.7387739  -0.0001016624004  0
203.9195339  -0.0001014822474  0
204  -0.0001014022055  0
204.0804661  -0.0001013222583  0
204.2612261  -0.0001011430084  0
204.5220751  -0.0001008851758  0
204.834721  -0.0001005774421  0
205.165279  -0.0001002536068  0
205.4779249  -9.994875609e-05  0
205.7387739  -9.969547377e-05  0
205.9195339  -9.952052146e-05  0
206  -9.944278881e-05  0
206.0804661  -9.936514719e-05  0
206.2612261  -9.91910633e-05  0
206.5220751  -9.894065384e-05  0
206.834721  -9.864176766e-05  0
207.165279  -9.832722844e-05  0
207.4779249  -9.803111547e-05  0
207.7387739  -9.778508287e-05  0
207.9195339  -9.761513296e-05  0
208  -9.753962153e-05  0
208.0804661  -9.746419768e-05  0
208.2612261  -9.729508328e-05  0
208.5220751  -9.705181462e-05  0
208.834721  -9.676144003e-05  0
209.165279  -9.645584451e-05  0
209.4779249  -9.616813851e-05  0
209.7387739  -9.592908156e-05  0
209.9195339  -9.576394515e-05  0
210  -9.569057111e-05  0
210.0804661  -9.561728137e-05  0
210.2612261  -9.545294908e-05  0
210.5220751  -9.521655227e-05  0
210.834721  -9.493436914e-05  0
211.165279  -9.463738144e-05  0
211.4779249  -9.435776713e-05  0
211.7387739  -9.412542461e-05  0
211.9195339  -9.396492162e-05  0
212  -9.389360506e-05  0
212.0804661  -9.382236966e-05  0
212.2612261  -9.366264087e-05  0
212.5220751  -9.343285953e-05  0
212.834721  -9.315856261e-05  0
213.165279  -9.286986246e-05  0
213.4779249  -9.259803924e-05  0
213.7387739  -9.237216203e-05  0
213.9195339  -9.221612073e-05  0
214  -9.214678544e-05  0
214.0804661  -9.207752832e-05  0
214.2612261  -9.192223268e-05  0
214.5220751  -9.169882223e-05  0
214.834721  -9.143212038e-05  0
215.165279  -9.115140227e-05  0
215.4779249  -9.088708336e-05  0
215.7387739  -9.066743378e-05  0
215.9195339  -9.051569032e-05  0
216  -9.044826359e-05  0
216.0804661  -9.038091217e-05  0
216.2612261  -9.022988713e-05  0
216.5220751  -9.001261422e-05  0
216.834721  -8.975322961e-05  0
217.165279  -8.948020198e-05  0
217.4779249  -8.922311366e-05  0
217.7387739  -8.900946488e-05  0
217.9195339  -8.886186286e-05  0
218  -8.879627527e-05  0
218.0804661  -8.873076027e-05  0
218.2612261  -8.858385067e-05  0
218.5220751  -8.837249253e-05  0
218.834721  -8.812015991e-05  0
219.165279  -8.785454439e-05  0
219.4779249  -8.760442532e-05  0
219.7387739  -8.739656072e-05  0
219.9195339  -8.72529508e-05  0
220  -8.718913607e-05  0
220.0804661  -8.712539133e-05  0
220.2612261  -8.698244899e-05  0
220.5220751  -8.677679286e-05  0
220.834721  -8.65312589e-05  0
221.165279  -8.627278961e-05  0
221.4779249  -8.602939015e-05  0
221.7387739  -8.58271028e-05  0
221.9195339  -8.56873423e-05  0
222  -8.562523711e-05  0
222.0804661  -8.556319942e-05  0
222.2612261  -8.542408277e-05  0
222.5220751  -8.522392538e-05  0
222.834721  -8.498494802e-05  0
223.165279  -8.473337088e-05  0
223.4779249  -8.449645246e-05  0
223.7387739  -8.429954462e-05  0
223.9195339  -8.416349719e-05  0
224  -8.410304101e-05  0
224.0804661  -8.404264996e-05  0
224.2612261  -8.390722369e-05  0
224.5220751  -8.371237074e-05  0
224.834721  -8.34797186e-05  0
225.165279  -8.323479072e-05  0
225.4779249  -8.300412529e-05  0
225.7387739  -8.281240788e-05  0
225.9195339  -8.267994314e-05  0
226  -8.262107812e-05  0
226.0804661  -8.256227594e-05  0
226.2612261  -8.243041066e-05  0
226.5220751  -8.224067637e-05  0
226.834721  -8.201412817e-05  0
227.165279  -8.17756173e-05  0
227.4779249  -8.155098672e-05  0
227.7387739  -8.136427891e-05  0
227.9195339  -8.123527217e-05  0
228  -8.117794294e-05  0
228.0804661  -8.112067439e-05  0
228.2612261  -8.099224635e-05  0
228.5220751  -8.080745298e-05  0
228.834721  -8.058679706e-05  0
229.165279  -8.035448097e-05  0
229.4779249  -8.013567654e-05  0
229.7387739  -7.995380531e-05  0
229.9195339  -7.982813724e-05  0
230  -7.977229085e-05  0
230.0804661  -7.971650304e-05  0
230.2612261  -7.959139381e-05  0
230.5220751  -7.941137129e-05  0
230.834721  -7.919640507e-05  0
231.165279  -7.897007107e-05  0
231.4779249  -7.875689306e-05  0
231.7387739  -7.857969277e-05  0
231.9195339  -7.845724916e-05  0
232  -7.84028349e-05  0
232.0804661  -7.834847724e-05  0
232.2612261  -7.822657344e-05  0
232.5220751  -7.805115894e-05  0
232.834721  -7.784168848e-05  0
233.165279  -7.762113294e-05  0
233.4779249  -7.741339007e-05  0
233.7387739  -7.724070215e-05  0
233.9195339  -7.712137361e-05  0
234  -7.706834294e-05  0
234.0804661  -7.701536695e-05  0
234.2612261  -7.689656e-05  0
234.5220751  -7.67255976e-05  0
234.834721  -7.652143713e-05  0
235.165279  -7.630646502e-05  0
235.4779249  -7.610397408e-05  0
235.7387739  -7.593564661e-05  0
235.9195339  -7.581932837e-05  0
236  -7.576763477e-05  0
236.0804661  -7.571599401e-05  0
236.2612261  -7.560017991e-05  0
236.5220751  -7.54335202e-05  0
236.834721  -7.523449177e-05  0
237.165279  -7.502491619e-05  0
237.4779249  -7.482750164e-05  0
237.7387739  -7.466338904e-05  0
237.9195339  -7.454998069e-05  0
238  -7.449957958e-05  0
238.0804661  -7.444922957e-05  0
238.2612261  -7.433630863e-05  0
238.5220751  -7.417380843e-05  0
238.834721  -7.397974146e-05  0
239.165279  -7.377538329e-05  0
239.4779249  -7.358287685e-05  0
239.7387739  -7.342283956e-05  0
239.9195339  -7.331224485e-05  0
240  -7.326309351e-05  0
240.0804661  -7.321399158e-05  0
240.2612261  -7.310386822e-05  0
240.5220751  -7.294539026e-05  0
240.834721  -7.27561212e-05  0
241.165279  -7.255680868e-05  0
241.4779249  -7.236904899e-05  0
241.7387739  -7.22129532e-05  0
241.9195339  -7.210507981e-05  0
242  -7.205713725e-05  0
242.0804661  -7.200924249e-05  0
242.2612261  -7.190182507e-05  0
242.5220751  -7.174723769e-05  0
242.834721  -7.156260967e-05  0
243.165279  -7.136817806e-05  0
243.4779249  -7.118501034e-05  0
243.7387739  -7.103272766e-05  0
243.9195339  -7.092748704e-05  0
244  -7.088071395e-05  0
244.0804661  -7.083398712e-05  0
244.2612261  -7.07291877e-05  0
244.5220751  -7.057836458e-05  0
244.834721  -7.039822711e-05  0
245.165279  -7.020851833e-05  0
245.4779249  -7.002979404e-05  0
245.7387739  -6.988120129e-05  0
245.9195339  -6.977850845e-05  0
246  -6.973286711e-05  0
246.0804661  -6.968727053e-05  0
246.2612261  -6.958500473e-05  0
246.5220751  -6.943782464e-05  0
246.834721  -6.926203326e-05  0
247.165279  -6.907689557e-05  0
247.4779249  -6.890247216e-05  0
247.7387739  -6.875745107e-05  0
247.9195339  -6.865722445e-05  0
248  -6.861267862e-05  0
248.0804661  -6.856817614e-05  0
248.2612261  -6.846836293e-05  0
248.5220751  -6.832470949e-05  0
248.834721  -6.81531255e-05  0
249.165279  -6.797241324e-05  0
249.4779249  -6.780215379e-05  0
249.7387739  -6.766059082e-05  0
249.9195339  -6.756275206e-05  0
250  -6.751926697e-05  0
250.0804661  -6.747582386e-05  0
250.2612261  -6.737838545e-05  0
250.5220751  -6.723814688e-05  0
250.834721  -6.707063708e-05  0
251.165279  -6.689421031e-05  0
251.4779249  -6.672798334e-05  0
251.7387739  -6.65897694e-05  0
251.9195339  -6.649424325e-05  0
252  -6.645178549e-05  0
252.0804661  -6.640936839e-05  0
252.2612261  -6.631423003e-05  0
252.5220751  -6.617729894e-05  0
252.834721  -6.601373537e-05  0
253.165279  -6.584145964e-05  0
253.4779249  -6.567913881e-05  0
253.7387739  -6.554416909e-05  0
253.9195339  -6.545088324e-05  0
254  -6.54094207e-05  0
254.0804661  -6.536799755e-05  0
254.2612261  -6.527508742e-05  0
254.5220751  -6.514136062e-05  0
254.834721  -6.498162028e-05  0
255.165279  -6.481336639e-05  0
255.4779249  -6.465483027e-05  0
255.7387739  -6.452300402e-05  0
255.9195339  -6.443188896e-05  0
256  -6.439139078e-05  0
256.0804661  -6.435093076e-05  0
256.2612261  -6.426017982e-05  0
256.5220751  -6.412955811e-05  0
256.834721  -6.397352277e-05  0
257.165279  -6.38091665e-05  0
257.4779249  -6.365429833e-05  0
257.7387739  -6.352551869e-05  0
257.9195339  -6.343650759e-05  0
258  -6.339694408e-05  0
258.0804661  -6.335741758e-05  0
258.2612261  -6.326875943e-05  0
258.5220751  -6.314114741e-05  0
258.834721  -6.298870338e-05  0
259.165279  -6.282812527e-05  0
259.4779249  -6.267681276e-05  0
259.7387739  -6.255098658e-05  0
259.9195339  -6.246401514e-05  0
260  -6.242535778e-05  0
260.0804661  -6.238673629e-05  0
260.2612261  -6.230010707e-05  0
260.5220751  -6.2175413e-05  0
260.834721  -6.20264509e-05  0
261.165279  -6.186953602e-05  0
261.4779249  -6.172167117e-05  0
261.7387739  -6.159870881e-05  0
261.9195339  -6.15137152e-05  0
262  -6.147593651e-05  0
262.0804661  -6.143819262e-05  0
262.2612261  -6.13535309e-05  0
262.5220751  -6.123166647e-05  0
262.834721  -6.108608107e-05  0
263.165279  -6.093271885e-05  0
263.4779249  -6.078819769e-05  0
263.7387739  -6.06680129e-05  0
263.9195339  -6.05849376e-05  0
264  -6.054801116e-05  0
264.0804661  -6.051111847e-05  0
264.2612261  -6.042836512e-05  0
264.5220751  -6.030924537e-05  0
264.834721  -6.016693537e-05  0
265.165279  -6.001701936e-05  0
265.4779249  -5.987574184e-05  0
265.7387739  -5.97582516e-05  0
265.9195339  -5.967703731e-05  0
266  -5.964093767e-05  0
266.0804661  -5.960487078e-05  0
266.2612261  -5.952396886e-05  0
266.5220751  -5.940751198e-05  0
266.834721  -5.926837987e-05  0
267.165279  -5.912180759e-05  0
267.4779249  -5.898367736e-05  0
267.7387739  -5.886880171e-05  0
267.9195339  -5.878939326e-05  0
268  -5.875409593e-05  0
268.0804661  -5.871883037e-05  0
268.2612261  -5.863972508e-05  0
268.5220751  -5.852585228e-05  0
268.834721  -5.838980413e-05  0
269.165279  -5.824647688e-05  0
269.4779249  -5.811140115e-05  0
269.7387739  -5.799906308e-05  0
269.9195339  -5.792140732e-05  0
270  -5.78868887e-05  0
270.0804661  -5.785240092e-05  0
270.2612261  -5.777503943e-05  0
270.5220751  -5.766367483e-05  0
270.834721  -5.753062017e-05  0
271.165279  -5.739044285e-05  0
271.4779249  -5.725833222e-05  0
271.7387739  -5.714845754e-05  0
271.9195339  -5.707250328e-05  0
272  -5.703874062e-05  0
272.0804661  -5.700500791e-05  0
272.2612261  -5.692933935e-05  0
272.5220751  -5.682040983e-05  0
272.834721  -5.669026148e-05  0
273.165279  -5.655314247e-05  0
273.4779249  -5.642391078e-05  0
273.7387739  -5.631642799e-05  0
273.9195339  -5.624212587e-05  0
274  -5.620909726e-05  0
274.0804661  -5.617609774e-05  0
274.2612261  -5.610207307e-05  0
274.5220751  -5.599550815e-05  0
274.834721  -5.586818207e-05  0
275.165279  -5.573403304e-05  0
275.4779249  -5.560759726e-05  0
275.7387739  -5.550243743e-05  0
275.9195339  -5.542973988e-05  0
276  -5.53974242e-05  0
276.0804661  -5.536513677e-05  0
276.2612261  -5.529270872e-05  0
276.5220751  -5.518844044e-05  0
276.834721  -5.506385563e-05  0
277.165279  -5.493259143e-05  0
277.4779249  -5.480887147e-05  0
277.7387739  -5.470596815e-05  0
277.9195339  -5.46348293e-05  0
278  -5.460320617e-05  0
278.0804661  -5.457161049e-05  0
278.2612261  -5.450073348e-05  0
278.5220751  -5.439869632e-05  0
278.834721  -5.427677464e-05  0
279.165279  -5.414831314e-05  0
279.4779249  -5.402723178e-05  0
279.7387739  -5.392652086e-05  0
279.9195339  -5.385689647e-05  0
280  -5.382594625e-05  0
280.0804661  -5.37950227e-05  0
280.2612261  -5.372565274e-05  0
280.5220751  -5.36257835e-05  0
280.834721  -5.350644959e-05  0
281.165279  -5.338071156e-05  0
281.4779249  -5.32621943e-05  0
281.7387739  -5.316361394e-05  0
281.9195339  -5.309546133e-05  0
282  -5.306516506e-05  0
282.0804661  -5.30348947e-05  0
282.2612261  -5.296698938e-05  0
282.5220751  -5.286922708e-05  0
282.834721  -5.275240821e-05  0
283.165279  -5.262931722e-05  0
283.4779249  -5.251329216e-05  0
283.7387739  -5.241678269e-05  0
283.9195339  -5.235006066e-05  0
284  -5.232040004e-05  0
284.0804661  -5.229076462e-05  0
284.2612261  -5.222428299e-05  0
284.5220751  -5.212856878e-05  0
284.834721  -5.201419478e-05  0
285.165279  -5.189367703e-05  0
285.4779249  -5.178007479e-05  0
285.7387739  -5.168557861e-05  0
285.9195339  -5.16202474e-05  0
286  -5.159120478e-05  0
286.0804661  -5.156218666e-05  0
286.2612261  -5.149708919e-05  0
286.5220751  -5.140336625e-05  0
286.834721  -5.129136937e-05  0
287.165279  -5.117335364e-05  0
287.4779249  -5.106210722e-05  0
287.7387739  -5.096956872e-05  0
287.9195339  -5.090558995e-05  0
288  -5.087714827e-05  0
288.0804661  -5.084873042e-05  0
288.2612261  -5.078497896e-05  0
288.5220751  -5.069319244e-05  0
288.834721  -5.058350725e-05  0
289.165279  -5.046792476e-05  0
289.4779249  -5.035896948e-05  0
289.7387739  -5.026833495e-05  0
289.9195339  -5.020567154e-05  0
290  -5.017781434e-05  0
290.0804661  -5.014998032e-05  0
290.2612261  -5.008753802e-05  0
290.5220751  -4.999763494e-05  0
290.834721  -4.989019826e-05  0
291.165279  -4.977698257e-05  0
291.4779249  -4.967025594e-05  0
291.7387739  -4.95814735e-05  0
291.9195339  -4.952008964e-05  0
292  -4.949280102e-05  0
292.0804661  -4.946553494e-05  0
292.2612261  -4.940436619e-05  0
292.5220751  -4.931629537e-05  0
292.834721  -4.921104616e-05  0
293.165279  -4.91001331e-05  0
293.4779249  -4.899557475e-05  0
293.7387739  -4.890859429e-05  0
293.9195339  -4.884845537e-05  0
294  -4.882171995e-05  0
294.0804661  -4.879500648e-05  0
294.2612261  -4.873507688e-05  0
294.5220751  -4.864878887e-05  0
294.834721  -4.854566815e-05  0
295.165279  -4.843699568e-05  0
295.4779249  -4.833454728e-05  0
295.7387739  -4.824932035e-05  0
295.9195339  -4.819039294e-05  0
296  -4.816419588e-05  0
296.0804661  -4.813802017e-05  0
296.2612261  -4.807929648e-05  0
296.5220751  -4.799474348e-05  0
296.834721  -4.789369423e-05  0
297.165279  -4.778720242e-05  0
297.4779249  -4.768680757e-05  0
297.7387739  -4.760328736e-05  0
297.9195339  -4.754553913e-05  0
298  -4.751986606e-05  0
298.0804661  -4.749421378e-05  0
298.2612261  -4.743666386e-05  0
298.5220751  -4.735379967e-05  0
298.834721  -4.725476679e-05  0
299.165279  -4.715039768e-05  0
299.4779249  -4.705200186e-05  0
299.7387739  -4.697014309e-05  0
299.9195339  -4.69135428e-05  0
300  -4.688837984e-05  0
300.0804661  -4.686323713e-05  0
300.2612261  -4.680682991e-05  0
300.5220751  -4.672560984e-05  0
300.834721  -4.662854003e-05  0
301.165279  -4.652623757e-05  0
301.4779249  -4.642978806e-05  0
301.7387739  -4.634954697e-05  0
301.9195339  -4.629406438e-05  0
302  -4.626939812e-05  0
302.0804661  -4.624475156e-05  0
302.2612261  -4.618945698e-05  0
302.5220751  -4.610983783e-05  0
302.834721  -4.601467956e-05  0
303.165279  -4.591438955e-05  0
303.4779249  -4.581983535e-05  0
303.7387739  -4.574116958e-05  0
303.9195339  -4.568677547e-05  0
304  -4.566259291e-05  0
304.0804661  -4.563842954e-05  0
304.2612261  -4.558421853e-05  0
304.5220751  -4.55061585e-05  0
304.834721  -4.541286189e-05  0
305.165279  -4.531453189e-05  0
305.4779249  -4.522182368e-05  0
305.7387739  -4.514469227e-05  0
305.9195339  -4.509135834e-05  0
306  -4.506764691e-05  0
306.0804661  -4.504395418e-05  0
306.2612261  -4.499079861e-05  0
306.5220751  -4.491425726e-05  0
306.834721  -4.482277408e-05  0
307.165279  -4.472635335e-05  0
307.4779249  -4.463544337e-05  0
307.7387739  -4.455980667e-05  0
307.9195339  -4.450750555e-05  0
308  -4.44842531e-05  0
308.0804661  -4.446101887e-05  0
308.2612261  -4.440889152e-05  0
308.5220751  -4.43338297e-05  0
308.834721  -4.424411325e-05  0
309.165279  -4.414955267e-05  0
309.4779249  -4.406039472e-05  0
309.7387739  -4.398621437e-05  0
309.9195339  -4.393491956e-05  0
310  -4.391211432e-05  0
310.0804661  -4.388932683e-05  0
310.2612261  -4.383820136e-05  0
310.5220751  -4.376458118e-05  0
310.834721  -4.367658626e-05  0
311.165279  -4.358383829e-05  0
311.4779249  -4.349638764e-05  0
311.7387739  -4.342362648e-05  0
311.9195339  -4.337331233e-05  0
312  -4.33509429e-05  0
312.0804661  -4.332859077e-05  0
312.2612261  -4.327844167e-05  0
312.5220751  -4.320622646e-05  0
312.834721  -4.311990929e-05  0
313.165279  -4.302892791e-05  0
313.4779249  -4.294314124e-05  0
313.7387739  -4.287176329e-05  0
313.9195339  -4.282240497e-05  0
314  -4.280046032e-05  0
314.0804661  -4.277853254e-05  0
314.2612261  -4.272933509e-05  0
314.5220751  -4.265848932e-05  0
314.834721  -4.257380753e-05  0
315.165279  -4.248454815e-05  0
315.4779249  -4.240038352e-05  0
315.7387739  -4.233035395e-05  0
315.9195339  -4.228192739e-05  0
316  -4.226039683e-05  0
316.0804661  -4.223888271e-05  0
316.2612261  -4.219061299e-05  0
316.5220751  -4.212110226e-05  0
316.834721  -4.20380148e-05  0
317.165279  -4.195043423e-05  0
317.4779249  -4.1867851e-05  0
317.7387739  -4.179913606e-05  0
317.9195339  -4.175161796e-05  0
318  -4.173049114e-05  0
318.0804661  -4.170938035e-05  0
318.2612261  -4.166201518e-05  0
318.5220751  -4.159380615e-05  0
318.834721  -4.151227324e-05  0
319.165279  -4.142632965e-05  0
319.4779249  -4.134528844e-05  0
319.7387739  -4.127785543e-05  0
319.9195339  -4.123122321e-05  0
320  -4.12104901e-05  0
320.0804661  -4.118977262e-05  0
320.2612261  -4.114328954e-05  0
320.5220751  -4.10763499e-05  0
320.834721  -4.099633301e-05  0
321.165279  -4.091198586e-05  0
321.4779249  -4.083244852e-05  0
321.7387739  -4.076626575e-05  0
321.9195339  -4.072049752e-05  0
322  -4.070014839e-05  0
322.0804661  -4.067981451e-05  0
322.2612261  -4.063419176e-05  0
322.5220751  -4.056849022e-05  0
322.834721  -4.048995198e-05  0
323.165279  -4.040716197e-05  0
323.4779249  -4.032909153e-05  0
323.7387739  -4.026412828e-05  0
323.9195339  -4.021920283e-05  0
324  -4.019922826e-05  0
324.0804661  -4.017926857e-05  0
324.2612261  -4.013448503e-05  0
324.5220751  -4.006999124e-05  0
324.834721  -3.999289546e-05  0
325.165279  -3.991162449e-05  0
325.4779249  -3.983498509e-05  0
325.7387739  -3.977121159e-05  0
325.9195339  -3.972710835e-05  0
326  -3.970749921e-05  0
326.0804661  -3.968790458e-05  0
326.2612261  -3.964393981e-05  0
326.5220751  -3.958062435e-05  0
326.834721  -3.950493591e-05  0
327.165279  -3.942514705e-05  0
327.4779249  -3.934990393e-05  0
327.7387739  -3.928729129e-05  0
327.9195339  -3.924399033e-05  0
328  -3.922473775e-05  0
328.0804661  -3.920549933e-05  0
328.2612261  -3.916233349e-05  0
328.5220751  -3.910016782e-05  0
328.834721  -3.902585268e-05  0
329.165279  -3.894751011e-05  0
329.4779249  -3.887362956e-05  0
329.7387739  -3.881214978e-05  0
329.9195339  -3.876963175e-05  0
330  -3.875072714e-05  0
330.0804661  -3.873183636e-05  0
330.2612261  -3.86894502e-05  0
330.5220751  -3.862840666e-05  0
330.834721  -3.855543179e-05  0
331.165279  -3.847850077e-05  0
331.4779249  -3.840595008e-05  0
331.7387739  -3.8345576e-05  0
331.9195339  -3.830382214e-05  0
332  -3.828525717e-05  0
332.0804661  -3.826670569e-05  0
332.2612261  -3.822508055e-05  0
332.5220751  -3.816513229e-05  0
332.834721  -3.809346566e-05  0
333.165279  -3.801791247e-05  0
333.4779249  -3.794665992e-05  0
333.7387739  -3.788736518e-05  0
333.9195339  -3.784635729e-05  0
334  -3.782812387e-05  0
334.0804661  -3.780990362e-05  0
334.2612261  -3.776902139e-05  0
334.5220751  -3.771014236e-05  0
334.834721  -3.763975288e-05  0
335.165279  -3.756554482e-05  0
335.4779249  -3.749555963e-05  0
335.7387739  -3.743731865e-05  0
335.9195339  -3.739703906e-05  0
336  -3.737912934e-05  0
336.0804661  -3.736123248e-05  0
336.2612261  -3.732107559e-05  0
336.5220751  -3.726324052e-05  0
336.834721  -3.719409803e-05  0
337.165279  -3.712120335e-05  0
337.4779249  -3.705245563e-05  0
337.7387739  -3.69952436e-05  0
337.9195339  -3.695567516e-05  0
338  -3.693808153e-05  0
338.0804661  -3.692050045e-05  0
338.2612261  -3.688105184e-05  0
338.5220751  -3.682423619e-05  0
338.834721  -3.67563114e-05  0
339.165279  -3.66846993e-05  0
339.4779249  -3.661716005e-05  0
339.7387739  -3.656095286e-05  0
339.9195339  -3.652207894e-05  0
340  -3.6504794e-05  0
340.0804661  -3.648752132e-05  0
340.2612261  -3.644876442e-05  0
340.5220751  -3.639294437e-05  0
340.834721  -3.632620886e-05  0
341.165279  -3.625584943e-05  0
341.4779249  -3.618949048e-05  0
341.7387739  -3.613426475e-05  0
341.9195339  -3.609606919e-05  0
342  -3.607908575e-05  0
342.0804661  -3.60621143e-05  0
342.2612261  -3.602403305e-05  0
342.5220751  -3.596918547e-05  0
342.834721  -3.590361164e-05  0
343.165279  -3.583447582e-05  0
343.4779249  -3.576926984e-05  0
343.7387739  -3.571500285e-05  0
343.9195339  -3.567746995e-05  0
344  -3.566078105e-05  0
344.0804661  -3.564410385e-05  0
344.2612261  -3.560668263e-05  0
344.5220751  -3.555278508e-05  0
344.834721  -3.548834611e-05  0
345.165279  -3.542040569e-05  0
345.4779249  -3.535632613e-05  0
345.7387739  -3.530299581e-05  0
345.9195339  -3.526611033e-05  0
346  -3.524970919e-05  0
346.0804661  -3.52333195e-05  0
346.2612261  -3.519654314e-05  0
346.5220751  -3.514357379e-05  0
346.834721  -3.508024365e-05  0
347.165279  -3.501347124e-05  0
347.4779249  -3.495049229e-05  0
347.7387739  -3.489807721e-05  0
347.9195339  -3.486182435e-05  0
348  -3.48457044e-05  0
348.0804661  -3.482959564e-05  0
348.2612261  -3.47934494e-05  0
348.5220751  -3.474138707e-05  0
348.834721  -3.467914046e-05  0
349.165279  -3.461350944e-05  0
349.4779249  -3.455160604e-05  0
349.7387739  -3.450008537e-05  0
349.9195339  -3.446445075e-05  0
350  -3.44486056e-05  0
350.0804661  -3.443277138e-05  0
350.2612261  -3.439724096e-05  0
350.5220751  -3.434606504e-05  0
350.834721  -3.42848774e-05  0
351.165279  -3.422036189e-05  0
351.4779249  -3.41595097e-05  0
351.7387739  -3.410886321e-05  0
351.9195339  -3.407383284e-05  0
352  -3.405825628e-05  0
352.0804661  -3.40426904e-05  0
352.2612261  -3.400776189e-05  0
352.5220751  -3.395745238e-05  0
352.834721  -3.389729981e-05  0
353.165279  -3.383387468e-05  0
353.4779249  -3.377405003e-05  0
353.7387739  -3.372425805e-05  0
353.9195339  -3.368981835e-05  0
354  -3.367450434e-05  0
354.0804661  -3.365920077e-05  0
354.2612261  -3.362486065e-05  0
354.5220751  -3.357539811e-05  0
354.834721  -3.351625739e-05  0
355.165279  -3.345389821e-05  0
355.4779249  -3.339507809e-05  0
355.7387739  -3.334612151e-05  0
355.9195339  -3.331225927e-05  0
356  -3.329720195e-05  0
356.0804661  -3.328215483e-05  0
356.2612261  -3.324838995e-05  0
356.5220751  -3.319975547e-05  0
356.834721  -3.314160405e-05  0
357.165279  -3.308028705e-05  0
357.4779249  -3.30224491e-05  0
357.7387739  -3.297430934e-05  0
357.9195339  -3.294101173e-05  0
358  -3.292620538e-05  0
358.0804661  -3.291140901e-05  0
358.2612261  -3.28782066e-05  0
358.5220751  -3.28303818e-05  0
358.834721  -3.277319772e-05  0
359.165279  -3.271289983e-05  0
359.4779249  -3.265602229e-05  0
359.7387739  -3.260868128e-05  0
359.9195339  -3.257593581e-05  0
360  -3.256137489e-05  0
360.0804661  -3.254682373e-05  0
360.2612261  -3.251417138e-05  0
360.5220751  -3.246713837e-05  0
360.834721  -3.241090031e-05  0
361.165279  -3.235159905e-05  0
361.4779249  -3.229566079e-05  0
361.7387739  -3.224910095e-05  0
361.9195339  -3.221689548e-05  0
362  -3.22025746e-05  0
362.0804661  -3.218826327e-05  0
362.2612261  -3.215614887e-05  0
362.5220751  -3.210989029e-05  0
362.834721  -3.205457748e-05  0
363.165279  -3.199625102e-05  0
363.4779249  -3.194123146e-05  0
363.7387739  -3.18954357e-05  0
363.9195339  -3.186375843e-05  0
364  -3.184967234e-05  0
364.0804661  -3.183559558e-05  0
364.2612261  -3.18040074e-05  0
364.5220751  -3.175850632e-05  0
364.834721  -3.170409859e-05  0
365.165279  -3.164672568e-05  0
365.4779249  -3.159260482e-05  0
365.7387739  -3.15475565e-05  0
365.9195339  -3.151639594e-05  0
366  -3.150253953e-05  0
366.0804661  -3.148869226e-05  0
366.2612261  -3.145761885e-05  0
366.5220751  -3.141285884e-05  0
366.834721  -3.135933654e-05  0
367.165279  -3.130289651e-05  0
367.4779249  -3.124965488e-05  0
367.7387739  -3.120533783e-05  0
367.9195339  -3.11746828e-05  0
368  -3.116105111e-05  0
368.0804661  -3.114742836e-05  0
368.2612261  -3.11168586e-05  0
368.5220751  -3.107282365e-05  0
368.834721  -3.102016767e-05  0
369.165279  -3.09646404e-05  0
369.4779249  -3.091225905e-05  0
369.7387739  -3.086865754e-05  0
369.9195339  -3.083849716e-05  0
370  -3.082508536e-05  0
370.0804661  -3.081168231e-05  0
370.2612261  -3.078160537e-05  0
370.5220751  -3.07382799e-05  0
370.834721  -3.068647165e-05  0
371.165279  -3.063183755e-05  0
371.4779249  -3.058029807e-05  0
371.7387739  -3.053739676e-05  0
371.9195339  -3.050772045e-05  0
372  -3.049452383e-05  0
372.0804661  -3.048133577e-05  0
372.2612261  -3.045174112e-05  0
372.5220751  -3.040910997e-05  0
372.834721  -3.035813135e-05  0
373.165279  -3.030437139e-05  0
373.4779249  -3.025365581e-05  0
373.7387739  -3.02114398e-05  0
373.9195339  -3.018223725e-05  0
374  -3.016925124e-05  0
374.0804661  -3.01562736e-05  0
374.2612261  -3.012715098e-05  0
374.5220751  -3.008519939e-05  0
374.834721  -3.003503278e-05  0
375.165279  -2.99821284e-05  0
375.4779249  -2.993221926e-05  0
375.7387739  -2.989067403e-05  0
375.9195339  -2.986193522e-05  0
376  -2.984915534e-05  0
376.0804661  -2.983638367e-05  0
376.2612261  -2.98077231e-05  0
376.5220751  -2.976643671e-05  0
376.834721  -2.971706495e-05  0
377.165279  -2.966499809e-05  0
377.4779249  -2.961587839e-05  0
377.7387739  -2.95749898e-05  0
377.9195339  -2.954670495e-05  0
378  -2.953412689e-05  0
378.0804661  -2.952155685e-05  0
378.2612261  -2.94933486e-05  0
378.5220751  -2.945271342e-05  0
378.834721  -2.940411981e-05  0
379.165279  -2.935287288e-05  0
379.4779249  -2.930452605e-05  0
379.7387739  -2.926428034e-05  0
379.9195339  -2.923643995e-05  0
380  -2.922405946e-05  0
380.0804661  -2.921168683e-05  0
380.2612261  -2.918392144e-05  0
380.5220751  -2.914392384e-05  0
380.834721  -2.909609212e-05  0
381.165279  -2.9045648e-05  0
381.4779249  -2.899805791e-05  0
381.7387739  -2.895844167e-05  0
381.9195339  -2.893103647e-05  0
382  -2.891884944e-05  0
382.0804661  -2.890667011e-05  0
382.2612261  -2.887933836e-05  0
382.5220751  -2.883996507e-05  0
382.834721  -2.879287938e-05  0
383.165279  -2.874322139e-05  0
383.4779249  -2.869637234e-05  0
383.7387739  -2.865737251e-05  0
383.9195339  -2.863039348e-05  0
384  -2.86183959e-05  0
384.0804661  -2.860640586e-05  0
384.2612261  -2.857949876e-05  0
384.5220751  -2.854073686e-05  0
384.834721  -2.849438178e-05  0
385.165279  -2.844549367e-05  0
385.4779249  -2.839937034e-05  0
385.7387739  -2.836097419e-05  0
385.9195339  -2.833441254e-05  0
386  -2.832260051e-05  0
386.0804661  -2.831079587e-05  0
386.2612261  -2.828430466e-05  0
386.5220751  -2.824614156e-05  0
386.834721  -2.820050204e-05  0
387.165279  -2.815236798e-05  0
387.4779249  -2.810695546e-05  0
387.7387739  -2.806915061e-05  0
387.9195339  -2.804299777e-05  0
388  -2.803136748e-05  0
388.0804661  -2.801974442e-05  0
388.2612261  -2.799366059e-05  0
388.5220751  -2.795608401e-05  0
388.834721  -2.791114541e-05  0
389.165279  -2.786374996e-05  0
389.4779249  -2.781903373e-05  0
389.7387739  -2.778180809e-05  0
389.9195339  -2.775605572e-05  0
390  -2.774460346e-05  0
390.0804661  -2.773315828e-05  0
390.2612261  -2.770747351e-05  0
390.5220751  -2.76704715e-05  0
390.834721  -2.762621954e-05  0
391.165279  -2.757954767e-05  0
391.4779249  -2.753551355e-05  0
391.7387739  -2.749885536e-05  0
391.9195339  -2.747349532e-05  0
392  -2.746221747e-05  0
392.0804661  -2.745094657e-05  0
392.2612261  -2.742565276e-05  0
392.5220751  -2.738921366e-05  0
392.834721  -2.734563442e-05  0
393.165279  -2.729967148e-05  0
393.4779249  -2.725630568e-05  0
393.7387739  -2.722020346e-05  0
393.9195339  -2.719522782e-05  0
394  -2.718412086e-05  0
394.0804661  -2.717302071e-05  0
394.2612261  -2.714810996e-05  0
394.5220751  -2.711222242e-05  0
394.834721  -2.706930233e-05  0
395.165279  -2.702403403e-05  0
395.4779249  -2.698132309e-05  0
395.7387739  -2.694576565e-05  0
395.9195339  -2.692116668e-05  0
396  -2.691022718e-05  0
396.0804661  -2.689929435e-05  0
396.2612261  -2.687475898e-05  0
396.5220751  -2.683941191e-05  0
396.834721  -2.679713774e-05  0
397.165279  -2.675255016e-05  0
397.4779249  -2.671048096e-05  0
397.7387739  -2.66754574e-05  0
397.9195339  -2.665122757e-05  0
398  -2.664045217e-05  0
398.0804661  -2.662968331e-05  0
398.2612261  -2.660551581e-05  0
398.5220751  -2.657069842e-05  0
398.834721  -2.652905728e-05  0
399.165279  -2.648513683e-05  0
399.4779249  -2.644369659e-05  0
399.7387739  -2.640919626e-05  0
399.9195339  -2.638532822e-05  0
