#L=1 M=1
#R     Re(V)   Im(V)

0.08046609183  0.03465130446  -0.02762113548
0.2612261349  0.1126446613  -0.08969559946
0.5220750502  0.2261278964  -0.1794324048
0.8347210423  0.3648256945  -0.2874432771
1.165278958  0.5162617513  -0.4024480549
1.47792495  0.6653805022  -0.5121946285
1.738773865  0.794825343  -0.6045684208
1.919533908  0.8873132586  -0.669011447
2  0.9289518824  -0.6978039607
2.080466092  0.8455002573  -0.6426524745
2.261226135  0.6898835173  -0.5396121837
2.52207505  0.5237957935  -0.4283081684
2.834721042  0.3852611861  -0.3333264349
3.165278958  0.2843596959  -0.261677971
3.47792495  0.2164120074  -0.2112478165
3.738773865  0.1733648715  -0.1778053991
3.919533908  0.1487924781  -0.1579795923
4  0.1389663881  -0.1498678592
4.080466092  0.1328268269  -0.1452313283
4.261226135  0.1205300743  -0.13564575
4.52207505  0.1057715844  -0.1235015832
4.834721042  0.09160973967  -0.1110168999
5.165278958  0.07969971066  -0.09972695166
5.47792495  0.07056623672  -0.09048293224
5.738773865  0.06415582509  -0.08365110484
5.919533908  0.06023619774  -0.0793235037
6  0.05861108066  -0.07749454704
6.080466092  0.05705355009  -0.07572223182
6.261226135  0.05378136282  -0.07193609883
6.52207505  0.04954835928  -0.06691065848
6.834721042  0.04511674914  -0.0614945334
7.165278958  0.04105859573  -0.05639757232
7.47792495  0.03770953646  -0.05209548832
7.738773865  0.03522147255  -0.04884586533
7.919533908  0.03363966519  -0.04675727677
8  0.03296969812  -0.04586756571
8.080466092  0.03231958884  -0.04500140227
8.261226135  0.03092757098  -0.04313767441
8.52207505  0.02907205915  -0.04063496272
8.834721042  0.02705978776  -0.03789863164
9.165278958  0.02515078894  -0.03528327561
9.47792495  0.02352470597  -0.03304207989
9.738773865  0.02228534682  -0.0313264445
9.919533908  0.02148288826  -0.03021248169
10  0.02113949862  -0.02973509188
10.08046609  0.02080424816  -0.02926863037
10.26122613  0.02007951814  -0.02825900547
10.52207505  0.01909842403  -0.02688970405
10.83472104  0.01801412782  -0.02537331234
11.16527896  0.01696488323  -0.02390326492
11.47792495  0.01605442004  -0.02262581257
11.73877387  0.01534960798  -0.02163588405
11.91953391  0.01488801708  -0.02098713939
12  0.01468919621  -0.02070761036
12.08046609  0.01449432418  -0.02043358044
12.26122613  0.01407043129  -0.01983733012
12.52207505  0.01349070695  -0.01902154008
12.83472104  0.0128418075  -0.01810798913
13.16527896  0.01220530384  -0.01721152355
13.47792495  0.01164581335  -0.01642327273
13.73877387  0.01120791228  -0.01580618647
13.91953391  0.01091877889  -0.01539868404
14  0.01079365429  -0.01522232137
14.08046609  0.01067066686  -0.01504896388
14.26122613  0.01040193212  -0.01467014441
14.52207505  0.01003166377  -0.01414815181
14.83472104  0.009613333405  -0.01355834595
15.16527896  0.009198859058  -0.01297392674
15.47792495  0.008831017642  -0.01245522672
15.73877387  0.00854073786  -0.01204587879
15.91953391  0.00834789618  -0.0117739286
16  0.008264146193  -0.01165582049
16.08046609  0.008181650013  -0.01153947958
16.26122613  0.008000773955  -0.01128439451
16.52207505  0.007750146253  -0.01093093397
16.83472104  0.007464963739  -0.01052873298
17.16527896  0.007180227432  -0.01012715448
17.47792495  0.006925648819  -0.009768104272
17.73877387  0.006723465654  -0.009482948477
17.91953391  0.006588507876  -0.009292605178
18  0.006529734434  -0.009209711378
18.08046609  0.006471743906  -0.009127921663
18.26122613  0.006344257106  -0.00894811413
18.52207505  0.006166822614  -0.008697859438
18.83472104  0.005963791295  -0.008411501769
19.16527896  0.005759842398  -0.008123849012
19.47792495  0.005576421118  -0.007865148094
19.73877387  0.005430009985  -0.007658646651
19.91953391  0.005331907975  -0.007520281298
20  0.005289090591  -0.007459890632
20.08046609  0.0052467869  -0.007400224474
20.26122613  0.005153586499  -0.007268772297
20.52207505  0.005023408433  -0.007085165775
20.83472104  0.004873777159  -0.006874121801
21.16527896  0.004722729447  -0.006661079919
21.47792495  0.004586236304  -0.006468566119
21.73877387  0.004476833933  -0.006314261863
21.91953391  0.004403301743  -0.006210549924
22  0.004371150072  -0.006165202268
22.08046609  0.004339349262  -0.006120349475
22.26122613  0.004269164796  -0.00602135924
22.52207505  0.004170847225  -0.005882689232
22.83472104  0.004057417206  -0.00572270416
23.16527896  0.003942448426  -0.005560548757
23.47792495  0.003838147591  -0.00541343973
23.73877387  0.003754261546  -0.005295124329
23.91953391  0.003697734002  -0.005215396178
24  0.003672980386  -0.005180482932
24.08046609  0.003648474502  -0.005145919094
24.26122613  0.003594310582  -0.005069524667
24.52207505  0.003518249698  -0.004962246099
24.83472104  0.003430224321  -0.004838092445
25.16527896  0.003340700919  -0.004711825929
25.47792495  0.003259214822  -0.00459689547
25.73877387  0.003193488718  -0.004504193382
25.91953391  0.00314910194  -0.004441588925
26  0.003129640109  -0.004414139368
26.08046609  0.003110358136  -0.004386943489
26.26122613  0.003067687355  -0.004326759326
26.52207505  0.003007641688  -0.004242069096
26.83472104  0.00293796708  -0.004143797916
27.16527896  0.002866901402  -0.004043564728
27.47792495  0.002802032893  -0.003952072217
27.73877387  0.002749581361  -0.003878092984
27.91953391  0.002714093266  -0.003828039499
28  0.002698516219  -0.003806069158
28.08046609  0.002683072889  -0.003784287418
28.26122613  0.002648860548  -0.003736033294
28.52207505  0.00260063174  -0.00366800992
28.83472104  0.002544541784  -0.003588898944
29.16527896  0.002487189216  -0.003508007141
29.47792495  0.002434710214  -0.003433989165
29.73877387  0.002392186187  -0.003374011987
29.91953391  0.002363368528  -0.003333366686
30  0.002350707462  -0.003315509134
30.08046609  0.002338147866  -0.003297794699
30.26122613  0.002310298273  -0.003258514788
30.52207505  0.002270978296  -0.003203056699
30.83472104  0.002225158993  -0.003138431764
31.16527896  0.002178206543  -0.003072208604
31.47792495  0.002135152524  -0.003011483909
31.73877387  0.002100200731  -0.00296218684
31.91953391  0.002076481246  -0.002928732159
32  0.00206605148  -0.0029140217
32.08046609  0.002055700097  -0.002899421796
32.26122613  0.002032728408  -0.002867021828
32.52207505  0.002000251478  -0.002821215381
32.83472104  0.001962340799  -0.002767745009
33.16527896  0.001923418488  -0.0027128478
33.47792495  0.001887661127  -0.002662414534
33.73877387  0.001858585328  -0.002621405145
33.91953391  0.001838828996  -0.002593540214
34  0.001830135567  -0.002581278738
34.08046609  0.001821503643  -0.00256910401
34.26122613  0.001802334071  -0.002542066664
34.52207505  0.001775200087  -0.00250379607
34.83472104  0.001743477798  -0.002459053991
35.16527896  0.001710854047  -0.002413040463
35.47792495  0.001680833418  -0.002370698456
35.73877387  0.001656386943  -0.002336218406
35.91953391  0.001639757818  -0.002312764183
36  0.001632435737  -0.002302436899
36.08046609  0.001625162591  -0.002292178633
36.26122613  0.001609000299  -0.002269382846
36.52207505  0.001586098689  -0.00223708172
36.83472104  0.001559287958  -0.002199267051
37.16527896  0.001531673863  -0.002160319294
37.47792495  0.001506225587  -0.002124426274
37.73877387  0.001485475604  -0.002095159867
37.91953391  0.001471347021  -0.002075232485
38  0.001465122379  -0.002066453062
38.08046609  0.001458937155  -0.002057729233
38.26122613  0.001445184611  -0.002038332228
38.52207505  0.001425678989  -0.002010820908
38.83472104  0.001402816016  -0.001978574276
39.16527896  0.001379236199  -0.001945316587
39.47792495  0.001357476941  -0.001914626669
39.73877387  0.001339714228  -0.001889573599
39.91953391  0.00132760895  -0.001872499948
40  0.001322272947  -0.001864973888
40.08046609  0.00131696905  -0.001857493111
40.26122613  0.001305170056  -0.001840851451
40.52207505  0.001288420844  -0.001817227855
40.83472104  0.001268767102  -0.00178950762
41.16527896  0.001248472469  -0.001760883454
41.47792495  0.001229722311  -0.001734437662
41.73877387  0.001214399896  -0.001712826464
41.91953391  0.001203949318  -0.001698086651
42  0.001199340542  -0.001691586293
42.08046609  0.001194758179  -0.00168512319
42.26122613  0.001184559579  -0.001670738775
42.52207505  0.001170070947  -0.001650303569
42.83472104  0.001153052839  -0.001626300713
43.16527896  0.001135460398  -0.001601487799
43.47792495  0.001119189117  -0.001578538291
43.73877387  0.001105879702  -0.001559766289
43.91953391  0.001096795475  -0.00154695362
44  0.00109278756  -0.001541300734
44.08046609  0.001088801573  -0.001535678777
44.26122613  0.001079926539  -0.00152316116
44.52207505  0.001067309317  -0.001505365447
44.83472104  0.001052475879  -0.001484443917
45.16527896  0.001037126429  -0.001462794586
45.47792495  0.001022915629  -0.001442751242
45.73877387  0.001011281492  -0.001426342103
45.91953391  0.00100333544  -0.00141513475
46  0.0009998283155  -0.001410188195
46.08046609  0.0009963395473  -0.001405267531
46.26122613  0.0009885686109  -0.001394307166
46.52207505  0.0009775138967  -0.001378715262
46.83472104  0.0009645066353  -0.001360369426
47.16527896  0.0009510345191  -0.001341367944
47.47792495  0.00093855048  -0.001323760077
47.73877387  0.0009283218547  -0.001309333313
47.91953391  0.0009213315109  -0.00129947392
48  0.0009182451023  -0.001295120756
48.08046609  0.0009151741767  -0.001290789429
48.26122613  0.0009083315356  -0.00128113836
48.52207505  0.0008985916215  -0.00126740089
48.83472104  0.0008871226603  -0.001251224719
49.16527896  0.0008752337981  -0.001234456307
49.47792495  0.0008642077176  -0.001218904789
49.73877387  0.000855167023  -0.001206153519
49.91953391  0.0008489850679  -0.001197434302
50  0.0008462546863  -0.001193583288
50.08046609  0.0008435374551  -0.001189750823
50.26122613  0.0008374809502  -0.001181208545
50.52207505  0.0008288553328  -0.001169042712
50.83472104  0.0008186913578  -0.001154707134
51.16527896  0.0008081470702  -0.00113983515
51.47792495  0.0007983604799  -0.001126031847
51.73877387  0.0007903306608  -0.001114706346
51.91953391  0.0007848371015  -0.001106958063
52  0.000782410028  -0.001103534845
52.08046609  0.0007799941955  -0.001100127482
52.26122613  0.0007746078712  -0.001092530446
52.52207505  0.0007669328557  -0.001081705372
52.83472104  0.000757883161  -0.001068941408
53.16527896  0.0007484881025  -0.001055690332
53.47792495  0.0007397619689  -0.001043382728
53.73877387  0.0007325977646  -0.001033278117
53.91953391  0.0007276940711  -0.001026361799
54  0.0007255269944  -0.001023305288
54.08046609  0.0007233695836  -0.001020262411
54.26122613  0.0007185580992  -0.001013476147
54.52207505  0.0007116989791  -0.001003801836
54.83472104  0.0007036064604  -0.0009923879022
55.16527896  0.0006951995112  -0.0009805304858
55.47792495  0.0006873859926  -0.0009695100621
55.73877387  0.0006809673249  -0.0009604569785
55.91953391  0.000676571983  -0.0009542576548
56  0.0006746290547  -0.0009515172899
56.08046609  0.0006726944839  -0.0009487887124
56.26122613  0.000668378867  -0.0009427018355
56.52207505  0.0006622239762  -0.0009340207907
56.83472104  0.0006549582695  -0.0009237730175
57.16527896  0.0006474055842  -0.000913120481
57.47792495  0.0006403817305  -0.0009032138246
57.73877387  0.0006346086411  -0.0008950712841
57.91953391  0.0006306537445  -0.0008894931779
58  0.0006289050879  -0.0008870268196
58.08046609  0.0006271636942  -0.0008845707051
58.26122613  0.0006232780817  -0.0008790903194
58.52207505  0.0006177342224  -0.0008712710919
58.83472104  0.0006111864228  -0.0008620358767
59.16527896  0.0006043760728  -0.0008524303524
59.47792495  0.0005980389609  -0.0008434922975
59.73877387  0.0005928276978  -0.0008361421739
59.91953391  0.0005892563107  -0.0008311049812
60  0.0005876768655  -0.0008288772837
60.08046609  0.000586103762  -0.0008266585308
60.26122613  0.0005825928728  -0.0008217066661
60.52207505  0.000577581768  -0.0008146388519
60.83472104  0.0005716603271  -0.0008062870719
61.16527896  0.0005654981309  -0.0007975957234
61.47792495  0.0005597610744  -0.0007895040048
61.73877387  0.0005550410385  -0.000782846723
61.91953391  0.0005518051357  -0.0007782827075
62  0.0005503737554  -0.0007762638453
62.08046609  0.0005489479373  -0.0007742528282
62.26122613  0.0005457650957  -0.0007697636518
62.52207505  0.0005412206126  -0.0007633539749
62.83472104  0.0005358481216  -0.0007557764506
63.16527896  0.0005302543725  -0.0007478868572
63.47792495  0.0005250439425  -0.0007405379085
63.73877387  0.0005207552846  -0.0007344890553
63.91953391  0.000517814129  -0.0007303407602
64  0.00051651287  -0.0007285054251
64.08046609  0.00051521651  -0.0007266769996
64.26122613  0.0005123220873  -0.000722594618
64.52207505  0.0005081880441  -0.0007167638379
64.83472104  0.0005032986925  -0.0007098677481
65.16527896  0.0004982055691  -0.0007026842523
65.47792495  0.0004934592334  -0.0006959898765
65.73877387  0.0004895509485  -0.0006904775127
65.91953391  0.0004868698032  -0.0006866959441
66  0.0004856833599  -0.0006850225485
66.08046609  0.0004845012482  -0.0006833552622
66.26122613  0.0004818614235  -0.0006796319734
66.52207505  0.0004780898456  -0.0006743124255
66.83472104  0.0004736273967  -0.0006680184521
67.16527896  0.0004689768979  -0.0006614592476
67.47792495  0.0004646411371  -0.000655343959
67.73877387  0.0004610695409  -0.0006503064713
67.91953391  0.0004586186393  -0.0006468496453
68  0.0004575338918  -0.0006453196845
68.08046609  0.0004564529883  -0.0006437951454
68.26122613  0.0004540387563  -0.0006403900393
68.52207505  0.0004505884788  -0.0006355236632
68.83472104  0.0004465046457  -0.0006297637011
69.16527896  0.0004422469328  -0.0006237584937
69.47792495  0.0004382757251  -0.0006181573819
69.73877387  0.0004350032288  -0.0006135417537
69.91953391  0.0004327569449  -0.0006103735268
70  0.000431762595  -0.0006089710655
70.08046609  0.0004307716683  -0.0006075734324
70.26122613  0.0004285580394  -0.000604451263
70.52207505  0.000425393579  -0.000599988012
70.83472104  0.0004216467134  -0.0005947033191
71.16527896  0.0004177387696  -0.0005891914366
71.47792495  0.0004140923649  -0.0005840484368
71.73877387  0.0004110864823  -0.0005798088487
71.91953391  0.0004090226583  -0.0005768979688
72  0.0004081089344  -0.0005756092248
72.08046609  0.0004071982687  -0.0005743247943
72.26122613  0.0004051636197  -0.0005714550636
72.52207505  0.0004022542594  -0.0005673516136
72.83472104  0.0003988082859  -0.000562491308
73.16527896  0.0003952128254  -0.0005574201614
73.47792495  0.0003918567472  -0.0005526866468
73.73877387  0.0003890892855  -0.0005487833349
73.91953391  0.0003871886836  -0.0005461026683
74  0.0003863470993  -0.0005449156722
74.08046609  0.0003855082558  -0.000543732542
74.26122613  0.0003836338004  -0.0005410887532
74.52207505  0.0003809528412  -0.0005373074469
74.83472104  0.0003777763856  -0.0005328272776
75.16527896  0.0003744609616  -0.0005281511029
75.47792495  0.000371365189  -0.0005237847313
75.73877387  0.0003688115856  -0.0005201830517
75.91953391  0.000367057438  -0.0005177089487
76  0.0003662805948  -0.0005166132654
76.08046609  0.0003655062152  -0.0005155210569
76.26122613  0.0003637755685  -0.0005130801003
76.52207505  0.0003612997148  -0.0005095880812
76.83472104  0.0003583653881  -0.0005054494177
77.16527896  0.0003553016581  -0.00050112824
77.47792495  0.0003524399524  -0.0004970920034
77.73877387  0.0003500787281  -0.000493761661
77.91953391  0.0003484563661  -0.0004914734324
78  0.0003477377902  -0.0004904599312
78.08046609  0.0003470214348  -0.0004894495617
78.26122613  0.0003454202544  -0.0004871912084
78.52207505  0.0003431291067  -0.000483959704
78.83472104  0.0003404129122  -0.0004801287009
79.16527896  0.0003375760308  -0.0004761274773
79.47792495  0.0003349253777  -0.0004723889157
79.73877387  0.0003327376835  -0.0004693033255
79.91953391  0.0003312342298  -0.0004671828088
80  0.0003305682368  -0.0004662434721
80.08046609  0.0003299042504  -0.0004653069655
80.26122613  0.0003284199383  -0.0004632134467
80.52207505  0.0003262955712  -0.0004602171748
80.83472104  0.0003237764131  -0.0004566640778
81.16527896  0.0003211445263  -0.0004529519847
81.47792495  0.0003186846719  -0.0004494825315
81.73877387  0.0003166539121  -0.0004466182863
81.91953391  0.0003152580247  -0.0004446494842
82  0.0003146396067  -0.0004437772488
82.08046609  0.0003140230067  -0.0004429075774
82.26122613  0.0003126444606  -0.0004409632341
82.52207505  0.0003106710716  -0.0004381799065
82.83472104  0.0003083303439  -0.000434878473
83.16527896  0.0003058841672  -0.0004314283112
83.47792495  0.0003035972303  -0.0004282027461
83.73877387  0.0003017087464  -0.000425539171
83.91953391  0.0003004104039  -0.0004237079493
84  0.0002998351354  -0.0004228965733
84.08046609  0.0002992615179  -0.0004220875256
84.26122613  0.0002979789231  -0.0004202785151
84.52207505  0.000296142538  -0.0004176884219
84.83472104  0.0002939637799  -0.0004146154353
85.16527896  0.0002916862444  -0.0004114031301
85.47792495  0.0002895563902  -0.0004083991192
85.73877387  0.0002877971961  -0.0004059178984
85.91953391  0.0002865875175  -0.000404211731
86  0.0002860514759  -0.0004034556816
86.08046609  0.0002855169368  -0.0004027017515
86.26122613  0.0002843215914  -0.0004010158001
86.52207505  0.000282609816  -0.00039860146
86.83472104  0.000280578422  -0.0003957363204
87.16527896  0.0002784543755  -0.0003927405007
87.47792495  0.0002764675412  -0.0003899382093
87.73877387  0.0002748260991  -0.0003876230696
87.91953391  0.0002736971916  -0.0003860308242
88  0.0002731968899  -0.0003853251835
88.08046609  0.0002726979588  -0.0003846214759
88.26122613  0.0002715821252  -0.0003830476704
88.52207505  0.0002699839357  -0.0003807935353
88.83472104  0.0002680869103  -0.0003781179132
89.16527896  0.0002661028648  -0.0003753195552
89.47792495  0.0002642465266  -0.0003727013195
89.73877387  0.0002627125578  -0.0003705377633
89.91953391  0.0002616573877  -0.0003690495193
90  0.000261189718  -0.0003683899038
90.08046609  0.000260723301  -0.0003677320552
90.26122613  0.0002596800809  -0.0003662606659
90.52207505  0.000258185646  -0.0003641528696
90.83472104  0.0002564113952  -0.0003616504124
91.16527896  0.0002545553124  -0.0003590325369
91.47792495  0.0002528182879  -0.0003565825849
91.73877387  0.000251382611  -0.0003545576626
91.91953391  0.0002503948938  -0.0003531645563
92  0.0002499570789  -0.0003525470488
92.08046609  0.0002495204112  -0.0003519311595
92.26122613  0.0002485436382  -0.0003505534892
92.52207505  0.000247144168  -0.0003485796339
92.83472104  0.0002454823216  -0.0003462357153
93.16527896  0.0002437434298  -0.0003437831296
93.47792495  0.0002421157093  -0.0003414873432
93.73877387  0.0002407701029  -0.0003395894591
93.91953391  0.0002398442096  -0.0003382835511
94  0.0002394337614  -0.0003377046425
94.08046609  0.0002390243659  -0.0003371272187
94.26122613  0.0002381085147  -0.0003358354744
94.52207505  0.0002367961304  -0.0003339844477
94.83472104  0.0002352373906  -0.0003317859538
95.16527896  0.0002336060281  -0.0003294850306
95.47792495  0.0002320786298  -0.0003273307418
95.73877387  0.0002308157144  -0.0003255494875
95.91953391  0.0002299465912  -0.0003243236497
96  0.0002295612756  -0.0003237801889
96.08046609  0.0002291769277  -0.000323238093
96.26122613  0.0002283170355  -0.000322025275
96.52207505  0.0002270846588  -0.0003202870935
96.83472104  0.0002256206696  -0.0003182222387
97.16527896  0.0002240881502  -0.0003160607268
97.47792495  0.0002226529964  -0.0003140365424
97.73877387  0.0002214661329  -0.0003123625541
97.91953391  0.000220649232  -0.0003112103722
98  0.0002202870383  -0.0003106995232
98.08046609  0.0002199257356  -0.000310189931
98.26122613  0.000219117335  -0.0003090497382
98.52207505  0.0002179585925  -0.0003074154127
98.83472104  0.0002165818274  -0.0003054735813
99.16527896  0.0002151403246  -0.0003034404421
99.47792495  0.0002137901344  -0.0003015360928
99.73877387  0.000212673337  -0.0002999609279
99.91953391  0.000211904557  -0.0002988766173
100  0.0002115636716  -0.0002983958221
100.0804661  0.000211223608  -0.0002979161862
100.2612261  0.0002104626684  -0.0002968429338
100.5220751  0.0002093718089  -0.0002953043525
100.834721  0.0002080754742  -0.0002934759627
101.165279  0.000206717921  -0.0002915612285
101.4779249  0.0002054461179  -0.0002897674388
101.7387739  0.0002043939783  -0.0002882834691
101.9195339  0.0002036696127  -0.0002872618019
102  0.0002033483964  -0.0002868087487
102.0804661  0.0002030279393  -0.0002863567663
102.2612261  0.000202310817  -0.0002853453153
102.5220751  0.00020128264  -0.0002838951432
102.834721  0.0002000605907  -0.0002821715278
103.165279  0.0001987805929  -0.0002803661801
103.4779249  0.0001975812247  -0.0002786745547
103.7387739  0.0001965888464  -0.0002772748743
103.9195339  0.0001959055388  -0.0002763111166
104  0.000195602507  -0.0002758837113
104.0804661  0.0001953001777  -0.0002754572969
104.2612261  0.0001946235721  -0.0002745029918
104.5220751  0.0001936533656  -0.0002731345831
104.834721  0.0001925000327  -0.0002715078873
105.165279  0.0001912917935  -0.0002698037502
105.4779249  0.0001901594622  -0.0002682066758
105.7387739  0.0001892224038  -0.0002668850201
105.9195339  0.0001885771089  -0.0002659748767
106  0.0001882909145  -0.0002655712194
106.0804661  0.0001880053711  -0.0002651684803
106.2612261  0.0001873662866  -0.0002642670961
106.5220751  0.0001864497733  -0.0002629744179
106.834721  0.0001853600998  -0.0002614375094
107.165279  0.0001842183541  -0.0002598271566
107.4779249  0.0001831481555  -0.0002583177161
107.7387739  0.0001822623804  -0.0002570683919
107.9195339  0.0001816523302  -0.0002562079587
108  0.0001813817486  -0.0002558263221
108.0804661  0.0001811117711  -0.0002554455376
108.2612261  0.0001805074838  -0.0002545932325
108.5220751  0.0001796407736  -0.0002533707982
108.834721  0.0001786101596  -0.0002519171888
109.165279  0.0001775301163  -0.000250393863
109.4779249  0.0001765175866  -0.0002489657604
109.7387739  0.0001756794198  -0.0002477835846
109.9195339  0.0001751020937  -0.0002469693063
110  0.0001748460096  -0.0002466081175
110.0804661  0.0001745904868  -0.0002462477204
110.2612261  0.0001740185157  -0.000245440995
110.5220751  0.0001731980647  -0.000244283806
110.834721  0.000172222318  -0.0002429075833
111.165279  0.00017119961  -0.0002414651249
111.4779249  0.0001702406791  -0.0002401126196
111.7387739  0.0001694467691  -0.0002389928649
111.9195339  0.0001688998678  -0.0002382214987
112  0.0001686572637  -0.0002378793225
112.0804661  0.0001684151819  -0.000237537883
112.2612261  0.0001678732633  -0.0002367735445
112.5220751  0.0001670958371  -0.000235677039
112.834721  0.0001661711312  -0.0002343728057
113.165279  0.000165201771  -0.0002330055907
113.4779249  0.0001642927216  -0.0002317234398
113.7387739  0.0001635400067  -0.0002306617879
113.9195339  0.0001630214293  -0.0002299303706
114  0.0001627913755  -0.0002296058957
114.0804661  0.0001625618083  -0.0002292821072
114.2612261  0.000162047873  -0.0002285572373
114.5220751  0.0001613105152  -0.0002275172455
114.834721  0.0001604333514  -0.000226280067
115.165279  0.0001595136922  -0.0002249829518
115.4779249  0.0001586511238  -0.0002237663591
115.7387739  0.0001579368024  -0.0002227588586
115.9195339  0.0001574446265  -0.0002220646787
116  0.000157226272  -0.0002217567049
116.0804661  0.0001570083714  -0.0002214493714
116.2612261  0.0001565205256  -0.0002207612988
116.5220751  0.0001558205293  -0.0002197740028
116.834721  0.0001549877036  -0.0002185993601
117.165279  0.0001541144049  -0.0002173676331
117.4779249  0.0001532952019  -0.0002162122043
117.7387739  0.0001526167067  -0.0002152552342
117.9195339  0.00015214917  -0.0002145958062
118  0.0001519417348  -0.0002143032333
118.0804661  0.0001517347236  -0.0002140112584
118.2612261  0.0001512712308  -0.0002133575341
118.5220751  0.0001506061139  -0.0002124194331
118.834721  0.0001498146877  -0.0002113031815
119.165279  0.0001489846851  -0.0002101325207
119.4779249  0.0001482059886  -0.0002090342235
119.7387739  0.0001475609634  -0.0002081244605
119.9195339  0.0001471164483  -0.0002074975028
120  0.0001469192164  -0.0002072193209
120.0804661  0.0001467223808  -0.000206941698
120.2612261  0.0001462816467  -0.0002063200733
120.5220751  0.0001456491299  -0.0002054279524
120.834721  0.0001448964041  -0.0002043662851
121.165279  0.0001441068822  -0.0002032527195
121.4779249  0.0001433660652  -0.0002022078486
121.7387739  0.0001427523442  -0.000201342238
121.9195339  0.0001423293637  -0.0002007456535
122  0.0001421416767  -0.000200480934
122.0804661  0.0001419543606  -0.0002002167377
122.2612261  0.0001415349193  -0.0001996251449
122.5220751  0.0001409329064  -0.0001987760477
122.834721  0.0001402163984  -0.000197765463
123.165279  0.000139464767  -0.0001967053394
123.4779249  0.0001387594118  -0.000195710485
123.7387739  0.0001381750018  -0.0001948862153
123.9195339  0.0001377721871  -0.0001943180733
124  0.0001375934388  -0.0001940659613
124.0804661  0.0001374150382  -0.0001938143397
124.2612261  0.0001370155398  -0.000193250875
124.5220751  0.0001364421006  -0.0001924420789
124.834721  0.0001357595235  -0.0001914793515
125.165279  0.0001350433964  -0.0001904693041
125.4779249  0.0001343712754  -0.0001895213241
125.7387739  0.000133814339  -0.0001887358043
125.9195339  0.0001334304284  -0.0001881943251
126  0.0001332600602  -0.0001879540326
126.0804661  0.0001330900181  -0.0001877142
126.2612261  0.0001327092181  -0.0001871771082
126.5220751  0.0001321625724  -0.0001864061025
126.834721  0.0001315118173  -0.0001854882578
127.165279  0.000130828993  -0.0001845251817
127.4779249  0.0001301880507  -0.0001836211771
127.7387739  0.0001296568926  -0.0001828720157
127.9195339  0.0001292907214  -0.0001823555567
128  0.0001291282175  -0.0001821263563
128.0804661  0.0001289660198  -0.0001818975877
128.2612261  0.0001286027693  -0.0001813852482
128.5220751  0.0001280812737  -0.0001806497149
128.834721  0.0001274603928  -0.0001797740057
129.165279  0.000126808838  -0.000178855033
129.4779249  0.0001261971753  -0.0001779923254
129.7387739  0.0001256902289  -0.0001772773127
129.9195339  0.0001253407207  -0.0001767843559
130  0.0001251856045  -0.0001765655752
130.0804661  0.000125030776  -0.0001763472004
130.2612261  0.000124684013  -0.0001758581154
130.5220751  0.0001241861479  -0.0001751559114
130.834721  0.0001235933403  -0.0001743197975
131.165279  0.0001229711745  -0.0001734422759
131.4779249  0.0001223870348  -0.0001726183877
131.7387739  0.0001219028506  -0.0001719354795
131.9195339  0.0001215690097  -0.0001714646202
132  0.00012142084  -0.0001712556371
132.0804661  0.000121272941  -0.0001710470359
132.2612261  0.0001209416826  -0.000170579819
132.5220751  0.0001204660417  -0.0001699089606
132.834721  0.00011989964  -0.0001691100906
133.165279  0.0001193051219  -0.0001682715642
133.4779249  0.0001187468786  -0.0001674842008
133.7387739  0.0001182841139  -0.0001668315035
133.9195339  0.0001179650177  -0.0001663814405
134  0.0001178233858  -0.0001661816786
134.0804661  0.0001176820089  -0.0001659822763
134.2612261  0.0001173653443  -0.000165535643
134.5220751  0.0001169106243  -0.0001648942921
134.834721  0.0001163690834  -0.0001641304863
135.165279  0.0001158005988  -0.0001633286785
135.4779249  0.0001152667433  -0.0001625757125
135.7387739  0.0001148241533  -0.00016195147
135.9195339  0.000114518946  -0.0001615209964
136  0.000114383473  -0.0001613299211
136.0804661  0.0001142482402  -0.0001611391847
136.2612261  0.0001139453247  -0.0001607119435
136.5220751  0.0001135103163  -0.0001600983946
136.834721  0.0001129922022  -0.0001593676306
137.165279  0.0001124482532  -0.0001586004284
137.4779249  0.0001119373854  -0.000157879885
137.7387739  0.0001115138141  -0.0001572824672
137.9195339  0.0001112217012  -0.0001568704624
138  0.0001110920351  -0.0001566875773
138.0804661  0.0001109625955  -0.0001565050118
138.2612261  0.0001106726445  -0.000156096056
138.5220751  0.0001102562248  -0.0001555087251
138.834721  0.0001097602055  -0.0001548091244
139.165279  0.0001092394001  -0.0001540745646
139.4779249  0.000108750219  -0.0001533846088
139.7387739  0.0001083445921  -0.0001528125003
139.9195339  0.0001080648353  -0.0001524179228
140  0.0001079406488  -0.0001522427664
140.0804661  0.0001078166762  -0.0001520679117
140.2612261  0.0001075389603  -0.0001516762127
140.5220751  0.0001071400851  -0.000151113627
140.834721  0.0001066649219  -0.0001504434425
141.165279  0.0001061659656  -0.0001497396994
141.4779249  0.0001056972608  -0.0001490786239
141.7387739  0.0001053085789  -0.0001485304152
141.9195339  0.000105040491  -0.0001481522958
142  0.0001049214797  -0.0001479844387
142.0804661  0.0001048026705  -0.0001478168666
142.2612261  0.0001045365108  -0.0001474414669
142.5220751  0.0001041542082  -0.0001469022557
142.834721  0.0001036987481  -0.000146259861
143.165279  0.0001032204356  -0.0001455852346
143.4779249  0.0001027710802  -0.00014495145
143.7387739  0.0001023984125  -0.0001444258281
143.9195339  0.0001021413533  -0.0001440632641
144  0.0001020272336  -0.0001439023062
144.0804661  0.000101913305  -0.0001437416179
144.2612261  0.0001016580693  -0.0001433816256
144.5220751  0.0001012914337  -0.0001428645117
144.834721  0.0001008546022  -0.0001422483914
145.165279  0.0001003958103  -0.0001416012973
145.4779249  9.996475358e-05  -0.0001409933218
145.7387739  9.960723223e-05  -0.0001404890628
145.9195339  9.936060513e-05  -0.0001401412125
146  9.925111258e-05  -0.0001399867809
146.0804661  9.914180091e-05  -0.0001398326044
146.2612261  9.889689934e-05  -0.0001394871878
146.5220751  9.854508633e-05  -0.00013899098
146.834721  9.812588131e-05  -0.0001383997206
147.165279  9.768556199e-05  -0.0001377786808
147.4779249  9.727182377e-05  -0.0001371951319
147.7387739  9.692863898e-05  -0.0001367110936
147.9195339  9.669188703e-05  -0.0001363771715
148  9.658677482e-05  -0.0001362289181
148.0804661  9.648183392e-05  -0.0001360809062
148.2612261  9.624671609e-05  -0.0001357492889
148.5220751  9.590893728e-05  -0.0001352728754
148.834721  9.5506423e-05  -0.0001347051571
149.165279  9.508359774e-05  -0.0001341087915
149.4779249  9.468626259e-05  -0.0001335483779
149.7387739  9.435665797e-05  -0.0001330834936
149.9195339  9.41292609e-05  -0.0001327627659
150  9.402829847e-05  -0.0001326203654
150.0804661  9.39274984e-05  -0.0001324781939
150.2612261  9.370165003e-05  -0.0001321596505
150.5220751  9.337716878e-05  -0.0001317019923
150.834721  9.29904708e-05  -0.0001311565817
151.165279  9.258422503e-05  -0.0001305836004
151.4779249  9.220243719e-05  -0.0001300451152
151.7387739  9.188570557e-05  -0.0001295983873
151.9195339  9.166717696e-05  -0.0001292901679
152  9.157014871e-05  -0.0001291533164
152.0804661  9.147327443e-05  -0.0001290166819
152.2612261  9.125621459e-05  -0.0001287105342
152.5220751  9.094434198e-05  -0.0001282706596
152.834721  9.057264238e-05  -0.0001277464032
153.165279  9.01821205e-05  -0.0001271955993
153.4779249  8.98150793e-05  -0.0001266779132
153.7387739  8.951055898e-05  -0.0001262484085
153.9195339  8.930044358e-05  -0.0001259520554
154  8.920714774e-05  -0.0001258204681
154.0804661  8.911399801e-05  -0.0001256890869
154.2612261  8.890527658e-05  -0.0001253946998
154.5220751  8.86053677e-05  -0.0001249716993
154.834721  8.824790079e-05  -0.0001244675171
155.165279  8.787230169e-05  -0.0001239377607
155.4779249  8.751925735e-05  -0.0001234398163
155.7387739  8.722632857e-05  -0.0001230266606
155.9195339  8.702420001e-05  -0.0001227415724
156  8.693444755e-05  -0.0001226149828
156.0804661  8.684483388e-05  -0.0001224885889
156.2612261  8.664402915e-05  -0.0001222053679
156.5220751  8.635547984e-05  -0.0001217983892
156.834721  8.601152815e-05  -0.0001213132693
157.165279  8.56501011e-05  -0.0001208035016
157.4779249  8.531035089e-05  -0.0001203243076
157.7387739  8.502843272e-05  -0.0001199266816
157.9195339  8.483389128e-05  -0.0001196522945
158  8.474750503e-05  -0.0001195304527
158.0804661  8.466125067e-05  -0.0001194087969
158.2612261  8.44679673e-05  -0.0001191361842
158.5220751  8.419021103e-05  -0.0001187444283
158.834721  8.385910174e-05  -0.0001182774217
159.165279  8.351114262e-05  -0.0001177866496
159.4779249  8.318402736e-05  -0.0001173252763
159.7387739  8.291257484e-05  -0.0001169424115
159.9195339  8.27252455e-05  -0.0001166781965
160  8.264205921e-05  -0.000116560868
160.0804661  8.255899833e-05  -0.0001164437164
160.2612261  8.237286532e-05  -0.0001161811888
160.5220751  8.210537047e-05  -0.0001158039059
160.834721  8.17864721e-05  -0.000115354122
161.165279  8.145132e-05  -0.0001148814133
161.4779249  8.113622088e-05  -0.0001144369879
161.7387739  8.087472231e-05  -0.0001140681624
161.9195339  8.069425294e-05  -0.000113813623
162  8.061411049e-05  -0.0001137005876
162.0804661  8.053408737e-05  -0.0001135877206
162.2612261  8.035475634e-05  -0.0001133347866
162.5220751  8.009702359e-05  -0.0001129712726
162.834721  7.978974302e-05  -0.0001125378747
163.165279  7.946677708e-05  -0.0001120823538
163.4779249  7.916311269e-05  -0.0001116540563
163.7387739  7.891108731e-05  -0.000111298592
163.9195339  7.8737147e-05  -0.0001110532614
164  7.865990168e-05  -0.0001109443122
164.0804661  7.858276998e-05  -0.0001108355233
164.2612261  7.840991349e-05  -0.0001105917213
164.5220751  7.816147356e-05  -0.0001102413141
164.834721  7.786525325e-05  -0.0001098235159
165.165279  7.755388975e-05  -0.0001093843594
165.4779249  7.726111345e-05  -0.0001089714188
165.7387739  7.701810914e-05  -0.0001086286782
165.9195339  7.685038672e-05  -0.0001083921174
166  7.677590055e-05  -0.0001082870598
166.0804661  7.670152263e-05  -0.000108182155
166.2612261  7.653483273e-05  -0.0001079470505
166.5220751  7.629524417e-05  -0.0001076091275
166.834721  7.600955962e-05  -0.0001072061893
167.165279  7.570924941e-05  -0.0001067826227
167.4779249  7.542684682e-05  -0.0001063843135
167.7387739  7.519243813e-05  -0.0001060536964
167.9195339  7.503064072e-05  -0.0001058254924
168  7.495878386e-05  -0.0001057241433
168.0804661  7.488703017e-05  -0.0001056229397
168.2612261  7.472621699e-05  -0.000105396124
168.5220751  7.449506428e-05  -0.0001050700992
168.834721  7.421942171e-05  -0.0001046813245
169.165279  7.392964774e-05  -0.0001042726185
169.4779249  7.365713451e-05  -0.0001038882576
169.7387739  7.343092078e-05  -0.0001035691989
169.9195339  7.327477256e-05  -0.0001033489627
170  7.320542269e-05  -0.0001032511495
170.0804661  7.313617122e-05  -0.0001031534752
170.2612261  7.298096172e-05  -0.000102934563
170.5220751  7.275785343e-05  -0.0001026198843
170.834721  7.249178766e-05  -0.000102244617
171.165279  7.221206276e-05  -0.0001018500845
171.4779249  7.194898247e-05  -0.0001014790281
171.7387739  7.173058612e-05  -0.0001011709953
171.9195339  7.157982713e-05  -0.0001009583602
172  7.151286897e-05  -0.0001008639204
172.0804661  7.144600472e-05  -0.000100769613
172.2612261  7.129614155e-05  -0.0001005582415
172.5220751  7.108070869e-05  -0.0001002543884
172.834721  7.082378117e-05  -9.989201005e-05
173.165279  7.055364599e-05  -9.95110032e-05
173.4779249  7.029956827e-05  -9.915264428e-05
173.7387739  7.00886332e-05  -9.885513506e-05
173.9195339  6.994301827e-05  -9.864975534e-05
174  6.98783431e-05  -9.855853551e-05
174.0804661  6.981375759e-05  -9.846744215e-05
174.2612261  6.966899799e-05  -9.826326882e-05
174.5220751  6.94608925e-05  -9.796975051e-05
174.834721  6.921268948e-05  -9.761967745e-05
175.165279  6.895171065e-05  -9.725158499e-05
175.4779249  6.870622938e-05  -9.690535076e-05
175.7387739  6.850241956e-05  -9.66178912e-05
175.9195339  6.836171729e-05  -9.641944045e-05
176  6.829922248e-05  -9.633129588e-05
176.0804661  6.823681334e-05  -9.624327213e-05
176.2612261  6.809692818e-05  -9.604597386e-05
176.5220751  6.789582149e-05  -9.576232687e-05
176.834721  6.76559524e-05  -9.542400823e-05
177.165279  6.740372073e-05  -9.506825304e-05
177.4779249  6.716645245e-05  -9.473360265e-05
177.7387739  6.696945053e-05  -9.445574516e-05
177.9195339  6.68334424e-05  -9.426391517e-05
178  6.677303105e-05  -9.417870916e-05
178.0804661  6.671270157e-05  -9.409361863e-05
178.2612261  6.657747444e-05  -9.390289019e-05
178.5220751  6.638305619e-05  -9.36286768e-05
178.834721  6.615115207e-05  -9.330159219e-05
179.165279  6.590728099e-05  -9.295762902e-05
179.4779249  6.567786336e-05  -9.263405143e-05
179.7387739  6.548736949e-05  -9.236537309e-05
179.9195339  6.535584899e-05  -9.217987259e-05
180  6.52974295e-05  -9.209747596e-05
180.0804661  6.52390883e-05  -9.201518977e-05
180.2612261  6.510831466e-05  -9.183074266e-05
180.5220751  6.492029153e-05  -9.156554913e-05
180.834721  6.46960036e-05  -9.124920662e-05
181.165279  6.446012765e-05  -9.091652003e-05
181.4779249  6.423821812e-05  -9.060353209e-05
181.7387739  6.405394875e-05  -9.034363299e-05
181.9195339  6.392672061e-05  -9.016418656e-05
182  6.387020637e-05  -9.008447715e-05
182.0804661  6.381376703e-05  -9.00048734e-05
182.2612261  6.368725346e-05  -8.982643482e-05
182.5220751  6.350534801e-05  -8.956986985e-05
182.834721  6.328834637e-05  -8.926380416e-05
183.165279  6.306011986e-05  -8.894190656e-05
183.4779249  6.284539435e-05  -8.863905118e-05
183.7387739  6.266708123e-05  -8.838755295e-05
183.9195339  6.254396067e-05  -8.821389998e-05
184  6.248926972e-05  -8.81367622e-05
184.0804661  6.243465047e-05  -8.805972556e-05
184.2612261  6.231221392e-05  -8.788703733e-05
184.5220751  6.213616361e-05  -8.763873063e-05
184.834721  6.192613605e-05  -8.734250139e-05
185.165279  6.170523175e-05  -8.703093126e-05
185.4779249  6.149738347e-05  -8.673777574e-05
185.7387739  6.132477265e-05  -8.64943202e-05
185.9195339  6.120558474e-05  -8.632621396e-05
186  6.115263949e-05  -8.625153836e-05
186.0804661  6.10997629e-05  -8.617695962e-05
186.2612261  6.098123005e-05  -8.60097773e-05
186.5220751  6.081078626e-05  -8.57693782e-05
186.834721  6.060743711e-05  -8.548256838e-05
187.165279  6.039354512e-05  -8.518088864e-05
187.4779249  6.01922835e-05  -8.489702313e-05
187.7387739  6.002513439e-05  -8.466127096e-05
187.9195339  5.990971342e-05  -8.449847772e-05
188  5.985844035e-05  -8.442616063e-05
188.0804661  5.980723307e-05  -8.435393633e-05
188.2612261  5.969243972e-05  -8.419202831e-05
188.5220751  5.95273669e-05  -8.395920458e-05
188.834721  5.933041598e-05  -8.368141903e-05
189.165279  5.912324262e-05  -8.338921544e-05
189.4779249  5.892829226e-05  -8.311425154e-05
189.7387739  5.876637686e-05  -8.288588114e-05
189.9195339  5.865456574e-05  -8.272817935e-05
190  5.860489517e-05  -8.265812247e-05
190.0804661  5.855528767e-05  -8.258815454e-05
190.2612261  5.844407816e-05  -8.243130128e-05
190.5220751  5.828415299e-05  -8.220573796e-05
190.834721  5.809333467e-05  -8.193660202e-05
191.165279  5.789260148e-05  -8.165348183e-05
191.4779249  5.770370123e-05  -8.13870512e-05
191.7387739  5.75468033e-05  -8.116575758e-05
191.9195339  5.743845305e-05  -8.101293711e-05
192  5.739031889e-05  -8.094504723e-05
192.0804661  5.734224521e-05  -8.087724266e-05
192.2612261  5.723447191e-05  -8.072523591e-05
192.5220751  5.707948255e-05  -8.050663423e-05
192.834721  5.689454486e-05  -8.024579248e-05
193.165279  5.669998763e-05  -7.997138307e-05
193.4779249  5.651688973e-05  -7.971313623e-05
193.7387739  5.636480407e-05  -7.949863e-05
193.9195339  5.625977333e-05  -7.935049146e-05
194  5.621311286e-05  -7.928468012e-05
194.0804661  5.616651042e-05  -7.921895063e-05
194.2612261  5.606203319e-05  -7.907159277e-05
194.5220751  5.591177862e-05  -7.885966916e-05
194.834721  5.573248236e-05  -7.860678428e-05
195.165279  5.554385033e-05  -7.834073194e-05
195.4779249  5.536631954e-05  -7.809033713e-05
195.7387739  5.521885135e-05  -7.788234352e-05
195.9195339  5.511700589e-05  -7.77386976e-05
196  5.507175957e-05  -7.767488081e-05
196.0804661  5.502656894e-05  -7.761114257e-05
196.2612261  5.492525474e-05  -7.746824595e-05
196.5220751  5.477954404e-05  -7.726273116e-05
196.834721  5.460566208e-05  -7.701748277e-05
197.165279  5.442271707e-05  -7.675945156e-05
197.4779249  5.425052997e-05  -7.651659366e-05
197.7387739  5.410749421e-05  -7.631485168e-05
197.9195339  5.400870652e-05  -7.617551853e-05
198  5.396481777e-05  -7.61136165e-05
198.0804661  5.392098249e-05  -7.605178989e-05
198.2612261  5.382270492e-05  -7.591317622e-05
198.5220751  5.36813567e-05  -7.571381441e-05
198.834721  5.351267322e-05  -7.547589812e-05
199.165279  5.333518889e-05  -7.522556883e-05
199.4779249  5.316813316e-05  -7.498994835e-05
199.7387739  5.302935396e-05  -7.479420996e-05
199.9195339  5.293350284e-05  -7.465901864e-05
200  5.289091789e-05  -7.459895553e-05
200.0804661  5.284838431e-05  -7.453896487e-05
200.2612261  5.275302321e-05  -7.440446469e-05
200.5220751  5.261586506e-05  -7.421101267e-05
200.834721  5.245217489e-05  -7.398013908e-05
201.165279  5.227993606e-05  -7.373720821e-05
201.4779249  5.21178098e-05  -7.350854042e-05
201.7387739  5.198311993e-05  -7.331856974e-05
201.9195339  5.189009015e-05  -7.318735771e-05
202  5.184875786e-05  -7.312906139e-05
202.0804661  5.180747493e-05  -7.307083471e-05
202.2612261  5.171491605e-05  -7.294028685e-05
202.5220751  5.158178397e-05  -7.275251332e-05
202.834721  5.142289195e-05  -7.25284072e-05
203.165279  5.125569394e-05  -7.229258605e-05
203.4779249  5.109830511e-05  -7.207060007e-05
203.7387739  5.096754547e-05  -7.18861727e-05
203.9195339  5.087722737e-05  -7.175878531e-05
204  5.083709909e-05  -7.170218717e-05
204.0804661  5.079701827e-05  -7.164565596e-05
204.2612261  5.070715287e-05  -7.151890708e-05
204.5220751  5.057789082e-05  -7.133659196e-05
204.834721  5.042361125e-05  -7.111899137e-05
205.165279  5.026125925e-05  -7.089000519e-05
205.4779249  5.010842506e-05  -7.06744432e-05
205.7387739  4.998144421e-05  -7.049534556e-05
205.9195339  4.989373341e-05  -7.037163559e-05
206  4.985476284e-05  -7.031667031e-05
206.0804661  4.98158379e-05  -7.026176939e-05
206.2612261  4.972856248e-05  -7.01386735e-05
206.5220751  4.960302191e-05  -6.996160726e-05
206.834721  4.945317797e-05  -6.975026282e-05
207.165279  4.929548651e-05  -6.952785e-05
207.4779249  4.914703289e-05  -6.931846652e-05
207.7387739  4.902368662e-05  -6.914449519e-05
207.9195339  4.893848374e-05  -6.902432246e-05
208  4.890062675e-05  -6.897092782e-05
208.0804661  4.886281367e-05  -6.891759511e-05
208.2612261  4.877802966e-05  -6.879801316e-05
208.5220751  4.865606907e-05  -6.862599624e-05
208.834721  4.851049234e-05  -6.84206704e-05
209.165279  4.835728473e-05  -6.820458174e-05
209.4779249  4.821304586e-05  -6.800114287e-05
209.7387739  4.809319678e-05  -6.783210408e-05
209.9195339  4.80104071e-05  -6.771533501e-05
210  4.797362167e-05  -6.766345173e-05
210.0804661  4.793687851e-05  -6.761162805e-05
210.2612261  4.785449197e-05  -6.749542758e-05
210.5220751  4.773597652e-05  -6.732826979e-05
210.834721  4.75945065e-05  -6.712873619e-05
211.165279  4.744561434e-05  -6.691873417e-05
211.4779249  4.730543218e-05  -6.6721017e-05
211.7387739  4.718894931e-05  -6.655672602e-05
211.9195339  4.710848256e-05  -6.644323327e-05
212  4.707272863e-05  -6.639280485e-05
212.0804661  4.70370154e-05  -6.634243382e-05
212.2612261  4.695693678e-05  -6.622948851e-05
212.5220751  4.684173793e-05  -6.606700856e-05
212.834721  4.67042216e-05  -6.587305135e-05
213.165279  4.655948433e-05  -6.566890952e-05
213.4779249  4.642320816e-05  -6.547670147e-05
213.7387739  4.630996662e-05  -6.531698216e-05
213.9195339  4.623173669e-05  -6.52066443e-05
214  4.619697606e-05  -6.515761685e-05
214.0804661  4.616225462e-05  -6.510864467e-05
214.2612261  4.608439852e-05  -6.499883407e-05
214.5220751  4.597239367e-05  -6.484085902e-05
214.834721  4.583868505e-05  -6.465227234e-05
215.165279  4.569794951e-05  -6.445377466e-05
215.4779249  4.556543556e-05  -6.426687296e-05
215.7387739  4.545531619e-05  -6.411155726e-05
215.9195339  4.537924095e-05  -6.400425843e-05
216  4.534543715e-05  -6.395658053e-05
216.0804661  4.531167111e-05  -6.390895588e-05
216.2612261  4.523595604e-05  -6.380216505e-05
216.5220751  4.512702819e-05  -6.364852991e-05
216.834721  4.499698801e-05  -6.346511729e-05
217.165279  4.486010803e-05  -6.32720576e-05
217.4779249  4.473121907e-05  -6.309026871e-05
217.7387739  4.462410814e-05  -6.293919621e-05
217.9195339  4.455010917e-05  -6.283482582e-05
218  4.451722742e-05  -6.278844839e-05
218.0804661  4.448438205e-05  -6.274212229e-05
218.2612261  4.441073022e-05  -6.263824151e-05
218.5220751  4.430476768e-05  -6.248878874e-05
218.834721  4.417826296e-05  -6.231036263e-05
219.165279  4.404509897e-05  -6.21225441e-05
219.4779249  4.391970398e-05  -6.194568321e-05
219.7387739  4.38154929e-05  -6.179870074e-05
219.9195339  4.374349534e-05  -6.169715319e-05
220  4.371150239e-05  -6.165202936e-05
220.0804661  4.367954453e-05  -6.160695502e-05
220.2612261  4.360788165e-05  -6.150587953e-05
220.5220751  4.350477777e-05  -6.136045868e-05
220.834721  4.338168149e-05  -6.118683995e-05
221.165279  4.325210019e-05  -6.100407456e-05
221.4779249  4.313007402e-05  -6.083196515e-05
221.7387739  4.302865905e-05  -6.06889264e-05
221.9195339  4.295859136e-05  -6.05901008e-05
222  4.292745548e-05  -6.05461858e-05
222.0804661  4.289635343e-05  -6.050231853e-05
222.2612261  4.282660853e-05  -6.04039482e-05
222.5220751  4.272626139e-05  -6.026241556e-05
222.834721  4.26064522e-05  -6.009343304e-05
223.165279  4.248032622e-05  -5.991554114e-05
223.4779249  4.236154927e-05  -5.974801452e-05
223.7387739  4.226283127e-05  -5.960877965e-05
223.9195339  4.219462509e-05  -5.951257959e-05
224  4.216431592e-05  -5.946983062e-05
224.0804661  4.21340394e-05  -5.942712769e-05
224.2612261  4.206614464e-05  -5.933136686e-05
224.5220751  4.196845683e-05  -5.919358502e-05
224.834721  4.185181874e-05  -5.902907511e-05
225.165279  4.172902632e-05  -5.885588495e-05
225.4779249  4.161338424e-05  -5.869277986e-05
225.7387739  4.151726841e-05  -5.855721518e-05
225.9195339  4.145085839e-05  -5.846354846e-05
226  4.142134693e-05  -5.842192461e-05
226.0804661  4.139186697e-05  -5.838034519e-05
226.2612261  4.132575749e-05  -5.828710236e-05
226.5220751  4.123063588e-05  -5.815293995e-05
226.834721  4.111705794e-05  -5.799274619e-05
227.165279  4.099748262e-05  -5.782409353e-05
227.4779249  4.088486607e-05  -5.766525572e-05
227.7387739  4.079126176e-05  -5.753323336e-05
227.9195339  4.072658537e-05  -5.744201182e-05
228  4.069784387e-05  -5.740147394e-05
228.0804661  4.066913278e-05  -5.736097895e-05
228.2612261  4.060474652e-05  -5.727016662e-05
228.5220751  4.0512102e-05  -5.713949797e-05
228.834721  4.040147811e-05  -5.698347068e-05
229.165279  4.028500849e-05  -5.681919839e-05
229.4779249  4.017531283e-05  -5.66644803e-05
229.7387739  4.008413329e-05  -5.653587791e-05
229.9195339  4.002113071e-05  -5.644701717e-05
230  3.999313262e-05  -5.640752781e-05
230.0804661  3.99651639e-05  -5.636807988e-05
230.2612261  3.990244149e-05  -5.627961429e-05
230.5220751  3.981218879e-05  -5.615231914e-05
230.834721  3.970441738e-05  -5.600031507e-05
231.165279  3.959094683e-05  -5.584027277e-05
231.4779249  3.948407192e-05  -5.568953315e-05
231.7387739  3.939523412e-05  -5.556423362e-05
231.9195339  3.93338481e-05  -5.547765291e-05
232  3.930656799e-05  -5.543917623e-05
232.0804661  3.927931626e-05  -5.540073955e-05
232.2612261  3.921820087e-05  -5.531454055e-05
232.5220751  3.913025836e-05  -5.519050377e-05
232.834721  3.90252422e-05  -5.504238578e-05
233.165279  3.891466863e-05  -5.488642947e-05
233.4779249  3.881051857e-05  -5.473953307e-05
233.7387739  3.872394301e-05  -5.461742427e-05
233.9195339  3.86641187e-05  -5.453304625e-05
234  3.863753225e-05  -5.449554791e-05
234.0804661  3.86109732e-05  -5.445808822e-05
234.2612261  3.855141039e-05  -5.437407903e-05
234.5220751  3.84656999e-05  -5.425319035e-05
234.834721  3.836334586e-05  -5.41088271e-05
235.165279  3.825557149e-05  -5.395681886e-05
235.4779249  3.815405445e-05  -5.381363615e-05
235.7387739  3.806966496e-05  -5.369461065e-05
235.9195339  3.801134984e-05  -5.361236123e-05
236  3.798543371e-05  -5.357580834e-05
236.0804661  3.795954407e-05  -5.353929281e-05
236.2612261  3.79014817e-05  -5.345739988e-05
236.5220751  3.781792832e-05  -5.333955366e-05
236.834721  3.771814718e-05  -5.319881931e-05
237.165279  3.761307832e-05  -5.3050627e-05
237.4779249  3.751410628e-05  -5.291103383e-05
237.7387739  3.743182987e-05  -5.279498869e-05
237.9195339  3.73749736e-05  -5.271479688e-05
238  3.734970545e-05  -5.267915792e-05
238.0804661  3.732446292e-05  -5.264355509e-05
238.2612261  3.7267851e-05  -5.256370792e-05
238.5220751  3.718638297e-05  -5.244880293e-05
238.834721  3.708908921e-05  -5.231157686e-05
239.165279  3.698663604e-05  -5.216707381e-05
239.4779249  3.689012464e-05  -5.20309512e-05
239.7387739  3.680989136e-05  -5.191778775e-05
239.9195339  3.675444568e-05  -5.183958547e-05
240  3.672980409e-05  -5.180483023e-05
240.0804661  3.670518727e-05  -5.177010992e-05
240.2612261  3.664997791e-05  -5.169224095e-05
240.5220751  3.657052638e-05  -5.158018011e-05
240.834721  3.647563801e-05  -5.144634667e-05
241.165279  3.637571444e-05  -5.130541144e-05
241.4779249  3.628158278e-05  -5.117264529e-05
241.7387739  3.620332553e-05  -5.106226889e-05
241.9195339  3.614924416e-05  -5.098599089e-05
242  3.612520859e-05  -5.095209038e-05
242.0804661  3.610119697e-05  -5.091822367e-05
242.2612261  3.60473442e-05  -5.084226809e-05
242.5220751  3.596984318e-05  -5.07329583e-05
242.834721  3.587728156e-05  -5.060240658e-05
243.165279  3.577980499e-05  -5.046492267e-05
243.4779249  3.568797547e-05  -5.033540353e-05
243.7387739  3.56116299e-05  -5.022772341e-05
243.9195339  3.555886844e-05  -5.015330706e-05
244  3.553541917e-05  -5.012023349e-05
244.0804661  3.551199308e-05  -5.008719263e-05
244.2612261  3.545945282e-05  -5.001308825e-05
244.5220751  3.538383899e-05  -4.99064402e-05
244.834721  3.529352866e-05  -4.977906377e-05
245.165279  3.519841984e-05  -4.964491941e-05
245.4779249  3.5108818e-05  -4.951854225e-05
245.7387739  3.503432233e-05  -4.941347131e-05
245.9195339  3.498283819e-05  -4.934085651e-05
246  3.49599563e-05  -4.93085832e-05
246.0804661  3.493709686e-05  -4.927634155e-05
246.2612261  3.488582681e-05  -4.920402871e-05
246.5220751  3.481203937e-05  -4.909995667e-05
246.834721  3.472390792e-05  -4.897565339e-05
247.165279  3.463109078e-05  -4.884474128e-05
247.4779249  3.454364514e-05  -4.87214053e-05
247.7387739  3.44709401e-05  -4.861885991e-05
247.9195339  3.442069237e-05  -4.854798898e-05
248  3.439835971e-05  -4.851649033e-05
248.0804661  3.437604878e-05  -4.848502232e-05
248.2612261  3.432600832e-05  -4.841444373e-05
248.5220751  3.425398893e-05  -4.83128654e-05
248.834721  3.416796682e-05  -4.81915372e-05
249.165279  3.407736832e-05  -4.806375433e-05
249.4779249  3.399201026e-05  -4.794336273e-05
249.7387739  3.392103891e-05  -4.784326259e-05
249.9195339  3.387198831e-05  -4.777408014e-05
250  3.385018745e-05  -4.774333154e-05
250.0804661  3.382840763e-05  -4.771261262e-05
250.2612261  3.377955774e-05  -4.764371326e-05
250.5220751  3.370925038e-05  -4.754454961e-05
250.834721  3.362527082e-05  -4.74261023e-05
251.165279  3.353682082e-05  -4.730134973e-05
251.4779249  3.34534844e-05  -4.718380952e-05
251.7387739  3.338419206e-05  -4.70860775e-05
251.9195339  3.333630087e-05  -4.701853031e-05
252  3.331501505e-05  -4.698850814e-05
252.0804661  3.329374961e-05  -4.695851472e-05
252.2612261  3.324605283e-05  -4.689124174e-05
252.5220751  3.317740364e-05  -4.679441684e-05
252.834721  3.309540249e-05  -4.667875993e-05
253.165279  3.300903358e-05  -4.65569426e-05
253.4779249  3.292765547e-05  -4.644216444e-05
253.7387739  3.285998959e-05  -4.634672643e-05
253.9195339  3.281322156e-05  -4.628076337e-05
254  3.279243468e-05  -4.625144493e-05
254.0804661  3.277166755e-05  -4.622215434e-05
254.2612261  3.272508787e-05  -4.615645695e-05
254.5220751  3.265804513e-05  -4.606189783e-05
254.834721  3.257796072e-05  -4.594894436e-05
255.165279  3.249360812e-05  -4.582997089e-05
255.4779249  3.241412744e-05  -4.571786892e-05
255.7387739  3.234803751e-05  -4.562465369e-05
255.9195339  3.230235778e-05  -4.556022561e-05
256  3.228205438e-05  -4.553158907e-05
256.0804661  3.226177011e-05  -4.550297952e-05
256.2612261  3.221627292e-05  -4.543880891e-05
256.5220751  3.215078688e-05  -4.534644541e-05
256.834721  3.207255995e-05  -4.523611177e-05
257.165279  3.199016139e-05  -4.511989433e-05
257.4779249  3.19125196e-05  -4.5010386e-05
257.7387739  3.184795706e-05  -4.491932505e-05
257.9195339  3.180333213e-05  -4.485638469e-05
258  3.178349732e-05  -4.482840907e-05
258.0804661  3.176368106e-05  -4.480045961e-05
258.2612261  3.171923308e-05  -4.473776883e-05
258.5220751  3.165525592e-05  -4.464753351e-05
258.834721  3.157882946e-05  -4.45397393e-05
259.165279  3.149832504e-05  -4.442619343e-05
259.4779249  3.142246585e-05  -4.431919933e-05
259.7387739  3.135938401e-05  -4.423022678e-05
259.9195339  3.131578165e-05  -4.416872869e-05
260  3.129640112e-05  -4.41413938e-05
260.0804661  3.127703858e-05  -4.411408429e-05
260.2612261  3.123360779e-05  -4.405282818e-05
260.5220751  3.117109351e-05  -4.396465615e-05
260.834721  3.109641268e-05  -4.385932404e-05
261.165279  3.10177448e-05  -4.374836847e-05
261.4779249  3.094361406e-05  -4.364381223e-05
261.7387739  3.088196797e-05  -4.355686471e-05
261.9195339  3.083935717e-05  -4.349676515e-05
262  3.082041716e-05  -4.347005159e-05
262.0804661  3.080149459e-05  -4.344336262e-05
262.2612261  3.075905019e-05  -4.338349775e-05
262.5220751  3.069795454e-05  -4.329732658e-05
262.834721  3.062496658e-05  -4.319438216e-05
263.165279  3.054807979e-05  -4.308593869e-05
263.4779249  3.047562538e-05  -4.29837468e-05
263.7387739  3.04153718e-05  -4.289876332e-05
263.9195339  3.037372274e-05  -4.284002022e-05
264  3.035520999e-05  -4.281390928e-05
264.0804661  3.033671417e-05  -4.278782221e-05
264.2612261  3.029522651e-05  -4.272930675e-05
264.5220751  3.023550687e-05  -4.264507637e-05
264.834721  3.016416101e-05  -4.2544448e-05
265.165279  3.008900195e-05  -4.243844138e-05
265.4779249  3.001817371e-05  -4.233854308e-05
265.7387739  2.995927102e-05  -4.225546494e-05
265.9195339  2.991855495e-05  -4.219803776e-05
266  2.990045672e-05  -4.217251146e-05
266.0804661  2.98823749e-05  -4.214700832e-05
266.2612261  2.984181544e-05  -4.208980203e-05
266.5220751  2.978343082e-05  -4.200745458e-05
266.834721  2.971367816e-05  -4.190907332e-05
267.165279  2.964019544e-05  -4.180543106e-05
267.4779249  2.957094508e-05  -4.170775824e-05
267.7387739  2.951335318e-05  -4.162652889e-05
267.9195339  2.947354246e-05  -4.157037864e-05
268  2.945584645e-05  -4.154541965e-05
268.0804661  2.943816638e-05  -4.152048314e-05
268.2612261  2.939850764e-05  -4.146454725e-05
268.5220751  2.934141852e-05  -4.138402702e-05
268.834721  2.927321198e-05  -4.128782645e-05
269.165279  2.920135613e-05  -4.118647878e-05
269.4779249  2.913363711e-05  -4.109096582e-05
269.7387739  2.907731741e-05  -4.101153081e-05
269.9195339  2.903838539e-05  -4.095661989e-05
270  2.902107978e-05  -4.093221154e-05
270.0804661  2.900378963e-05  -4.0907825e-05
270.2612261  2.896500513e-05  -4.085312216e-05
270.5220751  2.890917348e-05  -4.07743755e-05
270.834721  2.88424677e-05  -4.068029165e-05
271.165279  2.877219104e-05  -4.058117132e-05
271.4779249  2.870595855e-05  -4.048775499e-05
271.7387739  2.865087385e-05  -4.041006186e-05
271.9195339  2.861279485e-05  -4.035635409e-05
272  2.859586824e-05  -4.033248028e-05
272.0804661  2.857895664e-05  -4.030862765e-05
272.2612261  2.854102088e-05  -4.02551219e-05
272.5220751  2.848641003e-05  -4.01780971e-05
272.834721  2.84211613e-05  -4.008606832e-05
273.165279  2.83524179e-05  -3.998911053e-05
273.4779249  2.828762873e-05  -3.989772993e-05
273.7387739  2.823374319e-05  -3.982172812e-05
273.9195339  2.819649248e-05  -3.976918859e-05
274  2.817993388e-05  -3.974583384e-05
274.0804661  2.816338986e-05  -3.972249965e-05
274.2612261  2.812627825e-05  -3.967015631e-05
274.5220751  2.807285286e-05  -3.959480353e-05
274.834721  2.800901906e-05  -3.950477039e-05
275.165279  2.794176463e-05  -3.940991271e-05
275.4779249  2.787837717e-05  -3.932050911e-05
275.7387739  2.782565622e-05  -3.924614988e-05
275.9195339  2.778920995e-05  -3.919474495e-05
276  2.777300877e-05  -3.917189431e-05
276.0804661  2.775682175e-05  -3.914906365e-05
276.2612261  2.772051059e-05  -3.909784929e-05
276.5220751  2.766823661e-05  -3.902412048e-05
276.834721  2.760577711e-05  -3.893602571e-05
277.165279  2.753996896e-05  -3.884320791e-05
277.4779249  2.747794306e-05  -3.875572468e-05
277.7387739  2.742635339e-05  -3.868296105e-05
277.9195339  2.739068856e-05  -3.863265829e-05
278  2.737483458e-05  -3.861029736e-05
278.0804661  2.735899436e-05  -3.858795584e-05
278.2612261  2.73234608e-05  -3.853783822e-05
278.5220751  2.727230537e-05  -3.846568706e-05
278.834721  2.721118102e-05  -3.837947541e-05
279.165279  2.714677798e-05  -3.828863941e-05
279.4779249  2.708607491e-05  -3.820302196e-05
279.7387739  2.703558438e-05  -3.813180858e-05
279.9195339  2.700067881e-05  -3.808257671e-05
280  2.698516219e-05  -3.80606916e-05
280.0804661  2.696965894e-05  -3.803882534e-05
280.2612261  2.693488093e-05  -3.798977338e-05
280.5220751  2.688481237e-05  -3.791915516e-05
280.834721  2.682498536e-05  -3.783477334e-05
281.165279  2.676194772e-05  -3.774586313e-05
281.4779249  2.670253013e-05  -3.766205877e-05
281.7387739  2.665310774e-05  -3.759235193e-05
281.9195339  2.661894004e-05  -3.754416076e-05
282  2.660375127e-05  -3.752273806e-05
282.0804661  2.658857549e-05  -3.750133369e-05
282.2612261  2.655453176e-05  -3.745331737e-05
282.5220751  2.65055195e-05  -3.738418899e-05
282.834721  2.644695339e-05  -3.730158557e-05
283.165279  2.638524281e-05  -3.721454709e-05
283.4779249  2.632707467e-05  -3.713250499e-05
283.7387739  2.62786905e-05  -3.706426249e-05
283.9195339  2.624524e-05  -3.701708289e-05
284  2.623036991e-05  -3.699610967e-05
284.0804661  2.621551246e-05  -3.697515426e-05
284.2612261  2.618218248e-05  -3.692814464e-05
284.5220751  2.6134197e-05  -3.686046448e-05
284.834721  2.607685661e-05  -3.677958984e-05
285.165279  2.60164361e-05  -3.669437093e-05
285.4779249  2.595948262e-05  -3.661404201e-05
285.7387739  2.59121078e-05  -3.654722312e-05
285.9195339  2.587935458e-05  -3.650102698e-05
286  2.586479431e-05  -3.648049075e-05
286.0804661  2.585024634e-05  -3.645997184e-05
286.2612261  2.58176103e-05  -3.641394098e-05
286.5220751  2.577062313e-05  -3.634766885e-05
286.834721  2.571447448e-05  -3.626847509e-05
287.165279  2.565530834e-05  -3.618502537e-05
287.4779249  2.559953593e-05  -3.610636228e-05
287.7387739  2.555314257e-05  -3.604092768e-05
287.9195339  2.552106738e-05  -3.599568785e-05
288  2.55068084e-05  -3.597557655e-05
288.0804661  2.549256136e-05  -3.595548209e-05
288.2612261  2.546060013e-05  -3.591040301e-05
288.5220751  2.541458377e-05  -3.584550014e-05
288.834721  2.535959407e-05  -3.576794099e-05
289.165279  2.530164781e-05  -3.568621183e-05
289.4779249  2.524702405e-05  -3.560916882e-05
289.7387739  2.520158522e-05  -3.554508052e-05
289.9195339  2.517016948e-05  -3.55007708e-05
290  2.515620352e-05  -3.548107278e-05
290.0804661  2.514224918e-05  -3.546139116e-05
290.2612261  2.511094428e-05  -3.541723778e-05
290.5220751  2.506587217e-05  -3.535366671e-05
290.834721  2.501200974e-05  -3.52776975e-05
291.165279  2.495525005e-05  -3.519764192e-05
291.4779249  2.49017436e-05  -3.51221748e-05
291.7387739  2.485723331e-05  -3.505939614e-05
291.9195339  2.482645905e-05  -3.501599119e-05
292  2.481277814e-05  -3.499669522e-05
292.0804661  2.479910854e-05  -3.497741519e-05
292.2612261  2.476844213e-05  -3.493416235e-05
292.5220751  2.47242886e-05  -3.487188688e-05
292.834721  2.467152284e-05  -3.479746445e-05
293.165279  2.461591756e-05  -3.471903707e-05
293.4779249  2.456349815e-05  -3.464510316e-05
293.7387739  2.451989127e-05  -3.458359868e-05
293.9195339  2.448974115e-05  -3.454107404e-05
294  2.447633759e-05  -3.452216925e-05
294.0804661  2.446294502e-05  -3.450327997e-05
294.2612261  2.443289985e-05  -3.446090334e-05
294.5220751  2.438964012e-05  -3.43998885e-05
294.834721  2.433794145e-05  -3.432697114e-05
295.165279  2.428345948e-05  -3.425012811e-05
295.4779249  2.423209787e-05  -3.417768615e-05
295.7387739  2.418937011e-05  -3.411742161e-05
295.9195339  2.415982737e-05  -3.407575364e-05
296  2.414669371e-05  -3.405722951e-05
296.0804661  2.413357075e-05  -3.403872049e-05
296.2612261  2.410413014e-05  -3.399719657e-05
296.5220751  2.406174024e-05  -3.393740857e-05
296.834721  2.40110801e-05  -3.386595597e-05
297.165279  2.395769137e-05  -3.379065489e-05
297.4779249  2.39073593e-05  -3.371966501e-05
297.7387739  2.386548718e-05  -3.36606073e-05
297.9195339  2.383653562e-05  -3.361977314e-05
298  2.382366465e-05  -3.360161953e-05
298.0804661  2.381080411e-05  -3.358348063e-05
298.2612261  2.378195196e-05  -3.35427867e-05
298.5220751  2.374040873e-05  -3.348419286e-05
298.834721  2.369075947e-05  -3.341416604e-05
299.165279  2.363843494e-05  -3.334036593e-05
299.4779249  2.358910507e-05  -3.327078958e-05
299.7387739  2.35480659e-05  -3.321290669e-05
299.9195339  2.351968984e-05  -3.317288424e-05
300  2.350707462e-05  -3.315509135e-05
300.0804661  2.349446954e-05  -3.313731276e-05
300.2612261  2.346619028e-05  -3.309742683e-05
300.5220751  2.342547131e-05  -3.303999557e-05
300.834721  2.337680623e-05  -3.297135685e-05
301.165279  2.332551779e-05  -3.289901809e-05
301.4779249  2.327716369e-05  -3.283081799e-05
301.7387739  2.323693552e-05  -3.277407897e-05
301.9195339  2.320911982e-05  -3.273484685e-05
302  2.31967536e-05  -3.271740517e-05
302.0804661  2.318439727e-05  -3.269997742e-05
302.2612261  2.315667582e-05  -3.266087825e-05
302.5220751  2.311675946e-05  -3.260457901e-05
302.834721  2.306905271e-05  -3.253729195e-05
303.165279  2.30187732e-05  -3.24663762e-05
303.4779249  2.297136929e-05  -3.239951629e-05
303.7387739  2.29319309e-05  -3.234389119e-05
303.9195339  2.290466089e-05  -3.230542874e-05
304  2.289253718e-05  -3.228832909e-05
304.0804661  2.288042308e-05  -3.227124301e-05
304.2612261  2.285324488e-05  -3.223291004e-05
304.5220751  2.281411017e-05  -3.217771326e-05
304.834721  2.276733674e-05  -3.21117426e-05
305.165279  2.271803987e-05  -3.204221279e-05
305.4779249  2.267156142e-05  -3.197665818e-05
305.7387739  2.263289227e-05  -3.192211804e-05
305.9195339  2.260615378e-05  -3.188440525e-05
306  2.259426626e-05  -3.186763874e-05
306.0804661  2.258238812e-05  -3.185088545e-05
306.2612261  2.255573905e-05  -3.181329879e-05
306.5220751  2.251736572e-05  -3.175917588e-05
306.834721  2.247150143e-05  -3.16944875e-05
307.165279  2.242316175e-05  -3.162630775e-05
307.4779249  2.237758484e-05  -3.156202469e-05
307.7387739  2.233966505e-05  -3.150854146e-05
307.9195339  2.231344434e-05  -3.147155899e-05
308  2.230178693e-05  -3.145511702e-05
308.0804661  2.229013866e-05  -3.143868794e-05
308.2612261  2.226400507e-05  -3.140182834e-05
308.5220751  2.222637349e-05  -3.134875162e-05
308.834721  2.218139494e-05  -3.128531251e-05
309.165279  2.213398784e-05  -3.121844808e-05
309.4779249  2.208928929e-05  -3.115540389e-05
309.7387739  2.205209962e-05  -3.110295046e-05
309.9195339  2.202638342e-05  -3.106667955e-05
310  2.201495022e-05  -3.105055381e-05
310.0804661  2.200352591e-05  -3.103444062e-05
310.2612261  2.197789461e-05  -3.099828945e-05
310.5220751  2.194098578e-05  -3.094623213e-05
310.834721  2.18968703e-05  -3.088401032e-05
311.165279  2.185037193e-05  -3.081842761e-05
311.4779249  2.180652932e-05  -3.075659066e-05
311.7387739  2.177005116e-05  -3.070514074e-05
311.9195339  2.17448266e-05  -3.066956327e-05
312  2.173361189e-05  -3.06537457e-05
312.0804661  2.172240585e-05  -3.063794036e-05
312.2612261  2.169726403e-05  -3.060247958e-05
312.5220751  2.166105958e-05  -3.055141572e-05
312.834721  2.161778523e-05  -3.049038026e-05
313.165279  2.157217252e-05  -3.042604671e-05
313.4779249  2.152916413e-05  -3.036538638e-05
313.7387739  2.149337943e-05  -3.031491455e-05
313.9195339  2.146863407e-05  -3.028001294e-05
314  2.145763231e-05  -3.026449573e-05
314.0804661  2.144663901e-05  -3.024899045e-05
314.2612261  2.142197431e-05  -3.021420259e-05
314.5220751  2.138645641e-05  -3.016410707e-05
314.834721  2.134400194e-05  -3.010422801e-05
315.165279  2.129925254e-05  -3.004111209e-05
315.4779249  2.125705735e-05  -2.998159871e-05
315.7387739  2.122194864e-05  -2.993208033e-05
315.9195339  2.119767041e-05  -2.989783758e-05
316  2.118687626e-05  -2.988261317e-05
316.0804661  2.117609035e-05  -2.98674004e-05
316.2612261  2.115189075e-05  -2.983326855e-05
316.5220751  2.111704216e-05  -2.978411704e-05
316.834721  2.107538699e-05  -2.972536533e-05
317.165279  2.103147925e-05  -2.966343652e-05
317.4779249  2.099007688e-05  -2.960504135e-05
317.7387739  2.095562725e-05  -2.955645255e-05
317.9195339  2.093180447e-05  -2.952285218e-05
318  2.092121273e-05  -2.950791327e-05
318.0804661  2.091062902e-05  -2.949298568e-05
318.2612261  2.088688291e-05  -2.945949345e-05
318.5220751  2.085268691e-05  -2.941126238e-05
318.834721  2.081181111e-05  -2.935360991e-05
319.165279  2.076872405e-05  -2.929283862e-05
319.4779249  2.072809476e-05  -2.923553383e-05
319.7387739  2.069428782e-05  -2.918785149e-05
319.9195339  2.067090917e-05  -2.915487753e-05
320  2.06605148e-05  -2.9140217e-05
320.0804661  2.065012828e-05  -2.912556753e-05
320.2612261  2.06268244e-05  -2.909269903e-05
320.5220751  2.05932648e-05  -2.904536556e-05
320.834721  2.055314904e-05  -2.898878507e-05
321.165279  2.051086234e-05  -2.892914263e-05
321.4779249  2.0470987e-05  -2.887290124e-05
321.7387739  2.043780685e-05  -2.882610295e-05
321.9195339  2.041486136e-05  -2.879373993e-05
322  2.04046595e-05  -2.877935092e-05
322.0804661  2.039446529e-05  -2.87649727e-05
322.2612261  2.037159272e-05  -2.873271254e-05
322.5220751  2.033865384e-05  -2.868625453e-05
322.834721  2.029927939e-05  -2.863071962e-05
323.165279  2.025777335e-05  -2.857217824e-05
323.4779249  2.021863342e-05  -2.85169741e-05
323.7387739  2.018606467e-05  -2.847103814e-05
323.9195339  2.01635417e-05  -2.843927106e-05
324  2.015352762e-05  -2.84251469e-05
324.0804661  2.014352101e-05  -2.841103327e-05
324.2612261  2.012106918e-05  -2.837936653e-05
324.5220751  2.008873579e-05  -2.833376253e-05
324.834721  2.00500845e-05  -2.827924758e-05
325.165279  2.000934002e-05  -2.822178033e-05
325.4779249  1.997091753e-05  -2.816758809e-05
325.7387739  1.993894525e-05  -2.812249341e-05
325.9195339  1.991683448e-05  -2.809130771e-05
326  1.990700361e-05  -2.807744195e-05
326.0804661  1.989718002e-05  -2.806358646e-05
326.2612261  1.987513867e-05  -2.803249867e-05
326.5220751  1.984339602e-05  -2.798772788e-05
326.834721  1.980545029e-05  -2.793420807e-05
327.165279  1.976544885e-05  -2.787778883e-05
327.4779249  1.972772638e-05  -2.782458391e-05
327.7387739  1.969633608e-05  -2.778031008e-05
327.9195339  1.967462753e-05  -2.774969168e-05
328  1.966497542e-05  -2.773607805e-05
328.0804661  1.965533041e-05  -2.772247444e-05
328.2612261  1.96336896e-05  -2.769195158e-05
328.5220751  1.960252339e-05  -2.764799381e-05
328.834721  1.956526615e-05  -2.759544507e-05
329.165279  1.95259898e-05  -2.754004851e-05
329.4779249  1.948895043e-05  -2.748780707e-05
329.7387739  1.945812809e-05  -2.74443343e-05
329.9195339  1.943681205e-05  -2.741426952e-05
330  1.94273344e-05  -2.740090194e-05
330.0804661  1.941786367e-05  -2.738754414e-05
330.2612261  1.939661374e-05  -2.73575726e-05
330.5220751  1.93660101e-05  -2.73144083e-05
330.834721  1.93294248e-05  -2.726280727e-05
331.165279  1.929085611e-05  -2.720840882e-05
331.4779249  1.925448346e-05  -2.715710774e-05
331.7387739  1.922421545e-05  -2.711441682e-05
331.9195339  1.920328252e-05  -2.708489238e-05
332  1.919397514e-05  -2.707176496e-05
332.0804661  1.918467452e-05  -2.705864709e-05
332.2612261  1.916380612e-05  -2.702921367e-05
332.5220751  1.913375159e-05  -2.698682385e-05
332.834721  1.909782216e-05  -2.693614789e-05
333.165279  1.905994424e-05  -2.688272371e-05
333.4779249  1.90242224e-05  -2.683234055e-05
333.7387739  1.899449551e-05  -2.679041284e-05
333.9195339  1.897393657e-05  -2.676141588e-05
334  1.89647954e-05  -2.67485229e-05
334.0804661  1.895566084e-05  -2.673563924e-05
334.2612261  1.89351649e-05  -2.670673114e-05
334.5220751  1.890564642e-05  -2.666509738e-05
334.834721  1.887035727e-05  -2.661532451e-05
335.165279  1.883315372e-05  -2.656285148e-05
335.4779249  1.879806726e-05  -2.651336448e-05
335.7387739  1.876886866e-05  -2.647218189e-05
335.9195339  1.874867485e-05  -2.644369992e-05
336  1.873969597e-05  -2.643103583e-05
336.0804661  1.873072353e-05  -2.641838084e-05
336.2612261  1.871059123e-05  -2.638998563e-05
336.5220751  1.868159613e-05  -2.634909006e-05
336.834721  1.864693215e-05  -2.630019893e-05
337.165279  1.861038705e-05  -2.624865462e-05
337.4779249  1.857592099e-05  -2.620004263e-05
337.7387739  1.854723824e-05  -2.615958762e-05
337.9195339  1.852740096e-05  -2.613160851e-05
338  1.851858054e-05  -2.611916793e-05
338.0804661  1.850976643e-05  -2.610673623e-05
338.2612261  1.848998921e-05  -2.607884185e-05
338.5220751  1.846150519e-05  -2.603866712e-05
338.834721  1.84274517e-05  -2.599063704e-05
339.165279  1.839154961e-05  -2.593999964e-05
339.4779249  1.83576894e-05  -2.589224218e-05
339.7387739  1.832951042e-05  -2.58524977e-05
339.9195339  1.831002133e-05  -2.582500968e-05
340  1.830135567e-05  -2.581278738e-05
340.0804661  1.829269617e-05  -2.580057375e-05
340.2612261  1.827326574e-05  -2.577316849e-05
340.5220751  1.824528085e-05  -2.573369775e-05
340.834721  1.82118236e-05  -2.568650862e-05
341.165279  1.817654951e-05  -2.563675699e-05
341.4779249  1.814328104e-05  -2.558983413e-05
341.7387739  1.811559411e-05  -2.555078364e-05
341.9195339  1.80964451e-05  -2.55237753e-05
342  1.808793061e-05  -2.551176619e-05
342.0804661  1.807942212e-05  -2.549976556e-05
342.2612261  1.806033042e-05  -2.547283805e-05
342.5220751  1.803283308e-05  -2.543405496e-05
342.834721  1.799995821e-05  -2.538768726e-05
343.165279  1.796529758e-05  -2.533880085e-05
343.4779249  1.793260714e-05  -2.529269326e-05
343.7387739  1.790540086e-05  -2.52543207e-05
343.9195339  1.788658408e-05  -2.522778093e-05
344  1.787821724e-05  -2.52159801e-05
344.0804661  1.786985628e-05  -2.520418754e-05
344.2612261  1.785109548e-05  -2.517772674e-05
344.5220751  1.782407442e-05  -2.513961542e-05
344.834721  1.779176851e-05  -2.509405019e-05
345.165279  1.775770718e-05  -2.504600906e-05
345.4779249  1.772558146e-05  -2.500069796e-05
345.7387739  1.769884478e-05  -2.496298773e-05
345.9195339  1.768035257e-05  -2.493690576e-05
346  1.767213001e-05  -2.492530841e-05
346.0804661  1.766391318e-05  -2.491371914e-05
346.2612261  1.764547567e-05  -2.488771433e-05
346.5220751  1.761891996e-05  -2.485025934e-05
346.834721  1.758716995e-05  -2.480547817e-05
347.165279  1.755369419e-05  -2.475826295e-05
347.4779249  1.752212026e-05  -2.471373011e-05
347.7387739  1.749584242e-05  -2.467666704e-05
347.9195339  1.747766737e-05  -2.46510324e-05
348  1.746958577e-05  -2.463963388e-05
348.0804661  1.746150979e-05  -2.462824326e-05
348.2612261  1.744338819e-05  -2.460268401e-05
348.5220751  1.74172872e-05  -2.456587038e-05
348.834721  1.738608042e-05  -2.452185539e-05
349.165279  1.735317688e-05  -2.447544724e-05
349.4779249  1.732214216e-05  -2.443167494e-05
349.7387739  1.729631273e-05  -2.439524432e-05
349.9195339  1.727844763e-05  -2.437004683e-05
350  1.72705038e-05  -2.435884262e-05
350.0804661  1.726256545e-05  -2.434764614e-05
350.2612261  1.724475259e-05  -2.432252234e-05
350.5220751  1.7219096e-05  -2.42863355e-05
350.834721  1.718842012e-05  -2.42430693e-05
351.165279  1.715607584e-05  -2.419744995e-05
351.4779249  1.712556813e-05  -2.415442095e-05
351.7387739  1.710017696e-05  -2.411860848e-05
351.9195339  1.708261479e-05  -2.409383826e-05
352  1.707480562e-05  -2.408282397e-05
352.0804661  1.70670018e-05  -2.407181723e-05
352.2612261  1.704949071e-05  -2.404711904e-05
352.5220751  1.702426848e-05  -2.401154485e-05
352.834721  1.699411152e-05  -2.396901056e-05
353.165279  1.696231389e-05  -2.392416222e-05
353.4779249  1.693232133e-05  -2.38818598e-05
353.7387739  1.690735856e-05  -2.384665156e-05
353.9195339  1.689009252e-05  -2.382229901e-05
354  1.688241498e-05  -2.381147037e-05
354.0804661  1.687474267e-05  -2.380064911e-05
354.2612261  1.685752656e-05  -2.377636698e-05
354.5220751  1.683272895e-05  -2.374139168e-05
354.834721  1.680307927e-05  -2.369957288e-05
355.165279  1.677181605e-05  -2.365547828e-05
355.4779249  1.67423271e-05  -2.361388617e-05
355.7387739  1.671778315e-05  -2.357926865e-05
355.9195339  1.670080662e-05  -2.355532443e-05
356  1.669325776e-05  -2.354467729e-05
356.0804661  1.668571402e-05  -2.353403737e-05
356.2612261  1.66687863e-05  -2.3510162e-05
356.5220751  1.664440383e-05  -2.347577222e-05
356.834721  1.661525013e-05  -2.343465296e-05
357.165279  1.65845094e-05  -2.33912953e-05
357.4779249  1.655551285e-05  -2.335039769e-05
357.7387739  1.653137841e-05  -2.331635774e-05
357.9195339  1.651468494e-05  -2.329281277e-05
358  1.650726191e-05  -2.32823431e-05
358.0804661  1.649984388e-05  -2.327188049e-05
358.2612261  1.648319815e-05  -2.324840284e-05
358.5220751  1.645922161e-05  -2.32145856e-05
358.834721  1.643055288e-05  -2.317415035e-05
359.165279  1.640032306e-05  -2.31315133e-05
359.4779249  1.637180801e-05  -2.309129481e-05
359.7387739  1.634807401e-05  -2.305781966e-05
359.9195339  1.633165736e-05  -2.303466511e-05
360  1.632435737e-05  -2.302436899e-05
360.0804661  1.631706228e-05  -2.301407977e-05
360.2612261  1.630069231e-05  -2.299099106e-05
360.5220751  1.627711273e-05  -2.295773371e-05
360.834721  1.624891827e-05  -2.291796739e-05
361.165279  1.621918811e-05  -2.287603507e-05
361.4779249  1.619114396e-05  -2.283648075e-05
361.7387739  1.616780159e-05  -2.280355797e-05
361.9195339  1.615165567e-05  -2.278078526e-05
362  1.614447602e-05  -2.277065887e-05
362.0804661  1.613730116e-05  -2.276053923e-05
362.2612261  1.612120089e-05  -2.273783092e-05
362.5220751  1.609800956e-05  -2.270512116e-05
362.834721  1.607027897e-05  -2.26660091e-05
363.165279  1.604103752e-05  -2.262476607e-05
363.4779249  1.601345395e-05  -2.258586137e-05
363.7387739  1.599049465e-05  -2.255347887e-05
363.9195339  1.597461353e-05  -2.253107966e-05
364  1.596755159e-05  -2.252111929e-05
364.0804661  1.596049434e-05  -2.251116552e-05
364.2612261  1.594465788e-05  -2.24888293e-05
364.5220751  1.592184632e-05  -2.245665518e-05
364.834721  1.589456948e-05  -2.24181831e-05
365.165279  1.586580608e-05  -2.237761433e-05
365.4779249  1.583867307e-05  -2.23393451e-05
365.7387739  1.581608849e-05  -2.230749113e-05
365.9195339  1.580046642e-05  -2.228545729e-05
366  1.579351963e-05  -2.227565933e-05
366.0804661  1.578657742e-05  -2.226586783e-05
366.2612261  1.577099904e-05  -2.224389561e-05
366.5220751  1.574855901e-05  -2.22122455e-05
366.834721  1.572172608e-05  -2.217439952e-05
367.165279  1.569343036e-05  -2.213449039e-05
367.4779249  1.566673814e-05  -2.209684287e-05
367.7387739  1.564452019e-05  -2.206550599e-05
367.9195339  1.562915156e-05  -2.204382961e-05
368  1.562231743e-05  -2.203419055e-05
368.0804661  1.561548779e-05  -2.202455781e-05
368.2612261  1.560016191e-05  -2.200294173e-05
368.5220751  1.557808537e-05  -2.197180431e-05
368.834721  1.555168676e-05  -2.193457091e-05
369.165279  1.552384865e-05  -2.18953072e-05
369.4779249  1.549758773e-05  -2.1858268e-05
369.7387739  1.54757285e-05  -2.182743707e-05
369.9195339  1.546060786e-05  -2.180611047e-05
370  1.545388397e-05  -2.179662689e-05
370.0804661  1.544716447e-05  -2.17871495e-05
370.2612261  1.543208566e-05  -2.176588189e-05
370.5220751  1.541036482e-05  -2.173524616e-05
370.834721  1.538439121e-05  -2.169861219e-05
371.165279  1.535700089e-05  -2.165998006e-05
371.4779249  1.533116203e-05  -2.162353613e-05
371.7387739  1.530965384e-05  -2.159320033e-05
371.9195339  1.529477588e-05  -2.157221601e-05
372  1.528815987e-05  -2.156288459e-05
372.0804661  1.528154815e-05  -2.155355922e-05
372.2612261  1.526671114e-05  -2.153263265e-05
372.5220751  1.524533839e-05  -2.150248787e-05
372.834721  1.521978071e-05  -2.146644054e-05
373.165279  1.519282862e-05  -2.142842651e-05
373.4779249  1.516740282e-05  -2.139256518e-05
373.7387739  1.51462382e-05  -2.136271395e-05
373.9195339  1.513159776e-05  -2.134206463e-05
374  1.512508733e-05  -2.133288213e-05
374.0804661  1.511858111e-05  -2.132370556e-05
374.2612261  1.510398074e-05  -2.130311276e-05
374.5220751  1.508294868e-05  -2.12734485e-05
374.834721  1.50577981e-05  -2.123797535e-05
375.165279  1.503127495e-05  -2.12005663e-05
375.4779249  1.500625345e-05  -2.116527521e-05
375.7387739  1.498542511e-05  -2.11358983e-05
375.9195339  1.497101716e-05  -2.111557689e-05
376  1.496461009e-05  -2.110654016e-05
376.0804661  1.495820712e-05  -2.109750922e-05
376.2612261  1.49438384e-05  -2.107724314e-05
376.5220751  1.492313983e-05  -2.104804925e-05
376.834721  1.489838774e-05  -2.101313815e-05
377.165279  1.487228448e-05  -2.097632131e-05
377.4779249  1.484765875e-05  -2.094158844e-05
377.7387739  1.482715962e-05  -2.091267584e-05
377.9195339  1.481297926e-05  -2.089267543e-05
378  1.480667336e-05  -2.08837814e-05
378.0804661  1.480037148e-05  -2.087489304e-05
378.2612261  1.478622952e-05  -2.08549468e-05
378.5220751  1.476585743e-05  -2.082621338e-05
378.834721  1.474149546e-05  -2.079185251e-05
379.165279  1.471580326e-05  -2.075561546e-05
379.4779249  1.469156501e-05  -2.072142909e-05
379.7387739  1.467138818e-05  -2.069297107e-05
379.9195339  1.465743064e-05  -2.067328495e-05
380  1.465122379e-05  -2.066453062e-05
380.0804661  1.464502089e-05  -2.065578185e-05
380.2612261  1.463110095e-05  -2.063614875e-05
380.5220751  1.461104851e-05  -2.060786618e-05
380.834721  1.45870685e-05  -2.057404404e-05
381.165279  1.456177878e-05  -2.053837466e-05
381.4779249  1.453791991e-05  -2.050472339e-05
381.7387739  1.451805866e-05  -2.047671048e-05
381.9195339  1.450431931e-05  -2.045733207e-05
382  1.449820945e-05  -2.044871454e-05
382.0804661  1.449210345e-05  -2.044010246e-05
382.2612261  1.447840092e-05  -2.042077599e-05
382.5220751  1.445866147e-05  -2.039293487e-05
382.834721  1.443505547e-05  -2.035964026e-05
383.165279  1.441015988e-05  -2.032452676e-05
383.4779249  1.438667252e-05  -2.029139947e-05
383.7387739  1.43671203e-05  -2.026382243e-05
383.9195339  1.43535946e-05  -2.024474537e-05
384  1.434757972e-05  -2.023626181e-05
384.0804661  1.434156862e-05  -2.022778357e-05
384.2612261  1.432807898e-05  -2.020875737e-05
384.5220751  1.430864605e-05  -2.018134857e-05
384.834721  1.428540634e-05  -2.014857058e-05
385.165279  1.426089672e-05  -2.011400147e-05
385.4779249  1.423777319e-05  -2.008138735e-05
385.7387739  1.421852363e-05  -2.005423717e-05
385.9195339  1.420520718e-05  -2.003545525e-05
386  1.419928532e-05  -2.002710288e-05
386.0804661  1.419336717e-05  -2.001875574e-05
386.2612261  1.418008603e-05  -2.000002363e-05
386.5220751  1.41609533e-05  -1.997303824e-05
386.834721  1.413807233e-05  -1.994076623e-05
387.165279  1.411394074e-05  -1.99067303e-05
387.4779249  1.409117358e-05  -1.98746188e-05
387.7387739  1.407222045e-05  -1.984788674e-05
387.9195339  1.405910896e-05  -1.982939389e-05
388  1.405327822e-05  -1.982117003e-05
388.0804661  1.40474511e-05  -1.981295129e-05
388.2612261  1.40343742e-05  -1.979450723e-05
388.5220751  1.401553551e-05  -1.976793658e-05
388.834721  1.399300594e-05  -1.973616019e-05
389.165279  1.396924465e-05  -1.970264655e-05
389.4779249  1.394682657e-05  -1.967102739e-05
389.7387739  1.392816382e-05  -1.96447049e-05
389.9195339  1.39152531e-05  -1.962649522e-05
390  1.390951161e-05  -1.961839725e-05
390.0804661  1.390377367e-05  -1.961030429e-05
390.2612261  1.389089684e-05  -1.959214241e-05
390.5220751  1.387234621e-05  -1.956597804e-05
390.834721  1.385016088e-05  -1.953468717e-05
391.165279  1.382676235e-05  -1.950168518e-05
391.4779249  1.380468623e-05  -1.947054836e-05
391.7387739  1.378630797e-05  -1.94446271e-05
391.9195339  1.377359394e-05  -1.942669484e-05
392  1.376793989e-05  -1.94187202e-05
392.0804661  1.376228932e-05  -1.941075047e-05
392.2612261  1.37496085e-05  -1.939286504e-05
392.5220751  1.373134008e-05  -1.936709871e-05
392.834721  1.370949201e-05  -1.933628353e-05
393.165279  1.368644889e-05  -1.930378283e-05
393.4779249  1.366470784e-05  -1.927311858e-05
393.7387739  1.364660831e-05  -1.924759045e-05
393.9195339  1.363408699e-05  -1.922993e-05
394  1.362851861e-05  -1.92220762e-05
394.0804661  1.362295365e-05  -1.921422721e-05
394.2612261  1.361046487e-05  -1.919661265e-05
394.5220751  1.359247297e-05  -1.917123633e-05
394.834721  1.357095536e-05  -1.914088724e-05
395.165279  1.35482605e-05  -1.910887772e-05
395.4779249  1.352684775e-05  -1.907867652e-05
395.7387739  1.350902134e-05  -1.905353362e-05
395.9195339  1.349668886e-05  -1.903613952e-05
396  1.349120444e-05  -1.902840412e-05
396.0804661  1.348572336e-05  -1.902067344e-05
396.2612261  1.347342277e-05  -1.900332431e-05
396.5220751  1.345570183e-05  -1.897833016e-05
396.834721  1.343450805e-05  -1.894843781e-05
397.165279  1.341215446e-05  -1.891690963e-05
397.4779249  1.339106344e-05  -1.888716222e-05
397.7387739  1.337350469e-05  -1.886239682e-05
397.9195339  1.336135727e-05  -1.884526374e-05
398  1.335595513e-05  -1.883764438e-05
398.0804661  1.335055625e-05  -1.883002965e-05
398.2612261  1.333844009e-05  -1.881294064e-05
398.5220751  1.33209847e-05  -1.878832103e-05
398.834721  1.330010828e-05  -1.87588763e-05
399.165279  1.327808915e-05  -1.872781985e-05
399.4779249  1.325731345e-05  -1.869851718e-05
399.7387739  1.324001702e-05  -1.867412176e-05
399.9195339  1.322805099e-05  -1.86572445e-05
