#L=2 M=0
#R     Re(V)   Im(V)

0.08046609183  0.001422851742  0
0.2612261349  0.01500519466  0
0.5220750502  0.06005831494  0
0.8347210423  0.1541733646  0
1.165278958  0.3023371014  0
1.47792495  0.4898715169  0
1.738773865  0.6826101785  0
1.919533908  0.8359022789  0
2  0.9091516664  0
2.080466092  0.7941751132  0
2.261226135  0.5891662611  0
2.52207505  0.3826960069  0
2.834721042  0.217914456  0
3.165278958  0.09856840487  0
3.47792495  0.01478946256  0
3.738773865  -0.0423858043  0
3.919533908  -0.07765890528  0
4  -0.09252753519  0
4.080466092  -0.08743394804  0
4.261226135  -0.07723981511  0
4.52207505  -0.06506634217  0
4.834721042  -0.05353799065  0
5.165278958  -0.04406100565  0
5.47792495  -0.03700715503  0
5.738773865  -0.03220925334  0
5.919533908  -0.02935237851  0
6  -0.02818722243  0
6.080466092  -0.02708194209  0
6.261226135  -0.02479865516  0
6.52207505  -0.02192985134  0
6.834721042  -0.01904069885  0
7.165278958  -0.01650907902  0
7.47792495  -0.01450988965  0
7.738773865  -0.01308133196  0
7.919533908  -0.01219954767  0
8  -0.01183246317  0
8.080466092  -0.01147996327  0
8.261226135  -0.01073767068  0
8.52207505  -0.009775328745  0
8.834721042  -0.008767836611  0
9.165278958  -0.00784803988  0
9.47792495  -0.007093117292  0
9.738773865  -0.006535887723  0
9.919533908  -0.00618365758  0
10  -0.006035017876  0
10.08046609  -0.005891119606  0
10.26122613  -0.005584197596  0
10.52207505  -0.005177872297  0
10.83472104  -0.004741308684  0
11.16527896  -0.004331640602  0
11.47792495  -0.003986588199  0
11.73877387  -0.003726276727  0
11.91953391  -0.00355907091  0
12  -0.003487859311  0
12.08046609  -0.003418538538  0
12.26122613  -0.003269391425  0
12.52207505  -0.003069101512  0
12.83472104  -0.00285005259  0
13.16527896  -0.00264057419  0
13.47792495  -0.002460943971  0
13.73877387  -0.002323351259  0
13.91953391  -0.002233971512  0
14  -0.002195658219  0
14.08046609  -0.00215821671  0
14.26122613  -0.002077160394  0
14.52207505  -0.001967196971  0
14.83472104  -0.001845394366  0
15.16527896  -0.001727311694  0
15.47792495  -0.001624724405  0
15.73877387  -0.001545263497  0
15.91953391  -0.001493215955  0
16  -0.0014707982  0
16.08046609  -0.00144882706  0
16.26122613  -0.001401042724  0
16.52207505  -0.001335721812  0
16.83472104  -0.001262672208  0
17.16527896  -0.001191117634  0
17.47792495  -0.001128331737  0
17.73877387  -0.001079282332  0
17.91953391  -0.00104694872  0
18  -0.001032970442  0
18.08046609  -0.001019239917  0
18.26122613  -0.0009892709175  0
18.52207505  -0.0009480600193  0
18.83472104  -0.000901626971  0
19.16527896  -0.0008557734518  0
19.47792495  -0.0008152222323  0
19.73877387  -0.0007833276489  0
19.91953391  -0.0007621955195  0
20  -0.0007530328053  0
20.08046609  -0.0007440163727  0
20.26122613  -0.0007242802481  0
20.52207505  -0.000697011497  0
20.83472104  -0.000666101839  0
21.16527896  -0.0006353772624  0
21.47792495  -0.0006080323231  0
21.73877387  -0.0005864060921  0
21.91953391  -0.0005720179417  0
22  -0.0005657643124  0
22.08046609  -0.00055960151  0
22.26122613  -0.0005460800801  0
22.52207505  -0.0005273250035  0
22.83472104  -0.0005059602831  0
23.16527896  -0.0004846084107  0
23.47792495  -0.0004655050692  0
23.73877387  -0.0004503277304  0
23.91953391  -0.0004401952992  0
24  -0.000435782527  0
24.08046609  -0.0004314285399  0
24.26122613  -0.0004218570372  0
24.52207505  -0.0004085374578  0
24.83472104  -0.0003933015643  0
25.16527896  -0.0003780056436  0
25.47792495  -0.0003642599031  0
25.73877387  -0.0003532970134  0
25.91953391  -0.0003459568751  0
26  -0.000342754752  0
26.08046609  -0.000339592025  0
26.26122613  -0.0003326277896  0
26.52207505  -0.0003229096536  0
26.83472104  -0.0003117541709  0
27.16527896  -0.0003005114471  0
27.47792495  -0.0002903699889  0
27.73877387  -0.0002822550667  0
27.91953391  -0.0002768082536  0
28  -0.0002744286396  0
28.08046609  -0.0002720762232  0
28.26122613  -0.000266888909  0
28.52207505  -0.0002596331675  0
28.83472104  -0.0002512790398  0
29.16527896  -0.0002428315559  0
29.47792495  -0.0002351867226  0
29.73877387  -0.0002290521386  0
29.91953391  -0.0002249256868  0
30  -0.0002231206479  0
30.08046609  -0.0002213348714  0
30.26122613  -0.000217392203  0
30.52207505  -0.0002118660447  0
30.83472104  -0.0002054865758  0
31.16527896  -0.0001990171354  0
31.47792495  -0.0001931457871  0
31.73877387  -0.000188422643  0
31.91953391  -0.0001852396293  0
32  -0.0001838457487  0
32.08046609  -0.0001824658179  0
32.26122613  -0.000179415896  0
32.52207505  -0.0001751333211  0
32.83472104  -0.0001701780463  0
33.16527896  -0.0001651401074  0
33.47792495  -0.0001605565147  0
33.73877387  -0.0001568612387  0
33.91953391  -0.000154366799  0
34  -0.0001532733944  0
34.08046609  -0.0001521902917  0
34.26122613  -0.0001497941395  0
34.52207505  -0.0001464241964  0
34.83472104  -0.0001425169486  0
35.16527896  -0.0001385355795  0
35.47792495  -0.0001349052635  0
35.73877387  -0.0001319728455  0
35.91953391  -0.0001299904504  0
36  -0.0001291207453  0
36.08046609  -0.0001282587813  0
36.26122613  -0.0001263502399  0
36.52207505  -0.0001236622638  0
36.83472104  -0.000120540051  0
37.16527896  -0.000117352227  0
37.47792495  -0.0001144397538  0
37.73877387  -0.000112083109  0
37.91953391  -0.0001104878582  0
38  -0.0001097874598  0
38.08046609  -0.0001090929687  0
38.26122613  -0.0001075540766  0
38.52207505  -0.0001053839584  0
38.83472104  -0.0001028591561  0
39.16527896  -0.0001002766586  0
39.47792495  -9.791304912e-05  0
39.73877387  -9.599754745e-05  0
39.91953391  -9.46993811e-05  0
40  -9.412902332e-05  0
40.08046609  -9.356323658e-05  0
40.26122613  -9.230867891e-05  0
40.52207505  -9.05374997e-05  0
40.83472104  -8.84738135e-05  0
41.16527896  -8.635954354e-05  0
41.47792495  -8.442138292e-05  0
41.73877387  -8.284846489e-05  0
41.91953391  -8.178133409e-05  0
42  -8.131218946e-05  0
42.08046609  -8.084662635e-05  0
42.26122613  -7.981366373e-05  0
42.52207505  -7.835382052e-05  0
42.83472104  -7.665062452e-05  0
43.16527896  -7.490311356e-05  0
43.47792495  -7.329883985e-05  0
43.73877387  -7.199522839e-05  0
43.91953391  -7.110994763e-05  0
44  -7.072052841e-05  0
44.08046609  -7.033394745e-05  0
44.26122613  -6.947574371e-05  0
44.52207505  -6.826173685e-05  0
44.83472104  -6.684364293e-05  0
45.16527896  -6.538670243e-05  0
45.47792495  -6.404741479e-05  0
45.73877387  -6.29578621e-05  0
45.91953391  -6.221729317e-05  0
46  -6.189136077e-05  0
46.08046609  -6.156770099e-05  0
46.26122613  -6.084881266e-05  0
46.52207505  -5.983100443e-05  0
46.83472104  -5.864077657e-05  0
47.16527896  -5.741644567e-05  0
47.47792495  -5.62896227e-05  0
47.73877387  -5.537194076e-05  0
47.91953391  -5.474768639e-05  0
48  -5.447281442e-05  0
48.08046609  -5.419977944e-05  0
48.26122613  -5.35930498e-05  0
48.52207505  -5.273335839e-05  0
48.83472104  -5.172701206e-05  0
49.16527896  -5.069066674e-05  0
49.47792495  -4.97357984e-05  0
49.73877387  -4.895739502e-05  0
49.91953391  -4.842749012e-05  0
50  -4.819405994e-05  0
50.08046609  -4.796212759e-05  0
50.26122613  -4.744651179e-05  0
50.52207505  -4.671539093e-05  0
50.83472104  -4.585874785e-05  0
51.16527896  -4.497565404e-05  0
51.47792495  -4.416115559e-05  0
51.73877387  -4.349658184e-05  0
51.91953391  -4.304385614e-05  0
52  -4.28443438e-05  0
52.08046609  -4.264606256e-05  0
52.26122613  -4.220508139e-05  0
52.52207505  -4.157936942e-05  0
52.83472104  -4.084559907e-05  0
53.16527896  -4.00884473e-05  0
53.47792495  -3.938944705e-05  0
53.73877387  -3.881863564e-05  0
53.91953391  -3.842953577e-05  0
54  -3.825799861e-05  0
54.08046609  -3.808748084e-05  0
54.26122613  -3.770810578e-05  0
54.52207505  -3.71694725e-05  0
54.83472104  -3.653731346e-05  0
55.16527896  -3.588443152e-05  0
55.47792495  -3.528116362e-05  0
55.73877387  -3.478814677e-05  0
55.91953391  -3.445187777e-05  0
56  -3.430357993e-05  0
56.08046609  -3.415613199e-05  0
56.26122613  -3.382797089e-05  0
56.52207505  -3.336178155e-05  0
56.83472104  -3.281423835e-05  0
57.16527896  -3.224827919e-05  0
57.47792495  -3.172490158e-05  0
57.73877387  -3.129686636e-05  0
57.91953391  -3.10047584e-05  0
58  -3.087589432e-05  0
58.08046609  -3.074774338e-05  0
58.26122613  -3.046243851e-05  0
58.52207505  -3.005691314e-05  0
58.83472104  -2.958029021e-05  0
59.16527896  -2.908725759e-05  0
59.47792495  -2.863097256e-05  0
59.73877387  -2.825755704e-05  0
59.91953391  -2.800259292e-05  0
60  -2.789008098e-05  0
60.08046609  -2.777817099e-05  0
60.26122613  -2.75289492e-05  0
60.52207505  -2.717453349e-05  0
60.83472104  -2.67577113e-05  0
61.16527896  -2.632622836e-05  0
61.47792495  -2.592662136e-05  0
61.73877387  -2.559938466e-05  0
61.91953391  -2.53758437e-05  0
62  -2.527717051e-05  0
62.08046609  -2.517900823e-05  0
62.26122613  -2.496034127e-05  0
62.52207505  -2.464923108e-05  0
62.83472104  -2.428311812e-05  0
63.16527896  -2.390387291e-05  0
63.47792495  -2.355241049e-05  0
63.73877387  -2.326442978e-05  0
63.91953391  -2.306761678e-05  0
64  -2.298071858e-05  0
64.08046609  -2.289425631e-05  0
64.26122613  -2.270160187e-05  0
64.52207505  -2.242738036e-05  0
64.83472104  -2.210449445e-05  0
65.16527896  -2.17698156e-05  0
65.47792495  -2.145946068e-05  0
65.73877387  -2.120502203e-05  0
65.91953391  -2.103105904e-05  0
66  -2.095423064e-05  0
66.08046609  -2.0877776e-05  0
66.26122613  -2.070737852e-05  0
66.52207505  -2.046473677e-05  0
66.83472104  -2.017888231e-05  0
67.16527896  -1.98824115e-05  0
67.47792495  -1.9607326e-05  0
67.73877387  -1.938168508e-05  0
67.91953391  -1.922735016e-05  0
68  -1.91591743e-05  0
68.08046609  -1.909132036e-05  0
68.26122613  -1.894005656e-05  0
68.52207505  -1.872457667e-05  0
68.83472104  -1.847059374e-05  0
69.16527896  -1.820703084e-05  0
69.47792495  -1.796234398e-05  0
69.73877387  -1.776153943e-05  0
69.91953391  -1.762414076e-05  0
70  -1.756343292e-05  0
70.08046609  -1.750300358e-05  0
70.26122613  -1.736826165e-05  0
70.52207505  -1.717624708e-05  0
70.83472104  -1.694981501e-05  0
71.16527896  -1.671471817e-05  0
71.47792495  -1.649634451e-05  0
71.73877387  -1.631705125e-05  0
71.91953391  -1.61943281e-05  0
72  -1.614009316e-05  0
72.08046609  -1.608610013e-05  0
72.26122613  -1.596568466e-05  0
72.52207505  -1.579402644e-05  0
72.83472104  -1.559150875e-05  0
73.16527896  -1.538113656e-05  0
73.47792495  -1.51856322e-05  0
73.73877387  -1.502504533e-05  0
73.91953391  -1.491508961e-05  0
74  -1.486648741e-05  0
74.08046609  -1.481809614e-05  0
74.26122613  -1.471015265e-05  0
74.52207505  -1.455622328e-05  0
74.83472104  -1.437454458e-05  0
75.16527896  -1.418573053e-05  0
75.47792495  -1.401017856e-05  0
75.73877387  -1.386592083e-05  0
75.91953391  -1.376711458e-05  0
76  -1.372343247e-05  0
76.08046609  -1.367993497e-05  0
76.26122613  -1.358288975e-05  0
76.52207505  -1.34444584e-05  0
76.83472104  -1.328100591e-05  0
77.16527896  -1.311105789e-05  0
77.47792495  -1.29529767e-05  0
77.73877387  -1.282302436e-05  0
77.91953391  -1.273398953e-05  0
78  -1.269462038e-05  0
78.08046609  -1.265541336e-05  0
78.26122613  -1.256792508e-05  0
78.52207505  -1.244308944e-05  0
78.83472104  -1.229563382e-05  0
79.16527896  -1.214225326e-05  0
79.47792495  -1.199952257e-05  0
79.73877387  -1.188214551e-05  0
79.91953391  -1.180170349e-05  0
80  -1.176612791e-05  0
80.08046609  -1.173069518e-05  0
80.26122613  -1.165161581e-05  0
80.52207505  -1.153874703e-05  0
80.83472104  -1.14053783e-05  0
81.16527896  -1.126659465e-05  0
81.47792495  -1.113739561e-05  0
81.73877387  -1.103110886e-05  0
81.91953391  -1.095824759e-05  0
82  -1.092601945e-05  0
82.08046609  -1.089391757e-05  0
82.26122613  -1.082226068e-05  0
82.52207505  -1.071995856e-05  0
82.83472104  -1.059903398e-05  0
83.16527896  -1.047315137e-05  0
83.47792495  -1.035591772e-05  0
83.73877387  -1.025944184e-05  0
83.91953391  -1.019328899e-05  0
84  -1.016402368e-05  0
84.08046609  -1.013487029e-05  0
84.26122613  -1.006978511e-05  0
84.52207505  -9.976841544e-06  0
84.83472104  -9.866942972e-06  0
85.16527896  -9.752496578e-06  0
85.47792495  -9.645874657e-06  0
85.73877387  -9.558103327e-06  0
85.91953391  -9.497904296e-06  0
86  -9.471269027e-06  0
86.08046609  -9.444733257e-06  0
86.26122613  -9.38548339e-06  0
86.52207505  -9.300852282e-06  0
86.83472104  -9.200751182e-06  0
87.16527896  -9.096471293e-06  0
87.47792495  -8.999287128e-06  0
87.73877387  -8.919260405e-06  0
87.91953391  -8.864360202e-06  0
88  -8.840066052e-06  0
88.08046609  -8.815860596e-06  0
88.26122613  -8.761806488e-06  0
88.52207505  -8.684578985e-06  0
88.83472104  -8.593207478e-06  0
89.16527896  -8.497989861e-06  0
89.47792495  -8.409221936e-06  0
89.73877387  -8.33610416e-06  0
89.91953391  -8.285932388e-06  0
90  -8.263727699e-06  0
90.08046609  -8.241602278e-06  0
90.26122613  -8.192186676e-06  0
90.52207505  -8.121570603e-06  0
90.83472104  -8.037997487e-06  0
91.16527896  -7.950878755e-06  0
91.47792495  -7.869635408e-06  0
91.73877387  -7.802696825e-06  0
91.91953391  -7.756755206e-06  0
92  -7.736420097e-06  0
92.08046609  -7.716156006e-06  0
92.26122613  -7.670891862e-06  0
92.52207505  -7.606194615e-06  0
92.83472104  -7.529605387e-06  0
93.16527896  -7.449742479e-06  0
93.47792495  -7.375243046e-06  0
93.73877387  -7.313844473e-06  0
93.91953391  -7.271696435e-06  0
94  -7.253038215e-06  0
94.08046609  -7.234443772e-06  0
94.26122613  -7.192904138e-06  0
94.52207505  -7.133518387e-06  0
94.83472104  -7.063198528e-06  0
95.16527896  -6.989851537e-06  0
95.47792495  -6.921410558e-06  0
95.73877387  -6.864990539e-06  0
95.91953391  -6.826252477e-06  0
96  -6.809101803e-06  0
96.08046609  -6.792008534e-06  0
96.26122613  -6.753818086e-06  0
96.52207505  -6.699209768e-06  0
96.83472104  -6.634530716e-06  0
97.16527896  -6.567048457e-06  0
97.47792495  -6.504062406e-06  0
97.73877387  -6.452126402e-06  0
97.91953391  -6.416460332e-06  0
98  -6.400667975e-06  0
98.08046609  -6.3849274e-06  0
98.26122613  -6.349755299e-06  0
98.52207505  -6.299453516e-06  0
98.83472104  -6.239860836e-06  0
99.16527896  -6.177668682e-06  0
99.47792495  -6.11960476e-06  0
99.73877387  -6.071716029e-06  0
99.91953391  -6.038823381e-06  0
100  -6.024257492e-06  0
100.0804661  -6.009738411e-06  0
100.2612261  -5.977292272e-06  0
100.5220751  -5.930880742e-06  0
100.834721  -5.875884128e-06  0
101.165279  -5.818473708e-06  0
101.4779249  -5.764860364e-06  0
101.7387739  -5.72063223e-06  0
101.9195339  -5.690248589e-06  0
102  -5.676792384e-06  0
102.0804661  -5.663378574e-06  0
102.2612261  -5.63339935e-06  0
102.5220751  -5.590509158e-06  0
102.834721  -5.539673943e-06  0
103.165279  -5.486594401e-06  0
103.4779249  -5.437013269e-06  0
103.7387739  -5.396102552e-06  0
103.9195339  -5.367993186e-06  0
104  -5.355542974e-06  0
104.0804661  -5.343131235e-06  0
104.2612261  -5.315388866e-06  0
104.5220751  -5.275692293e-06  0
104.834721  -5.228632219e-06  0
105.165279  -5.179482761e-06  0
105.4779249  -5.133561796e-06  0
105.7387739  -5.09566321e-06  0
105.9195339  -5.069619253e-06  0
106  -5.058082757e-06  0
106.0804661  -5.046581237e-06  0
106.2612261  -5.020870937e-06  0
106.5220751  -4.984076191e-06  0
106.834721  -4.940447236e-06  0
107.165279  -4.894870766e-06  0
107.4779249  -4.852278364e-06  0
107.7387739  -4.817119724e-06  0
107.9195339  -4.792954911e-06  0
108  -4.782249826e-06  0
108.0804661  -4.771576596e-06  0
108.2612261  -4.747715669e-06  0
108.5220751  -4.713562375e-06  0
108.834721  -4.67305746e-06  0
109.165279  -4.630735119e-06  0
109.4779249  -4.591175085e-06  0
109.7387739  -4.558513195e-06  0
109.9195339  -4.536061059e-06  0
110  -4.526113818e-06  0
110.0804661  -4.516195641e-06  0
110.2612261  -4.494020752e-06  0
110.5220751  -4.462276074e-06  0
110.834721  -4.424620517e-06  0
111.165279  -4.385266992e-06  0
111.4779249  -4.348474203e-06  0
111.7387739  -4.318091315e-06  0
111.9195339  -4.297202779e-06  0
112  -4.287947491e-06  0
112.0804661  -4.278718762e-06  0
112.2612261  -4.258083587e-06  0
112.5220751  -4.228538888e-06  0
112.834721  -4.193486486e-06  0
113.165279  -4.156845963e-06  0
113.4779249  -4.122582632e-06  0
113.7387739  -4.094283395e-06  0
113.9195339  -4.074824683e-06  0
114  -4.066202214e-06  0
114.0804661  -4.057604054e-06  0
114.2612261  -4.038377244e-06  0
114.5220751  -4.010845204e-06  0
114.834721  -3.978174848e-06  0
115.165279  -3.944017514e-06  0
115.4779249  -3.912069957e-06  0
115.7387739  -3.885678775e-06  0
115.9195339  -3.867529613e-06  0
116  -3.85948679e-06  0
116.0804661  -3.851466252e-06  0
116.2612261  -3.833529678e-06  0
116.5220751  -3.807841795e-06  0
116.834721  -3.777354533e-06  0
117.165279  -3.745473544e-06  0
117.4779249  -3.71564938e-06  0
117.7387739  -3.691008117e-06  0
117.9195339  -3.674060172e-06  0
118  -3.666549095e-06  0
118.0804661  -3.659058477e-06  0
118.2612261  -3.642305705e-06  0
118.5220751  -3.618310124e-06  0
118.834721  -3.589826617e-06  0
119.165279  -3.560035466e-06  0
119.4779249  -3.532161175e-06  0
119.7387739  -3.509127165e-06  0
119.9195339  -3.493282682e-06  0
120  -3.486260123e-06  0
120.0804661  -3.479256375e-06  0
120.2612261  -3.463591333e-06  0
120.5220751  -3.441150961e-06  0
120.834721  -3.414509261e-06  0
121.165279  -3.38663948e-06  0
121.4779249  -3.360558284e-06  0
121.7387739  -3.339002595e-06  0
121.9195339  -3.324173211e-06  0
122  -3.317600092e-06  0
122.0804661  -3.311044292e-06  0
122.2612261  -3.296380115e-06  0
122.5220751  -3.275370974e-06  0
122.834721  -3.25042459e-06  0
123.165279  -3.224323748e-06  0
123.4779249  -3.199893755e-06  0
123.7387739  -3.179699669e-06  0
123.9195339  -3.165805379e-06  0
124  -3.159646313e-06  0
124.0804661  -3.153503214e-06  0
124.2612261  -3.13976123e-06  0
124.5220751  -3.120071014e-06  0
124.834721  -3.096687215e-06  0
125.165279  -3.072217167e-06  0
125.4779249  -3.049309749e-06  0
125.7387739  -3.030371433e-06  0
125.9195339  -3.01733968e-06  0
126  -3.011562572e-06  0
126.0804661  -3.005800204e-06  0
126.2612261  -2.992909047e-06  0
126.5220751  -2.97443586e-06  0
126.834721  -2.952494194e-06  0
127.165279  -2.92952954e-06  0
127.4779249  -2.908027907e-06  0
127.7387739  -2.890249249e-06  0
127.9195339  -2.878014128e-06  0
128  -2.872589823e-06  0
128.0804661  -2.867179141e-06  0
128.2612261  -2.85507397e-06  0
128.5220751  -2.83772522e-06  0
128.834721  -2.817116207e-06  0
129.165279  -2.795542942e-06  0
129.4779249  -2.775340891e-06  0
129.7387739  -2.758634472e-06  0
129.9195339  -2.74713603e-06  0
130  -2.742038003e-06  0
130.0804661  -2.736952582e-06  0
130.2612261  -2.725574397e-06  0
130.5220751  -2.709265818e-06  0
130.834721  -2.6898898e-06  0
131.165279  -2.669604125e-06  0
131.4779249  -2.650604939e-06  0
131.7387739  -2.63489113e-06  0
131.9195339  -2.624074747e-06  0
132  -2.61927883e-06  0
132.0804661  -2.614494593e-06  0
132.2612261  -2.603789629e-06  0
132.5220751  -2.588444419e-06  0
132.834721  -2.570210552e-06  0
133.165279  -2.551117823e-06  0
133.4779249  -2.533233292e-06  0
133.7387739  -2.518439456e-06  0
133.9195339  -2.508255303e-06  0
134  -2.503739444e-06  0
134.0804661  -2.49923442e-06  0
134.2612261  -2.489153615e-06  0
134.5220751  -2.474701679e-06  0
134.834721  -2.457527031e-06  0
135.165279  -2.439540831e-06  0
135.4779249  -2.422690398e-06  0
135.7387739  -2.408750184e-06  0
135.9195339  -2.399152734e-06  0
136  -2.394896787e-06  0
136.0804661  -2.390650901e-06  0
136.2612261  -2.38114942e-06  0
136.5220751  -2.367526694e-06  0
136.834721  -2.351335458e-06  0
137.165279  -2.334376772e-06  0
137.4779249  -2.318486766e-06  0
137.7387739  -2.305339484e-06  0
137.9195339  -2.296287089e-06  0
138  -2.292272621e-06  0
138.0804661  -2.288267505e-06  0
138.2612261  -2.279304324e-06  0
138.5220751  -2.266452182e-06  0
138.834721  -2.251174965e-06  0
139.165279  -2.235171458e-06  0
139.4779249  -2.220174415e-06  0
139.7387739  -2.20776448e-06  0
139.9195339  -2.199218991e-06  0
140  -2.195429115e-06  0
140.0804661  -2.191647943e-06  0
140.2612261  -2.183185475e-06  0
140.5220751  -2.171050191e-06  0
140.834721  -2.156623398e-06  0
141.165279  -2.141508756e-06  0
141.4779249  -2.127342822e-06  0
141.7387739  -2.115619259e-06  0
141.9195339  -2.107545687e-06  0
142  -2.103964915e-06  0
142.0804661  -2.10039225e-06  0
142.2612261  -2.092396013e-06  0
142.5220751  -2.080928297e-06  0
142.834721  -2.067293569e-06  0
143.165279  -2.053006928e-06  0
143.4779249  -2.039615319e-06  0
143.7387739  -2.028531326e-06  0
143.9195339  -2.020897538e-06  0
144  -2.017511645e-06  0
144.0804661  -2.014133312e-06  0
144.2612261  -2.006571637e-06  0
144.5220751  -1.995726209e-06  0
144.834721  -1.982829926e-06  0
145.165279  -1.969315356e-06  0
145.4779249  -1.956645881e-06  0
145.7387739  -1.946158432e-06  0
145.9195339  -1.938934888e-06  0
146  -1.935730795e-06  0
146.0804661  -1.932533757e-06  0
146.2612261  -1.92537752e-06  0
146.5220751  -1.915112738e-06  0
146.834721  -1.902905577e-06  0
147.165279  -1.890111622e-06  0
147.4779249  -1.878116255e-06  0
147.7387739  -1.868185752e-06  0
147.9195339  -1.861345259e-06  0
148  -1.858310926e-06  0
148.0804661  -1.855283184e-06  0
148.2612261  -1.848505572e-06  0
148.5220751  -1.838783092e-06  0
148.834721  -1.827219633e-06  0
149.165279  -1.815098896e-06  0
149.4779249  -1.803733392e-06  0
149.7387739  -1.79432335e-06  0
149.9195339  -1.787840851e-06  0
150  -1.784965183e-06  0
150.0804661  -1.782095679e-06  0
150.2612261  -1.775671979e-06  0
150.5220751  -1.766456456e-06  0
150.834721  -1.755494823e-06  0
151.165279  -1.744003599e-06  0
151.4779249  -1.733227156e-06  0
151.7387739  -1.724303919e-06  0
151.9195339  -1.718156299e-06  0
152  -1.715429059e-06  0
152.0804661  -1.712707588e-06  0
152.2612261  -1.706614999e-06  0
152.5220751  -1.697873816e-06  0
152.834721  -1.687475362e-06  0
153.165279  -1.676573308e-06  0
153.4779249  -1.666348251e-06  0
153.7387739  -1.657880744e-06  0
153.9195339  -1.652046654e-06  0
154  -1.649458389e-06  0
154.0804661  -1.646875527e-06  0
154.2612261  -1.641092987e-06  0
154.5220751  -1.632796015e-06  0
154.834721  -1.62292503e-06  0
155.165279  -1.612574867e-06  0
155.4779249  -1.602866378e-06  0
155.7387739  -1.594825874e-06  0
155.9195339  -1.58928558e-06  0
156  -1.586827548e-06  0
156.0804661  -1.584374583e-06  0
156.2612261  -1.578882616e-06  0
156.5220751  -1.571001993e-06  0
156.834721  -1.561625453e-06  0
157.165279  -1.551792696e-06  0
157.4779249  -1.542568561e-06  0
157.7387739  -1.534928481e-06  0
157.9195339  -1.529663718e-06  0
158  -1.527327831e-06  0
158.0804661  -1.524996698e-06  0
158.2612261  -1.519777281e-06  0
158.5220751  -1.512287215e-06  0
158.834721  -1.503374545e-06  0
159.165279  -1.494027262e-06  0
159.4779249  -1.48525765e-06  0
159.7387739  -1.477993373e-06  0
159.9195339  -1.472987225e-06  0
160  -1.470765989e-06  0
160.0804661  -1.468549217e-06  0
160.2612261  -1.463585651e-06  0
160.5220751  -1.456462244e-06  0
160.834721  -1.44798511e-06  0
161.165279  -1.439093706e-06  0
161.4779249  -1.430750962e-06  0
161.7387739  -1.423839665e-06  0
161.9195339  -1.419076445e-06  0
162  -1.416962911e-06  0
162.0804661  -1.414853572e-06  0
162.2612261  -1.41013037e-06  0
162.5220751  -1.403351459e-06  0
162.834721  -1.395283579e-06  0
163.165279  -1.386820597e-06  0
163.4779249  -1.378879062e-06  0
163.7387739  -1.372299562e-06  0
163.9195339  -1.367764712e-06  0
164  -1.365752431e-06  0
164.0804661  -1.363744096e-06  0
164.2612261  -1.359246882e-06  0
164.5220751  -1.35279189e-06  0
164.834721  -1.345108862e-06  0
165.165279  -1.337048807e-06  0
165.4779249  -1.32948465e-06  0
165.7387739  -1.323217274e-06  0
165.9195339  -1.31889727e-06  0
166  -1.316980251e-06  0
166.0804661  -1.315066945e-06  0
166.2612261  -1.310782364e-06  0
166.5220751  -1.304632173e-06  0
166.834721  -1.297311321e-06  0
167.165279  -1.289630496e-06  0
167.4779249  -1.282421565e-06  0
167.7387739  -1.276448021e-06  0
167.9195339  -1.272330289e-06  0
168  -1.27050296e-06  0
168.0804661  -1.268679129e-06  0
168.2612261  -1.264594762e-06  0
168.5220751  -1.258731592e-06  0
168.834721  -1.251751823e-06  0
169.165279  -1.244428185e-06  0
169.4779249  -1.23755387e-06  0
169.7387739  -1.231857138e-06  0
169.9195339  -1.227929978e-06  0
170  -1.226187155e-06  0
170.0804661  -1.224447629e-06  0
170.2612261  -1.220551915e-06  0
170.5220751  -1.214959217e-06  0
170.834721  -1.208300897e-06  0
171.165279  -1.201313921e-06  0
171.4779249  -1.194755031e-06  0
171.7387739  -1.189319262e-06  0
171.9195339  -1.185571774e-06  0
172  -1.183908628e-06  0
172.0804661  -1.182248592e-06  0
172.2612261  -1.178530765e-06  0
172.5220751  -1.173193119e-06  0
172.834721  -1.166837955e-06  0
173.165279  -1.160168517e-06  0
173.4779249  -1.153907166e-06  0
173.7387739  -1.148717586e-06  0
173.9195339  -1.145139612e-06  0
174  -1.143551641e-06  0
174.0804661  -1.141966605e-06  0
174.2612261  -1.138416627e-06  0
174.5220751  -1.133319659e-06  0
174.834721  -1.127250591e-06  0
175.165279  -1.120880855e-06  0
175.4779249  -1.114900361e-06  0
175.7387739  -1.109943189e-06  0
175.9195339  -1.106525252e-06  0
176  -1.105008256e-06  0
176.0804661  -1.103494033e-06  0
176.2612261  -1.100102536e-06  0
176.5220751  -1.095232832e-06  0
176.834721  -1.089433941e-06  0
177.165279  -1.08334726e-06  0
177.4779249  -1.07763205e-06  0
177.7387739  -1.072894421e-06  0
177.9195339  -1.069627672e-06  0
178  -1.068177731e-06  0
178.0804661  -1.066730409e-06  0
178.2612261  -1.063488647e-06  0
178.5220751  -1.058833682e-06  0
178.834721  -1.053290099e-06  0
179.165279  -1.047470923e-06  0
179.4779249  -1.04200645e-06  0
179.7387739  -1.037476343e-06  0
179.9195339  -1.034352514e-06  0
180  -1.032965962e-06  0
180.0804661  -1.031581888e-06  0
180.2612261  -1.028481689e-06  0
180.5220751  -1.024029754e-06  0
180.834721  -1.018727582e-06  0
181.165279  -1.013161376e-06  0
181.4779249  -1.007934039e-06  0
181.7387739  -1.003600214e-06  0
181.9195339  -1.000611575e-06  0
182  -9.992849865e-07  0
182.0804661  -9.979607418e-07  0
182.2612261  -9.949944623e-07  0
182.5220751  -9.90734608e-07  0
182.834721  -9.856608479e-07  0
183.165279  -9.803340139e-07  0
183.4779249  -9.753310874e-07  0
183.7387739  -9.711830292e-07  0
183.9195339  -9.683223444e-07  0
184  -9.670525121e-07  0
184.0804661  -9.657848992e-07  0
184.2612261  -9.629453851e-07  0
184.5220751  -9.588673633e-07  0
184.834721  -9.540098468e-07  0
185.165279  -9.489096541e-07  0
185.4779249  -9.441192242e-07  0
185.7387739  -9.401470846e-07  0
185.9195339  -9.374075792e-07  0
186  -9.361915002e-07  0
186.0804661  -9.349775238e-07  0
186.2612261  -9.322580751e-07  0
186.5220751  -9.283522867e-07  0
186.834721  -9.236996151e-07  0
187.165279  -9.188141373e-07  0
187.4779249  -9.142250407e-07  0
187.7387739  -9.10419592e-07  0
187.9195339  -9.07794917e-07  0
188  -9.066297768e-07  0
188.0804661  -9.054666297e-07  0
188.2612261  -9.02860967e-07  0
188.5220751  -8.991184145e-07  0
188.834721  -8.946599027e-07  0
189.165279  -8.899779585e-07  0
189.4779249  -8.855797283e-07  0
189.7387739  -8.819323176e-07  0
189.9195339  -8.794165189e-07  0
190  -8.782996781e-07  0
190.0804661  -8.771847278e-07  0
190.2612261  -8.746869615e-07  0
190.5220751  -8.710992055e-07  0
190.834721  -8.668248303e-07  0
191.165279  -8.623359301e-07  0
191.4779249  -8.581187458e-07  0
191.7387739  -8.546212535e-07  0
191.9195339  -8.522087436e-07  0
192  -8.511377253e-07  0
192.0804661  -8.500685009e-07  0
192.2612261  -8.476731038e-07  0
192.5220751  -8.442322232e-07  0
192.834721  -8.401325759e-07  0
193.165279  -8.35826872e-07  0
193.4779249  -8.317815131e-07  0
193.7387739  -8.284263152e-07  0
193.9195339  -8.261118475e-07  0
194  -8.250843254e-07  0
194.0804661  -8.240585068e-07  0
194.2612261  -8.217602876e-07  0
194.5220751  -8.184588428e-07  0
194.834721  -8.145250859e-07  0
195.165279  -8.103933273e-07  0
195.4779249  -8.065111312e-07  0
195.7387739  -8.032910642e-07  0
195.9195339  -8.010697084e-07  0
196  -8.000834968e-07  0
196.0804661  -7.990989034e-07  0
196.2612261  -7.968929839e-07  0
196.5220751  -7.937239829e-07  0
196.834721  -7.899478097e-07  0
197.165279  -7.859813006e-07  0
197.4779249  -7.822541235e-07  0
197.7387739  -7.791624524e-07  0
197.9195339  -7.770295728e-07  0
198  -7.760826163e-07  0
198.0804661  -7.75137198e-07  0
198.2612261  -7.730189907e-07  0
198.5220751  -7.69975858e-07  0
198.834721  -7.66349456e-07  0
199.165279  -7.625400169e-07  0
199.4779249  -7.58960198e-07  0
199.7387739  -7.559905866e-07  0
199.9195339  -7.539418218e-07  0
200  -7.530321865e-07  0
200.0804661  -7.521240141e-07  0
200.2612261  -7.500892024e-07  0
200.5220751  -7.471657506e-07  0
200.834721  -7.436817676e-07  0
201.165279  -7.400217002e-07  0
201.4779249  -7.365820283e-07  0
201.7387739  -7.33728512e-07  0
201.9195339  -7.317597559e-07  0
202  -7.308856213e-07  0
202.0804661  -7.300128785e-07  0
202.2612261  -7.280573984e-07  0
202.5220751  -7.252478013e-07  0
202.834721  -7.21899314e-07  0
203.165279  -7.183813681e-07  0
203.4779249  -7.150750517e-07  0
203.7387739  -7.123320121e-07  0
203.9195339  -7.104393971e-07  0
204  -7.09599048e-07  0
204.0804661  -7.087600238e-07  0
204.2612261  -7.068800466e-07  0
204.5220751  -7.041788151e-07  0
204.834721  -7.009593001e-07  0
205.165279  -6.97576644e-07  0
205.4779249  -6.943972825e-07  0
205.7387739  -6.917594246e-07  0
205.9195339  -6.899393049e-07  0
206  -6.891311247e-07  0
206.0804661  -6.883242063e-07  0
206.2612261  -6.865161228e-07  0
206.5220751  -6.839180825e-07  0
206.834721  -6.808213896e-07  0
207.165279  -6.775675819e-07  0
207.4779249  -6.7450914e-07  0
207.7387739  -6.719714701e-07  0
207.9195339  -6.702204077e-07  0
208  -6.694428718e-07  0
208.0804661  -6.686665381e-07  0
208.2612261  -6.669269443e-07  0
208.5220751  -6.644272142e-07  0
208.834721  -6.61447542e-07  0
209.165279  -6.583165057e-07  0
209.4779249  -6.553732889e-07  0
209.7387739  -6.529310954e-07  0
209.9195339  -6.512458461e-07  0
210  -6.504975156e-07  0
210.0804661  -6.497503313e-07  0
210.2612261  -6.480760146e-07  0
210.5220751  -6.456699883e-07  0
210.834721  -6.428018611e-07  0
211.165279  -6.3978786e-07  0
211.4779249  -6.369544928e-07  0
211.7387739  -6.346033275e-07  0
211.9195339  -6.32980828e-07  0
212  -6.322603446e-07  0
212.0804661  -6.315409541e-07  0
212.2612261  -6.299288814e-07  0
212.5220751  -6.276122091e-07  0
212.834721  -6.248504556e-07  0
213.165279  -6.219480721e-07  0
213.4779249  -6.192194771e-07  0
213.7387739  -6.16955138e-07  0
213.9195339  -6.153924949e-07  0
214  -6.146985751e-07  0
214.0804661  -6.140056982e-07  0
214.2612261  -6.124530035e-07  0
214.5220751  -6.102215755e-07  0
214.834721  -6.075613097e-07  0
215.165279  -6.047654244e-07  0
215.4779249  -6.021368032e-07  0
215.7387739  -5.999553191e-07  0
215.9195339  -5.984497974e-07  0
216  -5.977812282e-07  0
216.0804661  -5.971136545e-07  0
216.2612261  -5.956176291e-07  0
216.5220751  -5.934675604e-07  0
216.834721  -5.90904163e-07  0
217.165279  -5.882099356e-07  0
217.4779249  -5.856767512e-07  0
217.7387739  -5.835743668e-07  0
217.9195339  -5.821233801e-07  0
218  -5.814790144e-07  0
218.0804661  -5.808355994e-07  0
218.2612261  -5.793936813e-07  0
218.5220751  -5.773212974e-07  0
218.834721  -5.748503992e-07  0
219.165279  -5.722532511e-07  0
219.4779249  -5.698112113e-07  0
219.7387739  -5.677843738e-07  0
219.9195339  -5.663854749e-07  0
220  -5.657642273e-07  0
220.0804661  -5.651438879e-07  0
220.2612261  -5.637536529e-07  0
220.5220751  -5.617554768e-07  0
220.834721  -5.593729429e-07  0
221.165279  -5.568685408e-07  0
221.4779249  -5.545135829e-07  0
221.7387739  -5.525589291e-07  0
221.9195339  -5.512098017e-07  0
222  -5.506106446e-07  0
222.0804661  -5.500123556e-07  0
222.2612261  -5.486715087e-07  0
222.5220751  -5.467442483e-07  0
222.834721  -5.444461638e-07  0
223.165279  -5.420304043e-07  0
223.4779249  -5.397586811e-07  0
223.7387739  -5.378730261e-07  0
223.9195339  -5.365714761e-07  0
224  -5.359934364e-07  0
224.0804661  -5.354162266e-07  0
224.2612261  -5.34122594e-07  0
224.5220751  -5.322631311e-07  0
224.834721  -5.300457871e-07  0
225.165279  -5.277147829e-07  0
225.4779249  -5.255226493e-07  0
225.7387739  -5.237029751e-07  0
225.9195339  -5.224469237e-07  0
226  -5.218890791e-07  0
226.0804661  -5.213320284e-07  0
226.2612261  -5.200835502e-07  0
226.5220751  -5.182889295e-07  0
226.834721  -5.161488111e-07  0
227.165279  -5.138988776e-07  0
227.4779249  -5.117828784e-07  0
227.7387739  -5.100263243e-07  0
227.9195339  -5.088138005e-07  0
228  -5.082752767e-07  0
228.0804661  -5.077375126e-07  0
228.2612261  -5.065322357e-07  0
228.5220751  -5.047996553e-07  0
228.834721  -5.027334296e-07  0
229.165279  -5.005610727e-07  0
229.4779249  -4.985179312e-07  0
229.7387739  -4.968217839e-07  0
229.9195339  -4.956509185e-07  0
230  -4.951308862e-07  0
230.0804661  -4.946115812e-07  0
230.2612261  -4.93447653e-07  0
230.5220751  -4.91774455e-07  0
230.834721  -4.897789602e-07  0
231.165279  -4.876808651e-07  0
231.4779249  -4.857074723e-07  0
231.7387739  -4.840691572e-07  0
231.9195339  -4.829381764e-07  0
232  -4.824358487e-07  0
232.0804661  -4.819342175e-07  0
232.2612261  -4.8080988e-07  0
232.5220751  -4.79193542e-07  0
232.834721  -4.772657772e-07  0
233.165279  -4.752387976e-07  0
233.4779249  -4.733322023e-07  0
233.7387739  -4.717492756e-07  0
233.9195339  -4.706564954e-07  0
234  -4.701711253e-07  0
234.0804661  -4.696864224e-07  0
234.2612261  -4.686000064e-07  0
234.5220751  -4.670381335e-07  0
234.834721  -4.651752494e-07  0
235.165279  -4.632163975e-07  0
235.4779249  -4.613737973e-07  0
235.7387739  -4.598439378e-07  0
235.9195339  -4.58787759e-07  0
236  -4.583186369e-07  0
236.0804661  -4.578501541e-07  0
236.2612261  -4.568000744e-07  0
236.5220751  -4.552903915e-07  0
236.834721  -4.534896814e-07  0
237.165279  -4.515961188e-07  0
237.4779249  -4.498148512e-07  0
237.7387739  -4.483358536e-07  0
237.9195339  -4.473147564e-07  0
238  -4.468612081e-07  0
238.0804661  -4.464082727e-07  0
238.2612261  -4.453930226e-07  0
238.5220751  -4.439333681e-07  0
238.834721  -4.421922597e-07  0
239.165279  -4.403612888e-07  0
239.4779249  -4.386388228e-07  0
239.7387739  -4.372085909e-07  0
239.9195339  -4.362211309e-07  0
240  -4.357825154e-07  0
240.0804661  -4.353444877e-07  0
240.2612261  -4.343626351e-07  0
240.5220751  -4.329509536e-07  0
240.834721  -4.312670012e-07  0
241.165279  -4.294960571e-07  0
241.4779249  -4.278299863e-07  0
241.7387739  -4.264465267e-07  0
241.9195339  -4.2549133e-07  0
242  -4.250670378e-07  0
242.0804661  -4.246433095e-07  0
242.2612261  -4.236934924e-07  0
242.5220751  -4.223278292e-07  0
242.834721  -4.206987066e-07  0
243.165279  -4.189853494e-07  0
243.4779249  -4.173733845e-07  0
243.7387739  -4.160348007e-07  0
243.9195339  -4.151105604e-07  0
244  -4.147000115e-07  0
244.0804661  -4.142900038e-07  0
244.2612261  -4.133709262e-07  0
244.5220751  -4.120494214e-07  0
244.834721  -4.10472915e-07  0
245.165279  -4.088148229e-07  0
245.4779249  -4.072547853e-07  0
245.7387739  -4.059592724e-07  0
245.9195339  -4.050647446e-07  0
246  -4.046673871e-07  0
246.0804661  -4.042705491e-07  0
246.2612261  -4.033809774e-07  0
246.5220751  -4.021018604e-07  0
246.834721  -4.005758632e-07  0
247.165279  -3.989708257e-07  0
247.4779249  -3.974606412e-07  0
247.7387739  -3.962064808e-07  0
247.9195339  -3.953404809e-07  0
248  -3.949557892e-07  0
248.0804661  -3.945715964e-07  0
248.2612261  -3.93710356e-07  0
248.5220751  -3.924719409e-07  0
248.834721  -3.909944461e-07  0
249.165279  -3.894403581e-07  0
249.4779249  -3.879780511e-07  0
249.7387739  -3.867636063e-07  0
249.9195339  -3.859250061e-07  0
250  -3.855524795e-07  0
250.0804661  -3.851804322e-07  0
250.2612261  -3.843464042e-07  0
250.5220751  -3.831470849e-07  0
250.834721  -3.817161807e-07  0
251.165279  -3.802110366e-07  0
251.4779249  -3.787947246e-07  0
251.7387739  -3.776184357e-07  0
251.9195339  -3.768061601e-07  0
252  -3.764453216e-07  0
252.0804661  -3.760849436e-07  0
252.2612261  -3.752770616e-07  0
252.5220751  -3.741153074e-07  0
252.834721  -3.727291717e-07  0
253.165279  -3.712710597e-07  0
253.4779249  -3.698989486e-07  0
253.7387739  -3.687593287e-07  0
253.9195339  -3.679723529e-07  0
254  -3.676227476e-07  0
254.0804661  -3.67273585e-07  0
254.2612261  -3.664908325e-07  0
254.5220751  -3.65365184e-07  0
254.834721  -3.640220797e-07  0
255.165279  -3.626091771e-07  0
255.4779249  -3.612795558e-07  0
255.7387739  -3.601751872e-07  0
255.9195339  -3.594125337e-07  0
256  -3.590737279e-07  0
256.0804661  -3.587353477e-07  0
256.2612261  -3.579767552e-07  0
256.5220751  -3.568858206e-07  0
256.834721  -3.555840907e-07  0
257.165279  -3.542146588e-07  0
257.4779249  -3.529258954e-07  0
257.7387739  -3.518554255e-07  0
257.9195339  -3.511161619e-07  0
258  -3.507877417e-07  0
258.0804661  -3.50459731e-07  0
258.2612261  -3.497243734e-07  0
258.5220751  -3.486668249e-07  0
258.834721  -3.474048884e-07  0
259.165279  -3.460772681e-07  0
259.4779249  -3.448278051e-07  0
259.7387739  -3.437899433e-07  0
259.9195339  -3.430731798e-07  0
260  -3.427547504e-07  0
260.0804661  -3.424367149e-07  0
260.2612261  -3.417237094e-07  0
260.5220751  -3.406982796e-07  0
260.834721  -3.394746274e-07  0
261.165279  -3.381872351e-07  0
261.4779249  -3.369755858e-07  0
261.7387739  -3.359690998e-07  0
261.9195339  -3.352739868e-07  0
262  -3.349651711e-07  0
262.0804661  -3.346567346e-07  0
262.2612261  -3.339652384e-07  0
262.5220751  -3.32970717e-07  0
262.834721  -3.317839083e-07  0
263.165279  -3.305352318e-07  0
263.4779249  -3.293599766e-07  0
263.7387739  -3.283836895e-07  0
263.9195339  -3.277094158e-07  0
264  -3.274098538e-07  0
264.0804661  -3.271106567e-07  0
264.2612261  -3.264398648e-07  0
264.5220751  -3.25475096e-07  0
264.834721  -3.243237545e-07  0
265.165279  -3.231123494e-07  0
265.4779249  -3.219721319e-07  0
265.7387739  -3.210249197e-07  0
265.9195339  -3.203707101e-07  0
266  -3.200800576e-07  0
266.0804661  -3.197897567e-07  0
266.2612261  -3.191388999e-07  0
266.5220751  -3.182027795e-07  0
266.834721  -3.170855901e-07  0
267.165279  -3.15910076e-07  0
267.4779249  -3.148036002e-07  0
267.7387739  -3.138843885e-07  0
267.9195339  -3.132495022e-07  0
268  -3.129674306e-07  0
268.0804661  -3.126856975e-07  0
268.2612261  -3.120540408e-07  0
268.5220751  -3.111455131e-07  0
268.834721  -3.100612189e-07  0
269.165279  -3.089202764e-07  0
269.4779249  -3.078463034e-07  0
269.7387739  -3.069540652e-07  0
269.9195339  -3.063377939e-07  0
270  -3.060639888e-07  0
270.0804661  -3.057905099e-07  0
270.2612261  -3.051773505e-07  0
270.5220751  -3.042954064e-07  0
270.834721  -3.032428055e-07  0
271.165279  -3.021351729e-07  0
271.4779249  -3.010925179e-07  0
271.7387739  -3.00226271e-07  0
271.9195339  -2.996279376e-07  0
272  -2.993620984e-07  0
272.0804661  -2.990965735e-07  0
272.2612261  -2.985012392e-07  0
272.5220751  -2.976449134e-07  0
272.834721  -2.966228563e-07  0
273.165279  -2.955473269e-07  0
273.4779249  -2.945348566e-07  0
273.7387739  -2.936936614e-07  0
273.9195339  -2.93112618e-07  0
274  -2.92854457e-07  0
274.0804661  -2.925965991e-07  0
274.2612261  -2.920184468e-07  0
274.5220751  -2.91186816e-07  0
274.834721  -2.901942027e-07  0
275.165279  -2.891496217e-07  0
275.4779249  -2.881662517e-07  0
275.7387739  -2.873492092e-07  0
275.9195339  -2.867848356e-07  0
276  -2.865340777e-07  0
276.0804661  -2.86283612e-07  0
276.2612261  -2.857220263e-07  0
276.5220751  -2.849142066e-07  0
276.834721  -2.839499844e-07  0
277.165279  -2.829352467e-07  0
277.4779249  -2.81979939e-07  0
277.7387739  -2.811861884e-07  0
277.9195339  -2.806378911e-07  0
278  -2.803942728e-07  0
278.0804661  -2.801509364e-07  0
278.2612261  -2.796053281e-07  0
278.5220751  -2.788204733e-07  0
278.834721  -2.778836345e-07  0
279.165279  -2.768976819e-07  0
279.4779249  -2.759694425e-07  0
279.7387739  -2.751981598e-07  0
279.9195339  -2.746653705e-07  0
280  -2.744286394e-07  0
280.0804661  -2.741921803e-07  0
280.2612261  -2.736619854e-07  0
280.5220751  -2.728992852e-07  0
280.834721  -2.719888645e-07  0
281.165279  -2.710306835e-07  0
281.4779249  -2.701285605e-07  0
281.7387739  -2.693789562e-07  0
281.9195339  -2.688611304e-07  0
282  -2.68631045e-07  0
282.0804661  -2.68401222e-07  0
282.2612261  -2.678858999e-07  0
282.5220751  -2.671445781e-07  0
282.834721  -2.662596508e-07  0
283.165279  -2.653282704e-07  0
283.4779249  -2.644513517e-07  0
283.7387739  -2.637226697e-07  0
283.9195339  -2.632192857e-07  0
284  -2.629956143e-07  0
284.0804661  -2.627721963e-07  0
284.2612261  -2.622712291e-07  0
284.5220751  -2.61550542e-07  0
284.834721  -2.606902219e-07  0
285.165279  -2.597847117e-07  0
285.4779249  -2.589321232e-07  0
285.7387739  -2.582236384e-07  0
285.9195339  -2.577341964e-07  0
286  -2.57516717e-07  0
286.0804661  -2.572994823e-07  0
286.2612261  -2.568123737e-07  0
286.5220751  -2.561116082e-07  0
286.834721  -2.552750461e-07  0
287.165279  -2.543945139e-07  0
287.4779249  -2.535654176e-07  0
287.7387739  -2.528764352e-07  0
287.9195339  -2.524004557e-07  0
288  -2.521889556e-07  0
288.0804661  -2.519776918e-07  0
288.2612261  -2.515039659e-07  0
288.5220751  -2.508224384e-07  0
288.834721  -2.500088197e-07  0
289.165279  -2.491524102e-07  0
289.4779249  -2.483460026e-07  0
289.7387739  -2.47675856e-07  0
289.9195339  -2.472128794e-07  0
290  -2.470071546e-07  0
290.0804661  -2.468016579e-07  0
290.2612261  -2.463408581e-07  0
290.5220751  -2.45677913e-07  0
290.834721  -2.448864565e-07  0
291.165279  -2.440533494e-07  0
291.4779249  -2.432688596e-07  0
291.7387739  -2.426169096e-07  0
291.9195339  -2.421664948e-07  0
292  -2.419663493e-07  0
292.0804661  -2.417664244e-07  0
292.2612261  -2.413181129e-07  0
292.5220751  -2.406731211e-07  0
292.834721  -2.399030773e-07  0
293.165279  -2.390924853e-07  0
293.4779249  -2.383291737e-07  0
293.7387739  -2.376948069e-07  0
293.9195339  -2.372565307e-07  0
294  -2.370617768e-07  0
294.0804661  -2.36867236e-07  0
294.2612261  -2.364309927e-07  0
294.5220751  -2.358033505e-07  0
294.834721  -2.350540002e-07  0
295.165279  -2.342651678e-07  0
295.4779249  -2.335223246e-07  0
295.7387739  -2.32904952e-07  0
295.9195339  -2.324784084e-07  0
296  -2.322888657e-07  0
296.0804661  -2.32099529e-07  0
296.2612261  -2.316749504e-07  0
296.5220751  -2.310640784e-07  0
296.834721  -2.303347311e-07  0
297.165279  -2.295669331e-07  0
297.4779249  -2.288438767e-07  0
297.7387739  -2.282429332e-07  0
297.9195339  -2.27827732e-07  0
298  -2.276432274e-07  0
298.0804661  -2.27458922e-07  0
298.2612261  -2.270456208e-07  0
298.5220751  -2.264509626e-07  0
298.834721  -2.257409553e-07  0
299.165279  -2.249934952e-07  0
299.4779249  -2.242895712e-07  0
299.7387739  -2.237045138e-07  0
299.9195339  -2.233002807e-07  0
300  -2.231206479e-07  0
300.0804661  -2.229412077e-07  0
300.2612261  -2.22538812e-07  0
300.5220751  -2.219598332e-07  0
300.834721  -2.212685291e-07  0
301.165279  -2.205407379e-07  0
301.4779249  -2.198553176e-07  0
301.7387739  -2.192856249e-07  0
301.9195339  -2.18892e-07  0
302  -2.187170792e-07  0
302.0804661  -2.185423448e-07  0
302.2612261  -2.181504972e-07  0
302.5220751  -2.175866845e-07  0
302.834721  -2.169134717e-07  0
303.165279  -2.162047067e-07  0
303.4779249  -2.155371861e-07  0
303.7387739  -2.14982357e-07  0
303.9195339  -2.145989946e-07  0
304  -2.144286324e-07  0
304.0804661  -2.142584504e-07  0
304.2612261  -2.138768077e-07  0
304.5220751  -2.133276676e-07  0
304.834721  -2.126719583e-07  0
305.165279  -2.119816018e-07  0
305.4779249  -2.113314004e-07  0
305.7387739  -2.107909532e-07  0
305.9195339  -2.10417521e-07  0
306  -2.102515698e-07  0
306.0804661  -2.10085793e-07  0
306.2612261  -2.09714025e-07  0
306.5220751  -2.091790834e-07  0
306.834721  -2.085403123e-07  0
307.165279  -2.078677705e-07  0
307.4779249  -2.072343303e-07  0
307.7387739  -2.067078021e-07  0
307.9195339  -2.063439806e-07  0
308  -2.061822986e-07  0
308.0804661  -2.060207854e-07  0
308.2612261  -2.056585748e-07  0
308.5220751  -2.051373758e-07  0
308.834721  -2.045149994e-07  0
309.165279  -2.038597014e-07  0
309.4779249  -2.032424857e-07  0
309.7387739  -2.027294313e-07  0
309.9195339  -2.023749133e-07  0
310  -2.02217364e-07  0
310.0804661  -2.020599783e-07  0
310.2612261  -2.017070199e-07  0
310.5220751  -2.011991249e-07  0
310.834721  -2.005926208e-07  0
311.165279  -1.999540174e-07  0
311.4779249  -1.9935251e-07  0
311.7387739  -1.988525011e-07  0
311.9195339  -1.985069912e-07  0
312  -1.983534435e-07  0
312.0804661  -1.982000541e-07  0
312.2612261  -1.978560545e-07  0
312.5220751  -1.973610417e-07  0
312.834721  -1.96769907e-07  0
313.165279  -1.9614747e-07  0
313.4779249  -1.955611743e-07  0
313.7387739  -1.950737989e-07  0
313.9195339  -1.947370128e-07  0
314  -1.945873404e-07  0
314.0804661  -1.944378214e-07  0
314.2612261  -1.94102498e-07  0
314.5220751  -1.936199616e-07  0
314.834721  -1.930437125e-07  0
315.165279  -1.924369335e-07  0
315.4779249  -1.918653718e-07  0
315.7387739  -1.913902334e-07  0
315.9195339  -1.910618975e-07  0
316  -1.909159789e-07  0
316.0804661  -1.907702089e-07  0
316.2612261  -1.9044329e-07  0
316.5220751  -1.899728394e-07  0
316.834721  -1.894110103e-07  0
317.165279  -1.888194e-07  0
317.4779249  -1.882621123e-07  0
317.7387739  -1.877988293e-07  0
317.9195339  -1.874786801e-07  0
318  -1.873363984e-07  0
318.0804661  -1.871942606e-07  0
318.2612261  -1.868754845e-07  0
318.5220751  -1.864167437e-07  0
318.834721  -1.858688863e-07  0
319.165279  -1.852919738e-07  0
319.4779249  -1.847485173e-07  0
319.7387739  -1.842967221e-07  0
319.9195339  -1.839845061e-07  0
320  -1.838457487e-07  0
320.0804661  -1.837071307e-07  0
320.2612261  -1.833962454e-07  0
320.5220751  -1.829488523e-07  0
320.834721  -1.824145351e-07  0
321.165279  -1.818518666e-07  0
321.4779249  -1.813218148e-07  0
321.7387739  -1.808811536e-07  0
321.9195339  -1.805766267e-07  0
322  -1.804412851e-07  0
322.0804661  -1.803060787e-07  0
322.2612261  -1.800028415e-07  0
322.5220751  -1.795664474e-07  0
322.834721  -1.790452546e-07  0
323.165279  -1.784963933e-07  0
323.4779249  -1.779793355e-07  0
323.7387739  -1.775494674e-07  0
323.9195339  -1.772523941e-07  0
324  -1.771203639e-07  0
324.0804661  -1.769884648e-07  0
324.2612261  -1.766926421e-07  0
324.5220751  -1.76266911e-07  0
324.834721  -1.75758442e-07  0
325.165279  -1.75222967e-07  0
325.4779249  -1.747185074e-07  0
325.7387739  -1.74299104e-07  0
325.9195339  -1.740092578e-07  0
326  -1.738804383e-07  0
326.0804661  -1.737517459e-07  0
326.2612261  -1.734631124e-07  0
326.5220751  -1.730477206e-07  0
326.834721  -1.725515897e-07  0
327.165279  -1.720290952e-07  0
327.4779249  -1.715368525e-07  0
327.7387739  -1.711275973e-07  0
327.9195339  -1.708447597e-07  0
328  -1.707190539e-07  0
328.0804661  -1.705934714e-07  0
328.2612261  -1.7031181e-07  0
328.5220751  -1.699064456e-07  0
328.834721  -1.694222806e-07  0
329.165279  -1.689123758e-07  0
329.4779249  -1.684319823e-07  0
329.7387739  -1.680325702e-07  0
329.9195339  -1.677565308e-07  0
330  -1.676338451e-07  0
330.0804661  -1.675112791e-07  0
330.2612261  -1.672363805e-07  0
330.5220751  -1.668407427e-07  0
330.834721  -1.663681852e-07  0
331.165279  -1.658704931e-07  0
331.4779249  -1.654015945e-07  0
331.7387739  -1.650117313e-07  0
331.9195339  -1.647422869e-07  0
332  -1.646225313e-07  0
332.0804661  -1.645028917e-07  0
332.2612261  -1.642345543e-07  0
332.5220751  -1.638483531e-07  0
332.834721  -1.633870572e-07  0
333.165279  -1.629012145e-07  0
333.4779249  -1.624434689e-07  0
333.7387739  -1.62062871e-07  0
333.9195339  -1.617998259e-07  0
334  -1.616829133e-07  0
334.0804661  -1.615661134e-07  0
334.2612261  -1.613041425e-07  0
334.5220751  -1.609270982e-07  0
334.834721  -1.604767305e-07  0
335.165279  -1.600023864e-07  0
335.4779249  -1.595554643e-07  0
335.7387739  -1.591838581e-07  0
335.9195339  -1.589270234e-07  0
336  -1.5881287e-07  0
336.0804661  -1.58698826e-07  0
336.2612261  -1.584430339e-07  0
336.5220751  -1.580748768e-07  0
336.834721  -1.576351155e-07  0
337.165279  -1.57171932e-07  0
337.4779249  -1.567355153e-07  0
337.7387739  -1.563726368e-07  0
337.9195339  -1.561218303e-07  0
338  -1.560103552e-07  0
338.0804661  -1.558989862e-07  0
338.2612261  -1.556491919e-07  0
338.5220751  -1.552896616e-07  0
338.834721  -1.548601964e-07  0
339.165279  -1.544078471e-07  0
339.4779249  -1.53981629e-07  0
339.7387739  -1.536272234e-07  0
339.9195339  -1.533822692e-07  0
340  -1.532733944e-07  0
340.0804661  -1.531646225e-07  0
340.2612261  -1.529206511e-07  0
340.5220751  -1.525694964e-07  0
340.834721  -1.521500277e-07  0
341.165279  -1.517081978e-07  0
341.4779249  -1.51291882e-07  0
341.7387739  -1.509457035e-07  0
341.9195339  -1.50706432e-07  0
342  -1.50600082e-07  0
342.0804661  -1.50493832e-07  0
342.2612261  -1.502555148e-07  0
342.5220751  -1.499124933e-07  0
342.834721  -1.495027319e-07  0
343.165279  -1.490711173e-07  0
343.4779249  -1.48664418e-07  0
343.7387739  -1.483262292e-07  0
343.9195339  -1.480924765e-07  0
344  -1.479885785e-07  0
344.0804661  -1.478847777e-07  0
344.2612261  -1.47651952e-07  0
344.5220751  -1.473168295e-07  0
344.834721  -1.469164962e-07  0
345.165279  -1.464948033e-07  0
345.4779249  -1.460974444e-07  0
345.7387739  -1.457670162e-07  0
345.9195339  -1.455386242e-07  0
346  -1.45437108e-07  0
346.0804661  -1.453356862e-07  0
346.2612261  -1.451081946e-07  0
346.5220751  -1.447807451e-07  0
346.834721  -1.443895703e-07  0
347.165279  -1.439775157e-07  0
347.4779249  -1.435892306e-07  0
347.7387739  -1.432663416e-07  0
347.9195339  -1.430431574e-07  0
348  -1.429439552e-07  0
348.0804661  -1.428448446e-07  0
348.2612261  -1.426225353e-07  0
348.5220751  -1.423025404e-07  0
348.834721  -1.419202637e-07  0
349.165279  -1.415175736e-07  0
349.4779249  -1.411381047e-07  0
349.7387739  -1.408225412e-07  0
349.9195339  -1.406044173e-07  0
350  -1.405074634e-07  0
350.0804661  -1.404105986e-07  0
350.2612261  -1.401933248e-07  0
350.5220751  -1.398805736e-07  0
350.834721  -1.395069435e-07  0
351.165279  -1.391133533e-07  0
351.4779249  -1.387424519e-07  0
351.7387739  -1.384340072e-07  0
351.9195339  -1.382208009e-07  0
352  -1.381260321e-07  0
352.0804661  -1.380313498e-07  0
352.2612261  -1.378189698e-07  0
352.5220751  -1.375132584e-07  0
352.834721  -1.371480317e-07  0
353.165279  -1.36763286e-07  0
353.4779249  -1.364007116e-07  0
353.7387739  -1.360991861e-07  0
353.9195339  -1.358907596e-07  0
354  -1.357981146e-07  0
354.0804661  -1.357055538e-07  0
354.2612261  -1.354979305e-07  0
354.5220751  -1.35199062e-07  0
354.834721  -1.348420039e-07  0
355.165279  -1.344658554e-07  0
355.4779249  -1.341113757e-07  0
355.7387739  -1.338165765e-07  0
355.9195339  -1.336127967e-07  0
356  -1.335222163e-07  0
356.0804661  -1.334317178e-07  0
356.2612261  -1.332287188e-07  0
356.5220751  -1.329365029e-07  0
356.834721  -1.325873861e-07  0
357.165279  -1.322195962e-07  0
357.4779249  -1.318729864e-07  0
357.7387739  -1.315847271e-07  0
357.9195339  -1.313854651e-07  0
358  -1.312968922e-07  0
358.0804661  -1.312083989e-07  0
358.2612261  -1.310098962e-07  0
358.5220751  -1.307241487e-07  0
358.834721  -1.303827538e-07  0
359.165279  -1.300230916e-07  0
359.4779249  -1.296841346e-07  0
359.7387739  -1.294022347e-07  0
359.9195339  -1.29207366e-07  0
360  -1.291207453e-07  0
360.0804661  -1.29034202e-07  0
360.2612261  -1.288400718e-07  0
360.5220751  -1.285606147e-07  0
360.834721  -1.282267293e-07  0
361.165279  -1.278749714e-07  0
361.4779249  -1.275434572e-07  0
361.7387739  -1.272677423e-07  0
361.9195339  -1.270771466e-07  0
362  -1.269924246e-07  0
362.0804661  -1.269077778e-07  0
362.2612261  -1.267179004e-07  0
362.5220751  -1.264445616e-07  0
362.834721  -1.261179804e-07  0
363.165279  -1.257739109e-07  0
363.4779249  -1.254496362e-07  0
363.7387739  -1.251799377e-07  0
363.9195339  -1.249934984e-07  0
364  -1.249106233e-07  0
364.0804661  -1.248278214e-07  0
364.2612261  -1.246420809e-07  0
364.5220751  -1.243746939e-07  0
364.834721  -1.240552183e-07  0
365.165279  -1.237186283e-07  0
365.4779249  -1.234013966e-07  0
365.7387739  -1.231375512e-07  0
365.9195339  -1.229551557e-07  0
366  -1.228740775e-07  0
366.0804661  -1.227930705e-07  0
366.2612261  -1.226113549e-07  0
366.5220751  -1.223497585e-07  0
366.834721  -1.220371962e-07  0
367.165279  -1.217078836e-07  0
367.4779249  -1.213975048e-07  0
367.7387739  -1.211393546e-07  0
367.9195339  -1.209608938e-07  0
368  -1.20881564e-07  0
368.0804661  -1.208023036e-07  0
368.2612261  -1.206245044e-07  0
368.5220751  -1.203685428e-07  0
368.834721  -1.200627078e-07  0
369.165279  -1.197404769e-07  0
369.4779249  -1.194367669e-07  0
369.7387739  -1.19184159e-07  0
369.9195339  -1.190095275e-07  0
370  -1.189318992e-07  0
370.0804661  -1.188543385e-07  0
370.2612261  -1.186803508e-07  0
370.5220751  -1.18429873e-07  0
370.834721  -1.181305854e-07  0
371.165279  -1.178152469e-07  0
371.4779249  -1.175180276e-07  0
371.7387739  -1.172708141e-07  0
371.9195339  -1.170999096e-07  0
372  -1.170239375e-07  0
372.0804661  -1.169480312e-07  0
372.2612261  -1.167777534e-07  0
372.5220751  -1.165326134e-07  0
372.834721  -1.162396988e-07  0
373.165279  -1.159310694e-07  0
373.4779249  -1.156401683e-07  0
373.7387739  -1.15398206e-07  0
373.9195339  -1.152309296e-07  0
374  -1.151565698e-07  0
374.0804661  -1.150822739e-07  0
374.2612261  -1.149156078e-07  0
374.5220751  -1.14675664e-07  0
374.834721  -1.143889538e-07  0
375.165279  -1.14086856e-07  0
375.4779249  -1.13802106e-07  0
375.7387739  -1.135652562e-07  0
375.9195339  -1.134015122e-07  0
376  -1.133287221e-07  0
376.0804661  -1.132559943e-07  0
376.2612261  -1.130928444e-07  0
376.5220751  -1.128579601e-07  0
376.834721  -1.125772907e-07  0
377.165279  -1.122815526e-07  0
377.4779249  -1.120027921e-07  0
377.7387739  -1.117709205e-07  0
377.9195339  -1.116106161e-07  0
378  -1.115393545e-07  0
378.0804661  -1.114681536e-07  0
378.2612261  -1.113084278e-07  0
378.5220751  -1.110784702e-07  0
378.834721  -1.108036834e-07  0
379.165279  -1.105141386e-07  0
379.4779249  -1.102412109e-07  0
379.7387739  -1.100141874e-07  0
379.9195339  -1.098572327e-07  0
380  -1.097874598e-07  0
380.0804661  -1.097177459e-07  0
380.2612261  -1.095613548e-07  0
380.5220751  -1.093361954e-07  0
380.834721  -1.090671379e-07  0
381.165279  -1.087836251e-07  0
381.4779249  -1.085163785e-07  0
381.7387739  -1.082940769e-07  0
381.9195339  -1.08140385e-07  0
382  -1.08072062e-07  0
382.0804661  -1.080037965e-07  0
382.2612261  -1.078506535e-07  0
382.5220751  -1.076301678e-07  0
382.834721  -1.073666912e-07  0
383.165279  -1.070890541e-07  0
383.4779249  -1.068273414e-07  0
383.7387739  -1.066096398e-07  0
383.9195339  -1.064591262e-07  0
384  -1.063922157e-07  0
384.0804661  -1.063253611e-07  0
384.2612261  -1.061753824e-07  0
384.5220751  -1.059594498e-07  0
384.834721  -1.0570141e-07  0
385.165279  -1.054294972e-07  0
385.4779249  -1.05173176e-07  0
385.7387739  -1.049599559e-07  0
385.9195339  -1.04812539e-07  0
386  -1.047470046e-07  0
386.0804661  -1.046815248e-07  0
386.2612261  -1.04534629e-07  0
386.5220751  -1.043231325e-07  0
386.834721  -1.040703901e-07  0
387.165279  -1.038040548e-07  0
387.4779249  -1.03552987e-07  0
387.7387739  -1.033441336e-07  0
387.9195339  -1.031997342e-07  0
388  -1.031355407e-07  0
388.0804661  -1.030714004e-07  0
388.2612261  -1.029275088e-07  0
388.5220751  -1.027203351e-07  0
388.834721  -1.024727547e-07  0
389.165279  -1.022118547e-07  0
389.4779249  -1.019659063e-07  0
389.7387739  -1.017613085e-07  0
389.9195339  -1.016198497e-07  0
390  -1.015569631e-07  0
390.0804661  -1.014941283e-07  0
390.2612261  -1.013531644e-07  0
390.5220751  -1.011502037e-07  0
390.834721  -1.009076542e-07  0
391.165279  -1.006520515e-07  0
391.4779249  -1.004110928e-07  0
391.7387739  -1.002106427e-07  0
391.9195339  -1.0007205e-07  0
392  -1.000104371e-07  0
392.0804661  -9.994887476e-08  0
392.2612261  -9.981076446e-08  0
392.5220751  -9.961191018e-08  0
392.834721  -9.937426455e-08  0
393.165279  -9.912382529e-08  0
393.4779249  -9.888773035e-08  0
393.7387739  -9.869132344e-08  0
393.9195339  -9.855552467e-08  0
394  -9.849515341e-08  0
394.0804661  -9.843483146e-08  0
394.2612261  -9.829950295e-08  0
394.5220751  -9.810465173e-08  0
394.834721  -9.787178661e-08  0
395.165279  -9.762638115e-08  0
395.4779249  -9.739502786e-08  0
395.7387739  -9.720256267e-08  0
395.9195339  -9.706948776e-08  0
396  -9.701032704e-08  0
396.0804661  -9.695121439e-08  0
396.2612261  -9.681859798e-08  0
396.5220751  -9.66276496e-08  0
396.834721  -9.639944538e-08  0
397.165279  -9.615894788e-08  0
397.4779249  -9.593221779e-08  0
397.7387739  -9.574359595e-08  0
397.9195339  -9.561317695e-08  0
398  -9.555519657e-08  0
398.0804661  -9.549726306e-08  0
398.2612261  -9.536729117e-08  0
398.5220751  -9.518014839e-08  0
398.834721  -9.495648905e-08  0
399.165279  -9.472077742e-08  0
399.4779249  -9.449855563e-08  0
399.7387739  -9.431368166e-08  0
399.9195339  -9.418585264e-08  0
