#L=6 M=1
#R     Re(V)   Im(V)

0.08046609183  -5.086741122e-13  5.111953181e-13
0.2612261349  -5.987330582e-10  5.987342765e-10
0.5220750502  -3.837021362e-08  3.837021392e-08
0.8347210423  -6.484660334e-07  6.484660322e-07
1.165278958  -4.885259191e-06  4.885259191e-06
1.47792495  -2.077251769e-05  2.07725177e-05
1.738773865  -5.624520034e-05  5.624520033e-05
1.919533908  -0.0001034394245  0.0001034394245
2  -0.0001333209137  0.0001333209137
2.080466092  -0.0001702035491  0.0001702035491
2.261226135  -0.0002855683149  0.0002855683149
2.52207505  -0.0005645822195  0.0005645822195
2.834721042  -0.0011763799  0.0011763799
3.165278958  -0.002361414962  0.002361414962
3.47792495  -0.004290834623  0.004290834623
3.738773865  -0.006789013253  0.006789013253
3.919533908  -0.009155155448  0.009155155448
4  -0.01040952993  0.01040952993
4.080466092  -0.008959185902  0.008959185902
4.261226135  -0.006432233515  0.006432233515
4.52207505  -0.004034448654  0.004034448654
4.834721042  -0.002338196162  0.002338196162
5.165278958  -0.001326342587  0.001326342587
5.47792495  -0.000777953573  0.000777953573
5.738773865  -0.0004968520603  0.0004968520603
5.919533908  -0.0003624685625  0.0003624685625
6  -0.0003144006453  0.0003144006453
6.080466092  -0.0002723009482  0.0002723009482
6.261226135  -0.000195793437  0.000195793437
6.52207505  -0.000118740902  0.000118740902
6.834721042  -6.11504611e-05  6.11504611e-05
7.165278958  -2.576963646e-05  2.576963646e-05
7.47792495  -6.803249486e-06  6.803249486e-06
7.738773865  2.395482414e-06  -2.395482414e-06
7.919533908  6.432717799e-06  -6.432717799e-06
8  7.770516346e-06  -7.770516346e-06
8.080466092  8.874756976e-06  -8.874756976e-06
8.261226135  1.065083307e-05  -1.065083307e-05
8.52207505  1.193129032e-05  -1.193129032e-05
8.834721042  1.218405152e-05  -1.218405152e-05
9.165278958  1.159814403e-05  -1.159814403e-05
9.47792495  1.064717246e-05  -1.064717246e-05
9.738773865  9.731908929e-06  -9.731908929e-06
9.919533908  9.080227056e-06  -9.080227056e-06
10  8.791349626e-06  -8.791349626e-06
10.08046609  8.504949102e-06  -8.504949102e-06
10.26122613  7.875374396e-06  -7.875374396e-06
10.52207505  7.013198894e-06  -7.013198894e-06
10.83472104  6.068639683e-06  -6.068639683e-06
11.16527896  5.184151945e-06  -5.184151945e-06
11.47792495  4.454335299e-06  -4.454335299e-06
11.73877387  3.920015509e-06  -3.920015509e-06
11.91953391  3.586605159e-06  -3.586605159e-06
12  3.447302005e-06  -3.447302005e-06
12.08046609  3.313371108e-06  -3.313371108e-06
12.26122613  3.031206308e-06  -3.031206308e-06
12.52207505  2.666371687e-06  -2.666371687e-06
12.83472104  2.287942504e-06  -2.287942504e-06
13.16527896  1.948307437e-06  -1.948307437e-06
13.47792495  1.675914709e-06  -1.675914709e-06
13.73877387  1.479793799e-06  -1.479793799e-06
13.91953391  1.358464646e-06  -1.358464646e-06
14  1.307956094e-06  -1.307956094e-06
14.08046609  1.25947878e-06  -1.25947878e-06
14.26122613  1.157555181e-06  -1.157555181e-06
14.52207505  1.026006089e-06  -1.026006089e-06
14.83472104  8.8951216e-07  -8.8951216e-07
15.16527896  7.666098039e-07  -7.666098039e-07
15.47792495  6.674729691e-07  -6.674729691e-07
15.73877387  5.956089213e-07  -5.956089213e-07
15.91953391  5.508781531e-07  -5.508781531e-07
16  5.321838083e-07  -5.321838083e-07
16.08046609  5.141962661e-07  -5.141962661e-07
16.26122613  4.762187278e-07  -4.762187278e-07
16.52207505  4.268361097e-07  -4.268361097e-07
16.83472104  3.750688964e-07  -3.750688964e-07
17.16527896  3.278871568e-07  -3.278871568e-07
17.47792495  2.893443068e-07  -2.893443068e-07
17.73877387  2.610786913e-07  -2.610786913e-07
17.91953391  2.433246512e-07  -2.433246512e-07
18  2.358643914e-07  -2.358643914e-07
18.08046609  2.286622978e-07  -2.286622978e-07
18.26122613  2.133745296e-07  -2.133745296e-07
18.52207505  1.933138519e-07  -1.933138519e-07
18.83472104  1.720337092e-07  -1.720337092e-07
19.16527896  1.523791413e-07  -1.523791413e-07
19.47792495  1.361095566e-07  -1.361095566e-07
19.73877387  1.240377188e-07  -1.240377188e-07
19.91953391  1.163871565e-07  -1.163871565e-07
20  1.131554585e-07  -1.131554585e-07
20.08046609  1.100256121e-07  -1.100256121e-07
20.26122613  1.033478358e-07  -1.033478358e-07
20.52207505  9.45096549e-08  -9.45096549e-08
20.83472104  8.503036981e-08  -8.503036981e-08
21.16527896  7.616812477e-08  -7.616812477e-08
21.47792495  6.874410172e-08  -6.874410172e-08
21.73877387  6.31777321e-08  -6.31777321e-08
21.91953391  5.962200429e-08  -5.962200429e-08
22  5.81130523e-08  -5.81130523e-08
22.08046609  5.664754674e-08  -5.664754674e-08
22.26122613  5.350669633e-08  -5.350669633e-08
22.52207505  4.931839173e-08  -4.931839173e-08
22.83472104  4.478302511e-08  -4.478302511e-08
23.16527896  4.049802707e-08  -4.049802707e-08
23.47792495  3.687130996e-08  -3.687130996e-08
23.73877387  3.412756456e-08  -3.412756456e-08
23.91953391  3.236296285e-08  -3.236296285e-08
24  3.161114199e-08  -3.161114199e-08
24.08046609  3.087920984e-08  -3.087920984e-08
24.26122613  2.930449835e-08  -2.930449835e-08
24.52207505  2.719110277e-08  -2.719110277e-08
24.83472104  2.488376363e-08  -2.488376363e-08
25.16527896  2.268412043e-08  -2.268412043e-08
25.47792495  2.080597804e-08  -2.080597804e-08
25.73877387  1.93741699e-08  -1.93741699e-08
25.91953391  1.844797467e-08  -1.844797467e-08
26  1.805202576e-08  -1.805202576e-08
26.08046609  1.766575861e-08  -1.766575861e-08
26.26122613  1.683198952e-08  -1.683198952e-08
26.52207505  1.57068403e-08  -1.57068403e-08
26.83472104  1.446980173e-08  -1.446980173e-08
27.16527896  1.328139513e-08  -1.328139513e-08
27.47792495  1.22590234e-08  -1.22590234e-08
27.73877387  1.147447796e-08  -1.147447796e-08
27.91953391  1.09644491e-08  -1.09644491e-08
28  1.074577706e-08  -1.074577706e-08
28.08046609  1.053207489e-08  -1.053207489e-08
28.26122613  1.006948552e-08  -1.006948552e-08
28.52207505  9.442275072e-09  -9.442275072e-09
28.83472104  8.748515856e-09  -8.748515856e-09
29.16527896  8.077591281e-09  -8.077591281e-09
29.47792495  7.496638509e-09  -7.496638509e-09
29.73877387  7.04828729e-09  -7.04828729e-09
29.91953391  6.755558913e-09  -6.755558913e-09
30  6.629736789e-09  -6.629736789e-09
30.08046609  6.506585745e-09  -6.506585745e-09
30.26122613  6.239351804e-09  -6.239351804e-09
30.52207505  5.875526247e-09  -5.875526247e-09
30.83472104  5.470978843e-09  -5.470978843e-09
31.16527896  5.077478632e-09  -5.077478632e-09
31.47792495  4.734810361e-09  -4.734810361e-09
31.73877387  4.469040178e-09  -4.469040178e-09
31.91953391  4.294864789e-09  -4.294864789e-09
32  4.219834702e-09  -4.219834702e-09
32.08046609  4.146298884e-09  -4.146298884e-09
32.26122613  3.986384748e-09  -3.986384748e-09
32.52207505  3.767884425e-09  -3.767884425e-09
32.83472104  3.523806061e-09  -3.523806061e-09
33.16527896  3.285184309e-09  -3.285184309e-09
33.47792495  3.076349026e-09  -3.076349026e-09
33.73877387  2.913669327e-09  -2.913669327e-09
33.91953391  2.806701329e-09  -2.806701329e-09
34  2.76053281e-09  -2.76053281e-09
34.08046609  2.71523019e-09  -2.71523019e-09
34.26122613  2.616525823e-09  -2.616525823e-09
34.52207505  2.48123038e-09  -2.48123038e-09
34.83472104  2.329479961e-09  -2.329479961e-09
35.16527896  2.180453709e-09  -2.180453709e-09
35.47792495  2.049452541e-09  -2.049452541e-09
35.73877387  1.947008293e-09  -1.947008293e-09
35.91953391  1.879448774e-09  -1.879448774e-09
36  1.850239023e-09  -1.850239023e-09
36.08046609  1.821546942e-09  -1.821546942e-09
36.26122613  1.758927527e-09  -1.758927527e-09
36.52207505  1.672850885e-09  -1.672850885e-09
36.83472104  1.575954398e-09  -1.575954398e-09
37.16527896  1.480415299e-09  -1.480415299e-09
37.47792495  1.39610018e-09  -1.39610018e-09
37.73877387  1.329936308e-09  -1.329936308e-09
37.91953391  1.286187871e-09  -1.286187871e-09
38  1.267243777e-09  -1.267243777e-09
38.08046609  1.248617898e-09  -1.248617898e-09
38.26122613  1.207906057e-09  -1.207906057e-09
38.52207505  1.151801481e-09  -1.151801481e-09
38.83472104  1.088438799e-09  -1.088438799e-09
39.16527896  1.025738778e-09  -1.025738778e-09
39.47792495  9.702086096e-10  -9.702086096e-10
39.73877387  9.26497184e-10  -9.264971841e-10
39.91953391  8.97526149e-10  -8.97526149e-10
40  8.849635933e-10  -8.849635933e-10
40.08046609  8.726015923e-10  -8.726015923e-10
40.26122613  8.455442979e-10  -8.455442979e-10
40.52207505  8.081716431e-10  -8.081716431e-10
40.83472104  7.65840258e-10  -7.65840258e-10
41.16527896  7.238155426e-10  -7.238155426e-10
41.47792495  6.864773204e-10  -6.864773204e-10
41.73877387  6.570032767e-10  -6.570032767e-10
41.91953391  6.374266657e-10  -6.374266657e-10
42  6.289271037e-10  -6.289271037e-10
42.08046609  6.205568206e-10  -6.205568206e-10
42.26122613  6.022137837e-10  -6.022137837e-10
42.52207505  5.768251614e-10  -5.768251614e-10
42.83472104  5.479914006e-10  -5.479914006e-10
43.16527896  5.192822532e-10  -5.192822532e-10
43.47792495  4.937006331e-10  -4.937006331e-10
43.73877387  4.734554436e-10  -4.734554436e-10
43.91953391  4.599824753e-10  -4.599824753e-10
44  4.541262523e-10  -4.541262523e-10
44.08046609  4.483550836e-10  -4.483550836e-10
44.26122613  4.356936788e-10  -4.356936788e-10
44.52207505  4.181360018e-10  -4.181360018e-10
44.83472104  3.981475432e-10  -3.981475432e-10
45.16527896  3.78192111e-10  -3.78192111e-10
45.47792495  3.603635524e-10  -3.603635524e-10
45.73877387  3.462212475e-10  -3.462212475e-10
45.91953391  3.367929913e-10  -3.367929913e-10
46  3.326905938e-10  -3.326905938e-10
46.08046609  3.286452059e-10  -3.286452059e-10
46.26122613  3.197609078e-10  -3.197609078e-10
46.52207505  3.074197754e-10  -3.074197754e-10
46.83472104  2.933389811e-10  -2.933389811e-10
47.16527896  2.792469846e-10  -2.792469846e-10
47.47792495  2.666264539e-10  -2.666264539e-10
47.73877387  2.565940148e-10  -2.565940148e-10
47.91953391  2.498948163e-10  -2.498948163e-10
48  2.469770974e-10  -2.469770974e-10
48.08046609  2.44098247e-10  -2.44098247e-10
48.26122613  2.377699046e-10  -2.377699046e-10
48.52207505  2.289653622e-10  -2.289653622e-10
48.83472104  2.188992962e-10  -2.188992962e-10
49.16527896  2.088025463e-10  -2.088025463e-10
49.47792495  1.997399797e-10  -1.997399797e-10
49.73877387  1.925217579e-10  -1.925217579e-10
49.91953391  1.876945627e-10  -1.876945627e-10
50  1.85590317e-10  -1.85590317e-10
50.08046609  1.83512989e-10  -1.83512989e-10
50.26122613  1.789426193e-10  -1.789426193e-10
50.52207505  1.725746838e-10  -1.725746838e-10
50.83472104  1.652807333e-10  -1.652807333e-10
51.16527896  1.57949378e-10  -1.57949378e-10
51.47792495  1.513554687e-10  -1.513554687e-10
51.73877387  1.460940126e-10  -1.460940126e-10
51.91953391  1.425705577e-10  -1.425705577e-10
52  1.410333878e-10  -1.410333878e-10
52.08046609  1.3951513e-10  -1.3951513e-10
52.26122613  1.361721142e-10  -1.361721142e-10
52.52207505  1.315080119e-10  -1.315080119e-10
52.83472104  1.261564363e-10  -1.261564363e-10
53.16527896  1.207671077e-10  -1.207671077e-10
53.47792495  1.159106956e-10  -1.159106956e-10
53.73877387  1.120291581e-10  -1.120291581e-10
53.91953391  1.094264822e-10  -1.094264822e-10
54  1.082901674e-10  -1.082901674e-10
54.08046609  1.071673181e-10  -1.071673181e-10
54.26122613  1.046931149e-10  -1.046931149e-10
54.52207505  1.012368702e-10  -1.012368702e-10
54.83472104  9.726483957e-11  -9.726483957e-11
55.16527896  9.325768134e-11  -9.325768134e-11
55.47792495  8.964042004e-11  -8.964042004e-11
55.73877387  8.674480348e-11  -8.674480348e-11
55.91953391  8.480091605e-11  -8.480091605e-11
56  8.395163427e-11  -8.395163427e-11
56.08046609  8.311205923e-11  -8.311205923e-11
56.26122613  8.126078146e-11  -8.126078146e-11
56.52207505  7.867172308e-11  -7.867172308e-11
56.83472104  7.569186653e-11  -7.569186653e-11
57.16527896  7.268069207e-11  -7.268069207e-11
57.47792495  6.995806313e-11  -6.995806313e-11
57.73877387  6.777545547e-11  -6.777545547e-11
57.91953391  6.630861176e-11  -6.630861176e-11
58  6.566733462e-11  -6.566733462e-11
58.08046609  6.503313552e-11  -6.503313552e-11
58.26122613  6.363382096e-11  -6.363382096e-11
58.52207505  6.167473991e-11  -6.167473991e-11
58.83472104  5.941682669e-11  -5.941682669e-11
59.16527896  5.713167124e-11  -5.713167124e-11
59.47792495  5.506234256e-11  -5.506234256e-11
59.73877387  5.340122412e-11  -5.340122412e-11
59.91953391  5.228370535e-11  -5.228370535e-11
60  5.179485138e-11  -5.179485138e-11
60.08046609  5.13112142e-11  -5.13112142e-11
60.26122613  5.024346654e-11  -5.024346654e-11
60.52207505  4.87470878e-11  -4.87470878e-11
60.83472104  4.702022439e-11  -4.702022439e-11
61.16527896  4.527001293e-11  -4.527001293e-11
61.47792495  4.368284754e-11  -4.368284754e-11
61.73877387  4.240717506e-11  -4.240717506e-11
61.91953391  4.154814071e-11  -4.154814071e-11
62  4.117214726e-11  -4.117214726e-11
62.08046609  4.080003745e-11  -4.080003745e-11
62.26122613  3.997805488e-11  -3.997805488e-11
62.52207505  3.882501748e-11  -3.882501748e-11
62.83472104  3.7492768e-11  -3.7492768e-11
63.16527896  3.61406879e-11  -3.61406879e-11
63.47792495  3.491292965e-11  -3.491292965e-11
63.73877387  3.392496519e-11  -3.392496519e-11
63.91953391  3.325907354e-11  -3.325907354e-11
64  3.296746289e-11  -3.296746289e-11
64.08046609  3.267877065e-11  -3.267877065e-11
64.26122613  3.204072165e-11  -3.204072165e-11
64.52207505  3.114490869e-11  -3.114490869e-11
64.83472104  3.010868706e-11  -3.010868706e-11
65.16527896  2.905571272e-11  -2.905571272e-11
65.47792495  2.809836109e-11  -2.809836109e-11
65.73877387  2.732713783e-11  -2.732713783e-11
65.91953391  2.680689098e-11  -2.680689098e-11
66  2.657894847e-11  -2.657894847e-11
66.08046609  2.635321838e-11  -2.635321838e-11
66.26122613  2.585407877e-11  -2.585407877e-11
66.52207505  2.515271261e-11  -2.515271261e-11
66.83472104  2.43405488e-11  -2.43405488e-11
67.16527896  2.351427451e-11  -2.351427451e-11
67.47792495  2.276215161e-11  -2.276215161e-11
67.73877387  2.215562599e-11  -2.215562599e-11
67.91953391  2.174615431e-11  -2.174615431e-11
68  2.156666314e-11  -2.156666314e-11
68.08046609  2.138886313e-11  -2.138886313e-11
68.26122613  2.09955255e-11  -2.09955255e-11
68.52207505  2.044239616e-11  -2.044239616e-11
68.83472104  1.980124269e-11  -1.980124269e-11
69.16527896  1.914822023e-11  -1.914822023e-11
69.47792495  1.855314204e-11  -1.855314204e-11
69.73877387  1.807278957e-11  -1.807278957e-11
69.91953391  1.774825549e-11  -1.774825549e-11
70  1.760593377e-11  -1.760593377e-11
70.08046609  1.746491486e-11  -1.746491486e-11
70.26122613  1.715280984e-11  -1.715280984e-11
70.52207505  1.671359084e-11  -1.671359084e-11
70.83472104  1.620399231e-11  -1.620399231e-11
71.16527896  1.568441235e-11  -1.568441235e-11
71.47792495  1.521044047e-11  -1.521044047e-11
71.73877387  1.482749195e-11  -1.482749195e-11
71.91953391  1.45685824e-11  -1.45685824e-11
72  1.445499244e-11  -1.445499244e-11
72.08046609  1.434241353e-11  -1.434241353e-11
72.26122613  1.40931495e-11  -1.40931495e-11
72.52207505  1.37421217e-11  -1.37421217e-11
72.83472104  1.333448095e-11  -1.333448095e-11
73.16527896  1.291844125e-11  -1.291844125e-11
73.47792495  1.253854555e-11  -1.253854555e-11
73.73877387  1.223133781e-11  -1.223133781e-11
73.91953391  1.202349716e-11  -1.202349716e-11
74  1.193227643e-11  -1.193227643e-11
74.08046609  1.184184578e-11  -1.184184578e-11
74.26122613  1.164154267e-11  -1.164154267e-11
74.52207505  1.135927907e-11  -1.135927907e-11
74.83472104  1.103121465e-11  -1.103121465e-11
75.16527896  1.069607474e-11  -1.069607474e-11
75.47792495  1.038976394e-11  -1.038976394e-11
75.73877387  1.014185632e-11  -1.014185632e-11
75.91953391  9.974028658e-12  -9.974028658e-12
76  9.900342016e-12  -9.900342016e-12
76.08046609  9.827276873e-12  -9.827276873e-12
76.26122613  9.665378339e-12  -9.665378339e-12
76.52207505  9.437091718e-12  -9.437091718e-12
76.83472104  9.171549449e-12  -9.171549449e-12
77.16527896  8.900037371e-12  -8.900037371e-12
77.47792495  8.651660697e-12  -8.651660697e-12
77.73877387  8.450483125e-12  -8.450483125e-12
77.91953391  8.314208695e-12  -8.314208695e-12
78  8.254354661e-12  -8.254354661e-12
78.08046609  8.194992567e-12  -8.194992567e-12
78.26122613  8.063411233e-12  -8.063411233e-12
78.52207505  7.877764046e-12  -7.877764046e-12
78.83472104  7.661655096e-12  -7.661655096e-12
79.16527896  7.440499962e-12  -7.440499962e-12
79.47792495  7.238018775e-12  -7.238018775e-12
79.73877387  7.073892749e-12  -7.073892749e-12
79.91953391  6.962652926e-12  -6.962652926e-12
80  6.913778074e-12  -6.913778074e-12
80.08046609  6.865294921e-12  -6.865294921e-12
80.26122613  6.757791891e-12  -6.757791891e-12
80.52207505  6.606031453e-12  -6.606031453e-12
80.83472104  6.429241457e-12  -6.429241457e-12
81.16527896  6.248177298e-12  -6.248177298e-12
81.47792495  6.082269001e-12  -6.082269001e-12
81.73877387  5.947692579e-12  -5.947692579e-12
81.91953391  5.85643106e-12  -5.85643106e-12
82  5.816321137e-12  -5.816321137e-12
82.08046609  5.776524858e-12  -5.776524858e-12
82.26122613  5.688255483e-12  -5.688255483e-12
82.52207505  5.563580347e-12  -5.563580347e-12
82.83472104  5.418242589e-12  -5.418242589e-12
83.16527896  5.269276687e-12  -5.269276687e-12
83.47792495  5.132675742e-12  -5.132675742e-12
83.73877387  5.021797099e-12  -5.021797099e-12
83.91953391  4.946567072e-12  -4.946567072e-12
84  4.913492998e-12  -4.913492998e-12
84.08046609  4.880671417e-12  -4.880671417e-12
84.26122613  4.80785014e-12  -4.80785014e-12
84.52207505  4.704942169e-12  -4.704942169e-12
84.83472104  4.584900246e-12  -4.584900246e-12
85.16527896  4.46177156e-12  -4.46177156e-12
85.47792495  4.348781111e-12  -4.348781111e-12
85.73877387  4.257007985e-12  -4.257007985e-12
85.91953391  4.19471015e-12  -4.19471015e-12
86  4.167313618e-12  -4.167313618e-12
86.08046609  4.140121389e-12  -4.140121389e-12
86.26122613  4.079772581e-12  -4.079772581e-12
86.52207505  3.994448794e-12  -3.994448794e-12
86.83472104  3.894856396e-12  -3.894856396e-12
87.16527896  3.792631722e-12  -3.792631722e-12
87.47792495  3.698759004e-12  -3.698759004e-12
87.73877387  3.62246683e-12  -3.62246683e-12
87.91953391  3.570653472e-12  -3.570653472e-12
88  3.547861346e-12  -3.547861346e-12
88.08046609  3.52523534e-12  -3.52523534e-12
88.26122613  3.475006722e-12  -3.475006722e-12
88.52207505  3.403958401e-12  -3.403958401e-12
88.83472104  3.320979108e-12  -3.320979108e-12
89.16527896  3.235749819e-12  -3.235749819e-12
89.47792495  3.157432072e-12  -3.157432072e-12
89.73877387  3.093744362e-12  -3.093744362e-12
89.91953391  3.050471798e-12  -3.050471798e-12
90  3.031431631e-12  -3.031431631e-12
90.08046609  3.012527163e-12  -3.012527163e-12
90.26122613  2.970549148e-12  -2.970549148e-12
90.52207505  2.911145006e-12  -2.911145006e-12
90.83472104  2.841725578e-12  -2.841725578e-12
91.16527896  2.770378368e-12  -2.770378368e-12
91.47792495  2.704775421e-12  -2.704775421e-12
91.73877387  2.651397394e-12  -2.651397394e-12
91.91953391  2.615114142e-12  -2.615114142e-12
92  2.599145264e-12  -2.599145264e-12
92.08046609  2.583287731e-12  -2.583287731e-12
92.26122613  2.548066686e-12  -2.548066686e-12
92.52207505  2.498203389e-12  -2.498203389e-12
92.83472104  2.439901459e-12  -2.439901459e-12
93.16527896  2.379943917e-12  -2.379943917e-12
93.47792495  2.324780217e-12  -2.324780217e-12
93.73877387  2.279871998e-12  -2.279871998e-12
93.91953391  2.249333459e-12  -2.249333459e-12
94  2.235889666e-12  -2.235889666e-12
94.08046609  2.222537625e-12  -2.222537625e-12
94.26122613  2.192874367e-12  -2.192874367e-12
94.52207505  2.150862332e-12  -2.150862332e-12
94.83472104  2.101714626e-12  -2.101714626e-12
95.16527896  2.051141724e-12  -2.051141724e-12
95.47792495  2.004585301e-12  -2.004585301e-12
95.73877387  1.96666467e-12  -1.96666467e-12
95.91953391  1.940867669e-12  -1.940867669e-12
96  1.929508574e-12  -1.929508574e-12
96.08046609  1.918225392e-12  -1.918225392e-12
96.26122613  1.893152587e-12  -1.893152587e-12
96.52207505  1.857628198e-12  -1.857628198e-12
96.83472104  1.816049172e-12  -1.816049172e-12
97.16527896  1.773240456e-12  -1.773240456e-12
97.47792495  1.733809645e-12  -1.733809645e-12
97.73877387  1.701677037e-12  -1.701677037e-12
97.91953391  1.679809298e-12  -1.679809298e-12
98  1.670178213e-12  -1.670178213e-12
98.08046609  1.660610184e-12  -1.660610184e-12
98.26122613  1.63934398e-12  -1.63934398e-12
98.52207505  1.609201734e-12  -1.609201734e-12
98.83472104  1.573905156e-12  -1.573905156e-12
99.16527896  1.537545153e-12  -1.537545153e-12
99.47792495  1.50403631e-12  -1.50403631e-12
99.73877387  1.476716643e-12  -1.476716643e-12
99.91953391  1.458117584e-12  -1.458117584e-12
100  1.449924352e-12  -1.449924352e-12
100.0804661  1.441783692e-12  -1.441783692e-12
100.2612261  1.423686161e-12  -1.423686161e-12
100.5220751  1.398025937e-12  -1.398025937e-12
100.834721  1.367963897e-12  -1.367963897e-12
101.165279  1.336980152e-12  -1.336980152e-12
101.4779249  1.308411334e-12  -1.308411334e-12
101.7387739  1.285108656e-12  -1.285108656e-12
101.9195339  1.269238805e-12  -1.269238805e-12
102  1.262246402e-12  -1.262246402e-12
102.0804661  1.25529799e-12  -1.25529799e-12
102.2612261  1.239847795e-12  -1.239847795e-12
102.5220751  1.21793365e-12  -1.21793365e-12
102.834721  1.192248882e-12  -1.192248882e-12
103.165279  1.16576348e-12  -1.16576348e-12
103.4779249  1.141330349e-12  -1.141330349e-12
103.7387739  1.121392301e-12  -1.121392301e-12
103.9195339  1.107809315e-12  -1.107809315e-12
104  1.101823343e-12  -1.101823343e-12
104.0804661  1.095874307e-12  -1.095874307e-12
104.2612261  1.082643687e-12  -1.082643687e-12
104.5220751  1.063871519e-12  -1.063871519e-12
104.834721  1.041859933e-12  -1.041859933e-12
105.165279  1.01915138e-12  -1.01915138e-12
105.4779249  9.981924993e-13  -9.981924993e-13
105.7387739  9.810823291e-13  -9.810823291e-13
105.9195339  9.694221015e-13  -9.694221015e-13
106  9.642825042e-13  -9.642825042e-13
106.0804661  9.591740247e-13  -9.591740247e-13
106.2612261  9.478106489e-13  -9.478106489e-13
106.5220751  9.316826726e-13  -9.316826726e-13
106.834721  9.127637867e-13  -9.127637867e-13
107.165279  8.932368932e-13  -8.932368932e-13
107.4779249  8.752062951e-13  -8.752062951e-13
107.7387739  8.604807183e-13  -8.604807183e-13
107.9195339  8.504424245e-13  -8.504424245e-13
108  8.46016933e-13  -8.46016933e-13
108.0804661  8.41617741e-13  -8.41617741e-13
108.2612261  8.318303341e-13  -8.318303341e-13
108.5220751  8.179348614e-13  -8.179348614e-13
108.834721  8.016283444e-13  -8.016283444e-13
109.165279  7.847903274e-13  -7.847903274e-13
109.4779249  7.692357216e-13  -7.692357216e-13
109.7387739  7.565273268e-13  -7.565273268e-13
109.9195339  7.478615351e-13  -7.478615351e-13
110  7.440404518e-13  -7.440404518e-13
110.0804661  7.402416645e-13  -7.402416645e-13
110.2612261  7.317885676e-13  -7.317885676e-13
110.5220751  7.197839072e-13  -7.197839072e-13
110.834721  7.056908982e-13  -7.056908982e-13
111.165279  6.911323299e-13  -6.911323299e-13
111.4779249  6.77677725e-13  -6.77677725e-13
111.7387739  6.66680932e-13  -6.66680932e-13
111.9195339  6.59180109e-13  -6.59180109e-13
112  6.558721427e-13  -6.558721427e-13
112.0804661  6.525831347e-13  -6.525831347e-13
112.2612261  6.452631658e-13  -6.452631658e-13
112.5220751  6.348647532e-13  -6.348647532e-13
112.834721  6.226529171e-13  -6.226529171e-13
113.165279  6.100324756e-13  -6.100324756e-13
113.4779249  5.983642579e-13  -5.983642579e-13
113.7387739  5.888240621e-13  -5.888240621e-13
113.9195339  5.823149606e-13  -5.823149606e-13
114  5.794438857e-13  -5.794438857e-13
114.0804661  5.765889774e-13  -5.765889774e-13
114.2612261  5.702340977e-13  -5.702340977e-13
114.5220751  5.612041636e-13  -5.612041636e-13
114.834721  5.505956878e-13  -5.505956878e-13
115.165279  5.396279013e-13  -5.396279013e-13
115.4779249  5.294836385e-13  -5.294836385e-13
115.7387739  5.211865552e-13  -5.211865552e-13
115.9195339  5.155240851e-13  -5.155240851e-13
116  5.130260517e-13  -5.130260517e-13
116.0804661  5.105418424e-13  -5.105418424e-13
116.2612261  5.050112487e-13  -5.050112487e-13
116.5220751  4.971504922e-13  -4.971504922e-13
116.834721  4.879124074e-13  -4.879124074e-13
117.165279  4.783577647e-13  -4.783577647e-13
117.4779249  4.69517167e-13  -4.69517167e-13
117.7387739  4.622839151e-13  -4.622839151e-13
117.9195339  4.573461911e-13  -4.573461911e-13
118  4.551675502e-13  -4.551675502e-13
118.0804661  4.530007622e-13  -4.530007622e-13
118.2612261  4.481761089e-13  -4.481761089e-13
118.5220751  4.413169614e-13  -4.413169614e-13
118.834721  4.332533073e-13  -4.332533073e-13
119.165279  4.249102485e-13  -4.249102485e-13
119.4779249  4.171878432e-13  -4.171878432e-13
119.7387739  4.10867413e-13  -4.10867413e-13
119.9195339  4.065517369e-13  -4.065517369e-13
120  4.046472764e-13  -4.046472764e-13
120.0804661  4.027530048e-13  -4.027530048e-13
120.2612261  3.985345266e-13  -3.985345266e-13
120.5220751  3.925356823e-13  -3.925356823e-13
120.834721  3.854811423e-13  -3.854811423e-13
121.165279  3.781795479e-13  -3.781795479e-13
121.4779249  3.71418721e-13  -3.71418721e-13
121.7387739  3.658835472e-13  -3.658835472e-13
121.9195339  3.621031376e-13  -3.621031376e-13
122  3.604346454e-13  -3.604346454e-13
122.0804661  3.587749338e-13  -3.587749338e-13
122.2612261  3.550782865e-13  -3.550782865e-13
122.5220751  3.49820245e-13  -3.49820245e-13
122.834721  3.436349568e-13  -3.436349568e-13
123.165279  3.372308368e-13  -3.372308368e-13
123.4779249  3.312989704e-13  -3.312989704e-13
123.7387739  3.264409899e-13  -3.264409899e-13
123.9195339  3.231223101e-13  -3.231223101e-13
124  3.216574005e-13  -3.216574005e-13
124.0804661  3.20200076e-13  -3.20200076e-13
124.2612261  3.16953755e-13  -3.16953755e-13
124.5220751  3.123351768e-13  -3.123351768e-13
124.834721  3.069004873e-13  -3.069004873e-13
125.165279  3.012716338e-13  -3.012716338e-13
125.4779249  2.960561229e-13  -2.960561229e-13
125.7387739  2.917835452e-13  -2.917835452e-13
125.9195339  2.888641136e-13  -2.888641136e-13
126  2.875752646e-13  -2.875752646e-13
126.0804661  2.862929835e-13  -2.862929835e-13
126.2612261  2.834362063e-13  -2.834362063e-13
126.5220751  2.793709224e-13  -2.793709224e-13
126.834721  2.745859032e-13  -2.745859032e-13
127.165279  2.696283201e-13  -2.696283201e-13
127.4779249  2.650333006e-13  -2.650333006e-13
127.7387739  2.612679525e-13  -2.612679525e-13
127.9195339  2.586945418e-13  -2.586945418e-13
128  2.575583039e-13  -2.575583039e-13
128.0804661  2.564277659e-13  -2.564277659e-13
128.2612261  2.539087297e-13  -2.539087297e-13
128.5220751  2.503232808e-13  -2.503232808e-13
128.834721  2.461018587e-13  -2.461018587e-13
129.165279  2.417268208e-13  -2.417268208e-13
129.4779249  2.376704724e-13  -2.376704724e-13
129.7387739  2.343456086e-13  -2.343456086e-13
129.9195339  2.320727598e-13  -2.320727598e-13
130  2.310691026e-13  -2.310691026e-13
130.0804661  2.30070403e-13  -2.30070403e-13
130.2612261  2.278448471e-13  -2.278448471e-13
130.5220751  2.246764518e-13  -2.246764518e-13
130.834721  2.20945039e-13  -2.20945039e-13
131.165279  2.170766613e-13  -2.170766613e-13
131.4779249  2.134889766e-13  -2.134889766e-13
131.7387739  2.105474689e-13  -2.105474689e-13
131.9195339  2.085362629e-13  -2.085362629e-13
132  2.076480349e-13  -2.076480349e-13
132.0804661  2.06764128e-13  -2.06764128e-13
132.2612261  2.047941431e-13  -2.047941431e-13
132.5220751  2.01989015e-13  -2.01989015e-13
132.834721  1.986845456e-13  -1.986845456e-13
133.165279  1.952577685e-13  -1.952577685e-13
133.4779249  1.920787048e-13  -1.920787048e-13
133.7387739  1.894715393e-13  -1.894715393e-13
133.9195339  1.876885763e-13  -1.876885763e-13
134  1.869010561e-13  -1.869010561e-13
134.0804661  1.8611731e-13  -1.8611731e-13
134.2612261  1.843703502e-13  -1.843703502e-13
134.5220751  1.818823007e-13  -1.818823007e-13
134.834721  1.789505993e-13  -1.789505993e-13
135.165279  1.759095139e-13  -1.759095139e-13
135.4779249  1.730874544e-13  -1.730874544e-13
135.7387739  1.707724821e-13  -1.707724821e-13
135.9195339  1.691890328e-13  -1.691890328e-13
136  1.684895558e-13  -1.684895558e-13
136.0804661  1.677933818e-13  -1.677933818e-13
136.2612261  1.662414414e-13  -1.662414414e-13
136.5220751  1.640307155e-13  -1.640307155e-13
136.834721  1.614251378e-13  -1.614251378e-13
137.165279  1.587215904e-13  -1.587215904e-13
137.4779249  1.56212062e-13  -1.56212062e-13
137.7387739  1.541529555e-13  -1.541529555e-13
137.9195339  1.527442528e-13  -1.527442528e-13
138  1.521218993e-13  -1.521218993e-13
138.0804661  1.515024422e-13  -1.515024422e-13
138.2612261  1.501213689e-13  -1.501213689e-13
138.5220751  1.481536732e-13  -1.481536732e-13
138.834721  1.458339704e-13  -1.458339704e-13
139.165279  1.43426395e-13  -1.43426395e-13
139.4779249  1.411909955e-13  -1.411909955e-13
139.7387739  1.393563768e-13  -1.393563768e-13
139.9195339  1.381010229e-13  -1.381010229e-13
140  1.375463576e-13  -1.375463576e-13
140.0804661  1.369942368e-13  -1.369942368e-13
140.2612261  1.357631563e-13  -1.357631563e-13
140.5220751  1.34008845e-13  -1.34008845e-13
140.834721  1.319402123e-13  -1.319402123e-13
141.165279  1.297926528e-13  -1.297926528e-13
141.4779249  1.277981521e-13  -1.277981521e-13
141.7387739  1.261608608e-13  -1.261608608e-13
141.9195339  1.250403298e-13  -1.250403298e-13
142  1.245451825e-13  -1.245451825e-13
142.0804661  1.240522747e-13  -1.240522747e-13
142.2612261  1.22953108e-13  -1.22953108e-13
142.5220751  1.213864991e-13  -1.213864991e-13
142.834721  1.195387767e-13  -1.195387767e-13
143.165279  1.176200656e-13  -1.176200656e-13
143.4779249  1.15837649e-13  -1.15837649e-13
143.7387739  1.143741272e-13  -1.143741272e-13
143.9195339  1.133723469e-13  -1.133723469e-13
144  1.129296284e-13  -1.129296284e-13
144.0804661  1.124888847e-13  -1.124888847e-13
144.2612261  1.115059418e-13  -1.115059418e-13
144.5220751  1.101047421e-13  -1.101047421e-13
144.834721  1.084517423e-13  -1.084517423e-13
145.165279  1.067348079e-13  -1.067348079e-13
145.4779249  1.0513944e-13  -1.0513944e-13
145.7387739  1.038292135e-13  -1.038292135e-13
145.9195339  1.029322124e-13  -1.029322124e-13
146  1.025357597e-13  -1.025357597e-13
146.0804661  1.021410511e-13  -1.021410511e-13
146.2612261  1.012606882e-13  -1.012606882e-13
146.5220751  1.00005508e-13  -1.00005508e-13
146.834721  9.852444713e-14  -9.852444713e-14
147.165279  9.698572977e-14  -9.698572977e-14
147.4779249  9.555561577e-14  -9.555561577e-14
147.7387739  9.438085592e-14  -9.438085592e-14
147.9195339  9.357646522e-14  -9.357646522e-14
148  9.322090958e-14  -9.322090958e-14
148.0804661  9.286689708e-14  -9.286689708e-14
148.2612261  9.207722702e-14  -9.207722702e-14
148.5220751  9.095116913e-14  -9.095116913e-14
148.834721  8.962218735e-14  -8.962218735e-14
149.165279  8.824114432e-14  -8.824114432e-14
149.4779249  8.695727495e-14  -8.695727495e-14
149.7387739  8.590242733e-14  -8.590242733e-14
149.9195339  8.518002839e-14  -8.518002839e-14
150  8.48606845e-14  -8.48606845e-14
150.0804661  8.454270814e-14  -8.454270814e-14
150.2612261  8.383335469e-14  -8.383335469e-14
150.5220751  8.282166685e-14  -8.282166685e-14
150.834721  8.162742055e-14  -8.162742055e-14
151.165279  8.038610667e-14  -8.038610667e-14
151.4779249  7.923187133e-14  -7.923187133e-14
151.7387739  7.828334078e-14  -7.828334078e-14
151.9195339  7.763365062e-14  -7.763365062e-14
152  7.7346422e-14  -7.7346422e-14
152.0804661  7.706040724e-14  -7.706040724e-14
152.2612261  7.642229656e-14  -7.642229656e-14
152.5220751  7.551207556e-14  -7.551207556e-14
152.834721  7.443739113e-14  -7.443739113e-14
153.165279  7.332010198e-14  -7.332010198e-14
153.4779249  7.228096002e-14  -7.228096002e-14
153.7387739  7.142684257e-14  -7.142684257e-14
153.9195339  7.084173137e-14  -7.084173137e-14
154  7.058303003e-14  -7.058303003e-14
154.0804661  7.032540781e-14  -7.032540781e-14
154.2612261  6.975059086e-14  -6.975059086e-14
154.5220751  6.893053081e-14  -6.893053081e-14
154.834721  6.79621097e-14  -6.79621097e-14
155.165279  6.695507767e-14  -6.695507767e-14
155.4779249  6.601827819e-14  -6.601827819e-14
155.7387739  6.524813246e-14  -6.524813246e-14
155.9195339  6.472046797e-14  -6.472046797e-14
156  6.448714579e-14  -6.448714579e-14
156.0804661  6.425478443e-14  -6.425478443e-14
156.2612261  6.37362855e-14  -6.37362855e-14
156.5220751  6.2996463e-14  -6.2996463e-14
156.834721  6.212262997e-14  -6.212262997e-14
157.165279  6.121376471e-14  -6.121376471e-14
157.4779249  6.036810719e-14  -6.036810719e-14
157.7387739  5.967275917e-14  -5.967275917e-14
157.9195339  5.919627366e-14  -5.919627366e-14
158  5.898556385e-14  -5.898556385e-14
158.0804661  5.877571077e-14  -5.877571077e-14
158.2612261  5.830739798e-14  -5.830739798e-14
158.5220751  5.763908842e-14  -5.763908842e-14
158.834721  5.684957621e-14  -5.684957621e-14
159.165279  5.602824263e-14  -5.602824263e-14
159.4779249  5.526387207e-14  -5.526387207e-14
159.7387739  5.463524794e-14  -5.463524794e-14
159.9195339  5.420442434e-14  -5.420442434e-14
160  5.40138912e-14  -5.40138912e-14
160.0804661  5.38241231e-14  -5.38241231e-14
160.2612261  5.340059745e-14  -5.340059745e-14
160.5220751  5.279611762e-14  -5.279611762e-14
160.834721  5.208188244e-14  -5.208188244e-14
161.165279  5.133871029e-14  -5.133871029e-14
161.4779249  5.064694154e-14  -5.064694154e-14
161.7387739  5.007792426e-14  -5.007792426e-14
161.9195339  4.968789846e-14  -4.968789846e-14
162  4.951539434e-14  -4.951539434e-14
162.0804661  4.934357433e-14  -4.934357433e-14
162.2612261  4.89600745e-14  -4.89600745e-14
162.5220751  4.84126475e-14  -4.84126475e-14
162.834721  4.776571054e-14  -4.776571054e-14
163.165279  4.709243092e-14  -4.709243092e-14
163.4779249  4.646559774e-14  -4.646559774e-14
163.7387739  4.59499038e-14  -4.59499038e-14
163.9195339  4.559638062e-14  -4.559638062e-14
164  4.544000888e-14  -4.544000888e-14
164.0804661  4.528424973e-14  -4.528424973e-14
164.2612261  4.493657021e-14  -4.493657021e-14
164.5220751  4.444020921e-14  -4.444020921e-14
164.834721  4.38535203e-14  -4.38535203e-14
165.165279  4.324282494e-14  -4.324282494e-14
165.4779249  4.267415003e-14  -4.267415003e-14
165.7387739  4.220622333e-14  -4.220622333e-14
165.9195339  4.188540418e-14  -4.188540418e-14
166  4.174348729e-14  -4.174348729e-14
166.0804661  4.160211968e-14  -4.160211968e-14
166.2612261  4.128654023e-14  -4.128654023e-14
166.5220751  4.083594833e-14  -4.083594833e-14
166.834721  4.030326845e-14  -4.030326845e-14
167.165279  3.974868835e-14  -3.974868835e-14
167.4779249  3.923217127e-14  -3.923217127e-14
167.7387739  3.880709156e-14  -3.880709156e-14
167.9195339  3.851561201e-14  -3.851561201e-14
168  3.838666405e-14  -3.838666405e-14
168.0804661  3.825820923e-14  -3.825820923e-14
168.2612261  3.797143399e-14  -3.797143399e-14
168.5220751  3.756191777e-14  -3.756191777e-14
168.834721  3.707771754e-14  -3.707771754e-14
169.165279  3.657351818e-14  -3.657351818e-14
169.4779249  3.610383853e-14  -3.610383853e-14
169.7387739  3.571724225e-14  -3.571724225e-14
169.9195339  3.545211807e-14  -3.545211807e-14
170  3.533482089e-14  -3.533482089e-14
170.0804661  3.521796704e-14  -3.521796704e-14
170.2612261  3.495707187e-14  -3.495707187e-14
170.5220751  3.45844666e-14  -3.45844666e-14
170.834721  3.414383854e-14  -3.414383854e-14
171.165279  3.368492916e-14  -3.368492916e-14
171.4779249  3.325736276e-14  -3.325736276e-14
171.7387739  3.290537455e-14  -3.290537455e-14
171.9195339  3.266395499e-14  -3.266395499e-14
172  3.255713764e-14  -3.255713764e-14
172.0804661  3.245071932e-14  -3.245071932e-14
172.2612261  3.221310624e-14  -3.221310624e-14
172.5220751  3.187371113e-14  -3.187371113e-14
172.834721  3.147229351e-14  -3.147229351e-14
173.165279  3.105414854e-14  -3.105414854e-14
173.4779249  3.066449472e-14  -3.066449472e-14
173.7387739  3.034366803e-14  -3.034366803e-14
173.9195339  3.012359526e-14  -3.012359526e-14
174  3.00262161e-14  -3.00262161e-14
174.0804661  2.992919654e-14  -2.992919654e-14
174.2612261  2.97125541e-14  -2.97125541e-14
174.5220751  2.940307607e-14  -2.940307607e-14
174.834721  2.903698695e-14  -2.903698695e-14
175.165279  2.865557772e-14  -2.865557772e-14
175.4779249  2.830009626e-14  -2.830009626e-14
175.7387739  2.800736169e-14  -2.800736169e-14
175.9195339  2.780653561e-14  -2.780653561e-14
176  2.771766677e-14  -2.771766677e-14
176.0804661  2.762912237e-14  -2.762912237e-14
176.2612261  2.743139132e-14  -2.743139132e-14
176.5220751  2.714889612e-14  -2.714889612e-14
176.834721  2.681467591e-14  -2.681467591e-14
177.165279  2.646641129e-14  -2.646641129e-14
177.4779249  2.614176748e-14  -2.614176748e-14
177.7387739  2.587438792e-14  -2.587438792e-14
177.9195339  2.569093549e-14  -2.569093549e-14
178  2.560974934e-14  -2.560974934e-14
178.0804661  2.552885627e-14  -2.552885627e-14
178.2612261  2.534819959e-14  -2.534819959e-14
178.5220751  2.509006927e-14  -2.509006927e-14
178.834721  2.478463073e-14  -2.478463073e-14
179.165279  2.446630544e-14  -2.446630544e-14
179.4779249  2.416952223e-14  -2.416952223e-14
179.7387739  2.392505368e-14  -2.392505368e-14
179.9195339  2.375730222e-14  -2.375730222e-14
180  2.368305962e-14  -2.368305962e-14
180.0804661  2.360908205e-14  -2.360908205e-14
180.2612261  2.344385887e-14  -2.344385887e-14
180.5220751  2.320775468e-14  -2.320775468e-14
180.834721  2.292833931e-14  -2.292833931e-14
181.165279  2.26370888e-14  -2.26370888e-14
181.4779249  2.236550507e-14  -2.236550507e-14
181.7387739  2.214176251e-14  -2.214176251e-14
181.9195339  2.198821634e-14  -2.198821634e-14
182  2.192025631e-14  -2.192025631e-14
182.0804661  2.185253623e-14  -2.185253623e-14
182.2612261  2.170127901e-14  -2.170127901e-14
182.5220751  2.1485109e-14  -2.1485109e-14
182.834721  2.122924893e-14  -2.122924893e-14
183.165279  2.096250996e-14  -2.096250996e-14
183.4779249  2.071374403e-14  -2.071374403e-14
183.7387739  2.050877151e-14  -2.050877151e-14
183.9195339  2.036809164e-14  -2.036809164e-14
184  2.030582237e-14  -2.030582237e-14
184.0804661  2.024377058e-14  -2.024377058e-14
184.2612261  2.010516522e-14  -2.010516522e-14
184.5220751  1.990705586e-14  -1.990705586e-14
184.834721  1.967254055e-14  -1.967254055e-14
185.165279  1.942801667e-14  -1.942801667e-14
185.4779249  1.919993437e-14  -1.919993437e-14
185.7387739  1.901197892e-14  -1.901197892e-14
185.9195339  1.888296509e-14  -1.888296509e-14
186  1.882585609e-14  -1.882585609e-14
186.0804661  1.876894439e-14  -1.876894439e-14
186.2612261  1.864181274e-14  -1.864181274e-14
186.5220751  1.846008412e-14  -1.846008412e-14
186.834721  1.824493113e-14  -1.824493113e-14
187.165279  1.802056249e-14  -1.802056249e-14
187.4779249  1.781124912e-14  -1.781124912e-14
187.7387739  1.763873778e-14  -1.763873778e-14
187.9195339  1.752031288e-14  -1.752031288e-14
188  1.746788802e-14  -1.746788802e-14
188.0804661  1.741564235e-14  -1.741564235e-14
188.2612261  1.729892691e-14  -1.729892691e-14
188.5220751  1.713207095e-14  -1.713207095e-14
188.834721  1.693450032e-14  -1.693450032e-14
189.165279  1.67284371e-14  -1.67284371e-14
189.4779249  1.653617289e-14  -1.653617289e-14
189.7387739  1.637769261e-14  -1.637769261e-14
189.9195339  1.62688889e-14  -1.62688889e-14
190  1.622072036e-14  -1.622072036e-14
190.0804661  1.617271474e-14  -1.617271474e-14
190.2612261  1.606546519e-14  -1.606546519e-14
190.5220751  1.591212652e-14  -1.591212652e-14
190.834721  1.573053825e-14  -1.573053825e-14
191.165279  1.554111735e-14  -1.554111735e-14
191.4779249  1.536435585e-14  -1.536435585e-14
191.7387739  1.521863577e-14  -1.521863577e-14
191.9195339  1.511858278e-14  -1.511858278e-14
192  1.507428573e-14  -1.507428573e-14
192.0804661  1.503013695e-14  -1.503013695e-14
192.2612261  1.493149834e-14  -1.493149834e-14
192.5220751  1.479045744e-14  -1.479045744e-14
192.834721  1.462341168e-14  -1.462341168e-14
193.165279  1.44491362e-14  -1.44491362e-14
193.4779249  1.428648526e-14  -1.428648526e-14
193.7387739  1.415238114e-14  -1.415238114e-14
193.9195339  1.406029502e-14  -1.406029502e-14
194  1.40195229e-14  -1.40195229e-14
194.0804661  1.397888585e-14  -1.397888585e-14
194.2612261  1.388808817e-14  -1.388808817e-14
194.5220751  1.375824655e-14  -1.375824655e-14
194.834721  1.360444614e-14  -1.360444614e-14
195.165279  1.344396729e-14  -1.344396729e-14
195.4779249  1.329417227e-14  -1.329417227e-14
195.7387739  1.317065274e-14  -1.317065274e-14
195.9195339  1.308582691e-14  -1.308582691e-14
196  1.304826729e-14  -1.304826729e-14
196.0804661  1.301083082e-14  -1.301083082e-14
196.2612261  1.292717981e-14  -1.292717981e-14
196.5220751  1.280754693e-14  -1.280754693e-14
196.834721  1.2665822e-14  -1.2665822e-14
197.165279  1.251792315e-14  -1.251792315e-14
197.4779249  1.237985215e-14  -1.237985215e-14
197.7387739  1.22659866e-14  -1.22659866e-14
197.9195339  1.218778339e-14  -1.218778339e-14
198  1.215315431e-14  -1.215315431e-14
198.0804661  1.211863762e-14  -1.211863762e-14
198.2612261  1.204150665e-14  -1.204150665e-14
198.5220751  1.193118835e-14  -1.193118835e-14
198.834721  1.180048273e-14  -1.180048273e-14
199.165279  1.166406528e-14  -1.166406528e-14
199.4779249  1.153669605e-14  -1.153669605e-14
199.7387739  1.143164389e-14  -1.143164389e-14
199.9195339  1.135948728e-14  -1.135948728e-14
200  1.1327534e-14  -1.1327534e-14
200.0804661  1.129568339e-14  -1.129568339e-14
200.2612261  1.122450629e-14  -1.122450629e-14
200.5220751  1.11226946e-14  -1.11226946e-14
200.834721  1.100205375e-14  -1.100205375e-14
201.165279  1.087612467e-14  -1.087612467e-14
201.4779249  1.075853305e-14  -1.075853305e-14
201.7387739  1.066153423e-14  -1.066153423e-14
201.9195339  1.059490333e-14  -1.059490333e-14
202  1.056539547e-14  -1.056539547e-14
202.0804661  1.053598151e-14  -1.053598151e-14
202.2612261  1.047024621e-14  -1.047024621e-14
202.5220751  1.037621027e-14  -1.037621027e-14
202.834721  1.026477065e-14  -1.026477065e-14
203.165279  1.014843144e-14  -1.014843144e-14
203.4779249  1.003978109e-14  -1.003978109e-14
203.7387739  9.950147683e-15  -9.950147683e-15
203.9195339  9.88857098e-15  -9.88857098e-15
204  9.861300019e-15  -9.861300019e-15
204.0804661  9.834114977e-15  -9.834114977e-15
204.2612261  9.773357881e-15  -9.773357881e-15
204.5220751  9.686435956e-15  -9.686435956e-15
204.834721  9.58341556e-15  -9.58341556e-15
205.165279  9.475852427e-15  -9.475852427e-15
205.4779249  9.375385731e-15  -9.375385731e-15
205.7387739  9.292494509e-15  -9.292494509e-15
205.9195339  9.235544773e-15  -9.235544773e-15
206  9.210321737e-15  -9.210321737e-15
206.0804661  9.185177398e-15  -9.185177398e-15
206.2612261  9.128978371e-15  -9.128978371e-15
206.5220751  9.048570695e-15  -9.048570695e-15
206.834721  8.953260681e-15  -8.953260681e-15
207.165279  8.853735837e-15  -8.853735837e-15
207.4779249  8.760765851e-15  -8.760765851e-15
207.7387739  8.684051617e-15  -8.684051617e-15
207.9195339  8.631341371e-15  -8.631341371e-15
208  8.607994864e-15  -8.607994864e-15
208.0804661  8.584720499e-15  -8.584720499e-15
208.2612261  8.532698439e-15  -8.532698439e-15
208.5220751  8.458260911e-15  -8.458260911e-15
208.834721  8.370018123e-15  -8.370018123e-15
209.165279  8.277862059e-15  -8.277862059e-15
209.4779249  8.191765309e-15  -8.191765309e-15
209.7387739  8.120715026e-15  -8.120715026e-15
209.9195339  8.071892511e-15  -8.071892511e-15
210  8.050266928e-15  -8.050266928e-15
210.0804661  8.028707534e-15  -8.028707534e-15
210.2612261  7.980516416e-15  -7.980516416e-15
210.5220751  7.911554961e-15  -7.911554961e-15
210.834721  7.829795304e-15  -7.829795304e-15
211.165279  7.744399899e-15  -7.744399899e-15
211.4779249  7.664609994e-15  -7.664609994e-15
211.7387739  7.598757535e-15  -7.598757535e-15
211.9195339  7.553503124e-15  -7.553503124e-15
212  7.533457064e-15  -7.533457064e-15
212.0804661  7.513471781e-15  -7.513471781e-15
212.2612261  7.468797138e-15  -7.468797138e-15
212.5220751  7.404862698e-15  -7.404862698e-15
212.834721  7.329055224e-15  -7.329055224e-15
213.165279  7.249867611e-15  -7.249867611e-15
213.4779249  7.175869547e-15  -7.175869547e-15
213.7387739  7.114791018e-15  -7.114791018e-15
213.9195339  7.072814017e-15  -7.072814017e-15
214  7.054218873e-15  -7.054218873e-15
214.0804661  7.03567958e-15  -7.03567958e-15
214.2612261  6.994235364e-15  -6.994235364e-15
214.5220751  6.934919426e-15  -6.934919426e-15
214.834721  6.864581065e-15  -6.864581065e-15
215.165279  6.791098155e-15  -6.791098155e-15
215.4779249  6.722423232e-15  -6.722423232e-15
215.7387739  6.665732805e-15  -6.665732805e-15
215.9195339  6.626768596e-15  -6.626768596e-15
216  6.609507289e-15  -6.609507289e-15
216.0804661  6.592297348e-15  -6.592297348e-15
216.2612261  6.553823135e-15  -6.553823135e-15
216.5220751  6.498753738e-15  -6.498753738e-15
216.834721  6.433444588e-15  -6.433444588e-15
217.165279  6.365208189e-15  -6.365208189e-15
217.4779249  6.301429475e-15  -6.301429475e-15
217.7387739  6.248775658e-15  -6.248775658e-15
217.9195339  6.21258315e-15  -6.21258315e-15
218  6.196549006e-15  -6.196549006e-15
218.0804661  6.180562138e-15  -6.180562138e-15
218.2612261  6.144820621e-15  -6.144820621e-15
218.5220751  6.093658796e-15  -6.093658796e-15
218.834721  6.032977919e-15  -6.032977919e-15
219.165279  5.969570366e-15  -5.969570366e-15
219.4779249  5.910298634e-15  -5.910298634e-15
219.7387739  5.861360943e-15  -5.861360943e-15
219.9195339  5.827720291e-15  -5.827720291e-15
220  5.81281603e-15  -5.81281603e-15
220.0804661  5.797955315e-15  -5.797955315e-15
220.2612261  5.764730069e-15  -5.764730069e-15
220.5220751  5.717166641e-15  -5.717166641e-15
220.834721  5.660748304e-15  -5.660748304e-15
221.165279  5.601788549e-15  -5.601788549e-15
221.4779249  5.546668651e-15  -5.546668651e-15
221.7387739  5.501154623e-15  -5.501154623e-15
221.9195339  5.469865189e-15  -5.469865189e-15
222  5.456002024e-15  -5.456002024e-15
222.0804661  5.442179e-15  -5.442179e-15
222.2612261  5.411272478e-15  -5.411272478e-15
222.5220751  5.367025218e-15  -5.367025218e-15
222.834721  5.314535515e-15  -5.314535515e-15
223.165279  5.259675629e-15  -5.259675629e-15
223.4779249  5.20838324e-15  -5.20838324e-15
223.7387739  5.166025765e-15  -5.166025765e-15
223.9195339  5.136904285e-15  -5.136904285e-15
224  5.124001115e-15  -5.124001115e-15
224.0804661  5.111134973e-15  -5.111134973e-15
224.2612261  5.082366712e-15  -5.082366712e-15
224.5220751  5.04117777e-15  -5.04117777e-15
224.834721  4.992311609e-15  -4.992311609e-15
225.165279  4.941233641e-15  -4.941233641e-15
225.4779249  4.893472343e-15  -4.893472343e-15
225.7387739  4.854027266e-15  -4.854027266e-15
225.9195339  4.82690621e-15  -4.82690621e-15
226  4.814888893e-15  -4.814888893e-15
226.0804661  4.802905757e-15  -4.802905757e-15
226.2612261  4.776110762e-15  -4.776110762e-15
226.5220751  4.737744375e-15  -4.737744375e-15
226.834721  4.692222762e-15  -4.692222762e-15
227.165279  4.644635923e-15  -4.644635923e-15
227.4779249  4.600134587e-15  -4.600134587e-15
227.7387739  4.563378556e-15  -4.563378556e-15
227.9195339  4.538104656e-15  -4.538104656e-15
228  4.526905357e-15  -4.526905357e-15
228.0804661  4.515737634e-15  -4.515737634e-15
228.2612261  4.490764939e-15  -4.490764939e-15
228.5220751  4.455005365e-15  -4.455005365e-15
228.834721  4.412572969e-15  -4.412572969e-15
229.165279  4.368211104e-15  -4.368211104e-15
229.4779249  4.326721533e-15  -4.326721533e-15
229.7387739  4.292450067e-15  -4.292450067e-15
229.9195339  4.268882992e-15  -4.268882992e-15
230  4.2584396e-15  -4.2584396e-15
230.0804661  4.248025397e-15  -4.248025397e-15
230.2612261  4.224736758e-15  -4.224736758e-15
230.5220751  4.191386423e-15  -4.191386423e-15
230.834721  4.15180939e-15  -4.15180939e-15
231.165279  4.110428696e-15  -4.110428696e-15
231.4779249  4.071723515e-15  -4.071723515e-15
231.7387739  4.039749264e-15  -4.039749264e-15
231.9195339  4.01776043e-15  -4.01776043e-15
232  4.008016029e-15  -4.008016029e-15
232.0804661  3.998298628e-15  -3.998298628e-15
232.2612261  3.976567357e-15  -3.976567357e-15
232.5220751  3.945445185e-15  -3.945445185e-15
232.834721  3.908509166e-15  -3.908509166e-15
233.165279  3.869886149e-15  -3.869886149e-15
233.4779249  3.833756895e-15  -3.833756895e-15
233.7387739  3.803908076e-15  -3.803908076e-15
233.9195339  3.78337957e-15  -3.78337957e-15
234  3.774281967e-15  -3.774281967e-15
234.0804661  3.765209356e-15  -3.765209356e-15
234.2612261  3.744919265e-15  -3.744919265e-15
234.5220751  3.715859177e-15  -3.715859177e-15
234.834721  3.681367553e-15  -3.681367553e-15
235.165279  3.64529718e-15  -3.64529718e-15
235.4779249  3.611552588e-15  -3.611552588e-15
235.7387739  3.583671572e-15  -3.583671572e-15
235.9195339  3.564495191e-15  -3.564495191e-15
236  3.555996486e-15  -3.555996486e-15
236.0804661  3.547520931e-15  -3.547520931e-15
236.2612261  3.528565385e-15  -3.528565385e-15
236.5220751  3.50141494e-15  -3.50141494e-15
236.834721  3.469187222e-15  -3.469187222e-15
237.165279  3.435481262e-15  -3.435481262e-15
237.4779249  3.403945717e-15  -3.403945717e-15
237.7387739  3.377887757e-15  -3.377887757e-15
237.9195339  3.359964132e-15  -3.359964132e-15
238  3.352020334e-15  -3.352020334e-15
238.0804661  3.344097994e-15  -3.344097994e-15
238.2612261  3.326379052e-15  -3.326379052e-15
238.5220751  3.300998232e-15  -3.300998232e-15
238.834721  3.270868618e-15  -3.270868618e-15
239.165279  3.239354132e-15  -3.239354132e-15
239.4779249  3.209866271e-15  -3.209866271e-15
239.7387739  3.185498355e-15  -3.185498355e-15
239.9195339  3.168736166e-15  -3.168736166e-15
240  3.161306847e-15  -3.161306847e-15
240.0804661  3.153897428e-15  -3.153897428e-15
240.2612261  3.137325072e-15  -3.137325072e-15
240.5220751  3.113585171e-15  -3.113585171e-15
240.834721  3.085401241e-15  -3.085401241e-15
241.165279  3.055919233e-15  -3.055919233e-15
241.4779249  3.028330685e-15  -3.028330685e-15
241.7387739  3.005530497e-15  -3.005530497e-15
241.9195339  2.989845758e-15  -2.989845758e-15
242  2.982893736e-15  -2.982893736e-15
242.0804661  2.975960181e-15  -2.975960181e-15
242.2612261  2.960451614e-15  -2.960451614e-15
242.5220751  2.938234242e-15  -2.938234242e-15
242.834721  2.911855781e-15  -2.911855781e-15
243.165279  2.88425997e-15  -2.88425997e-15
243.4779249  2.858434213e-15  -2.858434213e-15
243.7387739  2.837089193e-15  -2.837089193e-15
243.9195339  2.822404614e-15  -2.822404614e-15
244  2.815895667e-15  -2.815895667e-15
244.0804661  2.809403869e-15  -2.809403869e-15
244.2612261  2.794882885e-15  -2.794882885e-15
244.5220751  2.774079069e-15  -2.774079069e-15
244.834721  2.749376999e-15  -2.749376999e-15
245.165279  2.723532707e-15  -2.723532707e-15
245.4779249  2.699344035e-15  -2.699344035e-15
245.7387739  2.679350533e-15  -2.679350533e-15
245.9195339  2.665594936e-15  -2.665594936e-15
246  2.659497548e-15  -2.659497548e-15
246.0804661  2.653416094e-15  -2.653416094e-15
246.2612261  2.639812503e-15  -2.639812503e-15
246.5220751  2.620321868e-15  -2.620321868e-15
246.834721  2.597177284e-15  -2.597177284e-15
247.165279  2.572960434e-15  -2.572960434e-15
247.4779249  2.550293022e-15  -2.550293022e-15
247.7387739  2.531555525e-15  -2.531555525e-15
247.9195339  2.518663315e-15  -2.518663315e-15
248  2.512948441e-15  -2.512948441e-15
248.0804661  2.507248382e-15  -2.507248382e-15
248.2612261  2.494497494e-15  -2.494497494e-15
248.5220751  2.476227521e-15  -2.476227521e-15
248.834721  2.454530814e-15  -2.454530814e-15
249.165279  2.431827019e-15  -2.431827019e-15
249.4779249  2.410574078e-15  -2.410574078e-15
249.7387739  2.393004514e-15  -2.393004514e-15
249.9195339  2.380915203e-15  -2.380915203e-15
250  2.375556058e-15  -2.375556058e-15
250.0804661  2.370210694e-15  -2.370210694e-15
250.2612261  2.358252849e-15  -2.358252849e-15
250.5220751  2.341118205e-15  -2.341118205e-15
250.834721  2.320768271e-15  -2.320768271e-15
251.165279  2.299472007e-15  -2.299472007e-15
251.4779249  2.279535011e-15  -2.279535011e-15
251.7387739  2.263052119e-15  -2.263052119e-15
251.9195339  2.251709889e-15  -2.251709889e-15
252  2.246681755e-15  -2.246681755e-15
252.0804661  2.241666449e-15  -2.241666449e-15
252.2612261  2.230446588e-15  -2.230446588e-15
252.5220751  2.214368517e-15  -2.214368517e-15
252.834721  2.195272037e-15  -2.195272037e-15
253.165279  2.175285893e-15  -2.175285893e-15
253.4779249  2.156573884e-15  -2.156573884e-15
253.7387739  2.141102633e-15  -2.141102633e-15
253.9195339  2.130455947e-15  -2.130455947e-15
254  2.125736e-15  -2.125736e-15
254.0804661  2.121028001e-15  -2.121028001e-15
254.2612261  2.110495279e-15  -2.110495279e-15
254.5220751  2.095401049e-15  -2.095401049e-15
254.834721  2.077471832e-15  -2.077471832e-15
255.165279  2.058705833e-15  -2.058705833e-15
255.4779249  2.041134783e-15  -2.041134783e-15
255.7387739  2.026605857e-15  -2.026605857e-15
255.9195339  2.016607096e-15  -2.016607096e-15
256  2.012174249e-15  -2.012174249e-15
256.0804661  2.007752534e-15  -2.007752534e-15
256.2612261  1.997859971e-15  -1.997859971e-15
256.5220751  1.98368237e-15  -1.98368237e-15
256.834721  1.966840759e-15  -1.966840759e-15
257.165279  1.949211742e-15  -1.949211742e-15
257.4779249  1.93270398e-15  -1.93270398e-15
257.7387739  1.9190533e-15  -1.9190533e-15
257.9195339  1.909658441e-15  -1.909658441e-15
258  1.905493195e-15  -1.905493195e-15
258.0804661  1.901338329e-15  -1.901338329e-15
258.2612261  1.892042484e-15  -1.892042484e-15
258.5220751  1.878719364e-15  -1.878719364e-15
258.834721  1.862891699e-15  -1.862891699e-15
259.165279  1.846322751e-15  -1.846322751e-15
259.4779249  1.830806436e-15  -1.830806436e-15
259.7387739  1.817974727e-15  -1.817974727e-15
259.9195339  1.809143045e-15  -1.809143045e-15
260  1.805227364e-15  -1.805227364e-15
260.0804661  1.801321366e-15  -1.801321366e-15
260.2612261  1.792582051e-15  -1.792582051e-15
260.5220751  1.78005591e-15  -1.78005591e-15
260.834721  1.765174031e-15  -1.765174031e-15
261.165279  1.749593976e-15  -1.749593976e-15
261.4779249  1.735002621e-15  -1.735002621e-15
261.7387739  1.722935021e-15  -1.722935021e-15
261.9195339  1.71462882e-15  -1.71462882e-15
262  1.710946008e-15  -1.710946008e-15
262.0804661  1.707272232e-15  -1.707272232e-15
262.2612261  1.699052242e-15  -1.699052242e-15
262.5220751  1.687269846e-15  -1.687269846e-15
262.834721  1.673270646e-15  -1.673270646e-15
263.165279  1.658613581e-15  -1.658613581e-15
263.4779249  1.644885616e-15  -1.644885616e-15
263.7387739  1.633531315e-15  -1.633531315e-15
263.9195339  1.625715682e-15  -1.625715682e-15
264  1.622250273e-15  -1.622250273e-15
264.0804661  1.618793303e-15  -1.618793303e-15
264.2612261  1.611058178e-15  -1.611058178e-15
264.5220751  1.599970214e-15  -1.599970214e-15
264.834721  1.586795231e-15  -1.586795231e-15
265.165279  1.573000095e-15  -1.573000095e-15
265.4779249  1.560078469e-15  -1.560078469e-15
265.7387739  1.549390384e-15  -1.549390384e-15
265.9195339  1.542032964e-15  -1.542032964e-15
266  1.538770627e-15  -1.538770627e-15
266.0804661  1.535516175e-15  -1.535516175e-15
266.2612261  1.528233976e-15  -1.528233976e-15
266.5220751  1.517794738e-15  -1.517794738e-15
266.834721  1.505389779e-15  -1.505389779e-15
267.165279  1.492399967e-15  -1.492399967e-15
267.4779249  1.480231788e-15  -1.480231788e-15
267.7387739  1.470166264e-15  -1.470166264e-15
267.9195339  1.463237056e-15  -1.463237056e-15
268  1.460164501e-15  -1.460164501e-15
268.0804661  1.457099317e-15  -1.457099317e-15
268.2612261  1.450240426e-15  -1.450240426e-15
268.5220751  1.440407525e-15  -1.440407525e-15
268.834721  1.428722329e-15  -1.428722329e-15
269.165279  1.416485337e-15  -1.416485337e-15
269.4779249  1.40502154e-15  -1.40502154e-15
269.7387739  1.395538077e-15  -1.395538077e-15
269.9195339  1.389009246e-15  -1.389009246e-15
270  1.386114143e-15  -1.386114143e-15
270.0804661  1.383225934e-15  -1.383225934e-15
270.2612261  1.376762869e-15  -1.376762869e-15
270.5220751  1.367496973e-15  -1.367496973e-15
270.834721  1.356484897e-15  -1.356484897e-15
271.165279  1.344951996e-15  -1.344951996e-15
271.4779249  1.33414704e-15  -1.33414704e-15
271.7387739  1.325208045e-15  -1.325208045e-15
271.9195339  1.319053753e-15  -1.319053753e-15
272  1.316324655e-15  -1.316324655e-15
272.0804661  1.313602008e-15  -1.313602008e-15
272.2612261  1.307509255e-15  -1.307509255e-15
272.5220751  1.298773845e-15  -1.298773845e-15
272.834721  1.288391581e-15  -1.288391581e-15
273.165279  1.277517522e-15  -1.277517522e-15
273.4779249  1.267329115e-15  -1.267329115e-15
273.7387739  1.258899672e-15  -1.258899672e-15
273.9195339  1.25309592e-15  -1.25309592e-15
274  1.250522195e-15  -1.250522195e-15
274.0804661  1.24795451e-15  -1.24795451e-15
274.2612261  1.24220837e-15  -1.24220837e-15
274.5220751  1.233969522e-15  -1.233969522e-15
274.834721  1.224176835e-15  -1.224176835e-15
275.165279  1.213919577e-15  -1.213919577e-15
275.4779249  1.204308421e-15  -1.204308421e-15
275.7387739  1.196356087e-15  -1.196356087e-15
275.9195339  1.190880571e-15  -1.190880571e-15
276  1.188452338e-15  -1.188452338e-15
276.0804661  1.186029763e-15  -1.186029763e-15
276.2612261  1.180608209e-15  -1.180608209e-15
276.5220751  1.172834394e-15  -1.172834394e-15
276.834721  1.163593885e-15  -1.163593885e-15
277.165279  1.153914347e-15  -1.153914347e-15
277.4779249  1.144843908e-15  -1.144843908e-15
277.7387739  1.137338516e-15  -1.137338516e-15
277.9195339  1.1321705e-15  -1.1321705e-15
278  1.129878572e-15  -1.129878572e-15
278.0804661  1.127591946e-15  -1.127591946e-15
278.2612261  1.122474497e-15  -1.122474497e-15
278.5220751  1.115136392e-15  -1.115136392e-15
278.834721  1.10641328e-15  -1.10641328e-15
279.165279  1.097275112e-15  -1.097275112e-15
279.4779249  1.088711407e-15  -1.088711407e-15
279.7387739  1.081624896e-15  -1.081624896e-15
279.9195339  1.076745089e-15  -1.076745089e-15
280  1.074580919e-15  -1.074580919e-15
280.0804661  1.072421718e-15  -1.072421718e-15
280.2612261  1.067589319e-15  -1.067589319e-15
280.5220751  1.060659643e-15  -1.060659643e-15
280.834721  1.052421564e-15  -1.052421564e-15
281.165279  1.04379094e-15  -1.04379094e-15
281.4779249  1.035702343e-15  -1.035702343e-15
281.7387739  1.029008595e-15  -1.029008595e-15
281.9195339  1.02439904e-15  -1.02439904e-15
282  1.022354671e-15  -1.022354671e-15
282.0804661  1.020314964e-15  -1.020314964e-15
282.2612261  1.015749875e-15  -1.015749875e-15
282.5220751  1.009203231e-15  -1.009203231e-15
282.834721  1.001420055e-15  -1.001420055e-15
283.165279  9.932654816e-16  -9.932654816e-16
283.4779249  9.856225437e-16  -9.856225437e-16
283.7387739  9.792972395e-16  -9.792972395e-16
283.9195339  9.749412148e-16  -9.749412148e-16
284  9.73009238e-16  -9.73009238e-16
284.0804661  9.710816354e-16  -9.710816354e-16
284.2612261  9.667673369e-16  -9.667673369e-16
284.5220751  9.60580071e-16  -9.60580071e-16
284.834721  9.532237323e-16  -9.532237323e-16
285.165279  9.455158723e-16  -9.455158723e-16
285.4779249  9.382911596e-16  -9.382911596e-16
285.7387739  9.323116398e-16  -9.323116398e-16
285.9195339  9.281935657e-16  -9.281935657e-16
286  9.263670773e-16  -9.263670773e-16
286.0804661  9.245446953e-16  -9.245446953e-16
286.2612261  9.204657936e-16  -9.204657936e-16
286.5220751  9.146158635e-16  -9.146158635e-16
286.834721  9.076602083e-16  -9.076602083e-16
287.165279  9.003717193e-16  -9.003717193e-16
287.4779249  8.935396611e-16  -8.935396611e-16
287.7387739  8.878848048e-16  -8.878848048e-16
287.9195339  8.839901579e-16  -8.839901579e-16
288  8.822627222e-16  -8.822627222e-16
288.0804661  8.805391433e-16  -8.805391433e-16
288.2612261  8.766812875e-16  -8.766812875e-16
288.5220751  8.711481428e-16  -8.711481428e-16
288.834721  8.645687853e-16  -8.645687853e-16
289.165279  8.576741721e-16  -8.576741721e-16
289.4779249  8.512109232e-16  -8.512109232e-16
289.7387739  8.458610332e-16  -8.458610332e-16
289.9195339  8.421762684e-16  -8.421762684e-16
290  8.405418831e-16  -8.405418831e-16
290.0804661  8.389111217e-16  -8.389111217e-16
290.2612261  8.352609262e-16  -8.352609262e-16
290.5220751  8.300253984e-16  -8.300253984e-16
290.834721  8.237995909e-16  -8.237995909e-16
291.165279  8.172750687e-16  -8.172750687e-16
291.4779249  8.11158382e-16  -8.11158382e-16
291.7387739  8.060950801e-16  -8.060950801e-16
291.9195339  8.026075584e-16  -8.026075584e-16
292  8.010606225e-16  -8.010606225e-16
292.0804661  7.995170931e-16  -7.995170931e-16
292.2612261  7.960620673e-16  -7.960620673e-16
292.5220751  7.911062679e-16  -7.911062679e-16
292.834721  7.852127802e-16  -7.852127802e-16
293.165279  7.790361495e-16  -7.790361495e-16
293.4779249  7.732452591e-16  -7.732452591e-16
293.7387739  7.684513893e-16  -7.684513893e-16
293.9195339  7.65149312e-16  -7.65149312e-16
294  7.636845966e-16  -7.636845966e-16
294.0804661  7.622230848e-16  -7.622230848e-16
294.2612261  7.589515671e-16  -7.589515671e-16
294.5220751  7.542587942e-16  -7.542587942e-16
294.834721  7.486778033e-16  -7.486778033e-16
295.165279  7.428283342e-16  -7.428283342e-16
295.4779249  7.373438475e-16  -7.373438475e-16
295.7387739  7.328033875e-16  -7.328033875e-16
295.9195339  7.296757347e-16  -7.296757347e-16
296  7.282883561e-16  -7.282883561e-16
296.0804661  7.269039915e-16  -7.269039915e-16
296.2612261  7.238050894e-16  -7.238050894e-16
296.5220751  7.19359742e-16  -7.19359742e-16
296.834721  7.1407273e-16  -7.1407273e-16
297.165279  7.085310562e-16  -7.085310562e-16
297.4779249  7.033348547e-16  -7.033348547e-16
297.7387739  6.990328337e-16  -6.990328337e-16
297.9195339  6.960693084e-16  -6.960693084e-16
298  6.947547031e-16  -6.947547031e-16
298.0804661  6.934429345e-16  -6.934429345e-16
298.2612261  6.905064692e-16  -6.905064692e-16
298.5220751  6.862939676e-16  -6.862939676e-16
298.834721  6.812836279e-16  -6.812836279e-16
299.165279  6.760316483e-16  -6.760316483e-16
299.4779249  6.711067963e-16  -6.711067963e-16
299.7387739  6.670292198e-16  -6.670292198e-16
299.9195339  6.64220196e-16  -6.64220196e-16
300  6.629740977e-16  -6.629740977e-16
300.0804661  6.617306703e-16  -6.617306703e-16
300.2612261  6.589471254e-16  -6.589471254e-16
300.5220751  6.549538383e-16  -6.549538383e-16
300.834721  6.502039889e-16  -6.502039889e-16
301.165279  6.452247777e-16  -6.452247777e-16
301.4779249  6.405554375e-16  -6.405554375e-16
301.7387739  6.36689218e-16  -6.36689218e-16
301.9195339  6.340256928e-16  -6.340256928e-16
302  6.328441112e-16  -6.328441112e-16
302.0804661  6.316650455e-16  -6.316650455e-16
302.2612261  6.290255204e-16  -6.290255204e-16
302.5220751  6.252386972e-16  -6.252386972e-16
302.834721  6.20734201e-16  -6.20734201e-16
303.165279  6.160119239e-16  -6.160119239e-16
303.4779249  6.115832785e-16  -6.115832785e-16
303.7387739  6.079161706e-16  -6.079161706e-16
303.9195339  6.053897204e-16  -6.053897204e-16
304  6.042689219e-16  -6.042689219e-16
304.0804661  6.031504942e-16  -6.031504942e-16
304.2612261  6.006466598e-16  -6.006466598e-16
304.5220751  5.97054369e-16  -5.97054369e-16
304.834721  5.927810598e-16  -5.927810598e-16
305.165279  5.883008974e-16  -5.883008974e-16
305.4779249  5.840990782e-16  -5.840990782e-16
305.7387739  5.806196198e-16  -5.806196198e-16
305.9195339  5.782223594e-16  -5.782223594e-16
306  5.771588489e-16  -5.771588489e-16
306.0804661  5.760975732e-16  -5.760975732e-16
306.2612261  5.737216325e-16  -5.737216325e-16
306.5220751  5.703127036e-16  -5.703127036e-16
306.834721  5.662573183e-16  -5.662573183e-16
307.165279  5.620053947e-16  -5.620053947e-16
307.4779249  5.580174155e-16  -5.580174155e-16
307.7387739  5.547148731e-16  -5.547148731e-16
307.9195339  5.524394179e-16  -5.524394179e-16
308  5.514299221e-16  -5.514299221e-16
308.0804661  5.50422534e-16  -5.50422534e-16
308.2612261  5.481671844e-16  -5.481671844e-16
308.5220751  5.44931155e-16  -5.44931155e-16
308.834721  5.410812706e-16  -5.410812706e-16
309.165279  5.370445881e-16  -5.370445881e-16
309.4779249  5.332582832e-16  -5.332582832e-16
309.7387739  5.301226011e-16  -5.301226011e-16
309.9195339  5.279620327e-16  -5.279620327e-16
310  5.270034849e-16  -5.270034849e-16
310.0804661  5.260469255e-16  -5.260469255e-16
310.2612261  5.23905325e-16  -5.23905325e-16
310.5220751  5.20832392e-16  -5.20832392e-16
310.834721  5.171763673e-16  -5.171763673e-16
311.165279  5.133427452e-16  -5.133427452e-16
311.4779249  5.097467135e-16  -5.097467135e-16
311.7387739  5.06768467e-16  -5.06768467e-16
311.9195339  5.047163008e-16  -5.047163008e-16
312  5.038058265e-16  -5.038058265e-16
312.0804661  5.028972288e-16  -5.028972288e-16
312.2612261  5.008629638e-16  -5.008629638e-16
312.5220751  4.979439377e-16  -4.979439377e-16
312.834721  4.944708598e-16  -4.944708598e-16
313.165279  4.908288786e-16  -4.908288786e-16
313.4779249  4.874124304e-16  -4.874124304e-16
313.7387739  4.845827825e-16  -4.845827825e-16
313.9195339  4.826329381e-16  -4.826329381e-16
314  4.817678419e-16  -4.817678419e-16
314.0804661  4.809045175e-16  -4.809045175e-16
314.2612261  4.789715738e-16  -4.789715738e-16
314.5220751  4.761978367e-16  -4.761978367e-16
314.834721  4.728974709e-16  -4.728974709e-16
315.165279  4.694364202e-16  -4.694364202e-16
315.4779249  4.66189529e-16  -4.66189529e-16
315.7387739  4.635001907e-16  -4.635001907e-16
315.9195339  4.616469642e-16  -4.616469642e-16
316  4.608247176e-16  -4.608247176e-16
316.0804661  4.600041443e-16  -4.600041443e-16
316.2612261  4.581668798e-16  -4.581668798e-16
316.5220751  4.555303469e-16  -4.555303469e-16
316.834721  4.523930906e-16  -4.523930906e-16
317.165279  4.491029211e-16  -4.491029211e-16
317.4779249  4.460161786e-16  -4.460161786e-16
317.7387739  4.434593712e-16  -4.434593712e-16
317.9195339  4.416974098e-16  -4.416974098e-16
318  4.409156398e-16  -4.409156398e-16
318.0804661  4.401354507e-16  -4.401354507e-16
318.2612261  4.383885703e-16  -4.383885703e-16
318.5220751  4.358816534e-16  -4.358816534e-16
318.834721  4.328984937e-16  -4.328984937e-16
319.165279  4.297697724e-16  -4.297697724e-16
319.4779249  4.268343467e-16  -4.268343467e-16
319.7387739  4.244027678e-16  -4.244027678e-16
319.9195339  4.227270463e-16  -4.227270463e-16
320  4.21983525e-16  -4.21983525e-16
320.0804661  4.21241498e-16  -4.21241498e-16
320.2612261  4.1958003e-16  -4.1958003e-16
320.5220751  4.171956045e-16  -4.171956045e-16
320.834721  4.143580785e-16  -4.143580785e-16
321.165279  4.113819474e-16  -4.113819474e-16
321.4779249  4.085895444e-16  -4.085895444e-16
321.7387739  4.06276336e-16  -4.06276336e-16
321.9195339  4.046821347e-16  -4.046821347e-16
322  4.039747697e-16  -4.039747697e-16
322.0804661  4.032688175e-16  -4.032688175e-16
322.2612261  4.016880925e-16  -4.016880925e-16
322.5220751  3.99419466e-16  -3.99419466e-16
322.834721  3.967196241e-16  -3.967196241e-16
323.165279  3.938877618e-16  -3.938877618e-16
323.4779249  3.912305897e-16  -3.912305897e-16
323.7387739  3.890293085e-16  -3.890293085e-16
323.9195339  3.875121929e-16  -3.875121929e-16
324  3.868390183e-16  -3.868390183e-16
324.0804661  3.861671798e-16  -3.861671798e-16
324.2612261  3.846628101e-16  -3.846628101e-16
324.5220751  3.825036943e-16  -3.825036943e-16
324.834721  3.799340661e-16  -3.799340661e-16
325.165279  3.772386525e-16  -3.772386525e-16
325.4779249  3.747093881e-16  -3.747093881e-16
325.7387739  3.726139782e-16  -3.726139782e-16
325.9195339  3.711697803e-16  -3.711697803e-16
326  3.70528948e-16  -3.70528948e-16
326.0804661  3.698893799e-16  -3.698893799e-16
326.2612261  3.684572412e-16  -3.684572412e-16
326.5220751  3.664017248e-16  -3.664017248e-16
326.834721  3.639552875e-16  -3.639552875e-16
327.165279  3.613889707e-16  -3.613889707e-16
327.4779249  3.589807289e-16  -3.589807289e-16
327.7387739  3.569854962e-16  -3.569854962e-16
327.9195339  3.556102969e-16  -3.556102969e-16
328  3.550000694e-16  -3.550000694e-16
328.0804661  3.543910383e-16  -3.543910383e-16
328.2612261  3.530272522e-16  -3.530272522e-16
328.5220751  3.510697765e-16  -3.510697765e-16
328.834721  3.487399256e-16  -3.487399256e-16
329.165279  3.462957912e-16  -3.462957912e-16
329.4779249  3.440020962e-16  -3.440020962e-16
329.7387739  3.421016849e-16  -3.421016849e-16
329.9195339  3.407917977e-16  -3.407917977e-16
330  3.402105404e-16  -3.402105404e-16
330.0804661  3.396304158e-16  -3.396304158e-16
330.2612261  3.383313342e-16  -3.383313342e-16
330.5220751  3.364666696e-16  -3.364666696e-16
330.834721  3.342471918e-16  -3.342471918e-16
331.165279  3.319187344e-16  -3.319187344e-16
331.4779249  3.297334931e-16  -3.297334931e-16
331.7387739  3.279228637e-16  -3.279228637e-16
331.9195339  3.266748197e-16  -3.266748197e-16
332  3.261209945e-16  -3.261209945e-16
332.0804661  3.25568242e-16  -3.25568242e-16
332.2612261  3.243304317e-16  -3.243304317e-16
332.5220751  3.225536569e-16  -3.225536569e-16
332.834721  3.204387046e-16  -3.204387046e-16
333.165279  3.182198014e-16  -3.182198014e-16
333.4779249  3.161372788e-16  -3.161372788e-16
333.7387739  3.144116876e-16  -3.144116876e-16
333.9195339  3.132222214e-16  -3.132222214e-16
334  3.126943803e-16  -3.126943803e-16
334.0804661  3.121675556e-16  -3.121675556e-16
334.2612261  3.109877845e-16  -3.109877845e-16
334.5220751  3.092942666e-16  -3.092942666e-16
334.834721  3.072783343e-16  -3.072783343e-16
335.165279  3.051632204e-16  -3.051632204e-16
335.4779249  3.031780165e-16  -3.031780165e-16
335.7387739  3.015329966e-16  -3.015329966e-16
335.9195339  3.003990332e-16  -3.003990332e-16
336  2.998958129e-16  -2.998958129e-16
336.0804661  2.993935557e-16  -2.993935557e-16
336.2612261  2.982687803e-16  -2.982687803e-16
336.5220751  2.966541558e-16  -2.966541558e-16
336.834721  2.947320585e-16  -2.947320585e-16
337.165279  2.927153042e-16  -2.927153042e-16
337.4779249  2.908223324e-16  -2.908223324e-16
337.7387739  2.892536763e-16  -2.892536763e-16
337.9195339  2.88172319e-16  -2.88172319e-16
338  2.876924349e-16  -2.876924349e-16
338.0804661  2.872134639e-16  -2.872134639e-16
338.2612261  2.861408168e-16  -2.861408168e-16
338.5220751  2.846009751e-16  -2.846009751e-16
338.834721  2.827678277e-16  -2.827678277e-16
339.165279  2.80844317e-16  -2.80844317e-16
339.4779249  2.790387846e-16  -2.790387846e-16
339.7387739  2.775425272e-16  -2.775425272e-16
339.9195339  2.765110465e-16  -2.765110465e-16
340  2.760532882e-16  -2.760532882e-16
340.0804661  2.755963958e-16  -2.755963958e-16
340.2612261  2.745731748e-16  -2.745731748e-16
340.5220751  2.731042418e-16  -2.731042418e-16
340.834721  2.7135544e-16  -2.7135544e-16
341.165279  2.69520351e-16  -2.69520351e-16
341.4779249  2.677977403e-16  -2.677977403e-16
341.7387739  2.663701442e-16  -2.663701442e-16
341.9195339  2.653859668e-16  -2.653859668e-16
342  2.649491933e-16  -2.649491933e-16
342.0804661  2.645132412e-16  -2.645132412e-16
342.2612261  2.635368987e-16  -2.635368987e-16
342.5220751  2.621352221e-16  -2.621352221e-16
342.834721  2.604664251e-16  -2.604664251e-16
343.165279  2.587152112e-16  -2.587152112e-16
343.4779249  2.570712624e-16  -2.570712624e-16
343.7387739  2.557088032e-16  -2.557088032e-16
343.9195339  2.547695026e-16  -2.547695026e-16
344  2.543526378e-16  -2.543526378e-16
344.0804661  2.539365524e-16  -2.539365524e-16
344.2612261  2.530046862e-16  -2.530046862e-16
344.5220751  2.516668213e-16  -2.516668213e-16
344.834721  2.50073935e-16  -2.50073935e-16
345.165279  2.48402308e-16  -2.48402308e-16
345.4779249  2.46833003e-16  -2.46833003e-16
345.7387739  2.455323563e-16  -2.455323563e-16
345.9195339  2.446356435e-16  -2.446356435e-16
346  2.442376724e-16  -2.442376724e-16
346.0804661  2.438404409e-16  -2.438404409e-16
346.2612261  2.429507846e-16  -2.429507846e-16
346.5220751  2.416734819e-16  -2.416734819e-16
346.834721  2.401526435e-16  -2.401526435e-16
347.165279  2.385565574e-16  -2.385565574e-16
347.4779249  2.37058105e-16  -2.37058105e-16
347.7387739  2.358161337e-16  -2.358161337e-16
347.9195339  2.349598488e-16  -2.349598488e-16
348  2.345798133e-16  -2.345798133e-16
348.0804661  2.342004802e-16  -2.342004802e-16
348.2612261  2.33350895e-16  -2.33350895e-16
348.5220751  2.321310876e-16  -2.321310876e-16
348.834721  2.306786518e-16  -2.306786518e-16
349.165279  2.291542877e-16  -2.291542877e-16
349.4779249  2.277231094e-16  -2.277231094e-16
349.7387739  2.265368524e-16  -2.265368524e-16
349.9195339  2.257189563e-16  -2.257189563e-16
350  2.253559523e-16  -2.253559523e-16
350.0804661  2.249936153e-16  -2.249936153e-16
350.2612261  2.241820821e-16  -2.241820821e-16
350.5220751  2.230168749e-16  -2.230168749e-16
350.834721  2.216293999e-16  -2.216293999e-16
351.165279  2.201731525e-16  -2.201731525e-16
351.4779249  2.188058694e-16  -2.188058694e-16
351.7387739  2.176725307e-16  -2.176725307e-16
351.9195339  2.168910981e-16  -2.168910981e-16
352  2.165442716e-16  -2.165442716e-16
352.0804661  2.161980789e-16  -2.161980789e-16
352.2612261  2.154226911e-16  -2.154226911e-16
352.5220751  2.1430935e-16  -2.1430935e-16
352.834721  2.129835854e-16  -2.129835854e-16
353.165279  2.115920494e-16  -2.115920494e-16
353.4779249  2.102854702e-16  -2.102854702e-16
353.7387739  2.092024089e-16  -2.092024089e-16
353.9195339  2.084556211e-16  -2.084556211e-16
354  2.081241656e-16  -2.081241656e-16
354.0804661  2.077933124e-16  -2.077933124e-16
354.2612261  2.070522689e-16  -2.070522689e-16
354.5220751  2.05988211e-16  -2.05988211e-16
354.834721  2.047210863e-16  -2.047210863e-16
355.165279  2.033910446e-16  -2.033910446e-16
355.4779249  2.021421541e-16  -2.021421541e-16
355.7387739  2.011068748e-16  -2.011068748e-16
355.9195339  2.003930133e-16  -2.003930133e-16
356  2.000761667e-16  -2.000761667e-16
356.0804661  1.997598925e-16  -1.997598925e-16
356.2612261  1.990514915e-16  -1.990514915e-16
356.5220751  1.98034276e-16  -1.98034276e-16
356.834721  1.968228893e-16  -1.968228893e-16
357.165279  1.955513016e-16  -1.955513016e-16
357.4779249  1.943572501e-16  -1.943572501e-16
357.7387739  1.933673943e-16  -1.933673943e-16
357.9195339  1.92684835e-16  -1.92684835e-16
358  1.923818769e-16  -1.923818769e-16
358.0804661  1.92079463e-16  -1.92079463e-16
358.2612261  1.914020956e-16  -1.914020956e-16
358.5220751  1.904294155e-16  -1.904294155e-16
358.834721  1.892710237e-16  -1.892710237e-16
359.165279  1.880550156e-16  -1.880550156e-16
359.4779249  1.869131089e-16  -1.869131089e-16
359.7387739  1.859664469e-16  -1.859664469e-16
359.9195339  1.853136541e-16  -1.853136541e-16
360  1.850239032e-16  -1.850239032e-16
360.0804661  1.847346701e-16  -1.847346701e-16
360.2612261  1.840868153e-16  -1.840868153e-16
360.5220751  1.831564889e-16  -1.831564889e-16
360.834721  1.82048498e-16  -1.82048498e-16
361.165279  1.808853515e-16  -1.808853515e-16
361.4779249  1.797930418e-16  -1.797930418e-16
361.7387739  1.788874645e-16  -1.788874645e-16
361.9195339  1.782629857e-16  -1.782629857e-16
362  1.77985798e-16  -1.77985798e-16
362.0804661  1.777091028e-16  -1.777091028e-16
362.2612261  1.770893218e-16  -1.770893218e-16
362.5220751  1.761992857e-16  -1.761992857e-16
362.834721  1.751392422e-16  -1.751392422e-16
363.165279  1.74026386e-16  -1.74026386e-16
363.4779249  1.729812629e-16  -1.729812629e-16
363.7387739  1.721147754e-16  -1.721147754e-16
363.9195339  1.715172365e-16  -1.715172365e-16
364  1.712520024e-16  -1.712520024e-16
364.0804661  1.70987237e-16  -1.70987237e-16
364.2612261  1.703941687e-16  -1.703941687e-16
364.5220751  1.695424704e-16  -1.695424704e-16
364.834721  1.685280525e-16  -1.685280525e-16
365.165279  1.674630538e-16  -1.674630538e-16
365.4779249  1.664628365e-16  -1.664628365e-16
365.7387739  1.656335506e-16  -1.656335506e-16
365.9195339  1.650616512e-16  -1.650616512e-16
366  1.64807794e-16  -1.64807794e-16
366.0804661  1.645543828e-16  -1.645543828e-16
366.2612261  1.639867388e-16  -1.639867388e-16
366.5220751  1.631715306e-16  -1.631715306e-16
366.834721  1.62200541e-16  -1.62200541e-16
367.165279  1.611810967e-16  -1.611810967e-16
367.4779249  1.602236261e-16  -1.602236261e-16
367.7387739  1.594297548e-16  -1.594297548e-16
367.9195339  1.588822638e-16  -1.588822638e-16
368  1.586392373e-16  -1.586392373e-16
368.0804661  1.583966355e-16  -1.583966355e-16
368.2612261  1.578531963e-16  -1.578531963e-16
368.5220751  1.570727288e-16  -1.570727288e-16
368.834721  1.56143087e-16  -1.56143087e-16
369.165279  1.551670167e-16  -1.551670167e-16
369.4779249  1.542502486e-16  -1.542502486e-16
369.7387739  1.534900994e-16  -1.534900994e-16
369.9195339  1.529658511e-16  -1.529658511e-16
370  1.527331383e-16  -1.527331383e-16
370.0804661  1.525008299e-16  -1.525008299e-16
370.2612261  1.519804405e-16  -1.519804405e-16
370.5220751  1.512330569e-16  -1.512330569e-16
370.834721  1.503427926e-16  -1.503427926e-16
371.165279  1.494080314e-16  -1.494080314e-16
371.4779249  1.485300295e-16  -1.485300295e-16
371.7387739  1.478019994e-16  -1.478019994e-16
371.9195339  1.472998897e-16  -1.472998897e-16
372  1.470770007e-16  -1.470770007e-16
372.0804661  1.46854497e-16  -1.46854497e-16
372.2612261  1.463560634e-16  -1.463560634e-16
372.5220751  1.456401944e-16  -1.456401944e-16
372.834721  1.447874411e-16  -1.447874411e-16
373.165279  1.438920324e-16  -1.438920324e-16
373.4779249  1.430509623e-16  -1.430509623e-16
373.7387739  1.423535325e-16  -1.423535325e-16
373.9195339  1.418725151e-16  -1.418725151e-16
374  1.416589859e-16  -1.416589859e-16
374.0804661  1.414458239e-16  -1.414458239e-16
374.2612261  1.409683094e-16  -1.409683094e-16
374.5220751  1.402824678e-16  -1.402824678e-16
374.834721  1.394654568e-16  -1.394654568e-16
375.165279  1.386075466e-16  -1.386075466e-16
375.4779249  1.378016698e-16  -1.378016698e-16
375.7387739  1.371334011e-16  -1.371334011e-16
375.9195339  1.366724844e-16  -1.366724844e-16
376  1.364678751e-16  -1.364678751e-16
376.0804661  1.362636158e-16  -1.362636158e-16
376.2612261  1.358060379e-16  -1.358060379e-16
376.5220751  1.351488142e-16  -1.351488142e-16
376.834721  1.343658689e-16  -1.343658689e-16
377.165279  1.335436998e-16  -1.335436998e-16
377.4779249  1.327713683e-16  -1.327713683e-16
377.7387739  1.32130896e-16  -1.32130896e-16
377.9195339  1.316891401e-16  -1.316891401e-16
378  1.314930337e-16  -1.314930337e-16
378.0804661  1.312972609e-16  -1.312972609e-16
378.2612261  1.308586881e-16  -1.308586881e-16
378.5220751  1.302287459e-16  -1.302287459e-16
378.834721  1.294782767e-16  -1.294782767e-16
379.165279  1.286901823e-16  -1.286901823e-16
379.4779249  1.279498332e-16  -1.279498332e-16
379.7387739  1.273358634e-16  -1.273358634e-16
379.9195339  1.269123768e-16  -1.269123768e-16
380  1.267243778e-16  -1.267243778e-16
380.0804661  1.265366971e-16  -1.265366971e-16
380.2612261  1.261162458e-16  -1.261162458e-16
380.5220751  1.255123177e-16  -1.255123177e-16
380.834721  1.24792817e-16  -1.24792817e-16
381.165279  1.240372167e-16  -1.240372167e-16
381.4779249  1.233273679e-16  -1.233273679e-16
381.7387739  1.227386732e-16  -1.227386732e-16
381.9195339  1.223326102e-16  -1.223326102e-16
382  1.221523436e-16  -1.221523436e-16
382.0804661  1.219723804e-16  -1.219723804e-16
382.2612261  1.215692128e-16  -1.215692128e-16
382.5220751  1.209900964e-16  -1.209900964e-16
382.834721  1.203001338e-16  -1.203001338e-16
383.165279  1.195755282e-16  -1.195755282e-16
383.4779249  1.188947733e-16  -1.188947733e-16
383.7387739  1.183301892e-16  -1.183301892e-16
383.9195339  1.179407476e-16  -1.179407476e-16
384  1.177678573e-16  -1.177678573e-16
384.0804661  1.175952566e-16  -1.175952566e-16
384.2612261  1.172085773e-16  -1.172085773e-16
384.5220751  1.166531318e-16  -1.166531318e-16
384.834721  1.159913502e-16  -1.159913502e-16
385.165279  1.152963161e-16  -1.152963161e-16
385.4779249  1.146433205e-16  -1.146433205e-16
385.7387739  1.141017418e-16  -1.141017418e-16
385.9195339  1.1372816e-16  -1.1372816e-16
386  1.135623082e-16  -1.135623082e-16
386.0804661  1.133967328e-16  -1.133967328e-16
386.2612261  1.130257872e-16  -1.130257872e-16
386.5220751  1.124929296e-16  -1.124929296e-16
386.834721  1.118580406e-16  -1.118580406e-16
387.165279  1.111912274e-16  -1.111912274e-16
387.4779249  1.105647242e-16  -1.105647242e-16
387.7387739  1.100451016e-16  -1.100451016e-16
387.9195339  1.096866566e-16  -1.096866566e-16
388  1.095275227e-16  -1.095275227e-16
388.0804661  1.093686525e-16  -1.093686525e-16
388.2612261  1.09012724e-16  -1.09012724e-16
388.5220751  1.085014262e-16  -1.085014262e-16
388.834721  1.078922066e-16  -1.078922066e-16
389.165279  1.072523317e-16  -1.072523317e-16
389.4779249  1.066511177e-16  -1.066511177e-16
389.7387739  1.061524549e-16  -1.061524549e-16
389.9195339  1.058084604e-16  -1.058084604e-16
390  1.056557397e-16  -1.056557397e-16
390.0804661  1.055032708e-16  -1.055032708e-16
390.2612261  1.051616789e-16  -1.051616789e-16
390.5220751  1.046709645e-16  -1.046709645e-16
390.834721  1.040862526e-16  -1.040862526e-16
391.165279  1.034720979e-16  -1.034720979e-16
391.4779249  1.028950305e-16  -1.028950305e-16
391.7387739  1.024163812e-16  -1.024163812e-16
391.9195339  1.02086185e-16  -1.02086185e-16
392  1.019395882e-16  -1.019395882e-16
392.0804661  1.017932319e-16  -1.017932319e-16
392.2612261  1.014653303e-16  -1.014653303e-16
392.5220751  1.009942717e-16  -1.009942717e-16
392.834721  1.00432964e-16  -1.00432964e-16
393.165279  9.984337213e-17  -9.984337213e-17
393.4779249  9.928936586e-17  -9.928936586e-17
393.7387739  9.882983088e-17  -9.882983088e-17
393.9195339  9.851281342e-17  -9.851281342e-17
394  9.837206569e-17  -9.837206569e-17
394.0804661  9.823154774e-17  -9.823154774e-17
394.2612261  9.79167221e-17  -9.79167221e-17
394.5220751  9.746443803e-17  -9.746443803e-17
394.834721  9.692548588e-17  -9.692548588e-17
395.165279  9.635935728e-17  -9.635935728e-17
395.4779249  9.582738048e-17  -9.582738048e-17
395.7387739  9.538610541e-17  -9.538610541e-17
395.9195339  9.508167792e-17  -9.508167792e-17
396  9.494651802e-17  -9.494651802e-17
396.0804661  9.481157765e-17  -9.481157765e-17
396.2612261  9.450924435e-17  -9.450924435e-17
396.5220751  9.407489718e-17  -9.407489718e-17
396.834721  9.355730387e-17  -9.355730387e-17
397.165279  9.301359327e-17  -9.301359327e-17
397.4779249  9.250266536e-17  -9.250266536e-17
397.7387739  9.207883797e-17  -9.207883797e-17
397.9195339  9.178644075e-17  -9.178644075e-17
398  9.165662033e-17  -9.165662033e-17
398.0804661  9.152700972e-17  -9.152700972e-17
398.2612261  9.123661386e-17  -9.123661386e-17
398.5220751  9.081940727e-17  -9.081940727e-17
398.834721  9.032222525e-17  -9.032222525e-17
399.165279  8.97999389e-17  -8.97999389e-17
399.4779249  8.930912754e-17  -8.930912754e-17
399.7387739  8.890197557e-17  -8.890197557e-17
399.9195339  8.862107642e-17  -8.862107642e-17
