#L=5 M=4
#R     Re(V)   Im(V)

0.08046609183  -5.325025819e-11  -3.609777886e-17
0.2612261349  -1.924650889e-08  8.65992522e-17
0.5220750502  -6.184413009e-07  3.911950412e-17
0.8347210423  -6.564753537e-06  -2.559135568e-17
1.165278958  -3.565293299e-05  2.905316172e-17
1.47792495  -0.0001204414861  -1.11102888e-17
1.738773865  -0.000279235094  9.569599291e-20
1.919533908  -0.0004677581346  2.067905463e-17
2  -0.0005801139207  -2.386642555e-18
2.080466092  -0.0007138241343  6.239881835e-18
2.261226135  -0.001108624445  5.854754571e-18
2.52207505  -0.001983090359  -5.793000645e-19
2.834721042  -0.003717939388  6.409570748e-18
3.165278958  -0.006764856747  -5.28587854e-18
3.47792495  -0.01131385897  -8.152995295e-18
3.738773865  -0.01680426984  -1.333748649e-17
3.919533908  -0.02174726554  -1.580000023e-17
4  -0.02429291802  -1.31749766e-17
4.080466092  -0.02122591961  -1.248809413e-17
4.261226135  -0.01572443416  -1.047315332e-17
4.52207505  -0.01025673619  -1.07774416e-17
4.834721042  -0.006170752832  -5.639794018e-18
5.165278958  -0.003596677169  -3.555188088e-18
5.47792495  -0.002133973325  -1.434123534e-18
5.738773865  -0.001356697683  -8.077033852e-19
5.919533908  -0.0009762680108  -7.989188137e-19
6  -0.0008385412033  -9.606216365e-19
6.080466092  -0.0007171366458  -9.339207386e-19
6.261226135  -0.0004945515249  -7.643989152e-19
6.52207505  -0.0002678500624  -6.947013952e-19
6.834721042  -9.739357425e-05  -2.228072054e-19
7.165278958  6.311689355e-06  -1.497263691e-19
7.47792495  5.978066898e-05  -4.628332516e-20
7.738773865  8.362980235e-05  8.636770161e-20
7.919533908  9.276690664e-05  -1.809167125e-19
8  9.537915382e-05  -5.679922563e-20
8.080466092  9.725260177e-05  -5.399486826e-20
8.261226135  9.924121814e-05  4.888379815e-21
8.52207505  9.811501364e-05  3.447089644e-20
8.834721042  9.289953646e-05  -4.869433764e-20
9.165278958  8.502724625e-05  9.15719162e-20
9.47792495  7.67306289e-05  1.154656011e-19
9.738773865  6.975717994e-05  2.190297331e-20
9.919533908  6.505437957e-05  2.920629382e-20
10  6.301363734e-05  1.315860282e-19
10.08046609  6.101069613e-05  7.844579354e-20
10.26122613  5.666308389e-05  1.016950014e-21
10.52207505  5.079351945e-05  -1.131174914e-19
10.83472104  4.442188823e-05  2.527759237e-20
11.16527896  3.846755407e-05  2.54122859e-21
11.47792495  3.353599991e-05  1.989646341e-20
11.73877387  2.990118212e-05  -5.051619201e-20
11.91953391  2.761771097e-05  4.100201607e-20
12  2.66593211e-05  -1.931399492e-20
12.08046609  2.573517579e-05  9.118927641e-20
12.26122613  2.377845373e-05  -2.395465007e-20
12.52207505  2.122554998e-05  6.860088815e-20
12.83472104  1.854393944e-05  4.707460785e-20
13.16527896  1.610059385e-05  7.520961027e-20
13.47792495  1.410954808e-05  -3.344467113e-20
13.73877387  1.265473315e-05  -4.434069139e-20
13.91953391  1.174419724e-05  3.187354108e-20
14  1.136249474e-05  -1.685265554e-20
14.08046609  1.099456739e-05  -1.469352151e-20
14.26122613  1.021560443e-05  1.163830588e-19
14.52207505  9.198228066e-06  2.034804644e-20
14.83472104  8.126033877e-06  5.555279919e-20
15.16527896  7.143408973e-06  9.045590764e-20
15.47792495  6.336566374e-06  -1.570351182e-20
15.73877387  5.742293545e-06  -1.089449066e-20
15.91953391  5.367820405e-06  -1.547106516e-20
16  5.210173467e-06  1.146235325e-20
16.08046609  5.057810927e-06  -1.801609639e-20
16.26122613  4.733813999e-06  4.617719729e-21
16.52207505  4.3073922e-06  -1.536113928e-20
16.83472104  3.853316136e-06  -4.443619264e-20
17.16527896  3.432143852e-06  1.100275016e-20
17.47792495  3.082032438e-06  3.559677903e-20
17.73877387  2.821273519e-06  -2.687007496e-20
17.91953391  2.655534939e-06  1.046629795e-20
18  2.585403619e-06  -4.647150529e-21
18.08046609  2.517410495e-06  2.077543742e-20
18.26122613  2.372092662e-06  4.177540727e-20
18.52207505  2.179199222e-06  4.292915511e-21
18.83472104  1.971520116e-06  1.023001571e-20
19.16527896  1.776513019e-06  2.576969692e-20
19.47792495  1.612430013e-06  -3.777109583e-20
19.73877387  1.488911784e-06  9.126523954e-21
19.91953391  1.409763827e-06  3.797127405e-20
20  1.37611319e-06  -4.542222601e-21
20.08046609  1.343394064e-06  -1.11570601e-20
20.26122613  1.273140846e-06  5.671778779e-21
20.52207505  1.179162209e-06  -2.567239029e-20
20.83472104  1.076972735e-06  3.535803851e-20
21.16527896  9.79967669e-07  1.962504591e-20
21.47792495  8.974710255e-07  -7.913931347e-21
21.73877387  8.34788953e-07  -2.590910332e-20
21.91953391  7.94340115e-07  2.474459477e-21
22  7.77072075e-07  2.155350648e-20
22.08046609  7.602401398e-07  -4.560732161e-20
22.26122613  7.239548827e-07  -5.705868122e-20
22.52207505  6.750915392e-07  3.07055685e-20
22.83472104  6.215065049e-07  1.31400495e-20
23.16527896  5.701648645e-07  3.242142681e-21
23.47792495  5.26104051e-07  -6.375189609e-21
23.73877387  4.923603379e-07  2.898384935e-20
23.91953391  4.704550755e-07  -3.515628827e-20
24  4.610708432e-07  2.332980604e-20
24.08046609  4.519042361e-07  -1.156494931e-20
24.26122613  4.320764159e-07  -6.155103531e-21
24.52207505  4.05224142e-07  2.315791577e-20
24.83472104  3.755644008e-07  1.759764496e-20
25.16527896  3.469212484e-07  -2.172538685e-20
25.47792495  3.221498988e-07  -3.297048701e-21
25.73877387  3.030510677e-07  -1.319951255e-20
25.91953391  2.90589676e-07  -2.956352576e-20
26  2.85235361e-07  -1.852510403e-20
26.08046609  2.799957879e-07  1.702606249e-20
26.26122613  2.686296035e-07  1.074376412e-20
26.52207505  2.531624022e-07  -8.731048797e-21
26.83472104  2.359728406e-07  -1.337890761e-20
27.16527896  2.192601882e-07  1.164815875e-20
27.47792495  2.047111016e-07  1.754752099e-20
27.73877387  1.934289896e-07  -5.139515535e-20
27.91953391  1.860356673e-07  -3.767773561e-20
28  1.828508746e-07  1.474806204e-20
28.08046609  1.797295082e-07  -2.019437893e-20
28.26122613  1.729415376e-07  3.127386453e-20
28.52207505  1.636660786e-07  2.992241206e-20
28.83472104  1.533030969e-07  1.006470755e-20
29.16527896  1.43168904e-07  3.589518553e-20
29.47792495  1.342963149e-07  1.544722759e-20
29.73877387  1.273817539e-07  -2.529267356e-20
29.91953391  1.228334495e-07  -4.512148687e-20
30  1.208698738e-07  6.077437219e-21
30.08046609  1.189428211e-07  4.871643202e-20
30.26122613  1.147430762e-07  -8.325974227e-21
30.52207505  1.08983636e-07  -3.965958513e-21
30.83472104  1.025192686e-07  -1.557661414e-20
31.16527896  9.61655548e-08  1.516833159e-20
31.47792495  9.057515532e-08  1.447365616e-20
31.73877387  8.619950978e-08  -1.33666569e-21
31.91953391  8.331178174e-08  -6.715960153e-21
32  8.206269976e-08  -3.83039589e-21
32.08046609  8.083541177e-08  5.804021297e-22
32.26122613  7.815566412e-08  7.730482868e-21
32.52207505  7.446911465e-08  -6.277744765e-21
32.83472104  7.031462965e-08  -5.508836555e-21
33.16527896  6.621307451e-08  7.360220904e-21
33.47792495  6.258849295e-08  -2.560578781e-21
33.73877387  5.974064561e-08  1.134056236e-20
33.91953391  5.785573684e-08  9.452362628e-21
34  5.703903674e-08  9.191839503e-21
34.08046609  5.623575514e-08  -8.848830543e-21
34.26122613  5.44788934e-08  -5.005806913e-21
34.52207505  5.205522547e-08  1.294470646e-20
34.83472104  4.931416278e-08  1.040970763e-20
35.16527896  4.659735714e-08  -4.457326178e-21
35.47792495  4.418719397e-08  -4.830652668e-21
35.73877387  4.228708963e-08  -6.815847667e-21
35.91953391  4.102622258e-08  -2.437844729e-21
36  4.047908463e-08  -7.808276168e-21
36.08046609  3.994044071e-08  1.31824338e-20
36.26122613  3.876062547e-08  -1.287662977e-20
36.52207505  3.712898016e-08  1.523263719e-20
36.83472104  3.52777905e-08  -1.333435645e-21
37.16527896  3.343653817e-08  -1.060268464e-20
37.47792495  3.179746259e-08  -1.045681571e-20
37.73877387  3.050134379e-08  5.108964147e-21
37.91953391  2.963928652e-08  1.718462206e-20
38  2.926470216e-08  1.364327029e-20
38.08046609  2.889562923e-08  4.275187678e-21
38.26122613  2.80861614e-08  4.960957986e-21
38.52207505  2.696420686e-08  3.153066882e-21
38.83472104  2.568766028e-08  -6.191097968e-21
39.16527896  2.441396644e-08  5.003312233e-21
39.47792495  2.327661299e-08  -7.933568206e-22
39.73877387  2.237478707e-08  -2.301746519e-21
39.91953391  2.177373419e-08  -4.801043295e-21
40  2.151224525e-08  6.995199526e-22
40.08046609  2.125441269e-08  1.301457423e-23
40.26122613  2.068824766e-08  1.266789814e-23
40.52207505  1.990194991e-08  1.218642963e-23
40.83472104  1.900501119e-08  1.163721306e-23
41.16527896  1.81075341e-08  1.108766684e-23
41.47792495  1.730388259e-08  1.059557221e-23
41.73877387  1.66650863e-08  1.020442229e-23
41.91953391  1.623854141e-08  9.94323888e-24
42  1.605276862e-08  9.829485854e-24
42.08046609  1.586947061e-08  9.717248192e-24
42.26122613  1.546653858e-08  9.470523483e-24
42.52207505  1.490592701e-08  9.127247902e-24
42.83472104  1.426494267e-08  8.734758193e-24
43.16527896  1.362192162e-08  8.341021352e-24
43.47792495  1.304466219e-08  7.987551902e-24
43.73877387  1.258479261e-08  7.705962992e-24
43.91953391  1.227720063e-08  7.517617227e-24
44  1.214310162e-08  7.435505265e-24
44.08046609  1.201070833e-08  7.354437756e-24
44.26122613  1.1719391e-08  7.17605734e-24
44.52207505  1.131340421e-08  6.927462125e-24
44.83472104  1.084822931e-08  6.642624648e-24
45.16527896  1.038048169e-08  6.356211837e-24
45.47792495  9.959598807e-09  6.0984954e-24
45.73877387  9.623622513e-09  5.892769253e-24
45.91953391  9.398550101e-09  5.754952149e-24
46  9.300337271e-09  5.694814135e-24
46.08046609  9.20331971e-09  5.635408012e-24
46.26122613  8.989651421e-09  5.504573919e-24
46.52207505  8.691429723e-09  5.321965795e-24
46.83472104  8.349069214e-09  5.112330445e-24
47.16527896  8.004076741e-09  4.901083481e-24
47.47792495  7.692992529e-09  4.710599339e-24
47.73877387  7.444201612e-09  4.558258838e-24
47.91953391  7.277298297e-09  4.456060033e-24
48  7.204407407e-09  4.411427236e-24
48.08046609  7.132366869e-09  4.367315128e-24
48.26122613  6.973576659e-09  4.270084167e-24
48.52207505  6.751643412e-09  4.134189247e-24
48.83472104  6.49640992e-09  3.977903807e-24
49.16527896  6.238707761e-09  3.820106745e-24
49.47792495  6.005882389e-09  3.677542322e-24
49.73877387  5.81936018e-09  3.563330409e-24
49.91953391  5.694066801e-09  3.486610341e-24
50  5.639306018e-09  3.453079032e-24
50.08046609  5.585158669e-09  3.419923343e-24
50.26122613  5.465717911e-09  3.346786972e-24
50.52207505  5.298569197e-09  3.244437903e-24
50.83472104  5.10602598e-09  3.126539186e-24
51.16527896  4.911267741e-09  3.00728416e-24
51.47792495  4.734994665e-09  2.89934803e-24
51.73877387  4.593554721e-09  2.812741043e-24
51.91953391  4.498430115e-09  2.754494021e-24
52  4.456825461e-09  2.729018518e-24
52.08046609  4.415669037e-09  2.703817476e-24
52.26122613  4.324820826e-09  2.648188991e-24
52.52207505  4.197536031e-09  2.570249532e-24
52.83472104  4.050691566e-09  2.48033323e-24
53.16527896  3.90190873e-09  2.389230019e-24
53.47792495  3.767024144e-09  2.30663703e-24
53.73877387  3.658635717e-09  2.24026826e-24
53.91953391  3.585658394e-09  2.195582537e-24
54  3.553719369e-09  2.176025525e-24
54.08046609  3.522111764e-09  2.156671449e-24
54.26122613  3.452296348e-09  2.113921836e-24
54.52207505  3.354373596e-09  2.053961444e-24
54.83472104  3.241244984e-09  1.984690147e-24
55.16527896  3.126444881e-09  1.914395358e-24
55.47792495  3.022208593e-09  1.85056904e-24
55.73877387  2.938334422e-09  1.799210922e-24
55.91953391  2.881803941e-09  1.764595986e-24
56  2.857047931e-09  1.749437302e-24
56.08046609  2.832539675e-09  1.734430323e-24
56.26122613  2.778372884e-09  1.701262729e-24
56.52207505  2.702322045e-09  1.654695021e-24
56.83472104  2.61434737e-09  1.600826069e-24
57.16527896  2.524943855e-09  1.546082205e-24
57.47792495  2.443651124e-09  1.496304763e-24
57.73877387  2.378156036e-09  1.456200589e-24
57.91953391  2.33397037e-09  1.429144671e-24
58  2.314609477e-09  1.417289544e-24
58.08046609  2.295435696e-09  1.405548989e-24
58.26122613  2.253035146e-09  1.37958614e-24
58.52207505  2.193448226e-09  1.343099675e-24
58.83472104  2.124435238e-09  1.300841407e-24
59.16527896  2.054206927e-09  1.257838969e-24
59.47792495  1.990264685e-09  1.218685638e-24
59.73877387  1.938687729e-09  1.187103861e-24
59.91953391  1.903860526e-09  1.165778349e-24
60  1.888592175e-09  1.156429181e-24
60.08046609  1.873466489e-09  1.14716737e-24
60.26122613  1.840000344e-09  1.126675266e-24
60.52207505  1.792927918e-09  1.097851718e-24
60.83472104  1.738347361e-09  1.064430766e-24
61.16527896  1.682735759e-09  1.03037848e-24
61.47792495  1.632038824e-09  9.993355607e-25
61.73877387  1.591100776e-09  9.742682363e-25
61.91953391  1.563434232e-09  9.57327364e-25
62  1.551299139e-09  9.498967623e-25
62.08046609  1.539273792e-09  9.425333611e-25
62.26122613  1.512654255e-09  9.262335958e-25
62.52207505  1.475181264e-09  9.032880065e-25
62.83472104  1.431685216e-09  8.766543584e-25
63.16527896  1.387315305e-09  8.49485624e-25
63.47792495  1.346819387e-09  8.246890255e-25
63.73877387  1.314085006e-09  8.04644998e-25
63.91953391  1.291945196e-09  7.910882743e-25
64  1.282229736e-09  7.851392712e-25
64.08046609  1.272599407e-09  7.792423954e-25
64.26122613  1.251271755e-09  7.661829747e-25
64.52207505  1.22122513e-09  7.477847231e-25
64.83472104  1.186314418e-09  7.264080776e-25
65.16527896  1.150662967e-09  7.045778599e-25
65.47792495  1.118088657e-09  6.846318474e-25
65.73877387  1.091732128e-09  6.684931282e-25
65.91953391  1.073892775e-09  6.575696748e-25
66  1.066061048e-09  6.527741248e-25
66.08046609  1.058295874e-09  6.480193272e-25
66.26122613  1.04109145e-09  6.374846562e-25
66.52207505  1.016836111e-09  6.226325444e-25
66.83472104  9.886278717e-10  6.053599793e-25
67.16527896  9.597911725e-10  5.877025936e-25
67.47792495  9.334162879e-10  5.715526346e-25
67.73877387  9.120564119e-10  5.584734828e-25
67.91953391  8.975889691e-10  5.49614729e-25
68  8.912349561e-10  5.457240181e-25
68.08046609  8.849333578e-10  5.41865402e-25
68.26122613  8.709659533e-10  5.333128334e-25
68.52207505  8.512608318e-10  5.212469264e-25
68.83472104  8.283241965e-10  5.072022879e-25
69.16527896  8.048536003e-10  4.928306927e-25
69.47792495  7.833658828e-10  4.796732605e-25
69.73877387  7.659489829e-10  4.690084851e-25
69.91953391  7.541444528e-10  4.617802951e-25
70  7.489579727e-10  4.58604492e-25
70.08046609  7.438130589e-10  4.554541409e-25
70.26122613  7.324050696e-10  4.484687621e-25
70.52207505  7.163003989e-10  4.386074954e-25
70.83472104  6.975391066e-10  4.271195171e-25
71.16527896  6.783233263e-10  4.153532452e-25
71.47792495  6.607148551e-10  4.045711662e-25
71.73877387  6.464307256e-10  3.958246595e-25
71.91953391  6.36743475e-10  3.898929293e-25
72  6.324856983e-10  3.87285793e-25
72.08046609  6.282611007e-10  3.84698973e-25
72.26122613  6.188903766e-10  3.789610593e-25
72.52207505  6.05653675e-10  3.708559172e-25
72.83472104  5.902213581e-10  3.614063485e-25
73.16527896  5.744014026e-10  3.517194195e-25
73.47792495  5.598921643e-10  3.428350734e-25
73.73877387  5.481131446e-10  3.356225041e-25
73.91953391  5.401201373e-10  3.307281987e-25
74  5.366058092e-10  3.285762933e-25
74.08046609  5.331181294e-10  3.264407054e-25
74.26122613  5.253793448e-10  3.217020665e-25
74.52207505  5.144415677e-10  3.150046096e-25
74.83472104  5.016800415e-10  3.071904285e-25
75.16527896  4.885871569e-10  2.991733489e-25
75.47792495  4.76569206e-10  2.918144763e-25
75.73877387  4.668056115e-10  2.858359989e-25
75.91953391  4.601765558e-10  2.817768731e-25
76  4.572609714e-10  2.799915925e-25
76.08046609  4.543669156e-10  2.782194944e-25
76.26122613  4.479432397e-10  2.742861273e-25
76.52207505  4.388592521e-10  2.687237892e-25
76.83472104  4.28253159e-10  2.622294302e-25
77.16527896  4.173631535e-10  2.55561225e-25
77.47792495  4.073594579e-10  2.494357281e-25
77.73877387  3.992266915e-10  2.44455845e-25
77.91953391  3.937019918e-10  2.410729421e-25
78  3.912713711e-10  2.395846161e-25
78.08046609  3.888582394e-10  2.381069991e-25
78.26122613  3.835003826e-10  2.34826258e-25
78.52207505  3.759196962e-10  2.301844263e-25
78.83472104  3.670628879e-10  2.247611954e-25
79.16527896  3.579622339e-10  2.19188652e-25
79.47792495  3.495960923e-10  2.140658677e-25
79.73877387  3.427901773e-10  2.098984467e-25
79.91953391  3.381645154e-10  2.070660457e-25
80  3.36128832e-10  2.058195491e-25
80.08046609  3.341074311e-10  2.04581798e-25
80.26122613  3.296180212e-10  2.018328273e-25
80.52207505  3.232629558e-10  1.979414721e-25
80.83472104  3.158333776e-10  1.933921675e-25
81.16527896  3.081938546e-10  1.887143088e-25
81.47792495  3.011659913e-10  1.844109836e-25
81.73877387  2.954452255e-10  1.809080249e-25
81.91953391  2.915552408e-10  1.785260962e-25
82  2.898428384e-10  1.774775521e-25
82.08046609  2.881421583e-10  1.764361859e-25
82.26122613  2.843640016e-10  1.741227322e-25
82.52207505  2.790132634e-10  1.708463499e-25
82.83472104  2.727540476e-10  1.670136857e-25
83.16527896  2.663136315e-10  1.630700682e-25
83.47792495  2.603849135e-10  1.594397754e-25
83.73877387  2.555560126e-10  1.564829264e-25
83.91953391  2.522709889e-10  1.544714296e-25
84  2.508245097e-10  1.535857165e-25
84.08046609  2.493876974e-10  1.527059227e-25
84.26122613  2.461948938e-10  1.507508943e-25
84.52207505  2.416711366e-10  1.47980892e-25
84.83472104  2.363762681e-10  1.4473872e-25
85.16527896  2.309246259e-10  1.414005519e-25
85.47792495  2.2590293e-10  1.383256501e-25
85.73877387  2.218104882e-10  1.358197522e-25
85.91953391  2.190252647e-10  1.341142947e-25
86  2.177985484e-10  1.333631476e-25
86.08046609  2.165798403e-10  1.326169041e-25
86.26122613  2.138710129e-10  1.309582257e-25
86.52207505  2.100313526e-10  1.286071118e-25
86.83472104  2.055347257e-10  1.258537219e-25
87.16527896  2.009021304e-10  1.230170755e-25
87.47792495  1.966322969e-10  1.204025565e-25
87.73877387  1.931507162e-10  1.182707032e-25
87.91953391  1.907802554e-10  1.168192146e-25
88  1.897359628e-10  1.161797698e-25
88.08046609  1.886983331e-10  1.155444048e-25
88.26122613  1.863914341e-10  1.141318366e-25
88.52207505  1.831201663e-10  1.121287628e-25
88.83472104  1.792871778e-10  1.097817342e-25
89.16527896  1.75335983e-10  1.073623252e-25
89.47792495  1.71692081e-10  1.051310787e-25
89.73877387  1.687193527e-10  1.033108076e-25
89.91953391  1.666945518e-10  1.020709747e-25
90  1.658023309e-10  1.015246469e-25
90.08046609  1.649156765e-10  1.009817277e-25
90.26122613  1.629439783e-10  9.977441074e-26
90.52207505  1.601469543e-10  9.806172749e-26
90.83472104  1.568680029e-10  9.605394883e-26
91.16527896  1.534860456e-10  9.398309722e-26
91.47792495  1.503653814e-10  9.207224153e-26
91.73877387  1.478182651e-10  9.051258259e-26
91.91953391  1.460827067e-10  8.944985959e-26
92  1.453177699e-10  8.898147086e-26
92.08046609  1.44557502e-10  8.851594103e-26
92.26122613  1.428664839e-10  8.748049109e-26
92.52207505  1.404667396e-10  8.60110715e-26
92.83472104  1.376521718e-10  8.42876458e-26
93.16527896  1.347476365e-10  8.250913086e-26
93.47792495  1.320660866e-10  8.086715511e-26
93.73877387  1.298763507e-10  7.952632861e-26
93.91953391  1.283837676e-10  7.861238502e-26
94  1.277257809e-10  7.82094844e-26
94.08046609  1.270717253e-10  7.780899081e-26
94.26122613  1.256166422e-10  7.691800937e-26
94.52207505  1.235509831e-10  7.565315798e-26
94.83472104  1.211271397e-10  7.416898198e-26
95.16527896  1.186245392e-10  7.263658112e-26
95.47792495  1.163128929e-10  7.122110601e-26
95.73877387  1.144243678e-10  7.006471787e-26
95.91953391  1.131366538e-10  6.927622048e-26
96  1.125688657e-10  6.892855056e-26
96.08046609  1.120043993e-10  6.858291455e-26
96.26122613  1.107483725e-10  6.781381997e-26
96.52207505  1.089646903e-10  6.672162963e-26
96.83472104  1.068707983e-10  6.543949054e-26
97.16527896  1.047078102e-10  6.411504232e-26
97.47792495  1.027088897e-10  6.289105653e-26
97.73877387  1.010751441e-10  6.189067588e-26
97.91953391  9.99607861e-11  6.120832837e-26
98  9.946933951e-11  6.090740412e-26
98.08046609  9.898070945e-11  6.06082045e-26
98.26122613  9.789321995e-11  5.994230923e-26
98.52207505  9.634837331e-11  5.899636349e-26
98.83472104  9.4534089e-11  5.788543475e-26
99.16527896  9.265905376e-11  5.67373068e-26
99.47792495  9.092543405e-11  5.567577089e-26
99.73877387  8.950793519e-11  5.480780316e-26
99.91953391  8.854076931e-11  5.421558487e-26
100  8.811415654e-11  5.395435988e-26
100.0804661  8.768993995e-11  5.369460214e-26
100.2612261  8.67456328e-11  5.311638077e-26
100.5220751  8.540376525e-11  5.229472387e-26
100.834721  8.382722341e-11  5.132937041e-26
101.165279  8.219715535e-11  5.03312416e-26
101.4779249  8.068935056e-11  4.940797744e-26
101.7387739  7.945599902e-11  4.865276744e-26
101.9195339  7.861422093e-11  4.813732701e-26
102  7.824284937e-11  4.790992752e-26
102.0804661  7.787352294e-11  4.76837803e-26
102.2612261  7.705125451e-11  4.71802861e-26
102.5220751  7.588245306e-11  4.646460163e-26
102.834721  7.450870969e-11  4.562342641e-26
103.165279  7.308770875e-11  4.475331429e-26
103.4779249  7.177272264e-11  4.394811753e-26
103.7387739  7.069668092e-11  4.3289232e-26
103.9195339  6.996205332e-11  4.283940233e-26
104  6.963789783e-11  4.264091434e-26
104.0804661  6.931549323e-11  4.244349845e-26
104.2612261  6.859756821e-11  4.200389617e-26
104.5220751  6.757678869e-11  4.137884898e-26
104.834721  6.637657281e-11  4.064392871e-26
105.165279  6.513455035e-11  3.98834093e-26
105.4779249  6.398471265e-11  3.917933677e-26
105.7387739  6.304346399e-11  3.860298819e-26
105.9195339  6.240067998e-11  3.82093965e-26
106  6.211700341e-11  3.80356947e-26
106.0804661  6.183483024e-11  3.786291347e-26
106.2612261  6.120638801e-11  3.747810358e-26
106.5220751  6.03125903e-11  3.693081033e-26
106.834721  5.92612989e-11  3.628708001e-26
107.165279  5.817295104e-11  3.562065914e-26
107.4779249  5.716497925e-11  3.500345443e-26
107.7387739  5.633956847e-11  3.449803609e-26
107.9195339  5.577573761e-11  3.415278927e-26
108  5.552686515e-11  3.400039883e-26
108.0804661  5.527928728e-11  3.384880111e-26
108.2612261  5.47278062e-11  3.351111634e-26
108.5220751  5.394325546e-11  3.303071757e-26
108.834721  5.302014092e-11  3.246547293e-26
109.165279  5.206411793e-11  3.188007769e-26
109.4779249  5.117835769e-11  3.133770596e-26
109.7387739  5.045277611e-11  3.089341538e-26
109.9195339  4.995700792e-11  3.058984492e-26
110  4.973814423e-11  3.045582957e-26
110.0804661  4.952039839e-11  3.032249869e-26
110.2612261  4.903529388e-11  3.002545785e-26
110.5220751  4.834499361e-11  2.960277084e-26
110.834721  4.753250396e-11  2.910526441e-26
111.165279  4.669073553e-11  2.858982991e-26
111.4779249  4.591054322e-11  2.81120999e-26
111.7387739  4.527122848e-11  2.772063253e-26
111.9195339  4.483429357e-11  2.745308706e-26
112  4.464137392e-11  2.733495784e-26
112.0804661  4.444942205e-11  2.721742122e-26
112.2612261  4.40217193e-11  2.695552882e-26
112.5220751  4.341294952e-11  2.658276484e-26
112.834721  4.269619085e-11  2.614387673e-26
113.165279  4.195333582e-11  2.568900921e-26
113.4779249  4.126457477e-11  2.52672647e-26
113.7387739  4.070000247e-11  2.492156387e-26
113.9195339  4.031405573e-11  2.468523965e-26
114  4.014362438e-11  2.458088055e-26
114.0804661  3.997403304e-11  2.44770358e-26
114.2612261  3.959609955e-11  2.424561828e-26
114.5220751  3.905803924e-11  2.391615137e-26
114.834721  3.842433587e-11  2.352811997e-26
115.165279  3.776733191e-11  2.312582107e-26
115.4779249  3.715795978e-11  2.275268825e-26
115.7387739  3.665830882e-11  2.244674028e-26
115.9195339  3.631666257e-11  2.223754229e-26
116  3.616577308e-11  2.214514912e-26
116.0804661  3.601561448e-11  2.20532035e-26
116.2612261  3.568094065e-11  2.184827488e-26
116.5220751  3.520435795e-11  2.155645214e-26
116.834721  3.464289141e-11  2.121265304e-26
117.165279  3.406058502e-11  2.085609321e-26
117.4779249  3.35203147e-11  2.052527305e-26
117.7387739  3.307719213e-11  2.025393873e-26
117.9195339  3.277412946e-11  2.006836637e-26
118  3.264026263e-11  1.998639658e-26
118.0804661  3.250703328e-11  1.990481713e-26
118.2612261  3.221005182e-11  1.972296843e-26
118.5220751  3.17870489e-11  1.946395385e-26
118.834721  3.128856044e-11  1.91587177e-26
119.165279  3.077140204e-11  1.88420495e-26
119.4779249  3.029142193e-11  1.854814646e-26
119.7387739  2.98976359e-11  1.830702205e-26
119.9195339  2.962825659e-11  1.81420748e-26
120  2.950925274e-11  1.806920596e-26
120.0804661  2.939080617e-11  1.799667835e-26
120.2612261  2.9126743e-11  1.783498629e-26
120.5220751  2.875054529e-11  1.760463163e-26
120.834721  2.830708999e-11  1.733309357e-26
121.165279  2.784688166e-11  1.705129725e-26
121.4779249  2.741962427e-11  1.678967755e-26
121.7387739  2.706899604e-11  1.657497968e-26
121.9195339  2.682908899e-11  1.642807898e-26
122  2.672309184e-11  1.636317444e-26
122.0804661  2.661758294e-11  1.629856888e-26
122.2612261  2.638233355e-11  1.615452017e-26
122.5220751  2.6047115e-11  1.594925801e-26
122.834721  2.565185787e-11  1.570723282e-26
123.165279  2.524154415e-11  1.545598813e-26
123.4779249  2.486049394e-11  1.522266216e-26
123.7387739  2.454770179e-11  1.503113221e-26
123.9195339  2.4333639e-11  1.490005655e-26
124  2.423904904e-11  1.484213691e-26
124.0804661  2.414488778e-11  1.478447977e-26
124.2612261  2.39349145e-11  1.465590821e-26
124.5220751  2.363565233e-11  1.447266299e-26
124.834721  2.328269868e-11  1.425654121e-26
125.165279  2.291619234e-11  1.40321208e-26
125.4779249  2.257572571e-11  1.382364511e-26
125.7387739  2.229617488e-11  1.36524696e-26
125.9195339  2.210482309e-11  1.353530042e-26
126  2.202025874e-11  1.348351969e-26
126.0804661  2.193607157e-11  1.343196992e-26
126.2612261  2.174831794e-11  1.331700398e-26
126.5220751  2.148067143e-11  1.315311775e-26
126.834721  2.11649253e-11  1.295977901e-26
127.165279  2.083696194e-11  1.275895937e-26
127.4779249  2.053221367e-11  1.257235488e-26
127.7387739  2.028192766e-11  1.24190989e-26
127.9195339  2.011057455e-11  1.231417538e-26
128  2.003483963e-11  1.226780111e-26
128.0804661  1.995943725e-11  1.222163047e-26
128.2612261  1.979125637e-11  1.211864938e-26
128.5220751  1.955146547e-11  1.197181981e-26
128.834721  1.926851119e-11  1.179856028e-26
129.165279  1.897452754e-11  1.161854721e-26
129.4779249  1.870127878e-11  1.14512306e-26
129.7387739  1.847680831e-11  1.131378208e-26
129.9195339  1.832310057e-11  1.121966323e-26
130  1.825515709e-11  1.117805985e-26
130.0804661  1.818750736e-11  1.113663634e-26
130.2612261  1.80366018e-11  1.104423333e-26
130.5220751  1.782140216e-11  1.091246156e-26
130.834721  1.756740492e-11  1.07569331e-26
131.165279  1.730343656e-11  1.05952991e-26
131.4779249  1.705802086e-11  1.044502532e-26
131.7387739  1.685636731e-11  1.032154814e-26
131.9195339  1.671825862e-11  1.023698095e-26
132  1.665720387e-11  1.01995957e-26
132.0804661  1.659640909e-11  1.016236964e-26
132.2612261  1.64607804e-11  1.007932101e-26
132.5220751  1.626733174e-11  9.960867872e-27
132.834721  1.603895393e-11  9.821026797e-27
133.165279  1.580154925e-11  9.675658357e-27
133.4779249  1.558077333e-11  9.540472092e-27
133.7387739  1.53993243e-11  9.429366607e-27
133.9195339  1.527503146e-11  9.353259195e-27
134  1.52200787e-11  9.319610333e-27
134.0804661  1.516535645e-11  9.286102615e-27
134.2612261  1.504326251e-11  9.211341639e-27
134.5220751  1.486908833e-11  9.104690713e-27
134.834721  1.466341893e-11  8.978754529e-27
135.165279  1.44495665e-11  8.847807681e-27
135.4779249  1.425064336e-11  8.726002389e-27
135.7387739  1.408711815e-11  8.625872076e-27
135.9195339  1.397508406e-11  8.55727098e-27
136  1.392554619e-11  8.526937783e-27
136.0804661  1.387621306e-11  8.496729956e-27
136.2612261  1.37661321e-11  8.429324809e-27
136.5220751  1.360906863e-11  8.333151172e-27
136.834721  1.34235635e-11  8.219562034e-27
137.165279  1.323063053e-11  8.101424667e-27
137.4779249  1.305112286e-11  7.991507916e-27
137.7387739  1.290352634e-11  7.901131113e-27
137.9195339  1.280238854e-11  7.839202074e-27
138  1.275766429e-11  7.811816371e-27
138.0804661  1.271312222e-11  7.784542219e-27
138.2612261  1.261372227e-11  7.723677301e-27
138.5220751  1.24718752e-11  7.636821024e-27
138.834721  1.230430637e-11  7.534214708e-27
139.165279  1.212998661e-11  7.427474637e-27
139.4779249  1.196775865e-11  7.328138665e-27
139.7387739  1.183434209e-11  7.246444578e-27
139.9195339  1.174290614e-11  7.190456209e-27
140  1.170246832e-11  7.165695188e-27
140.0804661  1.166219287e-11  7.141033587e-27
140.2612261  1.157230581e-11  7.085993634e-27
140.5220751  1.144401353e-11  7.007437271e-27
140.834721  1.12924262e-11  6.914616801e-27
141.165279  1.113469548e-11  6.818034591e-27
141.4779249  1.098787221e-11  6.728131265e-27
141.7387739  1.08670999e-11  6.654179551e-27
141.9195339  1.078431665e-11  6.603489434e-27
142  1.074770214e-11  6.581069513e-27
142.0804661  1.071123258e-11  6.558738347e-27
142.2612261  1.062983206e-11  6.508894905e-27
142.5220751  1.051363431e-11  6.437744306e-27
142.834721  1.037631011e-11  6.353657481e-27
143.165279  1.023338858e-11  6.266143284e-27
143.4779249  1.010032076e-11  6.184662743e-27
143.7387739  9.990841591e-12  6.117626087e-27
143.9195339  9.915787823e-12  6.071668909e-27
144  9.882589036e-12  6.051340515e-27
144.0804661  9.849519854e-12  6.031091481e-27
144.2612261  9.775702438e-12  5.98589135e-27
144.5220751  9.670313576e-12  5.921359284e-27
144.834721  9.545739207e-12  5.845079483e-27
145.165279  9.416058984e-12  5.765673247e-27
145.4779249  9.295293379e-12  5.691725642e-27
145.7387739  9.195916519e-12  5.630874865e-27
145.9195339  9.127778353e-12  5.589152271e-27
146  9.097635939e-12  5.570695366e-27
146.0804661  9.067609589e-12  5.55230953e-27
146.2612261  9.000578605e-12  5.511264889e-27
146.5220751  8.904864699e-12  5.452657025e-27
146.834721  8.791705126e-12  5.383366771e-27
147.165279  8.673882613e-12  5.311221289e-27
147.4779249  8.564136451e-12  5.244021146e-27
147.7387739  8.473810474e-12  5.188712437e-27
147.9195339  8.411869183e-12  5.150784335e-27
148  8.384465769e-12  5.134004583e-27
148.0804661  8.357166449e-12  5.117288571e-27
148.2612261  8.296218154e-12  5.079968504e-27
148.5220751  8.20917736e-12  5.026671389e-27
148.834721  8.106252763e-12  4.96364825e-27
149.165279  7.999064901e-12  4.898014614e-27
149.4779249  7.899203935e-12  4.836867408e-27
149.7387739  7.816998935e-12  4.786531362e-27
149.9195339  7.760618742e-12  4.752008451e-27
150  7.73567355e-12  4.736733926e-27
150.0804661  7.710821855e-12  4.721516652e-27
150.2612261  7.655333551e-12  4.687539865e-27
150.5220751  7.576079231e-12  4.63901059e-27
150.834721  7.482345219e-12  4.581615061e-27
151.165279  7.384709051e-12  4.521830151e-27
151.4779249  7.293728698e-12  4.466120752e-27
151.7387739  7.218820882e-12  4.420252943e-27
151.9195339  7.167438456e-12  4.388790281e-27
152  7.144702679e-12  4.374868633e-27
152.0804661  7.122050997e-12  4.360998479e-27
152.2612261  7.071470789e-12  4.330027033e-27
152.5220751  6.999216982e-12  4.285784337e-27
152.834721  6.913747535e-12  4.233449395e-27
153.165279  6.824702602e-12  4.178925098e-27
153.4779249  6.741711682e-12  4.128107816e-27
153.7387739  6.673370082e-12  4.086260655e-27
153.9195339  6.626485482e-12  4.057552118e-27
154  6.605738286e-12  4.044848124e-27
154.0804661  6.585066836e-12  4.032190511e-27
154.2612261  6.538904797e-12  4.003924415e-27
154.5220751  6.472953674e-12  3.963540999e-27
154.834721  6.394926427e-12  3.91576309e-27
155.165279  6.313619561e-12  3.865976993e-27
155.4779249  6.23782625e-12  3.819566975e-27
155.7387739  6.17540125e-12  3.781342687e-27
155.9195339  6.132570098e-12  3.755116171e-27
156  6.113615173e-12  3.743509627e-27
156.0804661  6.094728564e-12  3.731944914e-27
156.2612261  6.052549107e-12  3.706117445e-27
156.5220751  5.992280126e-12  3.669213338e-27
156.834721  5.920963632e-12  3.62554458e-27
157.165279  5.846635807e-12  3.580031913e-27
157.4779249  5.77733548e-12  3.537597701e-27
157.7387739  5.720248876e-12  3.502642238e-27
157.9195339  5.681075581e-12  3.478655513e-27
158  5.663738151e-12  3.468039399e-27
158.0804661  5.646462418e-12  3.457461063e-27
158.2612261  5.607877673e-12  3.433834721e-27
158.5220751  5.552738185e-12  3.400071522e-27
158.834721  5.487480887e-12  3.360112952e-27
159.165279  5.419455815e-12  3.318459609e-27
159.4779249  5.356020507e-12  3.279616685e-27
159.7387739  5.303756893e-12  3.247614451e-27
159.9195339  5.267888769e-12  3.225651559e-27
160  5.252013e-12  3.215930455e-27
160.0804661  5.236193022e-12  3.206243512e-27
160.2612261  5.200857104e-12  3.184606503e-27
160.5220751  5.150354199e-12  3.153682392e-27
160.834721  5.090574849e-12  3.117078098e-27
161.165279  5.028249081e-12  3.078914571e-27
161.4779249  4.970118331e-12  3.043319753e-27
161.7387739  4.92221761e-12  3.01398902e-27
161.9195339  4.889339768e-12  2.993857149e-27
162  4.874786515e-12  2.984945851e-27
162.0804661  4.860283774e-12  2.976065484e-27
162.2612261  4.827887792e-12  2.956228665e-27
162.5220751  4.781581211e-12  2.927874062e-27
162.834721  4.726760541e-12  2.894306083e-27
163.165279  4.669594853e-12  2.859302195e-27
163.4779249  4.616267736e-12  2.826648754e-27
163.7387739  4.572318604e-12  2.799737671e-27
163.9195339  4.542149508e-12  2.781264428e-27
164  4.52879435e-12  2.773086752e-27
164.0804661  4.515484981e-12  2.764937115e-27
164.2612261  4.485752692e-12  2.746731338e-27
164.5220751  4.44324865e-12  2.720705119e-27
164.834721  4.392922116e-12  2.689889004e-27
165.165279  4.340434003e-12  2.657749305e-27
165.4779249  4.291462189e-12  2.627762717e-27
165.7387739  4.251096452e-12  2.603045831e-27
165.9195339  4.223384036e-12  2.586076871e-27
166  4.211115567e-12  2.5785646e-27
166.0804661  4.198888656e-12  2.571077777e-27
166.2612261  4.171572678e-12  2.554351564e-27
166.5220751  4.132518478e-12  2.530437763e-27
166.834721  4.086269925e-12  2.502118692e-27
167.165279  4.038027051e-12  2.472578451e-27
167.4779249  3.993008735e-12  2.445012683e-27
167.7387739  3.955896348e-12  2.4222879e-27
167.9195339  3.93041463e-12  2.406684848e-27
168  3.919132964e-12  2.39977682e-27
168.0804661  3.907889059e-12  2.392891914e-27
168.2612261  3.882767559e-12  2.377509431e-27
168.5220751  3.84684688e-12  2.355514359e-27
168.834721  3.804303009e-12  2.329463751e-27
169.165279  3.759917475e-12  2.30228545e-27
169.4779249  3.718492078e-12  2.276919711e-27
169.7387739  3.684336804e-12  2.256005637e-27
169.9195339  3.660882918e-12  2.241644274e-27
170  3.65049838e-12  2.235285578e-27
170.0804661  3.640148192e-12  2.228947916e-27
170.2612261  3.617021985e-12  2.214787198e-27
170.5220751  3.583950768e-12  2.194536918e-27
170.834721  3.544776283e-12  2.170549464e-27
171.165279  3.503899612e-12  2.145519722e-27
171.4779249  3.465743133e-12  2.122155617e-27
171.7387739  3.434278736e-12  2.102889231e-27
171.9195339  3.41267034e-12  2.089657904e-27
172  3.403102318e-12  2.083799181e-27
172.0804661  3.393565579e-12  2.077959612e-27
172.2612261  3.372255592e-12  2.064911008e-27
172.5220751  3.341778417e-12  2.046249121e-27
172.834721  3.305671779e-12  2.024140182e-27
173.165279  3.267990514e-12  2.001067061e-27
173.4779249  3.232811453e-12  1.979526099e-27
173.7387739  3.203798362e-12  1.961760705e-27
173.9195339  3.183871351e-12  1.94955893e-27
174  3.175047293e-12  1.944155753e-27
174.0804661  3.166251754e-12  1.938770038e-27
174.2612261  3.146596791e-12  1.926734844e-27
174.5220751  3.118483711e-12  1.909520548e-27
174.834721  3.085173403e-12  1.889123867e-27
175.165279  3.050405238e-12  1.867834505e-27
175.4779249  3.017941015e-12  1.847955902e-27
175.7387739  2.991163388e-12  1.831559334e-27
175.9195339  2.972769894e-12  1.820296567e-27
176  2.964624419e-12  1.815308903e-27
176.0804661  2.956504971e-12  1.810337174e-27
176.2612261  2.938359754e-12  1.799226434e-27
176.5220751  2.9124035e-12  1.783332812e-27
176.834721  2.881644741e-12  1.764498504e-27
177.165279  2.84953512e-12  1.744837032e-27
177.4779249  2.81954892e-12  1.72647578e-27
177.7387739  2.794812064e-12  1.711328824e-27
177.9195339  2.777818687e-12  1.700923382e-27
178  2.770292808e-12  1.69631511e-27
178.0804661  2.762790705e-12  1.691721397e-27
178.2612261  2.746024147e-12  1.681454841e-27
178.5220751  2.72203767e-12  1.66676736e-27
178.834721  2.693609523e-12  1.64936014e-27
179.165279  2.663928645e-12  1.631185844e-27
179.4779249  2.636206641e-12  1.614211013e-27
179.7387739  2.61333473e-12  1.600206006e-27
179.9195339  2.597620985e-12  1.590584113e-27
180  2.59066142e-12  1.586322608e-27
180.0804661  2.583723599e-12  1.582074418e-27
180.2612261  2.568217278e-12  1.572579535e-27
180.5220751  2.546031582e-12  1.558994714e-27
180.834721  2.5197344e-12  1.542892334e-27
181.165279  2.492274569e-12  1.526078037e-27
181.4779249  2.466623469e-12  1.510371268e-27
181.7387739  2.445457538e-12  1.497410873e-27
181.9195339  2.430914479e-12  1.488505818e-27
182  2.424473047e-12  1.484561578e-27
182.0804661  2.418051519e-12  1.480629527e-27
182.2612261  2.403698336e-12  1.471840736e-27
182.5220751  2.383160562e-12  1.459264977e-27
182.834721  2.358813732e-12  1.444356843e-27
183.165279  2.333387022e-12  1.428787474e-27
183.4779249  2.309631901e-12  1.414241657e-27
183.7387739  2.290028066e-12  1.402237771e-27
183.9195339  2.276557072e-12  1.393989166e-27
184  2.270590154e-12  1.390335482e-27
184.0804661  2.264641474e-12  1.386692966e-27
184.2612261  2.251344459e-12  1.378550892e-27
184.5220751  2.232316191e-12  1.366899439e-27
184.834721  2.209756144e-12  1.353085394e-27
185.165279  2.186192327e-12  1.338656718e-27
185.4779249  2.164174707e-12  1.325174814e-27
185.7387739  2.146002595e-12  1.314047604e-27
185.9195339  2.133514293e-12  1.306400725e-27
186  2.127982358e-12  1.303013391e-27
186.0804661  2.122467149e-12  1.2996363e-27
186.2612261  2.110138411e-12  1.292087126e-27
186.5220751  2.092494179e-12  1.281283149e-27
186.834721  2.071572613e-12  1.268472385e-27
187.165279  2.04971733e-12  1.255089884e-27
187.4779249  2.029293482e-12  1.242583883e-27
187.7387739  2.012434831e-12  1.232260937e-27
187.9195339  2.000848144e-12  1.225166137e-27
188  1.995715327e-12  1.222023194e-27
188.0804661  1.990597866e-12  1.218889652e-27
188.2612261  1.979157657e-12  1.211884545e-27
188.5220751  1.962783598e-12  1.201858325e-27
188.834721  1.943365919e-12  1.189968426e-27
189.165279  1.923079052e-12  1.177546303e-27
189.4779249  1.904118483e-12  1.165936303e-27
189.7387739  1.888465912e-12  1.156351867e-27
189.9195339  1.877707209e-12  1.149764062e-27
190  1.872940939e-12  1.146845563e-27
190.0804661  1.868188778e-12  1.143935704e-27
190.2612261  1.857564664e-12  1.13743031e-27
190.5220751  1.842357348e-12  1.128118514e-27
190.834721  1.824321271e-12  1.117074603e-27
191.165279  1.805475498e-12  1.105534895e-27
191.4779249  1.787859613e-12  1.094748276e-27
191.7387739  1.773315514e-12  1.085842584e-27
191.9195339  1.763317862e-12  1.079720788e-27
192  1.758888527e-12  1.077008602e-27
192.0804661  1.754472167e-12  1.074304362e-27
192.2612261  1.744598289e-12  1.068258355e-27
192.5220751  1.730463664e-12  1.059603394e-27
192.834721  1.71369798e-12  1.049337373e-27
193.165279  1.696177488e-12  1.038609165e-27
193.4779249  1.679798398e-12  1.028579866e-27
193.7387739  1.66627396e-12  1.020298536e-27
193.9195339  1.656976452e-12  1.014605454e-27
194  1.652857104e-12  1.012083081e-27
194.0804661  1.648749699e-12  1.009568021e-27
194.2612261  1.639566118e-12  1.003944699e-27
194.5220751  1.626418576e-12  9.958941517e-28
194.834721  1.610822043e-12  9.863440296e-28
195.165279  1.594521385e-12  9.763627553e-28
195.4779249  1.579280842e-12  9.670306139e-28
195.7387739  1.56669518e-12  9.593241186e-28
195.9195339  1.558042337e-12  9.540257806e-28
196  1.55420843e-12  9.516781894e-28
196.0804661  1.550385524e-12  9.49337335e-28
196.2612261  1.541837633e-12  9.441032613e-28
196.5220751  1.529599178e-12  9.366093685e-28
196.834721  1.515079542e-12  9.277186556e-28
197.165279  1.499902617e-12  9.184254697e-28
197.4779249  1.485711064e-12  9.097356498e-28
197.7387739  1.473990441e-12  9.025588379e-28
197.9195339  1.465931682e-12  8.976242712e-28
198  1.462360833e-12  8.954377569e-28
198.0804661  1.458800128e-12  8.932574538e-28
198.2612261  1.450838134e-12  8.883821383e-28
198.5220751  1.439437631e-12  8.814013439e-28
198.834721  1.425910747e-12  8.731185163e-28
199.165279  1.411769889e-12  8.64459738e-28
199.4779249  1.398545619e-12  8.563622079e-28
199.7387739  1.387622749e-12  8.496738788e-28
199.9195339  1.380111913e-12  8.450748184e-28
200  1.376783696e-12  8.430368731e-28
200.0804661  1.373464839e-12  8.410046593e-28
200.2612261  1.366043292e-12  8.364602726e-28
200.5220751  1.355415811e-12  8.299528173e-28
200.834721  1.342804859e-12  8.222308361e-28
201.165279  1.32962002e-12  8.141574505e-28
201.4779249  1.317288415e-12  8.066065202e-28
201.7387739  1.307101842e-12  8.003690436e-28
201.9195339  1.300096766e-12  7.960796713e-28
202  1.296992521e-12  7.941788695e-28
202.0804661  1.29389692e-12  7.922833605e-28
202.2612261  1.2869743e-12  7.880444784e-28
202.5220751  1.277060514e-12  7.819740357e-28
202.834721  1.265295297e-12  7.747699174e-28
203.165279  1.252993319e-12  7.672371289e-28
203.4779249  1.241486175e-12  7.601910355e-28
203.7387739  1.231979721e-12  7.543700112e-28
203.9195339  1.225441855e-12  7.503667224e-28
204  1.222544521e-12  7.485926175e-28
204.0804661  1.219655177e-12  7.468234042e-28
204.2612261  1.213193517e-12  7.428667789e-28
204.5220751  1.203939175e-12  7.372001284e-28
204.834721  1.192955489e-12  7.304745606e-28
205.165279  1.181469455e-12  7.23441393e-28
205.4779249  1.170724375e-12  7.168619292e-28
205.7387739  1.161846636e-12  7.114258818e-28
205.9195339  1.155740704e-12  7.07687077e-28
206  1.15303467e-12  7.06030109e-28
206.0804661  1.150336025e-12  7.043776655e-28
206.2612261  1.144300579e-12  7.006820206e-28
206.5220751  1.135656022e-12  6.953887563e-28
206.834721  1.125395097e-12  6.891057518e-28
207.165279  1.11466374e-12  6.825346904e-28
207.4779249  1.104623589e-12  6.763868714e-28
207.7387739  1.096327491e-12  6.713069766e-28
207.9195339  1.090621188e-12  6.678128735e-28
208  1.088092154e-12  6.662642866e-28
208.0804661  1.085569959e-12  6.647198875e-28
208.2612261  1.079928898e-12  6.612657339e-28
208.5220751  1.071848637e-12  6.563180014e-28
208.834721  1.062256627e-12  6.504445892e-28
209.165279  1.052223807e-12  6.443012586e-28
209.4779249  1.042836226e-12  6.385530228e-28
209.7387739  1.035078624e-12  6.338028616e-28
209.9195339  1.029742335e-12  6.305353271e-28
210  1.027377192e-12  6.290870947e-28
210.0804661  1.025018384e-12  6.276427414e-28
210.2612261  1.019742529e-12  6.244122122e-28
210.5220751  1.012184858e-12  6.19784473e-28
210.834721  1.003212388e-12  6.1429042e-28
211.165279  9.938266205e-13  6.085432949e-28
211.4779249  9.850435825e-13  6.031652352e-28
211.7387739  9.777848981e-13  5.987205728e-28
211.9195339  9.727914563e-13  5.956629716e-28
212  9.705781783e-13  5.943077297e-28
212.0804661  9.68370773e-13  5.929560838e-28
212.2612261  9.634333521e-13  5.899327854e-28
212.5220751  9.563599976e-13  5.85601605e-28
212.834721  9.479617567e-13  5.804591655e-28
213.165279  9.391757867e-13  5.750793105e-28
213.4779249  9.309532063e-13  5.700444321e-28
213.7387739  9.241571039e-13  5.658830196e-28
213.9195339  9.194815649e-13  5.630200777e-28
214  9.174091096e-13  5.617510648e-28
214.0804661  9.15342102e-13  5.604853876e-28
214.2612261  9.107185299e-13  5.576542663e-28
214.5220751  9.040943457e-13  5.535981233e-28
214.834721  8.962287154e-13  5.487818138e-28
215.165279  8.879991353e-13  5.437426494e-28
215.4779249  8.802965108e-13  5.390261521e-28
215.7387739  8.739296049e-13  5.351275467e-28
215.9195339  8.69549048e-13  5.324452292e-28
216  8.676072679e-13  5.312562318e-28
216.0804661  8.656705448e-13  5.300703309e-28
216.2612261  8.613382278e-13  5.274175519e-28
216.5220751  8.551309105e-13  5.236166662e-28
216.834721  8.477596357e-13  5.191030622e-28
217.165279  8.400465401e-13  5.143801532e-28
217.4779249  8.328266329e-13  5.099592351e-28
217.7387739  8.268582243e-13  5.063046389e-28
217.9195339  8.22751571e-13  5.037900389e-28
218  8.20931134e-13  5.026753428e-28
218.0804661  8.191153946e-13  5.015635231e-28
218.2612261  8.150535523e-13  4.99076362e-28
218.5220751  8.092333885e-13  4.955125395e-28
218.834721  8.023212778e-13  4.912800923e-28
219.165279  7.950879523e-13  4.868509579e-28
219.4779249  7.883164973e-13  4.827046376e-28
219.7387739  7.827183352e-13  4.792767519e-28
219.9195339  7.788661865e-13  4.769179911e-28
220  7.771585036e-13  4.75872337e-28
220.0804661  7.754551873e-13  4.748293565e-28
220.2612261  7.716446925e-13  4.724961014e-28
220.5220751  7.661843305e-13  4.69152594e-28
220.834721  7.596989856e-13  4.651814655e-28
221.165279  7.529116261e-13  4.610254065e-28
221.4779249  7.465570704e-13  4.571343633e-28
221.7387739  7.413031372e-13  4.539172571e-28
221.9195339  7.376876262e-13  4.517033951e-28
222  7.360847863e-13  4.507219387e-28
222.0804661  7.344860079e-13  4.497429693e-28
222.2612261  7.309092416e-13  4.475528316e-28
222.5220751  7.257834846e-13  4.444142106e-28
222.834721  7.196950564e-13  4.406861236e-28
223.165279  7.133225147e-13  4.367840672e-28
223.4779249  7.073557811e-13  4.331304966e-28
223.7387739  7.024220981e-13  4.301094871e-28
223.9195339  6.990267566e-13  4.2803044e-28
224  6.975214675e-13  4.271087162e-28
224.0804661  6.960199587e-13  4.261893073e-28
224.2612261  6.926606794e-13  4.24132342e-28
224.5220751  6.87846298e-13  4.211843836e-28
224.834721  6.821272659e-13  4.176824864e-28
225.165279  6.7614082e-13  4.140168455e-28
225.4779249  6.70535093e-13  4.105843277e-28
225.7387739  6.658995443e-13  4.077458727e-28
225.9195339  6.627091822e-13  4.057923394e-28
226  6.612947174e-13  4.049262295e-28
226.0804661  6.598837735e-13  4.040622755e-28
226.2612261  6.567269982e-13  4.021293081e-28
226.5220751  6.522025619e-13  3.993588899e-28
226.834721  6.468275332e-13  3.960676341e-28
227.165279  6.412006792e-13  3.926221797e-28
227.4779249  6.359312113e-13  3.893955612e-28
227.7387739  6.315733843e-13  3.867271618e-28
227.9195339  6.285739806e-13  3.848905567e-28
228  6.272441309e-13  3.840762586e-28
228.0804661  6.259175625e-13  3.832639697e-28
228.2612261  6.229494597e-13  3.814465309e-28
228.5220751  6.18695183e-13  3.788415378e-28
228.834721  6.13640712e-13  3.757465669e-28
229.165279  6.083489752e-13  3.725063126e-28
229.4779249  6.033929111e-13  3.694715986e-28
229.7387739  5.992939523e-13  3.669617102e-28
229.9195339  5.964725555e-13  3.652341029e-28
230  5.952215853e-13  3.644681046e-28
230.0804661  5.93973675e-13  3.637039799e-28
230.2612261  5.911814668e-13  3.619942455e-28
230.5220751  5.871790702e-13  3.595434844e-28
230.834721  5.824234936e-13  3.566315336e-28
231.165279  5.774442576e-13  3.535826309e-28
231.4779249  5.727804748e-13  3.507268875e-28
231.7387739  5.689229584e-13  3.4836484e-28
231.9195339  5.66267597e-13  3.467389e-28
232  5.650902043e-13  3.46017955e-28
232.0804661  5.639156667e-13  3.452987581e-28
232.2612261  5.612875406e-13  3.43689495e-28
232.5220751  5.575201244e-13  3.413826179e-28
232.834721  5.530434121e-13  3.386414222e-28
233.165279  5.483557631e-13  3.35771065e-28
233.4779249  5.439647273e-13  3.330823311e-28
233.7387739  5.40332536e-13  3.308582553e-28
233.9195339  5.378321367e-13  3.293272023e-28
234  5.367234171e-13  3.286483074e-28
234.0804661  5.356173632e-13  3.279710447e-28
234.2612261  5.331423917e-13  3.264555617e-28
234.5220751  5.295943209e-13  3.24282995e-28
234.834721  5.253779404e-13  3.217012065e-28
235.165279  5.20962526e-13  3.18997545e-28
235.4779249  5.168261595e-13  3.16464751e-28
235.7387739  5.134043764e-13  3.143695131e-28
235.9195339  5.110486897e-13  3.12927071e-28
236  5.100041036e-13  3.122874465e-28
236.0804661  5.089620076e-13  3.116493467e-28
236.2612261  5.066300751e-13  3.102214499e-28
236.5220751  5.032868758e-13  3.081743307e-28
236.834721  4.993136684e-13  3.057414429e-28
237.165279  4.951525694e-13  3.031935046e-28
237.4779249  4.912541312e-13  3.008063996e-28
237.7387739  4.880289411e-13  2.988315403e-28
237.9195339  4.858084741e-13  2.974718964e-28
238  4.848238165e-13  2.968689675e-28
238.0804661  4.838414865e-13  2.962674639e-28
238.2612261  4.81643223e-13  2.949214157e-28
238.5220751  4.784914865e-13  2.929915337e-28
238.834721  4.747455557e-13  2.906978126e-28
239.165279  4.708221689e-13  2.88295431e-28
239.4779249  4.671461458e-13  2.860445161e-28
239.7387739  4.641047458e-13  2.841821957e-28
239.9195339  4.620107003e-13  2.828999626e-28
240  4.610820741e-13  2.823313431e-28
240.0804661  4.601556247e-13  2.817640565e-28
240.2612261  4.580823448e-13  2.804945387e-28
240.5220751  4.551096419e-13  2.786742831e-28
240.834721  4.515762507e-13  2.76510705e-28
241.165279  4.478751823e-13  2.742444542e-28
241.4779249  4.444071901e-13  2.721209215e-28
241.7387739  4.415377076e-13  2.703638701e-28
241.9195339  4.395619241e-13  2.691540517e-28
242  4.386857148e-13  2.686175282e-28
242.0804661  4.378115426e-13  2.680822521e-28
242.2612261  4.358551909e-13  2.668843322e-28
242.5220751  4.330499927e-13  2.651666437e-28
242.834721  4.297154702e-13  2.631248376e-28
243.165279  4.26222439e-13  2.609859728e-28
243.4779249  4.229491315e-13  2.589816501e-28
243.7387739  4.202405497e-13  2.573231221e-28
243.9195339  4.183754567e-13  2.561810819e-28
244  4.175483101e-13  2.556746007e-28
244.0804661  4.167230707e-13  2.551692873e-28
244.2612261  4.148761711e-13  2.540383875e-28
244.5220751  4.122277773e-13  2.52416714e-28
244.834721  4.090794341e-13  2.504889098e-28
245.165279  4.057811827e-13  2.484693133e-28
245.4779249  4.026901692e-13  2.465766134e-28
245.7387739  4.001322594e-13  2.450103453e-28
245.9195339  3.98370826e-13  2.439317785e-28
246  3.975896274e-13  2.434534323e-28
246.0804661  3.968102155e-13  2.429761801e-28
246.2612261  3.950658255e-13  2.419080493e-28
246.5220751  3.925642984e-13  2.403763058e-28
246.834721  3.895903489e-13  2.385552869e-28
247.165279  3.864745627e-13  2.366474181e-28
247.4779249  3.835543327e-13  2.348592929e-28
247.7387739  3.811375917e-13  2.333794659e-28
247.9195339  3.794732858e-13  2.323603724e-28
248  3.787351413e-13  2.319083892e-28
248.0804661  3.779986713e-13  2.314574314e-28
248.2612261  3.763503397e-13  2.304481194e-28
248.5220751  3.73986445e-13  2.290006514e-28
248.834721  3.71175936e-13  2.272797109e-28
249.165279  3.682311695e-13  2.254765615e-28
249.4779249  3.654710236e-13  2.237864596e-28
249.7387739  3.631866175e-13  2.223876643e-28
249.9195339  3.616133662e-13  2.214243257e-28
250  3.609155852e-13  2.209970581e-28
250.0804661  3.602193745e-13  2.20570752e-28
250.2612261  3.586611034e-13  2.196165861e-28
250.5220751  3.564262544e-13  2.182481358e-28
250.834721  3.537690008e-13  2.166210372e-28
251.165279  3.509846099e-13  2.149160895e-28
251.4779249  3.483745971e-13  2.133179176e-28
251.7387739  3.462143088e-13  2.119951225e-28
251.9195339  3.447264632e-13  2.110840799e-28
252  3.440665428e-13  2.106799952e-28
252.0804661  3.434080958e-13  2.102768126e-28
252.2612261  3.419343052e-13  2.093743762e-28
252.5220751  3.398205136e-13  2.080800521e-28
252.834721  3.373070387e-13  2.065409926e-28
253.165279  3.346731187e-13  2.049281818e-28
253.4779249  3.322039784e-13  2.034162694e-28
253.7387739  3.301601604e-13  2.021647918e-28
253.9195339  3.287524628e-13  2.013028256e-28
254  3.281280734e-13  2.009204974e-28
254.0804661  3.275050671e-13  2.005390161e-28
254.2612261  3.261105632e-13  1.996851287e-28
254.5220751  3.241103925e-13  1.984603774e-28
254.834721  3.217318738e-13  1.970039547e-28
255.165279  3.192392029e-13  1.95477634e-28
255.4779249  3.169023122e-13  1.940467012e-28
255.7387739  3.149678432e-13  1.928621805e-28
255.9195339  3.136353971e-13  1.920462926e-28
256  3.130443692e-13  1.916843924e-28
256.0804661  3.124546403e-13  1.913232875e-28
256.2612261  3.111345855e-13  1.905149871e-28
256.5220751  3.092411092e-13  1.893555672e-28
256.834721  3.069893286e-13  1.879767493e-28
257.165279  3.04629316e-13  1.865316584e-28
257.4779249  3.024166413e-13  1.851767859e-28
257.7387739  3.00584886e-13  1.840551592e-28
257.9195339  2.99323129e-13  1.832825559e-28
258  2.987634409e-13  1.829398458e-28
258.0804661  2.982049733e-13  1.82597883e-28
258.2612261  2.969548597e-13  1.818324092e-28
258.5220751  2.951616227e-13  1.807343683e-28
258.834721  2.930289209e-13  1.79428465e-28
259.165279  2.907935592e-13  1.780597007e-28
259.4779249  2.886976117e-13  1.76776303e-28
259.7387739  2.869623842e-13  1.757137827e-28
259.9195339  2.857670628e-13  1.749818594e-28
260  2.852368295e-13  1.746571851e-28
260.0804661  2.847077437e-13  1.743332135e-28
260.2612261  2.835233681e-13  1.736079926e-28
260.5220751  2.818243515e-13  1.72567645e-28
260.834721  2.798035859e-13  1.713302829e-28
261.165279  2.776854073e-13  1.700332726e-28
261.4779249  2.756992023e-13  1.688170728e-28
261.7387739  2.740547329e-13  1.678101257e-28
261.9195339  2.729218792e-13  1.671164529e-28
262  2.724193425e-13  1.668087379e-28
262.0804661  2.71917885e-13  1.665016838e-28
262.2612261  2.707953263e-13  1.658143148e-28
262.5220751  2.691849147e-13  1.648282221e-28
262.834721  2.67269421e-13  1.636553204e-28
263.165279  2.652614572e-13  1.624257973e-28
263.4779249  2.633784768e-13  1.612728043e-28
263.7387739  2.618193809e-13  1.603181334e-28
263.9195339  2.607452916e-13  1.596604434e-28
264  2.602688104e-13  1.593686828e-28
264.0804661  2.597933447e-13  1.59077544e-28
264.2612261  2.587289428e-13  1.584257858e-28
264.5220751  2.572018944e-13  1.574907384e-28
264.834721  2.553854516e-13  1.563784879e-28
265.165279  2.534811972e-13  1.552124684e-28
265.4779249  2.516953556e-13  1.541189558e-28
265.7387739  2.502166052e-13  1.532134823e-28
265.9195339  2.491978224e-13  1.525896578e-28
266  2.487458642e-13  1.523129132e-28
266.0804661  2.482948619e-13  1.520367539e-28
266.2612261  2.472851989e-13  1.514185137e-28
266.5220751  2.458366182e-13  1.505315138e-28
266.834721  2.441134157e-13  1.494763566e-28
267.165279  2.42306794e-13  1.483701198e-28
267.4779249  2.406124062e-13  1.473326065e-28
267.7387739  2.392093039e-13  1.464734542e-28
267.9195339  2.382425969e-13  1.458815168e-28
268  2.378137297e-13  1.456189114e-28
268.0804661  2.37385763e-13  1.453568574e-28
268.2612261  2.364276452e-13  1.447701795e-28
268.5220751  2.350529579e-13  1.439284262e-28
268.834721  2.334175657e-13  1.429270373e-28
269.165279  2.317028976e-13  1.418771059e-28
269.4779249  2.300946502e-13  1.408923384e-28
269.7387739  2.287628056e-13  1.400768188e-28
269.9195339  2.278451542e-13  1.395149194e-28
270  2.274380396e-13  1.392656336e-28
270.0804661  2.270317735e-13  1.390168674e-28
270.2612261  2.261222154e-13  1.384599237e-28
270.5220751  2.248171449e-13  1.376607984e-28
270.834721  2.232644863e-13  1.367100692e-28
271.165279  2.216364617e-13  1.357131917e-28
271.4779249  2.20109386e-13  1.347781275e-28
271.7387739  2.188446931e-13  1.340037265e-28
271.9195339  2.17973273e-13  1.334701355e-28
272  2.175866592e-13  1.332334029e-28
272.0804661  2.172008452e-13  1.329971599e-28
272.2612261  2.163370544e-13  1.324682406e-28
272.5220751  2.150976005e-13  1.31709294e-28
272.834721  2.136229266e-13  1.308063166e-28
273.165279  2.120765778e-13  1.298594511e-28
273.4779249  2.106260254e-13  1.289712439e-28
273.7387739  2.094246424e-13  1.28235609e-28
273.9195339  2.085968108e-13  1.277287083e-28
274  2.082295264e-13  1.275038115e-28
274.0804661  2.078629963e-13  1.272793766e-28
274.2612261  2.070423597e-13  1.267768815e-28
274.5220751  2.058647791e-13  1.260558214e-28
274.834721  2.044636454e-13  1.251978744e-28
275.165279  2.02994323e-13  1.242981739e-28
275.4779249  2.016159425e-13  1.234541593e-28
275.7387739  2.004742733e-13  1.227550886e-28
275.9195339  1.996875561e-13  1.222733632e-28
276  1.993385046e-13  1.220596308e-28
276.0804661  1.989901647e-13  1.218463341e-28
276.2612261  1.982102358e-13  1.213687654e-28
276.5220751  1.970910236e-13  1.206834456e-28
276.834721  1.957592686e-13  1.198679809e-28
277.165279  1.943626187e-13  1.190127794e-28
277.4779249  1.930523355e-13  1.182104623e-28
277.7387739  1.91967012e-13  1.175458934e-28
277.9195339  1.912190921e-13  1.170879245e-28
278  1.908872462e-13  1.168847276e-28
278.0804661  1.905560721e-13  1.166819419e-28
278.2612261  1.898145595e-13  1.162278964e-28
278.5220751  1.887504326e-13  1.155763066e-28
278.834721  1.874841579e-13  1.148009369e-28
279.165279  1.861561015e-13  1.139877369e-28
279.4779249  1.849100976e-13  1.132247796e-28
279.7387739  1.838779641e-13  1.125927801e-28
279.9195339  1.831666702e-13  1.121572382e-28
280  1.828510676e-13  1.119639873e-28
280.0804661  1.825360992e-13  1.117711248e-28
280.2612261  1.818308555e-13  1.113392876e-28
280.5220751  1.808187372e-13  1.107195438e-28
280.834721  1.796142889e-13  1.09982032e-28
281.165279  1.78351003e-13  1.092084925e-28
281.4779249  1.771656997e-13  1.084827035e-28
281.7387739  1.761837977e-13  1.07881462e-28
281.9195339  1.755070943e-13  1.074671006e-28
282  1.752068326e-13  1.072832433e-28
282.0804661  1.7490717e-13  1.07099753e-28
282.2612261  1.742361819e-13  1.066888913e-28
282.5220751  1.732731873e-13  1.060992271e-28
282.834721  1.721271396e-13  1.053974753e-28
283.165279  1.709250389e-13  1.046614009e-28
283.4779249  1.697970802e-13  1.039707254e-28
283.7387739  1.688626352e-13  1.033985428e-28
283.9195339  1.682186131e-13  1.03004193e-28
284  1.67932846e-13  1.028292111e-28
284.0804661  1.676476451e-13  1.02654576e-28
284.2612261  1.670090241e-13  1.022635334e-28
284.5220751  1.660924472e-13  1.017022919e-28
284.834721  1.650015861e-13  1.010343322e-28
285.165279  1.638573074e-13  1.003336635e-28
285.4779249  1.627835443e-13  9.967617326e-29
285.7387739  1.61893953e-13  9.91314557e-29
285.9195339  1.612808209e-13  9.875602051e-29
286  1.610087542e-13  9.858942771e-29
286.0804661  1.607372228e-13  9.842316267e-29
286.2612261  1.601291969e-13  9.80508542e-29
286.5220751  1.592564981e-13  9.751648034e-29
286.834721  1.582178075e-13  9.688046574e-29
287.165279  1.571281937e-13  9.621326976e-29
287.4779249  1.561056708e-13  9.558715505e-29
287.7387739  1.552584895e-13  9.50684061e-29
287.9195339  1.546745655e-13  9.471085578e-29
288  1.544154537e-13  9.455219555e-29
288.0804661  1.541568481e-13  9.439384532e-29
288.2612261  1.535777536e-13  9.403925217e-29
288.5220751  1.527465488e-13  9.353028604e-29
288.834721  1.517571965e-13  9.292448245e-29
289.165279  1.507192835e-13  9.228894407e-29
289.4779249  1.497452252e-13  9.169250537e-29
289.7387739  1.489381588e-13  9.119831975e-29
289.9195339  1.483818637e-13  9.085768721e-29
290  1.481350065e-13  9.070653079e-29
290.0804661  1.478886284e-13  9.055566768e-29
290.2612261  1.473369025e-13  9.021783303e-29
290.5220751  1.465449522e-13  8.973290334e-29
290.834721  1.456022779e-13  8.91556818e-29
291.165279  1.446132811e-13  8.855009592e-29
291.4779249  1.436850799e-13  8.798173658e-29
291.7387739  1.429159723e-13  8.7510794e-29
291.9195339  1.42385822e-13  8.718617056e-29
292  1.421505615e-13  8.70421151e-29
292.0804661  1.419157545e-13  8.689833725e-29
292.2612261  1.41389929e-13  8.657636201e-29
292.5220751  1.406351288e-13  8.611418018e-29
292.834721  1.397366326e-13  8.55640099e-29
293.165279  1.387939349e-13  8.498677404e-29
293.4779249  1.379091399e-13  8.444499341e-29
293.7387739  1.371759644e-13  8.399605287e-29
293.9195339  1.36670564e-13  8.368658439e-29
294  1.364462819e-13  8.35492512e-29
294.0804661  1.362224291e-13  8.341218086e-29
294.2612261  1.357211237e-13  8.310521986e-29
294.5220751  1.350014952e-13  8.26645745e-29
294.834721  1.341448266e-13  8.214001627e-29
295.165279  1.332459674e-13  8.158962376e-29
295.4779249  1.324022745e-13  8.107301081e-29
295.7387739  1.317031252e-13  8.064490537e-29
295.9195339  1.312211631e-13  8.034978866e-29
296  1.310072776e-13  8.021882161e-29
296.0804661  1.307937988e-13  8.008810354e-29
296.2612261  1.303157155e-13  7.979536193e-29
296.5220751  1.296293981e-13  7.937511373e-29
296.834721  1.288123466e-13  7.887481396e-29
297.165279  1.279550115e-13  7.834984761e-29
297.4779249  1.271502528e-13  7.785707503e-29
297.7387739  1.26483337e-13  7.744870691e-29
297.9195339  1.26023579e-13  7.716718633e-29
298  1.258195431e-13  7.704225038e-29
298.0804661  1.256158926e-13  7.691755037e-29
298.2612261  1.2515981e-13  7.663828032e-29
298.5220751  1.245050531e-13  7.623735735e-29
298.834721  1.237255385e-13  7.576004236e-29
299.165279  1.229075496e-13  7.52591686e-29
299.4779249  1.221396853e-13  7.478898732e-29
299.7387739  1.215033158e-13  7.439932338e-29
299.9195339  1.210646005e-13  7.413068777e-29
300  1.208698992e-13  7.40114676e-29
300.0804661  1.206755631e-13  7.389247106e-29
300.2612261  1.202403318e-13  7.362596872e-29
300.5220751  1.196154876e-13  7.3243362e-29
300.834721  1.18871552e-13  7.278783286e-29
301.165279  1.180908591e-13  7.230979631e-29
301.4779249  1.173579687e-13  7.186103038e-29
301.7387739  1.167505569e-13  7.148909793e-29
301.9195339  1.163317909e-13  7.12326777e-29
302  1.161459393e-13  7.11188764e-29
302.0804661  1.15960434e-13  7.100528716e-29
302.2612261  1.155449715e-13  7.075088976e-29
302.5220751  1.149484884e-13  7.038564919e-29
302.834721  1.14238288e-13  6.995077688e-29
303.165279  1.134929602e-13  6.949439524e-29
303.4779249  1.127932351e-13  6.906593715e-29
303.7387739  1.122132848e-13  6.871082003e-29
303.9195339  1.11813438e-13  6.846598448e-29
304  1.116359794e-13  6.835732239e-29
304.0804661  1.114588492e-13  6.824886145e-29
304.2612261  1.11062136e-13  6.800594468e-29
304.5220751  1.104925523e-13  6.765717524e-29
304.834721  1.0981435e-13  6.724189614e-29
305.165279  1.091025683e-13  6.680605555e-29
305.4779249  1.084343042e-13  6.639686179e-29
305.7387739  1.078804057e-13  6.605769677e-29
305.9195339  1.074985076e-13  6.58238516e-29
306  1.073290115e-13  6.572006518e-29
306.0804661  1.071598271e-13  6.561646963e-29
306.2612261  1.067809024e-13  6.538444519e-29
306.5220751  1.062368406e-13  6.505130342e-29
306.834721  1.055889995e-13  6.46546151e-29
307.165279  1.049090493e-13  6.423826574e-29
307.4779249  1.0427064e-13  6.384735276e-29
307.7387739  1.037414643e-13  6.352332612e-29
307.9195339  1.033765999e-13  6.329991111e-29
308  1.032146607e-13  6.320075194e-29
308.0804661  1.030530174e-13  6.310177394e-29
308.2612261  1.026909755e-13  6.28800872e-29
308.5220751  1.02171137e-13  6.256177794e-29
308.834721  1.015521134e-13  6.218273532e-29
309.165279  1.009023784e-13  6.178488734e-29
309.4779249  1.002923092e-13  6.141132771e-29
309.7387739  9.978660325e-14  6.110167213e-29
309.9195339  9.943790983e-14  6.088815899e-29
310  9.928314487e-14  6.079339279e-29
310.0804661  9.912866086e-14  6.069879861e-29
310.2612261  9.878264748e-14  6.048692652e-29
310.5220751  9.828580757e-14  6.018269982e-29
310.834721  9.76941459e-14  5.982041154e-29
311.165279  9.707310112e-14  5.944013128e-29
311.4779249  9.648994339e-14  5.908305016e-29
311.7387739  9.60065251e-14  5.878704183e-29
311.9195339  9.567318873e-14  5.858293217e-29
312  9.552523708e-14  5.849233791e-29
312.0804661  9.537755229e-14  5.840190706e-29
312.2612261  9.504676157e-14  5.819935616e-29
312.5220751  9.457176469e-14  5.790850446e-29
312.834721  9.40060914e-14  5.756212947e-29
313.165279  9.341229814e-14  5.719853596e-29
313.4779249  9.285470369e-14  5.685710783e-29
313.7387739  9.239245748e-14  5.657406366e-29
313.9195339  9.207371003e-14  5.637888714e-29
314  9.193223105e-14  5.629225625e-29
314.0804661  9.179100563e-14  5.620578062e-29
314.2612261  9.147467697e-14  5.601208518e-29
314.5220751  9.102043251e-14  5.573394066e-29
314.834721  9.047945116e-14  5.540268513e-29
315.165279  8.991155133e-14  5.505494677e-29
315.4779249  8.937824747e-14  5.472839234e-29
315.7387739  8.893612022e-14  5.445766748e-29
315.9195339  8.863123653e-14  5.427098006e-29
316  8.849590861e-14  5.418811561e-29
316.0804661  8.836082169e-14  5.410539873e-29
316.2612261  8.8058237e-14  5.392011904e-29
316.5220751  8.76237152e-14  5.365405118e-29
316.834721  8.710620166e-14  5.333716553e-29
317.165279  8.656291284e-14  5.300449707e-29
317.4779249  8.605269773e-14  5.269208042e-29
317.7387739  8.562969489e-14  5.243306588e-29
317.9195339  8.533799009e-14  5.22544482e-29
318  8.520850948e-14  5.21751642e-29
318.0804661  8.507925802e-14  5.20960205e-29
318.2612261  8.478973905e-14  5.191874126e-29
318.5220751  8.437396731e-14  5.16641545e-29
318.834721  8.38787653e-14  5.136093072e-29
319.165279  8.335887609e-14  5.104259039e-29
319.4779249  8.287061436e-14  5.074361631e-29
319.7387739  8.246579634e-14  5.049573677e-29
319.9195339  8.218662338e-14  5.032479263e-29
320  8.206270312e-14  5.024891336e-29
320.0804661  8.19390008e-14  5.017316753e-29
320.2612261  8.166190674e-14  5.000349635e-29
320.5220751  8.126396608e-14  4.975982797e-29
320.834721  8.078998301e-14  4.946959705e-29
321.165279  8.029234866e-14  4.916488389e-29
321.4779249  7.98249674e-14  4.887869541e-29
321.7387739  7.943744623e-14  4.864140713e-29
321.9195339  7.917019358e-14  4.847776208e-29
322  7.905156245e-14  4.840512146e-29
322.0804661  7.893313865e-14  4.83326078e-29
322.2612261  7.866786383e-14  4.817017382e-29
322.5220751  7.828688562e-14  4.793689195e-29
322.834721  7.783308874e-14  4.765902149e-29
323.165279  7.735662714e-14  4.736727291e-29
323.4779249  7.690911203e-14  4.709324894e-29
323.7387739  7.653804822e-14  4.686603788e-29
323.9195339  7.628213774e-14  4.67093379e-29
324  7.61685393e-14  4.663977892e-29
324.0804661  7.605513817e-14  4.657034076e-29
324.2612261  7.580110993e-14  4.641479332e-29
324.5220751  7.543627286e-14  4.619139505e-29
324.834721  7.500168561e-14  4.592528711e-29
325.165279  7.454537347e-14  4.564587651e-29
325.4779249  7.411676532e-14  4.538342971e-29
325.7387739  7.376136493e-14  4.516580973e-29
325.9195339  7.351624981e-14  4.501572001e-29
326  7.340744154e-14  4.494909416e-29
326.0804661  7.32988211e-14  4.488258332e-29
326.2612261  7.30554978e-14  4.473359077e-29
326.5220751  7.270602503e-14  4.451960042e-29
326.834721  7.228972369e-14  4.426468936e-29
327.165279  7.185259303e-14  4.399702403e-29
327.4779249  7.144198442e-14  4.374559877e-29
327.7387739  7.110149636e-14  4.353710997e-29
327.9195339  7.086665928e-14  4.339331373e-29
328  7.076241172e-14  4.33294805e-29
328.0804661  7.065834302e-14  4.32657568e-29
328.2612261  7.042521219e-14  4.312300534e-29
328.5220751  7.009036869e-14  4.291797284e-29
328.834721  6.969147921e-14  4.267372347e-29
329.165279  6.927261405e-14  4.241724253e-29
329.4779249  6.887914626e-14  4.2176313e-29
329.7387739  6.855285971e-14  4.197652011e-29
329.9195339  6.832781107e-14  4.183871756e-29
330  6.822790704e-14  4.177754399e-29
330.0804661  6.812817339e-14  4.171647474e-29
330.2612261  6.790475001e-14  4.157966737e-29
330.5220751  6.758384008e-14  4.138316671e-29
330.834721  6.720153511e-14  4.114907244e-29
331.165279  6.680006839e-14  4.090324497e-29
331.4779249  6.642292853e-14  4.067231341e-29
331.7387739  6.611017055e-14  4.048080437e-29
331.9195339  6.589444683e-14  4.034871169e-29
332  6.579868074e-14  4.029007188e-29
332.0804661  6.570307699e-14  4.023153146e-29
332.2612261  6.548890183e-14  4.010038701e-29
332.5220751  6.518126676e-14  3.991201485e-29
332.834721  6.481476295e-14  3.968759599e-29
333.165279  6.442987363e-14  3.945191925e-29
333.4779249  6.40682919e-14  3.92305143e-29
333.7387739  6.376842522e-14  3.904689892e-29
333.9195339  6.356158745e-14  3.892024731e-29
334  6.346976458e-14  3.886402202e-29
334.0804661  6.337809643e-14  3.880789147e-29
334.2612261  6.317273459e-14  3.86821436e-29
334.5220751  6.287775048e-14  3.850151793e-29
334.834721  6.252630585e-14  3.828632016e-29
335.165279  6.215721622e-14  3.806031794e-29
335.4779249  6.181046344e-14  3.78479931e-29
335.7387739  6.152288436e-14  3.76719017e-29
335.9195339  6.132451668e-14  3.755043653e-29
336  6.123645256e-14  3.749651281e-29
336.0804661  6.114853594e-14  3.744267941e-29
336.2612261  6.095157535e-14  3.732207583e-29
336.5220751  6.066865113e-14  3.714883471e-29
336.834721  6.033156265e-14  3.694242754e-29
337.165279  5.997753583e-14  3.672564864e-29
337.4779249  5.964492101e-14  3.65219808e-29
337.7387739  5.936905745e-14  3.635306309e-29
337.9195339  5.917876578e-14  3.623654304e-29
338  5.909428559e-14  3.618481385e-29
338.0804661  5.900994606e-14  3.613317078e-29
338.2612261  5.882099623e-14  3.601747238e-29
338.5220751  5.854957169e-14  3.585127278e-29
338.834721  5.822617305e-14  3.565324823e-29
339.165279  5.788651057e-14  3.544526494e-29
339.4779249  5.756737875e-14  3.524985306e-29
339.7387739  5.730268843e-14  3.508777699e-29
339.9195339  5.712009918e-14  3.497597331e-29
340  5.703903719e-14  3.492633716e-29
340.0804661  5.695810938e-14  3.487678317e-29
340.2612261  5.677680011e-14  3.476576326e-29
340.5220751  5.651634416e-14  3.460627999e-29
340.834721  5.620600364e-14  3.441625122e-29
341.165279  5.588004327e-14  3.421665806e-29
341.4779249  5.557377343e-14  3.402912188e-29
341.7387739  5.531974214e-14  3.387357257e-29
341.9195339  5.514450104e-14  3.376626835e-29
342  5.506670011e-14  3.371862901e-29
342.0804661  5.49890272e-14  3.367106808e-29
342.2612261  5.481500742e-14  3.356451169e-29
342.5220751  5.45650164e-14  3.341143634e-29
342.834721  5.426713489e-14  3.322903652e-29
343.165279  5.395424855e-14  3.303744889e-29
343.4779249  5.366025166e-14  3.285742772e-29
343.7387739  5.341639164e-14  3.270810652e-29
343.9195339  5.324816268e-14  3.260509599e-29
344  5.317347373e-14  3.25593622e-29
344.0804661  5.309890697e-14  3.251370323e-29
344.2612261  5.293184365e-14  3.241140645e-29
344.5220751  5.269183977e-14  3.226444646e-29
344.834721  5.24058489e-14  3.208932755e-29
345.165279  5.210544071e-14  3.190538059e-29
345.4779249  5.182315792e-14  3.173253223e-29
345.7387739  5.15890064e-14  3.158915578e-29
345.9195339  5.142747073e-14  3.149024371e-29
346  5.135575231e-14  3.144632884e-29
346.0804661  5.128415054e-14  3.140248541e-29
346.2612261  5.11237277e-14  3.130425474e-29
346.5220751  5.089325757e-14  3.116313249e-29
346.834721  5.061861797e-14  3.099496423e-29
347.165279  5.033012243e-14  3.081831167e-29
347.4779249  5.005902334e-14  3.065231135e-29
347.7387739  4.983414111e-14  3.05146107e-29
347.9195339  4.967899611e-14  3.041961178e-29
348  4.961011396e-14  3.037743363e-29
348.0804661  4.954134321e-14  3.033532369e-29
348.2612261  4.938726089e-14  3.024097548e-29
348.5220751  4.916589414e-14  3.010542744e-29
348.834721  4.890209382e-14  2.994389633e-29
349.165279  4.862497411e-14  2.977420945e-29
349.4779249  4.83645552e-14  2.961474886e-29
349.7387739  4.814852525e-14  2.948246866e-29
349.9195339  4.79994836e-14  2.939120697e-29
350  4.793331026e-14  2.935068749e-29
350.0804661  4.786724332e-14  2.931023316e-29
350.2612261  4.771921673e-14  2.921959301e-29
350.5220751  4.750654474e-14  2.908936898e-29
350.834721  4.725309753e-14  2.893417732e-29
351.165279  4.698684387e-14  2.877114398e-29
351.4779249  4.673662698e-14  2.861793032e-29
351.7387739  4.65290533e-14  2.84908281e-29
351.9195339  4.638584214e-14  2.840313655e-29
352  4.632225654e-14  2.83642016e-29
352.0804661  4.625877261e-14  2.832532891e-29
352.2612261  4.611653127e-14  2.823823121e-29
352.5220751  4.591216593e-14  2.811309352e-29
352.834721  4.566861006e-14  2.796395857e-29
353.165279  4.541273825e-14  2.780728227e-29
353.4779249  4.517226916e-14  2.766003742e-29
353.7387739  4.497277557e-14  2.753788282e-29
353.9195339  4.483513567e-14  2.745360269e-29
354  4.477402281e-14  2.741618186e-29
354.0804661  4.471300711e-14  2.737882052e-29
354.2612261  4.457629406e-14  2.729510792e-29
354.5220751  4.437986662e-14  2.71748308e-29
354.834721  4.414576338e-14  2.703148391e-29
355.165279  4.389981334e-14  2.688088294e-29
355.4779249  4.366866046e-14  2.673934263e-29
355.7387739  4.347688949e-14  2.662191677e-29
355.9195339  4.334457453e-14  2.654089723e-29
356  4.328582512e-14  2.650492359e-29
356.0804661  4.322716859e-14  2.646900682e-29
356.2612261  4.309573963e-14  2.63885298e-29
356.5220751  4.290689969e-14  2.627289868e-29
356.834721  4.268183211e-14  2.613508454e-29
357.165279  4.244536657e-14  2.599029116e-29
357.4779249  4.222311969e-14  2.585420419e-29
357.7387739  4.203873156e-14  2.574129902e-29
357.9195339  4.191150741e-14  2.56633967e-29
358  4.185501756e-14  2.562880664e-29
358.0804661  4.179861652e-14  2.559427097e-29
358.2612261  4.167223954e-14  2.551688738e-29
358.5220751  4.149065397e-14  2.540569829e-29
358.834721  4.127422568e-14  2.527317418e-29
359.165279  4.104682895e-14  2.513393384e-29
359.4779249  4.083309806e-14  2.500306142e-29
359.7387739  4.065576973e-14  2.489447913e-29
359.9195339  4.053341375e-14  2.48195577e-29
360  4.047908469e-14  2.478629075e-29
360.0804661  4.042484057e-14  2.475307581e-29
360.2612261  4.030329483e-14  2.467865051e-29
360.5220751  4.01286469e-14  2.457170949e-29
360.834721  3.992048097e-14  2.444424462e-29
361.165279  3.970175773e-14  2.431031526e-29
361.4779249  3.949617195e-14  2.418443028e-29
361.7387739  3.932559617e-14  2.407998274e-29
361.9195339  3.920789664e-14  2.400791256e-29
362  3.915563443e-14  2.397591119e-29
362.0804661  3.910345347e-14  2.394395957e-29
362.2612261  3.898652906e-14  2.387236401e-29
362.5220751  3.881851747e-14  2.376948659e-29
362.834721  3.861825539e-14  2.364686143e-29
363.165279  3.84078296e-14  2.351801279e-29
363.4779249  3.82100361e-14  2.33968992e-29
363.7387739  3.804592061e-14  2.329640745e-29
363.9195339  3.793267611e-14  2.322706519e-29
364  3.788239136e-14  2.319627466e-29
364.0804661  3.783218437e-14  2.316553175e-29
364.2612261  3.771968155e-14  2.309664364e-29
364.5220751  3.755801969e-14  2.29976543e-29
364.834721  3.736532033e-14  2.287965997e-29
365.165279  3.71628342e-14  2.275567297e-29
365.4779249  3.697249726e-14  2.263912521e-29
365.7387739  3.681456395e-14  2.254241895e-29
365.9195339  3.670558278e-14  2.247568723e-29
366  3.665719046e-14  2.244605548e-29
366.0804661  3.660887255e-14  2.241646929e-29
366.2612261  3.650060127e-14  2.235017225e-29
366.5220751  3.634501634e-14  2.225490397e-29
366.834721  3.615955506e-14  2.214134168e-29
367.165279  3.596466806e-14  2.202200781e-29
367.4779249  3.578146815e-14  2.190983022e-29
367.7387739  3.562945229e-14  2.181674735e-29
367.9195339  3.552455202e-14  2.175251446e-29
368  3.547797116e-14  2.172399191e-29
368.0804661  3.543146153e-14  2.169551298e-29
368.2612261  3.532724087e-14  2.163169622e-29
368.5220751  3.517747321e-14  2.153998998e-29
368.834721  3.499894095e-14  2.143067051e-29
369.165279  3.48113289e-14  2.131579125e-29
369.4779249  3.46349618e-14  2.120779756e-29
369.7387739  3.448861135e-14  2.111818375e-29
369.9195339  3.438761827e-14  2.105634332e-29
370  3.434277179e-14  2.102888277e-29
370.0804661  3.429799352e-14  2.100146399e-29
370.2612261  3.41976512e-14  2.094002204e-29
370.5220751  3.405345356e-14  2.085172645e-29
370.834721  3.388155605e-14  2.074646958e-29
371.165279  3.370091022e-14  2.063585592e-29
371.4779249  3.353108624e-14  2.053186872e-29
371.7387739  3.339016118e-14  2.044557701e-29
371.9195339  3.329290985e-14  2.038602774e-29
372  3.324972434e-14  2.035958424e-29
372.0804661  3.320660416e-14  2.033318075e-29
372.2612261  3.310997612e-14  2.027401314e-29
372.5220751  3.2971113e-14  2.0188984e-29
372.834721  3.280556994e-14  2.008761811e-29
373.165279  3.263159629e-14  1.998108997e-29
373.4779249  3.246803946e-14  1.98809403e-29
373.7387739  3.233231115e-14  1.979783068e-29
373.9195339  3.223864397e-14  1.974047607e-29
374  3.219704949e-14  1.97150068e-29
374.0804661  3.21555176e-14  1.968957585e-29
374.2612261  3.206244754e-14  1.963258688e-29
374.5220751  3.192869459e-14  1.955068681e-29
374.834721  3.176923893e-14  1.945304839e-29
375.165279  3.16016573e-14  1.935043423e-29
375.4779249  3.14441047e-14  1.925396109e-29
375.7387739  3.131335527e-14  1.917390015e-29
375.9195339  3.122312208e-14  1.911864825e-29
376  3.118305199e-14  1.90941124e-29
376.0804661  3.114304188e-14  1.906961328e-29
376.2612261  3.105338086e-14  1.901471174e-29
376.5220751  3.092452429e-14  1.893580984e-29
376.834721  3.077090155e-14  1.884174304e-29
377.165279  3.060944494e-14  1.874287938e-29
377.4779249  3.045764597e-14  1.864992933e-29
377.7387739  3.033166779e-14  1.857278994e-29
377.9195339  3.024472545e-14  1.85195531e-29
378  3.020611624e-14  1.849591178e-29
378.0804661  3.016756452e-14  1.847230566e-29
378.2612261  3.008117058e-14  1.841940463e-29
378.5220751  2.995700659e-14  1.834337612e-29
378.834721  2.98089742e-14  1.825273242e-29
379.165279  2.965338809e-14  1.815746341e-29
379.4779249  2.950710388e-14  1.806789016e-29
379.7387739  2.9385699e-14  1.799355111e-29
379.9195339  2.930191105e-14  1.794224579e-29
380  2.926470217e-14  1.791946192e-29
380.0804661  2.92275484e-14  1.78967118e-29
380.2612261  2.914428619e-14  1.78457284e-29
380.5220751  2.902462051e-14  1.77724543e-29
380.834721  2.888194716e-14  1.768509207e-29
381.165279  2.873198889e-14  1.759326911e-29
381.4779249  2.859099164e-14  1.75069332e-29
381.7387739  2.84739713e-14  1.743527891e-29
381.9195339  2.839320764e-14  1.738582543e-29
382  2.835734134e-14  1.736386365e-29
382.0804661  2.832152789e-14  1.734193424e-29
382.2612261  2.824126834e-14  1.729278944e-29
382.5220751  2.812591567e-14  1.72221563e-29
382.834721  2.798838079e-14  1.713794047e-29
383.165279  2.784381889e-14  1.704942184e-29
383.4779249  2.770789137e-14  1.696619024e-29
383.7387739  2.759507553e-14  1.689711046e-29
383.9195339  2.751721203e-14  1.684943282e-29
384  2.748263324e-14  1.682825941e-29
384.0804661  2.744810513e-14  1.680711704e-29
384.2612261  2.737072512e-14  1.675973545e-29
384.5220751  2.725950872e-14  1.669163505e-29
384.834721  2.712690189e-14  1.661043679e-29
385.165279  2.698751558e-14  1.652508729e-29
385.4779249  2.685645051e-14  1.644483307e-29
385.7387739  2.674766741e-14  1.637822264e-29
385.9195339  2.667258567e-14  1.633224833e-29
386  2.663924183e-14  1.631183112e-29
386.0804661  2.66059466e-14  1.629144367e-29
386.2612261  2.653132867e-14  1.624575337e-29
386.5220751  2.642407991e-14  1.618008244e-29
386.834721  2.629620036e-14  1.61017788e-29
387.165279  2.616177894e-14  1.601946942e-29
387.4779249  2.603537854e-14  1.59420715e-29
387.7387739  2.593046427e-14  1.587783004e-29
387.9195339  2.585805129e-14  1.583348987e-29
388  2.582589225e-14  1.581379814e-29
388.0804661  2.579377986e-14  1.579413497e-29
388.2612261  2.57218119e-14  1.575006731e-29
388.5220751  2.561836983e-14  1.56867273e-29
388.834721  2.549502594e-14  1.561120096e-29
389.165279  2.536536833e-14  1.553180856e-29
389.4779249  2.524344384e-14  1.545715135e-29
389.7387739  2.514224194e-14  1.539518306e-29
389.9195339  2.507238986e-14  1.535241099e-29
390  2.504136775e-14  1.533341543e-29
390.0804661  2.501039042e-14  1.531444728e-29
390.2612261  2.494096542e-14  1.527193673e-29
390.5220751  2.484117639e-14  1.521083358e-29
390.834721  2.472218524e-14  1.513797251e-29
391.165279  2.459709946e-14  1.506137956e-29
391.4779249  2.447947066e-14  1.498935269e-29
391.7387739  2.438183177e-14  1.492956612e-29
391.9195339  2.431443759e-14  1.488829909e-29
392  2.428450672e-14  1.486997171e-29
392.0804661  2.425461882e-14  1.485167065e-29
392.2612261  2.41876346e-14  1.481065465e-29
392.5220751  2.409135193e-14  1.475169852e-29
392.834721  2.397653885e-14  1.468139578e-29
393.165279  2.385584161e-14  1.460749003e-29
393.4779249  2.374233638e-14  1.453798813e-29
393.7387739  2.364811786e-14  1.448029592e-29
393.9195339  2.358308325e-14  1.444047371e-29
394  2.355419995e-14  1.442278779e-29
394.0804661  2.352535791e-14  1.440512713e-29
394.2612261  2.346071691e-14  1.436554593e-29
394.5220751  2.33678005e-14  1.430865104e-29
394.834721  2.325699866e-14  1.424080449e-29
395.165279  2.314051486e-14  1.416947873e-29
395.4779249  2.303096884e-14  1.410240113e-29
395.7387739  2.294003442e-14  1.404671986e-29
395.9195339  2.287726543e-14  1.400828494e-29
396  2.284938802e-14  1.399121495e-29
396.0804661  2.282155023e-14  1.397416922e-29
396.2612261  2.275915923e-14  1.393596575e-29
396.5220751  2.266947523e-14  1.388105014e-29
396.834721  2.256252529e-14  1.381556219e-29
397.165279  2.245008766e-14  1.3746714e-29
397.4779249  2.23443438e-14  1.368196455e-29
397.7387739  2.225656332e-14  1.362821451e-29
397.9195339  2.21959702e-14  1.359111193e-29
398  2.216905883e-14  1.357463347e-29
398.0804661  2.214218553e-14  1.355817832e-29
398.2612261  2.208195545e-14  1.352129803e-29
398.5220751  2.199537601e-14  1.346828341e-29
398.834721  2.189212567e-14  1.340506081e-29
399.165279  2.178357439e-14  1.333859233e-29
399.4779249  2.168148261e-14  1.327607914e-29
399.7387739  2.159673167e-14  1.322418415e-29
399.9195339  2.153822863e-14  1.318836138e-29
