#L=5 M=3
#R     Re(V)   Im(V)

0.08046609183  -3.069145878e-08  -2.068977729e-08
0.2612261349  -1.107013041e-05  -7.461177657e-06
0.5220750502  -0.0003532755445  -0.0002379559682
0.8347210423  -0.003697509876  -0.002487439028
1.165278958  -0.0196532228  -0.01319779182
1.47792495  -0.06467461112  -0.0433459217
1.738773865  -0.1461162555  -0.0977652073
1.919533908  -0.2399466236  -0.1603717192
2  -0.2945674336  -0.1969569961
2.080466092  -0.2322047389  -0.155208178
2.261226135  -0.1398446754  -0.09356446972
2.52207505  -0.07107279114  -0.04748991494
2.834721042  -0.03283944509  -0.02152586986
3.165278958  -0.01316610212  -0.007608790988
3.47792495  -0.001966469533  0.001004725297
3.738773865  0.005570909515  0.007378989835
3.919533908  0.01070683177  0.01200193611
4  0.01307752404  0.01419637613
4.080466092  0.01140202659  0.01236976028
4.261226135  0.008394201215  0.009095281061
4.52207505  0.005404720107  0.005847783019
4.834721042  0.003176218511  0.003432774868
5.165278958  0.001781575136  0.001924771908
5.47792495  0.0009981650567  0.001079167772
5.738773865  0.0005883134891  0.0006372956051
5.919533908  0.0003910074499  0.000424709361
6  0.0003204405587  0.0003486967924
6.080466092  0.0002587565407  0.0002822592141
6.261226135  0.0001473773631  0.0001623047655
6.52207505  3.756315999e-05  4.401613451e-05
6.834721042  -4.015787344e-05  -3.978266242e-05
7.165278958  -8.240378234e-05  -8.546538641e-05
7.47792495  -9.97660501e-05  -0.0001043974778
7.738773865  -0.0001041640817  -0.0001093543069
7.919533908  -0.0001037967923  -0.0001091179373
8  -0.0001029922973  -0.0001083230306
8.080466092  -0.0001018749306  -0.0001071912001
8.261226135  -9.846778598e-05  -0.0001036814818
8.52207505  -9.20819344e-05  -9.702854422e-05
8.834721042  -8.330499051e-05  -8.783007911e-05
9.165278958  -7.3747344e-05  -7.778284332e-05
9.47792495  -6.505245959e-05  -6.862801009e-05
9.738773865  -5.828195322e-05  -6.149336887e-05
9.919533908  -5.389867672e-05  -5.687234599e-05
10  -5.203300472e-05  -5.49050932e-05
10.08046609  -5.022077328e-05  -5.299399523e-05
10.26122613  -4.634484993e-05  -4.890604505e-05
10.52207505  -4.122063888e-05  -4.350050518e-05
10.83472104  -3.577634754e-05  -3.775631296e-05
11.16527896  -3.07821199e-05  -3.248629554e-05
11.47792495  -2.670470541e-05  -2.818336639e-05
11.73877387  -2.372990989e-05  -2.504389596e-05
11.91953391  -2.187327365e-05  -2.308443761e-05
12  -2.109669664e-05  -2.226484522e-05
12.08046609  -2.034931748e-05  -2.147606437e-05
12.26122613  -1.877143989e-05  -1.981076964e-05
12.52207505  -1.67217964e-05  -1.764756004e-05
12.83472104  -1.457923444e-05  -1.538627917e-05
13.16527896  -1.263583231e-05  -1.333519953e-05
13.47792495  -1.105805479e-05  -1.167001325e-05
13.73877387  -9.908383569e-06  -1.045665942e-05
13.91953391  -9.190143373e-06  -9.698639302e-06
14  -8.889345349e-06  -9.381182748e-06
14.08046609  -8.599563742e-06  -9.075353459e-06
14.26122613  -7.986561174e-06  -8.428406246e-06
14.52207505  -7.186963238e-06  -7.58453665e-06
14.83472104  -6.345491009e-06  -6.696481749e-06
15.16527896  -5.575355576e-06  -5.883720018e-06
15.47792495  -4.943698774e-06  -5.217107123e-06
15.73877387  -4.478846524e-06  -4.726533131e-06
15.91953391  -4.18608838e-06  -4.417577245e-06
16  -4.062878483e-06  -4.287550731e-06
16.08046609  -3.943818711e-06  -4.161904147e-06
16.26122613  -3.690703941e-06  -3.894786811e-06
16.52207505  -3.357701274e-06  -3.543363447e-06
16.83472104  -3.003256478e-06  -3.169313526e-06
17.16527896  -2.674629318e-06  -2.822510813e-06
17.47792495  -2.401540046e-06  -2.534318762e-06
17.73877387  -2.198196718e-06  -2.319730486e-06
17.91953391  -2.068972613e-06  -2.183360526e-06
18  -2.014296911e-06  -2.125661422e-06
18.08046609  -1.961290797e-06  -2.069724264e-06
18.26122613  -1.848012224e-06  -1.950181918e-06
18.52207505  -1.697664265e-06  -1.791520662e-06
18.83472104  -1.535812027e-06  -1.620719303e-06
19.16527896  -1.38385315e-06  -1.460358591e-06
19.47792495  -1.256003876e-06  -1.325440691e-06
19.73877387  -1.1597683e-06  -1.223884476e-06
19.91953391  -1.098105296e-06  -1.158812315e-06
20  -1.071889208e-06  -1.131146829e-06
20.08046609  -1.046399172e-06  -1.104247544e-06
20.26122613  -9.916690825e-07  -1.046491648e-06
20.52207505  -9.184581745e-07  -9.69233241e-07
20.83472104  -8.388535735e-07  -8.852277088e-07
21.16527896  -7.632899159e-07  -8.054865639e-07
21.47792495  -6.990294359e-07  -7.37673514e-07
21.73877387  -6.502043365e-07  -6.861491888e-07
21.91953391  -6.186977959e-07  -6.529008609e-07
22  -6.052474011e-07  -6.387068847e-07
22.08046609  -5.921367422e-07  -6.24871427e-07
22.26122613  -5.638737328e-07  -5.950459515e-07
22.52207505  -5.258138043e-07  -5.548819587e-07
22.83472104  -4.840764832e-07  -5.108372832e-07
23.16527896  -4.440868521e-07  -4.686369208e-07
23.47792495  -4.097684193e-07  -4.324212796e-07
23.73877387  -3.834859695e-07  -4.04685873e-07
23.91953391  -3.664243533e-07  -3.866810507e-07
24  -3.59115154e-07  -3.78967782e-07
24.08046609  -3.51975465e-07  -3.714333947e-07
24.26122613  -3.365319877e-07  -3.551361669e-07
24.52207505  -3.156173492e-07  -3.330653207e-07
24.83472104  -2.92516085e-07  -3.086869682e-07
25.16527896  -2.702066594e-07  -2.851442298e-07
25.47792495  -2.509129119e-07  -2.647838831e-07
25.73877387  -2.360373545e-07  -2.490859738e-07
25.91953391  -2.263315238e-07  -2.388435847e-07
26  -2.221611986e-07  -2.344427153e-07
26.08046609  -2.180802434e-07  -2.301361565e-07
26.26122613  -2.092274467e-07  -2.20793959e-07
26.52207505  -1.971804904e-07  -2.080810223e-07
26.83472104  -1.837920438e-07  -1.939524352e-07
27.16527896  -1.707750535e-07  -1.802158393e-07
27.47792495  -1.594432044e-07  -1.682575427e-07
27.73877387  -1.506559065e-07  -1.589844653e-07
27.91953391  -1.448974709e-07  -1.529076918e-07
28  -1.424169321e-07  -1.502900238e-07
28.08046609  -1.399857942e-07  -1.477244878e-07
28.26122613  -1.346988498e-07  -1.421452704e-07
28.52207505  -1.274744767e-07  -1.345215196e-07
28.83472104  -1.194030662e-07  -1.260039054e-07
29.16527896  -1.115098531e-07  -1.176743397e-07
29.47792495  -1.045992651e-07  -1.103817206e-07
29.73877387  -9.921372545e-08  -1.046984576e-07
29.91953391  -9.567119078e-08  -1.009600845e-07
30  -9.414182189e-08  -9.934616909e-08
30.08046609  -9.264089973e-08  -9.776227296e-08
30.26122613  -8.936984741e-08  -9.431039035e-08
30.52207505  -8.488399649e-08  -8.957655266e-08
30.83472104  -7.984909954e-08  -8.426331658e-08
31.16527896  -7.490038732e-08  -7.90410297e-08
31.47792495  -7.054619724e-08  -7.444613133e-08
31.73877387  -6.713814165e-08  -7.084967165e-08
31.91953391  -6.488897921e-08  -6.847617103e-08
32  -6.391610772e-08  -6.744951727e-08
32.08046609  -6.296021091e-08  -6.644077658e-08
32.26122613  -6.087303801e-08  -6.42382206e-08
32.52207505  -5.800169819e-08  -6.120814741e-08
32.83472104  -5.476589782e-08  -5.779346556e-08
33.16527896  -5.15713229e-08  -5.442228818e-08
33.47792495  -4.874824802e-08  -5.144314811e-08
33.73877387  -4.653014749e-08  -4.910242657e-08
33.91953391  -4.506205013e-08  -4.755316988e-08
34  -4.44259476e-08  -4.688190233e-08
34.08046609  -4.380029632e-08  -4.62216638e-08
34.26122613  -4.243193085e-08  -4.477765237e-08
34.52207505  -4.05442106e-08  -4.278557519e-08
34.83472104  -3.840928135e-08  -4.053262281e-08
35.16527896  -3.629324518e-08  -3.829960794e-08
35.47792495  -3.441604337e-08  -3.631863068e-08
35.73877387  -3.293611067e-08  -3.475688436e-08
35.91953391  -3.195406018e-08  -3.372054417e-08
36  -3.15279113e-08  -3.327083693e-08
36.08046609  -3.110837815e-08  -3.282811116e-08
36.26122613  -3.018945643e-08  -3.185838961e-08
36.52207505  -2.891861819e-08  -3.051729691e-08
36.83472104  -2.747678362e-08  -2.899575486e-08
37.16527896  -2.604268893e-08  -2.748238056e-08
37.47792495  -2.476606349e-08  -2.613518073e-08
37.73877387  -2.37565565e-08  -2.506986619e-08
37.91953391  -2.308512667e-08  -2.436131838e-08
38  -2.279337446e-08  -2.405343753e-08
38.08046609  -2.250591493e-08  -2.375008666e-08
38.26122613  -2.187544539e-08  -2.308476351e-08
38.52207505  -2.100158958e-08  -2.216259921e-08
38.83472104  -2.000732679e-08  -2.111337161e-08
39.16527896  -1.901528592e-08  -2.006648874e-08
39.47792495  -1.812943638e-08  -1.913166767e-08
39.73877387  -1.742703197e-08  -1.839043295e-08
39.91953391  -1.695889041e-08  -1.789641159e-08
40  -1.675522473e-08  -1.768148687e-08
40.08046609  -1.655440689e-08  -1.746956743e-08
40.26122613  -1.611343841e-08  -1.700422133e-08
40.52207505  -1.550101533e-08  -1.635794228e-08
40.83472104  -1.480241741e-08  -1.562072448e-08
41.16527896  -1.410340016e-08  -1.488306417e-08
41.47792495  -1.347746077e-08  -1.42225216e-08
41.73877387  -1.297992203e-08  -1.369747793e-08
41.91953391  -1.264769937e-08  -1.334688934e-08
42  -1.250300667e-08  -1.319419774e-08
42.08046609  -1.23602415e-08  -1.304354022e-08
42.26122613  -1.204641016e-08  -1.271235967e-08
42.52207505  -1.160976709e-08  -1.22515781e-08
42.83472104  -1.111052415e-08  -1.172473601e-08
43.16527896  -1.060969486e-08  -1.119621989e-08
43.47792495  -1.016008529e-08  -1.072175501e-08
43.73877387  -9.801907048e-09  -1.034377596e-08
43.91953391  -9.562333138e-09  -1.009095793e-08
44  -9.457887552e-09  -9.980738384e-09
44.08046609  -9.3547705e-09  -9.871920816e-09
44.26122613  -9.127872414e-09  -9.632479353e-09
44.52207505  -8.811661813e-09  -9.298788001e-09
44.83472104  -8.44935142e-09  -8.916448369e-09
45.16527896  -8.085037219e-09  -8.531994154e-09
45.47792495  -7.757224516e-09  -8.186059313e-09
45.73877387  -7.495542937e-09  -7.909911456e-09
45.91953391  -7.320240973e-09  -7.724918451e-09
46  -7.243746026e-09  -7.644194712e-09
46.08046609  -7.168182039e-09  -7.564453397e-09
46.26122613  -7.001762395e-09  -7.388833743e-09
46.52207505  -6.769486707e-09  -7.143717394e-09
46.83472104  -6.502832659e-09  -6.86232218e-09
47.16527896  -6.234128656e-09  -6.578763685e-09
47.47792495  -5.991834752e-09  -6.323075293e-09
47.73877387  -5.798059175e-09  -6.118587416e-09
47.91953391  -5.668063328e-09  -5.98140514e-09
48  -5.611290861e-09  -5.921494178e-09
48.08046609  -5.555180706e-09  -5.862282142e-09
48.26122613  -5.431503906e-09  -5.731768243e-09
48.52207505  -5.258646941e-09  -5.549355401e-09
48.83472104  -5.059853441e-09  -5.339572201e-09
49.16527896  -4.859137173e-09  -5.127759939e-09
49.47792495  -4.677796668e-09  -4.936394569e-09
49.73877387  -4.532520268e-09  -4.783087002e-09
49.91953391  -4.434933118e-09  -4.680105039e-09
50  -4.392281632e-09  -4.635095695e-09
50.08046609  -4.35010793e-09  -4.590590547e-09
50.26122613  -4.257079205e-09  -4.492419009e-09
50.52207505  -4.126892224e-09  -4.355035033e-09
50.83472104  -3.976926247e-09  -4.196778639e-09
51.16527896  -3.825235059e-09  -4.036701659e-09
51.47792495  -3.687941393e-09  -3.891818127e-09
51.73877387  -3.57777818e-09  -3.775564873e-09
51.91953391  -3.503688557e-09  -3.697379428e-09
52  -3.471283975e-09  -3.663183456e-09
52.08046609  -3.439228504e-09  -3.629355895e-09
52.26122613  -3.368469633e-09  -3.554685333e-09
52.52207505  -3.26933143e-09  -3.450066573e-09
52.83472104  -3.154958802e-09  -3.329371199e-09
53.16527896  -3.039076438e-09  -3.207082627e-09
53.47792495  -2.934018991e-09  -3.096217396e-09
53.73877387  -2.849598586e-09  -3.007130062e-09
53.91953391  -2.792758798e-09  -2.947148058e-09
54  -2.767882477e-09  -2.920896524e-09
54.08046609  -2.743264287e-09  -2.894917392e-09
54.26122613  -2.688887212e-09  -2.837534244e-09
54.52207505  -2.612618199e-09  -2.757048928e-09
54.83472104  -2.52450581e-09  -2.664065511e-09
55.16527896  -2.435091548e-09  -2.569708251e-09
55.47792495  -2.353905116e-09  -2.484033672e-09
55.73877387  -2.28857811e-09  -2.415095259e-09
55.91953391  -2.244548261e-09  -2.368631353e-09
56  -2.225266568e-09  -2.348283729e-09
56.08046609  -2.206177842e-09  -2.328139741e-09
56.26122613  -2.163988998e-09  -2.283618614e-09
56.52207505  -2.104755344e-09  -2.221110405e-09
56.83472104  -2.036234582e-09  -2.148801678e-09
57.16527896  -1.96660094e-09  -2.075318551e-09
57.47792495  -1.903284537e-09  -2.008501891e-09
57.73877387  -1.852272432e-09  -1.954669736e-09
57.91953391  -1.817857579e-09  -1.918352361e-09
58  -1.802777976e-09  -1.902439127e-09
58.08046609  -1.787844109e-09  -1.886679687e-09
58.26122613  -1.754819627e-09  -1.851829546e-09
58.52207505  -1.708409212e-09  -1.802853471e-09
58.83472104  -1.654657123e-09  -1.74612986e-09
59.16527896  -1.599958456e-09  -1.688407341e-09
59.47792495  -1.550155815e-09  -1.635851511e-09
59.73877387  -1.509984114e-09  -1.593459038e-09
59.91953391  -1.482858279e-09  -1.564833633e-09
60  -1.470966231e-09  -1.55228417e-09
60.08046609  -1.459185301e-09  -1.539851966e-09
60.26122613  -1.433119552e-09  -1.512345251e-09
60.52207505  -1.39645629e-09  -1.473655171e-09
60.83472104  -1.353945177e-09  -1.428793959e-09
61.16527896  -1.310631014e-09  -1.383085302e-09
61.47792495  -1.271144734e-09  -1.341416142e-09
61.73877387  -1.23925935e-09  -1.307768072e-09
61.91953391  -1.217710732e-09  -1.285028203e-09
62  -1.208259082e-09  -1.275054047e-09
62.08046609  -1.19889291e-09  -1.265170094e-09
62.26122613  -1.178159773e-09  -1.243290788e-09
62.52207505  -1.148973215e-09  -1.21249074e-09
62.83472104  -1.115095484e-09  -1.17674018e-09
63.16527896  -1.080537129e-09  -1.14027137e-09
63.47792495  -1.048996106e-09  -1.106986697e-09
63.73877387  -1.023500306e-09  -1.080081438e-09
63.91953391  -1.00625629e-09  -1.061884139e-09
64  -9.986892182e-10  -1.053898744e-09
64.08046609  -9.911884518e-10  -1.04598332e-09
64.26122613  -9.745770007e-10  -1.028453555e-09
64.52207505  -9.511746105e-10  -1.003757434e-09
64.83472104  -9.239837335e-10  -9.750633916e-10
65.16527896  -8.962159171e-10  -9.457605152e-10
65.47792495  -8.708447908e-10  -9.189868226e-10
65.73877387  -8.503165031e-10  -8.973236903e-10
65.91953391  -8.364219808e-10  -8.826610512e-10
66  -8.303220896e-10  -8.762239459e-10
66.08046609  -8.242740352e-10  -8.69841543e-10
66.26122613  -8.108740402e-10  -8.557007696e-10
66.52207505  -7.91982304e-10  -8.357646607e-10
66.83472104  -7.700117758e-10  -8.12579558e-10
67.16527896  -7.475517596e-10  -7.888779075e-10
67.47792495  -7.27009175e-10  -7.671996879e-10
67.73877387  -7.10372626e-10  -7.496434374e-10
67.91953391  -6.991043808e-10  -7.377522612e-10
68  -6.941554359e-10  -7.325297287e-10
68.08046609  -6.892473152e-10  -7.273502774e-10
68.26122613  -6.783685344e-10  -7.158700959e-10
68.52207505  -6.630208226e-10  -6.996739321e-10
68.83472104  -6.451561844e-10  -6.808217012e-10
69.16527896  -6.268756604e-10  -6.615305935e-10
69.47792495  -6.101395396e-10  -6.438692667e-10
69.73877387  -5.965740532e-10  -6.295538532e-10
69.91953391  -5.873798685e-10  -6.198513957e-10
70  -5.833402791e-10  -6.155884897e-10
70.08046609  -5.793330643e-10  -6.113597481e-10
70.26122613  -5.70447733e-10  -6.019832181e-10
70.52207505  -5.579043015e-10  -5.887463607e-10
70.83472104  -5.432917092e-10  -5.733259552e-10
71.16527896  -5.283251302e-10  -5.57531994e-10
71.47792495  -5.146104348e-10  -5.430591229e-10
71.73877387  -5.034849666e-10  -5.313186168e-10
71.91953391  -4.959398657e-10  -5.233564077e-10
72  -4.926236147e-10  -5.198568277e-10
72.08046609  -4.893332058e-10  -5.163845185e-10
72.26122613  -4.820346376e-10  -5.08682471e-10
72.52207505  -4.717249788e-10  -4.978028737e-10
72.83472104  -4.597052228e-10  -4.851186417e-10
73.16527896  -4.473835471e-10  -4.721157993e-10
73.47792495  -4.360827486e-10  -4.601902701e-10
73.73877387  -4.269084333e-10  -4.505087804e-10
73.91953391  -4.206829263e-10  -4.43939115e-10
74  -4.179457244e-10  -4.410505952e-10
74.08046609  -4.152292782e-10  -4.381839784e-10
74.26122613  -4.092017773e-10  -4.318232653e-10
74.52207505  -4.006826799e-10  -4.228332152e-10
74.83472104  -3.907431206e-10  -4.123441773e-10
75.16527896  -3.805454763e-10  -4.01582787e-10
75.47792495  -3.711850648e-10  -3.917049133e-10
75.73877387  -3.635805019e-10  -3.836799551e-10
75.91953391  -3.584173349e-10  -3.782313579e-10
76  -3.56146476e-10  -3.758349614e-10
76.08046609  -3.538923851e-10  -3.734562599e-10
76.26122613  -3.48889182e-10  -3.681764697e-10
76.52207505  -3.41813944e-10  -3.607100986e-10
76.83472104  -3.335531851e-10  -3.519926684e-10
77.16527896  -3.250712955e-10  -3.430418831e-10
77.47792495  -3.172797253e-10  -3.348195794e-10
77.73877387  -3.109453643e-10  -3.281350424e-10
77.91953391  -3.06642346e-10  -3.235941446e-10
78  -3.047492104e-10  -3.215963528e-10
78.08046609  -3.028696965e-10  -3.196129356e-10
78.26122613  -2.98696627e-10  -3.152091705e-10
78.52207505  -2.92792264e-10  -3.089784026e-10
78.83472104  -2.85893969e-10  -3.016987561e-10
79.16527896  -2.788057501e-10  -2.942186864e-10
79.47792495  -2.722896203e-10  -2.87342332e-10
79.73877387  -2.669887029e-10  -2.817483694e-10
79.91953391  -2.633859175e-10  -2.779464147e-10
80  -2.618003864e-10  -2.762732324e-10
80.08046609  -2.602259795e-10  -2.746117892e-10
80.26122613  -2.567293166e-10  -2.709218237e-10
80.52207505  -2.51779552e-10  -2.656984263e-10
80.83472104  -2.459928826e-10  -2.595918583e-10
81.16527896  -2.400426936e-10  -2.53312731e-10
81.47792495  -2.345689075e-10  -2.475363431e-10
81.73877387  -2.301131793e-10  -2.428342935e-10
81.91953391  -2.270833901e-10  -2.396370115e-10
82  -2.257496527e-10  -2.382295424e-10
82.08046609  -2.244250454e-10  -2.368317082e-10
82.26122613  -2.214823556e-10  -2.337263407e-10
82.52207505  -2.173148305e-10  -2.293284265e-10
82.83472104  -2.124397203e-10  -2.241838105e-10
83.16527896  -2.074234787e-10  -2.188902611e-10
83.47792495  -2.02805783e-10  -2.1401729e-10
83.73877387  -1.99044701e-10  -2.100482879e-10
83.91953391  -1.964860973e-10  -2.073482395e-10
84  -1.953594792e-10  -2.061593397e-10
84.08046609  -1.942403904e-10  -2.049783854e-10
84.26122613  -1.917536141e-10  -2.023541352e-10
84.52207505  -1.882301991e-10  -1.986359388e-10
84.83472104  -1.841061891e-10  -1.942839454e-10
85.16527896  -1.798600731e-10  -1.898030956e-10
85.47792495  -1.75948829e-10  -1.856756301e-10
85.73877387  -1.727613521e-10  -1.823119432e-10
85.91953391  -1.705920274e-10  -1.800226939e-10
86  -1.696365759e-10  -1.790144232e-10
86.08046609  -1.686873618e-10  -1.780127346e-10
86.26122613  -1.665775396e-10  -1.757862772e-10
86.52207505  -1.635869465e-10  -1.726303582e-10
86.83472104  -1.600846624e-10  -1.689344609e-10
87.16527896  -1.564764767e-10  -1.651268075e-10
87.47792495  -1.531508351e-10  -1.616173178e-10
87.73877387  -1.504391392e-10  -1.587557139e-10
87.91953391  -1.485928603e-10  -1.568073691e-10
88  -1.47779493e-10  -1.559490372e-10
88.08046609  -1.469713152e-10  -1.550961818e-10
88.26122613  -1.451745427e-10  -1.532000801e-10
88.52207505  -1.426266531e-10  -1.505113381e-10
88.83472104  -1.396412564e-10  -1.473609027e-10
89.16527896  -1.365637926e-10  -1.441133107e-10
89.47792495  -1.337256696e-10  -1.411182906e-10
89.73877387  -1.314103032e-10  -1.386749261e-10
89.91953391  -1.298332482e-10  -1.370106884e-10
90  -1.291383248e-10  -1.362773482e-10
90.08046609  -1.28447737e-10  -1.355485834e-10
90.26122613  -1.269120421e-10  -1.339279922e-10
90.52207505  -1.247335263e-10  -1.316290437e-10
90.83472104  -1.221796522e-10  -1.289339863e-10
91.16527896  -1.195455498e-10  -1.261542656e-10
91.47792495  -1.171149607e-10  -1.235893086e-10
91.73877387  -1.151310903e-10  -1.214957659e-10
91.91953391  -1.137793174e-10  -1.200692643e-10
92  -1.131835317e-10  -1.194405424e-10
92.08046609  -1.125913824e-10  -1.188156579e-10
92.26122613  -1.112743006e-10  -1.174257652e-10
92.52207505  -1.094052137e-10  -1.154533515e-10
92.83472104  -1.072130336e-10  -1.131399833e-10
93.16527896  -1.049507806e-10  -1.107526684e-10
93.47792495  -1.02862204e-10  -1.085486312e-10
93.73877387  -1.011566863e-10  -1.067488291e-10
93.91953391  -9.999415927e-11  -1.055220352e-10
94  -9.948167376e-11  -1.049812185e-10
94.08046609  -9.897224996e-11  -1.044436328e-10
94.26122613  -9.783893057e-11  -1.032476612e-10
94.52207505  -9.623005238e-11  -1.01549841e-10
94.83472104  -9.434219551e-11  -9.955761969e-11
95.16527896  -9.23929971e-11  -9.750066571e-11
95.47792495  -9.059252707e-11  -9.560066212e-11
95.73877387  -8.912161305e-11  -9.404843304e-11
95.91953391  -8.811865233e-11  -9.299002666e-11
96  -8.76764197e-11  -9.252334653e-11
96.08046609  -8.723677419e-11  -9.205939655e-11
96.26122613  -8.625849366e-11  -9.102703472e-11
96.52207505  -8.486923858e-11  -8.956097886e-11
96.83472104  -8.323837063e-11  -8.783995328e-11
97.16527896  -8.155368588e-11  -8.606213581e-11
97.47792495  -7.999678832e-11  -8.441916986e-11
97.73877387  -7.872431424e-11  -8.307635088e-11
97.91953391  -7.78563751e-11  -8.216043034e-11
98  -7.74736025e-11  -8.175649731e-11
98.08046609  -7.709302361e-11  -8.135487926e-11
98.26122613  -7.624601156e-11  -8.04610427e-11
98.52207505  -7.504277813e-11  -7.919129213e-11
98.83472104  -7.362968801e-11  -7.770008358e-11
99.16527896  -7.216928085e-11  -7.615894221e-11
99.47792495  -7.08190179e-11  -7.473403403e-11
99.73877387  -6.971497173e-11  -7.3568954e-11
99.91953391  -6.896167604e-11  -7.277401462e-11
100  -6.862940049e-11  -7.242337023e-11
100.0804661  -6.829899128e-11  -7.207469533e-11
100.2612261  -6.756349954e-11  -7.129854415e-11
100.5220751  -6.651836026e-11  -7.01956275e-11
100.834721  -6.529044042e-11  -6.88998258e-11
101.165279  -6.402083066e-11  -6.756002948e-11
101.4779249  -6.284644798e-11  -6.63207246e-11
101.7387739  -6.188582849e-11  -6.530700015e-11
101.9195339  -6.123019347e-11  -6.461512033e-11
102  -6.094094362e-11  -6.430988016e-11
102.0804661  -6.065328665e-11  -6.400632094e-11
102.2612261  -6.001284711e-11  -6.333047664e-11
102.5220751  -5.910250369e-11  -6.236980762e-11
102.834721  -5.803253732e-11  -6.124069138e-11
103.165279  -5.692576349e-11  -6.00727329e-11
103.4779249  -5.590156134e-11  -5.899191082e-11
103.7387739  -5.506346561e-11  -5.810748349e-11
103.9195339  -5.449128682e-11  -5.750367351e-11
104  -5.42388121e-11  -5.723724149e-11
104.0804661  -5.398770109e-11  -5.697224857e-11
104.2612261  -5.342853143e-11  -5.638216689e-11
104.5220751  -5.263347772e-11  -5.554316104e-11
104.834721  -5.169866657e-11  -5.455667166e-11
105.165279  -5.073129356e-11  -5.353582035e-11
105.4779249  -4.983572042e-11  -5.259073815e-11
105.7387739  -4.910261085e-11  -5.181710082e-11
105.9195339  -4.86019662e-11  -5.128877954e-11
106  -4.838101926e-11  -5.105561822e-11
106.0804661  -4.816124328e-11  -5.082369258e-11
106.2612261  -4.767176899e-11  -5.030715918e-11
106.5220751  -4.697561751e-11  -4.957252306e-11
106.834721  -4.615679904e-11  -4.870843868e-11
107.165279  -4.530911844e-11  -4.781389661e-11
107.4779249  -4.452404028e-11  -4.698541777e-11
107.7387739  -4.388115327e-11  -4.630699068e-11
107.9195339  -4.344200279e-11  -4.584356309e-11
108  -4.32481637e-11  -4.563900819e-11
108.0804661  -4.305533293e-11  -4.543551735e-11
108.2612261  -4.262580132e-11  -4.498224038e-11
108.5220751  -4.201473893e-11  -4.433739725e-11
108.834721  -4.129575347e-11  -4.357866484e-11
109.165279  -4.055113663e-11  -4.27928841e-11
109.4779249  -3.986124528e-11  -4.206485419e-11
109.7387739  -3.929611215e-11  -4.146847938e-11
109.9195339  -3.89099736e-11  -4.106099431e-11
110  -3.873950741e-11  -4.088110442e-11
110.0804661  -3.856991189e-11  -4.070213331e-11
110.2612261  -3.819207894e-11  -4.030341301e-11
110.5220751  -3.765442534e-11  -3.973603685e-11
110.834721  -3.702160219e-11  -3.906822998e-11
111.165279  -3.636597471e-11  -3.83763581e-11
111.4779249  -3.575830696e-11  -3.773509728e-11
111.7387739  -3.526036443e-11  -3.720962749e-11
111.9195339  -3.492004929e-11  -3.685049905e-11
112  -3.476979012e-11  -3.669193326e-11
112.0804661  -3.462028472e-11  -3.653416291e-11
112.2612261  -3.428716024e-11  -3.618262264e-11
112.5220751  -3.381300822e-11  -3.568225856e-11
112.834721  -3.325474698e-11  -3.509313553e-11
113.165279  -3.26761601e-11  -3.448256321e-11
113.4779249  -3.213970535e-11  -3.391645217e-11
113.7387739  -3.169997739e-11  -3.345241517e-11
113.9195339  -3.139937537e-11  -3.313519528e-11
114  -3.126663164e-11  -3.299511321e-11
114.0804661  -3.113454217e-11  -3.285572158e-11
114.2612261  -3.084018143e-11  -3.254508798e-11
114.5220751  -3.042110284e-11  -3.21028419e-11
114.834721  -2.992753082e-11  -3.158198424e-11
115.165279  -2.941581068e-11  -3.104197519e-11
115.4779249  -2.894118952e-11  -3.054111602e-11
115.7387739  -2.855202678e-11  -3.01304396e-11
115.9195339  -2.828592905e-11  -2.984963146e-11
116  -2.816840588e-11  -2.972561137e-11
116.0804661  -2.805145198e-11  -2.960219202e-11
116.2612261  -2.779078484e-11  -2.932711469e-11
116.5220751  -2.741958927e-11  -2.893539869e-11
116.834721  -2.698228029e-11  -2.84739144e-11
117.165279  -2.652873979e-11  -2.799530128e-11
117.4779249  -2.610793989e-11  -2.755123873e-11
117.7387739  -2.576280538e-11  -2.718702449e-11
117.9195339  -2.552675921e-11  -2.693792922e-11
118  -2.542249446e-11  -2.682790051e-11
118.0804661  -2.531872622e-11  -2.671839576e-11
118.2612261  -2.508741652e-11  -2.64742988e-11
118.5220751  -2.475795259e-11  -2.612662144e-11
118.834721  -2.436969529e-11  -2.571690051e-11
119.165279  -2.396689655e-11  -2.529183425e-11
119.4779249  -2.359305484e-11  -2.489732583e-11
119.7387739  -2.328634704e-11  -2.457366261e-11
119.9195339  -2.30765358e-11  -2.435225258e-11
120  -2.298384737e-11  -2.425444015e-11
120.0804661  -2.289159298e-11  -2.415708576e-11
120.2612261  -2.268592232e-11  -2.394004522e-11
120.5220751  -2.239291352e-11  -2.363083831e-11
120.834721  -2.204751985e-11  -2.326635059e-11
121.165279  -2.168907777e-11  -2.288809312e-11
121.4779249  -2.135630016e-11  -2.253691891e-11
121.7387739  -2.108320664e-11  -2.224872823e-11
121.9195339  -2.089635044e-11  -2.205154224e-11
122  -2.081379252e-11  -2.196442036e-11
122.0804661  -2.07316149e-11  -2.187769979e-11
122.2612261  -2.054838639e-11  -2.168434205e-11
122.5220751  -2.0287295e-11  -2.140881701e-11
122.834721  -1.99794414e-11  -2.108394466e-11
123.165279  -1.96598607e-11  -2.074669689e-11
123.4779249  -1.936307243e-11  -2.043350158e-11
123.7387739  -1.911944827e-11  -2.017640939e-11
123.9195339  -1.895272135e-11  -2.000046548e-11
124  -1.887904815e-11  -1.992271948e-11
124.0804661  -1.880570885e-11  -1.984532583e-11
124.2612261  -1.864216713e-11  -1.96727432e-11
124.5220751  -1.840908106e-11  -1.942677166e-11
124.834721  -1.813417633e-11  -1.913666966e-11
125.165279  -1.784871584e-11  -1.883542835e-11
125.4779249  -1.758353688e-11  -1.855558977e-11
125.7387739  -1.736580336e-11  -1.83258195e-11
125.9195339  -1.721676535e-11  -1.816854237e-11
126  -1.715090078e-11  -1.809903668e-11
126.0804661  -1.708532999e-11  -1.802984101e-11
126.2612261  -1.693909448e-11  -1.78755213e-11
126.5220751  -1.673063286e-11  -1.765553551e-11
126.834721  -1.648470793e-11  -1.739601536e-11
127.165279  -1.622926738e-11  -1.712645355e-11
127.4779249  -1.599190834e-11  -1.687597284e-11
127.7387739  -1.579696829e-11  -1.667025611e-11
127.9195339  -1.566350663e-11  -1.652941642e-11
128  -1.560451903e-11  -1.646716788e-11
128.0804661  -1.554579044e-11  -1.640519265e-11
128.2612261  -1.541479954e-11  -1.626696031e-11
128.5220751  -1.52280338e-11  -1.606986979e-11
128.834721  -1.500764944e-11  -1.583730214e-11
129.165279  -1.477867463e-11  -1.559566915e-11
129.4779249  -1.45658496e-11  -1.537107873e-11
129.7387739  -1.439101646e-11  -1.518658047e-11
129.9195339  -1.427129824e-11  -1.506024399e-11
130  -1.421837916e-11  -1.500439943e-11
130.0804661  -1.416568887e-11  -1.494879632e-11
130.2612261  -1.404815318e-11  -1.482476303e-11
130.5220751  -1.388054081e-11  -1.464788471e-11
130.834721  -1.36827102e-11  -1.443911762e-11
131.165279  -1.347711337e-11  -1.4222155e-11
131.4779249  -1.328596665e-11  -1.40204413e-11
131.7387739  -1.312890492e-11  -1.385469689e-11
131.9195339  -1.302133631e-11  -1.374118168e-11
132  -1.297378265e-11  -1.369099915e-11
132.0804661  -1.292643148e-11  -1.364103031e-11
132.2612261  -1.282079447e-11  -1.352955348e-11
132.5220751  -1.267012327e-11  -1.337055288e-11
132.834721  -1.249224683e-11  -1.318284308e-11
133.165279  -1.230733965e-11  -1.298771386e-11
133.4779249  -1.213538408e-11  -1.280625225e-11
133.7387739  -1.199405903e-11  -1.265711446e-11
133.9195339  -1.189725117e-11  -1.255495487e-11
134  -1.185445016e-11  -1.250978774e-11
134.0804661  -1.181182868e-11  -1.246481006e-11
134.2612261  -1.171673347e-11  -1.23644578e-11
134.5220751  -1.158107457e-11  -1.222129941e-11
134.834721  -1.142088502e-11  -1.205225426e-11
135.165279  -1.125432195e-11  -1.187648325e-11
135.4779249  -1.109938685e-11  -1.171298303e-11
135.7387739  -1.097202211e-11  -1.157857731e-11
135.9195339  -1.08847622e-11  -1.14864935e-11
136  -1.084617869e-11  -1.144577701e-11
136.0804661  -1.080775463e-11  -1.14052288e-11
136.2612261  -1.072201597e-11  -1.131475033e-11
136.5220751  -1.059968407e-11  -1.118565569e-11
136.834721  -1.045519984e-11  -1.103318408e-11
137.165279  -1.03049303e-11  -1.087460734e-11
137.4779249  -1.01651173e-11  -1.07270652e-11
137.7387739  -1.005015893e-11  -1.06057517e-11
137.9195339  -9.971385813e-12  -1.052262385e-11
138  -9.936551477e-12  -1.04858638e-11
138.0804661  -9.901859031e-12  -1.044925349e-11
138.2612261  -9.824439469e-12  -1.036755402e-11
138.5220751  -9.713959164e-12  -1.025096614e-11
138.834721  -9.583444966e-12  -1.011323686e-11
139.165279  -9.447672675e-12  -9.969958808e-12
139.4779249  -9.321318322e-12  -9.836619335e-12
139.7387739  -9.21740427e-12  -9.726960707e-12
139.9195339  -9.14618763e-12  -9.65180707e-12
140  -9.114691861e-12  -9.618570152e-12
140.0804661  -9.083322554e-12  -9.585466687e-12
140.2612261  -9.01331229e-12  -9.511586117e-12
140.5220751  -8.91338939e-12  -9.406139281e-12
140.834721  -8.79532269e-12  -9.281545618e-12
141.165279  -8.672471095e-12  -9.151902543e-12
141.4779249  -8.558114974e-12  -9.031224588e-12
141.7387739  -8.464049141e-12  -8.931958609e-12
141.9195339  -8.399571824e-12  -8.863916858e-12
142  -8.371053911e-12  -8.833822418e-12
142.0804661  -8.342648894e-12  -8.803847115e-12
142.2612261  -8.279248538e-12  -8.736941861e-12
142.5220751  -8.188745696e-12  -8.641435842e-12
142.834721  -8.081788104e-12  -8.528565422e-12
143.165279  -7.970470931e-12  -8.411094414e-12
143.4779249  -7.866828506e-12  -8.301722429e-12
143.7387739  -7.781558557e-12  -8.211738588e-12
143.9195339  -7.723101491e-12  -8.1500499e-12
144  -7.697243979e-12  -8.122762933e-12
144.0804661  -7.671487413e-12  -8.095582492e-12
144.2612261  -7.613993303e-12  -8.034909994e-12
144.5220751  -7.531909167e-12  -7.948288083e-12
144.834721  -7.434882031e-12  -7.845897094e-12
145.165279  -7.333878102e-12  -7.739309467e-12
145.4779249  -7.239817495e-12  -7.640049003e-12
145.7387739  -7.162415921e-12  -7.558368516e-12
145.9195339  -7.109345204e-12  -7.502363944e-12
146  -7.085868207e-12  -7.477589092e-12
146.0804661  -7.062481609e-12  -7.452909637e-12
146.2612261  -7.010273241e-12  -7.397815087e-12
146.5220751  -6.935724631e-12  -7.31914528e-12
146.834721  -6.847588127e-12  -7.226136416e-12
147.165279  -6.755819804e-12  -7.129294957e-12
147.4779249  -6.670341901e-12  -7.039091666e-12
147.7387739  -6.599989781e-12  -6.964850341e-12
147.9195339  -6.551745619e-12  -6.913939145e-12
148  -6.530401944e-12  -6.89141555e-12
148.0804661  -6.509139346e-12  -6.868977513e-12
148.2612261  -6.461668598e-12  -6.818882487e-12
148.5220751  -6.393875206e-12  -6.747341342e-12
148.834721  -6.31371041e-12  -6.662744877e-12
149.165279  -6.230225088e-12  -6.574644321e-12
149.4779249  -6.15244646e-12  -6.492565935e-12
149.7387739  -6.088419519e-12  -6.424999458e-12
149.9195339  -6.044506725e-12  -6.378659076e-12
150  -6.025077684e-12  -6.35815596e-12
150.0804661  -6.005721464e-12  -6.33772969e-12
150.2612261  -5.962503335e-12  -6.292122376e-12
150.5220751  -5.900774588e-12  -6.226981142e-12
150.834721  -5.827768055e-12  -6.149938662e-12
151.165279  -5.751722254e-12  -6.069688898e-12
151.4779249  -5.680860461e-12  -5.994909724e-12
151.7387739  -5.622517072e-12  -5.933340996e-12
151.9195339  -5.582496884e-12  -5.891108413e-12
152  -5.564788688e-12  -5.872421273e-12
152.0804661  -5.547145992e-12  -5.853803253e-12
152.2612261  -5.507750626e-12  -5.812230033e-12
152.5220751  -5.451474363e-12  -5.752842707e-12
152.834721  -5.384904846e-12  -5.682593094e-12
153.165279  -5.315550492e-12  -5.609404693e-12
153.4779249  -5.250911422e-12  -5.541192247e-12
153.7387739  -5.197682257e-12  -5.485020468e-12
153.9195339  -5.161165287e-12  -5.446484768e-12
154  -5.145005936e-12  -5.429432095e-12
154.0804661  -5.12890558e-12  -5.41244168e-12
154.2612261  -5.092951391e-12  -5.374499872e-12
154.5220751  -5.041584095e-12  -5.320292889e-12
154.834721  -4.980811077e-12  -5.256160218e-12
155.165279  -4.917483665e-12  -5.189331941e-12
155.4779249  -4.858450591e-12  -5.127035401e-12
155.7387739  -4.809829683e-12  -5.075726632e-12
155.9195339  -4.776469819e-12  -5.040522569e-12
156  -4.761706412e-12  -5.024943012e-12
156.0804661  -4.746996215e-12  -5.009419605e-12
156.2612261  -4.714143936e-12  -4.974751187e-12
156.5220751  -4.667202284e-12  -4.925214507e-12
156.834721  -4.611656065e-12  -4.866597583e-12
157.165279  -4.553764413e-12  -4.805505566e-12
157.4779249  -4.499788524e-12  -4.748545782e-12
157.7387739  -4.455325529e-12  -4.701624784e-12
157.9195339  -4.424814657e-12  -4.66942721e-12
158  -4.411311067e-12  -4.655177115e-12
158.0804661  -4.397855531e-12  -4.64097773e-12
158.2612261  -4.367803062e-12  -4.609263901e-12
158.5220751  -4.324856615e-12  -4.563943289e-12
158.834721  -4.274029717e-12  -4.510306579e-12
159.165279  -4.221047085e-12  -4.454394962e-12
159.4779249  -4.171639279e-12  -4.402255794e-12
159.7387739  -4.130932761e-12  -4.359298939e-12
159.9195339  -4.102996185e-12  -4.329817973e-12
160  -4.090631038e-12  -4.316769256e-12
160.0804661  -4.078309344e-12  -4.303766395e-12
160.2612261  -4.050787287e-12  -4.274722864e-12
160.5220751  -4.011452131e-12  -4.233213182e-12
160.834721  -3.964891838e-12  -4.184078944e-12
161.165279  -3.916348219e-12  -4.132851736e-12
161.4779249  -3.871071969e-12  -4.085072525e-12
161.7387739  -3.833763574e-12  -4.045701648e-12
161.9195339  -3.808156037e-12  -4.018678475e-12
162  -3.796820956e-12  -4.006716769e-12
162.0804661  -3.785525218e-12  -3.99479658e-12
162.2612261  -3.760292986e-12  -3.96816946e-12
162.5220751  -3.724226218e-12  -3.930108849e-12
162.834721  -3.681528088e-12  -3.885050281e-12
163.165279  -3.637003495e-12  -3.838064281e-12
163.4779249  -3.595468648e-12  -3.794233305e-12
163.7387739  -3.561238023e-12  -3.758110343e-12
163.9195339  -3.537740245e-12  -3.733313561e-12
164  -3.527338324e-12  -3.7223366e-12
164.0804661  -3.516972067e-12  -3.711397276e-12
164.2612261  -3.493814503e-12  -3.686959517e-12
164.5220751  -3.460709415e-12  -3.652024313e-12
164.834721  -3.421511629e-12  -3.610659596e-12
165.165279  -3.380630256e-12  -3.567518219e-12
165.4779249  -3.342487619e-12  -3.527266981e-12
165.7387739  -3.311047991e-12  -3.494089308e-12
165.9195339  -3.289463644e-12  -3.471311736e-12
166  -3.279908112e-12  -3.461227955e-12
166.0804661  -3.270384948e-12  -3.451178331e-12
166.2612261  -3.249109375e-12  -3.428726602e-12
166.5220751  -3.218691261e-12  -3.396626915e-12
166.834721  -3.182669689e-12  -3.358613999e-12
167.165279  -3.145094802e-12  -3.318961897e-12
167.4779249  -3.110031423e-12  -3.281960145e-12
167.7387739  -3.081125729e-12  -3.251456487e-12
167.9195339  -3.061278804e-12  -3.230512384e-12
168  -3.052491862e-12  -3.221239682e-12
168.0804661  -3.043734331e-12  -3.211998018e-12
168.2612261  -3.024167969e-12  -3.191349988e-12
168.5220751  -2.99619046e-12  -3.161825827e-12
168.834721  -2.963054349e-12  -3.126857886e-12
169.165279  -2.928483826e-12  -3.090376235e-12
169.4779249  -2.896218861e-12  -3.056327599e-12
169.7387739  -2.869616371e-12  -3.02825447e-12
169.9195339  -2.851348862e-12  -3.008977097e-12
170  -2.843260665e-12  -3.000441769e-12
170.0804661  -2.835199223e-12  -2.991934674e-12
170.2612261  -2.817186933e-12  -2.972926629e-12
170.5220751  -2.791428781e-12  -2.945744515e-12
170.834721  -2.760916982e-12  -2.913545963e-12
171.165279  -2.729079404e-12  -2.87994834e-12
171.4779249  -2.699360498e-12  -2.848586515e-12
171.7387739  -2.674853849e-12  -2.822725089e-12
171.9195339  -2.658023735e-12  -2.804964573e-12
172  -2.650571499e-12  -2.797100362e-12
172.0804661  -2.643143626e-12  -2.789261862e-12
172.2612261  -2.626545934e-12  -2.771746616e-12
172.5220751  -2.602808202e-12  -2.746696616e-12
172.834721  -2.574685855e-12  -2.717019609e-12
173.165279  -2.545337079e-12  -2.686048374e-12
173.4779249  -2.517937193e-12  -2.657133768e-12
173.7387739  -2.49533979e-12  -2.633287136e-12
173.9195339  -2.479819256e-12  -2.616908596e-12
174  -2.472946469e-12  -2.609655868e-12
174.0804661  -2.466095895e-12  -2.60242658e-12
174.2612261  -2.45078725e-12  -2.586271642e-12
174.5220751  -2.428890839e-12  -2.563164754e-12
174.834721  -2.402946466e-12  -2.535786126e-12
175.165279  -2.375866614e-12  -2.507209245e-12
175.4779249  -2.350581231e-12  -2.480526036e-12
175.7387739  -2.329724963e-12  -2.458516792e-12
175.9195339  -2.315398838e-12  -2.44339869e-12
176  -2.309054578e-12  -2.436703707e-12
176.0804661  -2.30273059e-12  -2.430030116e-12
176.2612261  -2.28859784e-12  -2.41511608e-12
176.5220751  -2.268381314e-12  -2.393781944e-12
176.834721  -2.244424265e-12  -2.368500501e-12
177.165279  -2.219415071e-12  -2.34210875e-12
177.4779249  -2.196059744e-12  -2.317462294e-12
177.7387739  -2.176792969e-12  -2.297130413e-12
177.9195339  -2.163557352e-12  -2.283163105e-12
178  -2.157695676e-12  -2.276977384e-12
178.0804661  -2.15185252e-12  -2.270811207e-12
178.2612261  -2.138793565e-12  -2.257030326e-12
178.5220751  -2.120111237e-12  -2.237315202e-12
178.834721  -2.097969429e-12  -2.213949351e-12
179.165279  -2.074851909e-12  -2.189553848e-12
179.4779249  -2.053260094e-12  -2.166768396e-12
179.7387739  -2.035445868e-12  -2.147969363e-12
179.9195339  -2.023206916e-12  -2.135053818e-12
180  -2.017786326e-12  -2.129333566e-12
180.0804661  -2.012382671e-12  -2.123631187e-12
180.2612261  -2.000305275e-12  -2.110886129e-12
180.5220751  -1.98302552e-12  -2.092651115e-12
180.834721  -1.962543456e-12  -2.07103676e-12
181.165279  -1.94115584e-12  -2.048466795e-12
181.4779249  -1.921176989e-12  -2.027383473e-12
181.7387739  -1.904691497e-12  -2.009986631e-12
181.9195339  -1.893364357e-12  -1.998033304e-12
182  -1.888347324e-12  -1.99273892e-12
182.0804661  -1.883345794e-12  -1.987460895e-12
182.2612261  -1.872166542e-12  -1.975663631e-12
182.5220751  -1.856170303e-12  -1.958783088e-12
182.834721  -1.837207308e-12  -1.938771781e-12
183.165279  -1.817403227e-12  -1.917872891e-12
183.4779249  -1.798901095e-12  -1.898347925e-12
183.7387739  -1.783632273e-12  -1.882235012e-12
183.9195339  -1.773140131e-12  -1.871162843e-12
184  -1.768492682e-12  -1.866258474e-12
184.0804661  -1.763859439e-12  -1.861369096e-12
184.2612261  -1.753502803e-12  -1.850439925e-12
184.5220751  -1.738682273e-12  -1.834800086e-12
184.834721  -1.721110947e-12  -1.816257382e-12
185.165279  -1.702757816e-12  -1.796889654e-12
185.4779249  -1.685608971e-12  -1.778792787e-12
185.7387739  -1.671455273e-12  -1.763856644e-12
185.9195339  -1.661728519e-12  -1.753592176e-12
186  -1.657419865e-12  -1.749045331e-12
186.0804661  -1.65312424e-12  -1.744512235e-12
186.2612261  -1.643521766e-12  -1.734378917e-12
186.5220751  -1.629779217e-12  -1.719876653e-12
186.834721  -1.613484054e-12  -1.702680661e-12
187.165279  -1.596461648e-12  -1.684717223e-12
187.4779249  -1.580554142e-12  -1.667930318e-12
187.7387739  -1.567423459e-12  -1.654073745e-12
187.9195339  -1.558398945e-12  -1.644550338e-12
188  -1.554401152e-12  -1.640331539e-12
188.0804661  -1.55041532e-12  -1.636125362e-12
188.2612261  -1.541504894e-12  -1.62672235e-12
188.5220751  -1.528751644e-12  -1.613264075e-12
188.834721  -1.513627812e-12  -1.597304167e-12
189.165279  -1.497826997e-12  -1.580629852e-12
189.4779249  -1.483059194e-12  -1.565045655e-12
189.7387739  -1.470867889e-12  -1.55218039e-12
189.9195339  -1.462488267e-12  -1.543337526e-12
190  -1.458775966e-12  -1.539420002e-12
190.0804661  -1.455074654e-12  -1.535514074e-12
190.2612261  -1.446799859e-12  -1.526781833e-12
190.5220751  -1.434955349e-12  -1.514282534e-12
190.834721  -1.420907605e-12  -1.499458203e-12
191.165279  -1.406229213e-12  -1.483968361e-12
191.4779249  -1.392508744e-12  -1.469489396e-12
191.7387739  -1.381180793e-12  -1.457535214e-12
191.9195339  -1.37339393e-12  -1.449317878e-12
192  -1.369944058e-12  -1.44567729e-12
192.0804661  -1.366504291e-12  -1.442047366e-12
192.2612261  -1.358813832e-12  -1.433931763e-12
192.5220751  -1.347804808e-12  -1.422314138e-12
192.834721  -1.334746534e-12  -1.408533976e-12
193.165279  -1.321100362e-12  -1.394133417e-12
193.4779249  -1.308343194e-12  -1.380671008e-12
193.7387739  -1.297809426e-12  -1.369554912e-12
193.9195339  -1.290567884e-12  -1.361913043e-12
194  -1.287359451e-12  -1.358527241e-12
194.0804661  -1.28416032e-12  -1.355151256e-12
194.2612261  -1.277007511e-12  -1.347603026e-12
194.5220751  -1.266767296e-12  -1.336796711e-12
194.834721  -1.254619637e-12  -1.323977506e-12
195.165279  -1.241923557e-12  -1.310579561e-12
195.4779249  -1.230053168e-12  -1.298052953e-12
195.7387739  -1.220250584e-12  -1.287708463e-12
195.9195339  -1.213511151e-12  -1.280596461e-12
196  -1.210525039e-12  -1.27744527e-12
196.0804661  -1.207547496e-12  -1.274303123e-12
196.2612261  -1.200889807e-12  -1.267277384e-12
196.5220751  -1.191357651e-12  -1.257218271e-12
196.834721  -1.180048754e-12  -1.245284196e-12
197.165279  -1.168227916e-12  -1.232809878e-12
197.4779249  -1.157174553e-12  -1.221145463e-12
197.7387739  -1.14804572e-12  -1.211511971e-12
197.9195339  -1.141769001e-12  -1.204888262e-12
198  -1.138987777e-12  -1.201953287e-12
198.0804661  -1.136214454e-12  -1.199026648e-12
198.2612261  -1.130013102e-12  -1.192482473e-12
198.5220751  -1.121133602e-12  -1.183112097e-12
198.834721  -1.110597929e-12  -1.171993991e-12
199.165279  -1.09958405e-12  -1.160371243e-12
199.4779249  -1.089284074e-12  -1.149501864e-12
199.7387739  -1.080776587e-12  -1.140524066e-12
199.9195339  -1.074926628e-12  -1.13435071e-12
200  -1.072334383e-12  -1.13161516e-12
200.0804661  -1.069749427e-12  -1.128887303e-12
200.2612261  -1.063969013e-12  -1.122787336e-12
200.5220751  -1.055691596e-12  -1.114052327e-12
200.834721  -1.045869314e-12  -1.103687049e-12
201.165279  -1.035600049e-12  -1.092850079e-12
201.4779249  -1.025995342e-12  -1.082714405e-12
201.7387739  -1.018061335e-12  -1.07434179e-12
201.9195339  -1.012605297e-12  -1.068584131e-12
202  -1.010187496e-12  -1.066032669e-12
202.0804661  -1.007776428e-12  -1.063488313e-12
202.2612261  -1.002384612e-12  -1.057798427e-12
202.5220751  -9.946630706e-13  -1.049650023e-12
202.834721  -9.85499505e-13  -1.039979877e-12
203.165279  -9.759178741e-13  -1.029868555e-12
203.4779249  -9.669553145e-13  -1.020410527e-12
203.7387739  -9.595510304e-13  -1.01259692e-12
203.9195339  -9.544588876e-13  -1.007223273e-12
204  -9.52202244e-13  -1.004841878e-12
204.0804661  -9.499518226e-13  -1.002467048e-12
204.2612261  -9.449190352e-13  -9.971560385e-13
204.5220751  -9.377111131e-13  -9.895496481e-13
204.834721  -9.291562587e-13  -9.805218644e-13
205.165279  -9.202101407e-13  -9.710811872e-13
205.4779249  -9.118411292e-13  -9.622495201e-13
205.7387739  -9.049265319e-13  -9.549526701e-13
205.9195339  -9.0017081e-13  -9.499340424e-13
206  -8.980631634e-13  -9.47709881e-13
206.0804661  -8.959612719e-13  -9.454917927e-13
206.2612261  -8.91260449e-13  -9.405310989e-13
206.5220751  -8.845274703e-13  -9.334259078e-13
206.834721  -8.76535552e-13  -9.249921804e-13
207.165279  -8.681772284e-13  -9.16171792e-13
207.4779249  -8.603572647e-13  -9.079195252e-13
207.7387739  -8.538956899e-13  -9.011007416e-13
207.9195339  -8.494512261e-13  -8.96410579e-13
208  -8.474814391e-13  -8.943318983e-13
208.0804661  -8.455169791e-13  -8.922588391e-13
208.2612261  -8.411233306e-13  -8.87622301e-13
208.5220751  -8.348298648e-13  -8.809809199e-13
208.834721  -8.27358944e-13  -8.730969916e-13
209.165279  -8.195446895e-13  -8.648507497e-13
209.4779249  -8.122329917e-13  -8.571348467e-13
209.7387739  -8.061908346e-13  -8.507586671e-13
209.9195339  -8.020345638e-13  -8.463726294e-13
210  -8.001924267e-13  -8.444286553e-13
210.0804661  -7.98355224e-13  -8.424898884e-13
210.2612261  -7.942460235e-13  -8.381535231e-13
210.5220751  -7.88359586e-13  -8.319416716e-13
210.834721  -7.813712061e-13  -8.245669602e-13
211.165279  -7.74060921e-13  -8.16852548e-13
211.4779249  -7.672200834e-13  -8.096335353e-13
211.7387739  -7.615665179e-13  -8.036674294e-13
211.9195339  -7.5767728e-13  -7.995631867e-13
212  -7.55953426e-13  -7.977440346e-13
212.0804661  -7.54234146e-13  -7.959297095e-13
212.2612261  -7.503885411e-13  -7.918715118e-13
212.5220751  -7.448793233e-13  -7.860577335e-13
212.834721  -7.383381923e-13  -7.791549958e-13
213.165279  -7.314950711e-13  -7.719335732e-13
213.4779249  -7.250907567e-13  -7.651752156e-13
213.7387739  -7.19797482e-13  -7.595893181e-13
213.9195339  -7.161558488e-13  -7.557463683e-13
214  -7.145416773e-13  -7.540429621e-13
214.0804661  -7.129317487e-13  -7.523440335e-13
214.2612261  -7.09330591e-13  -7.485437966e-13
214.5220751  -7.041712181e-13  -7.430992033e-13
214.834721  -6.980449211e-13  -7.366342324e-13
215.165279  -6.916351548e-13  -7.298701215e-13
215.4779249  -6.85635818e-13  -7.235391295e-13
215.7387739  -6.806768313e-13  -7.183060001e-13
215.9195339  -6.772649505e-13  -7.147055037e-13
216  -6.757525579e-13  -7.13109503e-13
216.0804661  -6.742441039e-13  -7.115176588e-13
216.2612261  -6.708697958e-13  -7.079568122e-13
216.5220751  -6.660351076e-13  -7.028548528e-13
216.834721  -6.602938489e-13  -6.967962059e-13
217.165279  -6.542863565e-13  -6.904566074e-13
217.4779249  -6.486629933e-13  -6.845223735e-13
217.7387739  -6.440143838e-13  -6.796167796e-13
217.9195339  -6.408158381e-13  -6.76241412e-13
218  -6.393979559e-13  -6.747451464e-13
218.0804661  -6.379837324e-13  -6.732527418e-13
218.2612261  -6.348200887e-13  -6.699142056e-13
218.5220751  -6.302869425e-13  -6.651304581e-13
218.834721  -6.249033125e-13  -6.594492103e-13
219.165279  -6.192694983e-13  -6.535039476e-13
219.4779249  -6.139954207e-13  -6.479383085e-13
219.7387739  -6.096351848e-13  -6.433370301e-13
219.9195339  -6.066348649e-13  -6.401708466e-13
220  -6.053048033e-13  -6.387672566e-13
220.0804661  -6.039781428e-13  -6.373672555e-13
220.2612261  -6.010102658e-13  -6.342353084e-13
220.5220751  -5.967573582e-13  -6.297472916e-13
220.834721  -5.917061229e-13  -6.24416814e-13
221.165279  -5.864196578e-13  -6.188381027e-13
221.4779249  -5.814702903e-13  -6.136151242e-13
221.7387739  -5.773781637e-13  -6.092967767e-13
221.9195339  -5.745621536e-13  -6.06325092e-13
222  -5.733137509e-13  -6.050076752e-13
222.0804661  -5.720685118e-13  -6.036935967e-13
222.2612261  -5.692826788e-13  -6.007537573e-13
222.5220751  -5.652903846e-13  -5.965407611e-13
222.834721  -5.605482956e-13  -5.9153652e-13
223.165279  -5.555849193e-13  -5.862987584e-13
223.4779249  -5.509376144e-13  -5.813945413e-13
223.7387739  -5.470949208e-13  -5.773394159e-13
223.9195339  -5.444503939e-13  -5.745486944e-13
224  -5.432779706e-13  -5.733114572e-13
224.0804661  -5.421084917e-13  -5.720773272e-13
224.2612261  -5.394920526e-13  -5.693162461e-13
224.5220751  -5.357422793e-13  -5.653591779e-13
224.834721  -5.312879015e-13  -5.606585532e-13
225.165279  -5.266252433e-13  -5.55738134e-13
225.4779249  -5.222591154e-13  -5.511306378e-13
225.7387739  -5.186486293e-13  -5.473205569e-13
225.9195339  -5.161637547e-13  -5.446983135e-13
226  -5.150620716e-13  -5.435357272e-13
226.0804661  -5.139631309e-13  -5.423760348e-13
226.2612261  -5.11504416e-13  -5.397813972e-13
226.5220751  -5.07980472e-13  -5.360626426e-13
226.834721  -5.037940278e-13  -5.316447635e-13
227.165279  -4.994114447e-13  -5.270199024e-13
227.4779249  -4.953072185e-13  -5.226887865e-13
227.7387739  -4.919130414e-13  -5.191069726e-13
227.9195339  -4.895768983e-13  -5.166416828e-13
228  -4.885411194e-13  -5.15548644e-13
228.0804661  -4.875078962e-13  -5.144583021e-13
228.2612261  -4.851961324e-13  -5.120187394e-13
228.5220751  -4.818826074e-13  -5.085220362e-13
228.834721  -4.779458357e-13  -5.043676319e-13
229.165279  -4.73824265e-13  -5.000182126e-13
229.4779249  -4.699641394e-13  -4.959446916e-13
229.7387739  -4.667715868e-13  -4.925756483e-13
229.9195339  -4.645740878e-13  -4.902566672e-13
230  -4.635997457e-13  -4.892284615e-13
230.0804661  -4.626277868e-13  -4.882027708e-13
230.2612261  -4.604530219e-13  -4.859077806e-13
230.5220751  -4.573356786e-13  -4.826181043e-13
230.834721  -4.536317066e-13  -4.787093694e-13
231.165279  -4.497535331e-13  -4.746168028e-13
231.4779249  -4.461210564e-13  -4.707835155e-13
231.7387739  -4.431165558e-13  -4.676129202e-13
231.9195339  -4.410483766e-13  -4.65430408e-13
232  -4.401313418e-13  -4.644626776e-13
232.0804661  -4.392165307e-13  -4.634972939e-13
232.2612261  -4.371695643e-13  -4.613371671e-13
232.5220751  -4.342352399e-13  -4.582406274e-13
232.834721  -4.307484667e-13  -4.545610985e-13
233.165279  -4.270974013e-13  -4.50708195e-13
233.4779249  -4.236773589e-13  -4.470990858e-13
233.7387739  -4.208483571e-13  -4.441136911e-13
233.9195339  -4.189008731e-13  -4.420585464e-13
234  -4.180373256e-13  -4.411472603e-13
234.0804661  -4.171758543e-13  -4.402381651e-13
234.2612261  -4.152481753e-13  -4.382039202e-13
234.5220751  -4.124846924e-13  -4.352876664e-13
234.834721  -4.092006835e-13  -4.318221111e-13
235.165279  -4.057616534e-13  -4.281929645e-13
235.4779249  -4.02539965e-13  -4.247931747e-13
235.7387739  -3.998748436e-13  -4.219807201e-13
235.9195339  -3.980400718e-13  -4.200445185e-13
236  -3.972264759e-13  -4.191859454e-13
236.0804661  -3.964148195e-13  -4.18329419e-13
236.2612261  -3.945985491e-13  -4.164127416e-13
236.5220751  -3.919946342e-13  -4.136648771e-13
236.834721  -3.889000255e-13  -4.103991923e-13
237.165279  -3.856590738e-13  -4.069790743e-13
237.4779249  -3.826227003e-13  -4.037748441e-13
237.7387739  -3.801106992e-13  -4.011239745e-13
237.9195339  -3.783812459e-13  -3.992989136e-13
238  -3.776143265e-13  -3.984895974e-13
238.0804661  -3.768492199e-13  -3.976821942e-13
238.2612261  -3.751370602e-13  -3.958753829e-13
238.5220751  -3.726822698e-13  -3.932848868e-13
238.834721  -3.697646798e-13  -3.902060066e-13
239.165279  -3.667088747e-13  -3.869812705e-13
239.4779249  -3.638457337e-13  -3.839598494e-13
239.7387739  -3.61476881e-13  -3.814600418e-13
239.9195339  -3.598458934e-13  -3.7973889e-13
240  -3.591226151e-13  -3.789756274e-13
240.0804661  -3.584010323e-13  -3.78214154e-13
240.2612261  -3.567862185e-13  -3.765100701e-13
240.5220751  -3.544708718e-13  -3.740667265e-13
240.834721  -3.517188223e-13  -3.711625382e-13
241.165279  -3.488361742e-13  -3.681205316e-13
241.4779249  -3.46135062e-13  -3.652700965e-13
241.7387739  -3.439001105e-13  -3.629115925e-13
241.9195339  -3.423612336e-13  -3.612876434e-13
242  -3.416787812e-13  -3.605674637e-13
242.0804661  -3.409979154e-13  -3.598489583e-13
242.2612261  -3.394741734e-13  -3.582409808e-13
242.5220751  -3.37289291e-13  -3.559353137e-13
242.834721  -3.346921342e-13  -3.531945809e-13
243.165279  -3.319715199e-13  -3.503235656e-13
243.4779249  -3.294220415e-13  -3.476331471e-13
243.7387739  -3.273124107e-13  -3.454068916e-13
243.9195339  -3.258597472e-13  -3.43873922e-13
244  -3.252155082e-13  -3.431940682e-13
244.0804661  -3.245727547e-13  -3.42515782e-13
244.2612261  -3.231342616e-13  -3.409977661e-13
244.5220751  -3.210715092e-13  -3.388209807e-13
244.834721  -3.186193618e-13  -3.362332737e-13
245.165279  -3.160504554e-13  -3.335223531e-13
245.4779249  -3.136429603e-13  -3.309817668e-13
245.7387739  -3.116506831e-13  -3.288793526e-13
245.9195339  -3.10278757e-13  -3.274315837e-13
246  -3.096703055e-13  -3.267894958e-13
246.0804661  -3.090632456e-13  -3.261488764e-13
246.2612261  -3.07704594e-13  -3.247151158e-13
246.5220751  -3.057562317e-13  -3.226590442e-13
246.834721  -3.03439914e-13  -3.202146759e-13
247.165279  -3.010131242e-13  -3.176537283e-13
247.4779249  -2.98738647e-13  -3.152535135e-13
247.7387739  -2.96856322e-13  -3.132671298e-13
247.9195339  -2.955600454e-13  -3.118991925e-13
248  -2.949851274e-13  -3.112924918e-13
248.0804661  -2.944115136e-13  -3.106871676e-13
248.2612261  -2.93127679e-13  -3.0933236e-13
248.5220751  -2.912865142e-13  -3.07389412e-13
248.834721  -2.890974954e-13  -3.050793798e-13
249.165279  -2.868039076e-13  -3.026589979e-13
249.4779249  -2.84654115e-13  -3.003903606e-13
249.7387739  -2.828748615e-13  -2.985127463e-13
249.9195339  -2.816495046e-13  -2.972196493e-13
250  -2.811060244e-13  -2.966461245e-13
250.0804661  -2.805637674e-13  -2.960738904e-13
250.2612261  -2.79350078e-13  -2.947931059e-13
250.5220751  -2.776094231e-13  -2.92956224e-13
250.834721  -2.755397702e-13  -2.907721566e-13
251.165279  -2.733710939e-13  -2.884835916e-13
251.4779249  -2.713382354e-13  -2.863383526e-13
251.7387739  -2.696556534e-13  -2.845627541e-13
251.9195339  -2.684968163e-13  -2.833398543e-13
252  -2.679828247e-13  -2.827974481e-13
252.0804661  -2.674699806e-13  -2.82256253e-13
252.2612261  -2.663220905e-13  -2.810449053e-13
252.5220751  -2.646757234e-13  -2.793075237e-13
252.834721  -2.627180553e-13  -2.772416318e-13
253.165279  -2.606665762e-13  -2.750767429e-13
253.4779249  -2.587434389e-13  -2.730472908e-13
253.7387739  -2.571515721e-13  -2.713674224e-13
253.9195339  -2.560551598e-13  -2.702103982e-13
254  -2.555688422e-13  -2.69697196e-13
254.0804661  -2.550836018e-13  -2.691851305e-13
254.2612261  -2.539974656e-13  -2.680389506e-13
254.5220751  -2.524395943e-13  -2.663949571e-13
254.834721  -2.505870394e-13  -2.644399893e-13
255.165279  -2.486455749e-13  -2.623911968e-13
255.4779249  -2.468254428e-13  -2.604704441e-13
255.7387739  -2.453187445e-13  -2.588804525e-13
255.9195339  -2.442809433e-13  -2.577852797e-13
256  -2.438206099e-13  -2.572994981e-13
256.0804661  -2.433612882e-13  -2.568147842e-13
256.2612261  -2.423331382e-13  -2.55729796e-13
256.5220751  -2.408583679e-13  -2.541734974e-13
256.834721  -2.391045254e-13  -2.52322699e-13
257.165279  -2.372663844e-13  -2.503829419e-13
257.4779249  -2.355430002e-13  -2.485642857e-13
257.7387739  -2.341163024e-13  -2.470587172e-13
257.9195339  -2.331335588e-13  -2.460216456e-13
258  -2.32697635e-13  -2.45561623e-13
258.0804661  -2.322626618e-13  -2.451026036e-13
258.2612261  -2.312889868e-13  -2.44075102e-13
258.5220751  -2.298922899e-13  -2.426011928e-13
258.834721  -2.282311941e-13  -2.408482684e-13
259.165279  -2.264901398e-13  -2.390109652e-13
259.4779249  -2.248576709e-13  -2.372882501e-13
259.7387739  -2.235061557e-13  -2.358620205e-13
259.9195339  -2.225751567e-13  -2.34879554e-13
260  -2.221621744e-13  -2.344437412e-13
260.0804661  -2.217500857e-13  -2.340088714e-13
260.2612261  -2.208276121e-13  -2.330354016e-13
260.5220751  -2.195043005e-13  -2.316389347e-13
260.834721  -2.179303884e-13  -2.299780136e-13
261.165279  -2.162806043e-13  -2.282370262e-13
261.4779249  -2.147336105e-13  -2.266045115e-13
261.7387739  -2.13452784e-13  -2.252528784e-13
261.9195339  -2.125704392e-13  -2.243217558e-13
262  -2.121790288e-13  -2.239087075e-13
262.0804661  -2.117884591e-13  -2.234965462e-13
262.2612261  -2.109141326e-13  -2.225738853e-13
262.5220751  -2.096598327e-13  -2.212502451e-13
262.834721  -2.081679137e-13  -2.196758499e-13
263.165279  -2.066039726e-13  -2.180254511e-13
263.4779249  -2.051373772e-13  -2.164777793e-13
263.7387739  -2.039230454e-13  -2.151963169e-13
263.9195339  -2.030864705e-13  -2.143134944e-13
264  -2.027153539e-13  -2.139218618e-13
264.0804661  -2.023450283e-13  -2.135310639e-13
264.2612261  -2.015159985e-13  -2.126562036e-13
264.5220751  -2.003266276e-13  -2.114010819e-13
264.834721  -1.989118562e-13  -2.099080992e-13
265.165279  -1.974286912e-13  -2.083429419e-13
265.4779249  -1.960377542e-13  -2.068751111e-13
265.7387739  -1.948860011e-13  -2.056596868e-13
265.9195339  -1.940925026e-13  -2.048223221e-13
266  -1.937404862e-13  -2.044508456e-13
266.0804661  -1.933892145e-13  -2.040801548e-13
266.2612261  -1.926028191e-13  -2.032502859e-13
266.5220751  -1.914745643e-13  -2.020596589e-13
266.834721  -1.901324149e-13  -2.006433129e-13
267.165279  -1.887252929e-13  -1.991584024e-13
267.4779249  -1.874055865e-13  -1.9776574e-13
267.7387739  -1.863127535e-13  -1.96612493e-13
267.9195339  -1.855598151e-13  -1.958179307e-13
268  -1.852257837e-13  -1.954654334e-13
268.0804661  -1.848924536e-13  -1.951136761e-13
268.2612261  -1.841462052e-13  -1.943261736e-13
268.5220751  -1.830755036e-13  -1.931962815e-13
268.834721  -1.81801747e-13  -1.918521091e-13
269.165279  -1.804662449e-13  -1.904427778e-13
269.4779249  -1.792136306e-13  -1.891209165e-13
269.7387739  -1.781762979e-13  -1.880262379e-13
269.9195339  -1.774615675e-13  -1.872719958e-13
270  -1.771444785e-13  -1.869373776e-13
270.0804661  -1.768280504e-13  -1.866034566e-13
270.2612261  -1.761196236e-13  -1.858558666e-13
270.5220751  -1.751031444e-13  -1.847831944e-13
270.834721  -1.738938265e-13  -1.83507023e-13
271.165279  -1.726258083e-13  -1.821689062e-13
271.4779249  -1.714364161e-13  -1.809137621e-13
271.7387739  -1.704513858e-13  -1.798742773e-13
271.9195339  -1.697726635e-13  -1.791580339e-13
272  -1.69471542e-13  -1.788402658e-13
272.0804661  -1.691710433e-13  -1.78523155e-13
272.2612261  -1.684982633e-13  -1.778131823e-13
272.5220751  -1.675328909e-13  -1.767944422e-13
272.834721  -1.663843128e-13  -1.755823685e-13
273.165279  -1.651799094e-13  -1.743113833e-13
273.4779249  -1.640501188e-13  -1.731191356e-13
273.7387739  -1.631143987e-13  -1.72131687e-13
273.9195339  -1.624696261e-13  -1.714512701e-13
274  -1.621835597e-13  -1.711493894e-13
274.0804661  -1.618980807e-13  -1.708481285e-13
274.2612261  -1.612589121e-13  -1.701736254e-13
274.5220751  -1.603417308e-13  -1.692057406e-13
274.834721  -1.59250431e-13  -1.680541115e-13
275.165279  -1.581060211e-13  -1.668464363e-13
275.4779249  -1.57032443e-13  -1.657135088e-13
275.7387739  -1.561432321e-13  -1.647751404e-13
275.9195339  -1.555304823e-13  -1.641285166e-13
276  -1.552586168e-13  -1.638416219e-13
276.0804661  -1.549873056e-13  -1.635553121e-13
276.2612261  -1.54379843e-13  -1.629142678e-13
276.5220751  -1.535081232e-13  -1.619943575e-13
276.834721  -1.524708602e-13  -1.608997526e-13
277.165279  -1.513830527e-13  -1.597518089e-13
277.4779249  -1.503625134e-13  -1.586748522e-13
277.7387739  -1.495171884e-13  -1.577827959e-13
277.9195339  -1.489346567e-13  -1.571680607e-13
278  -1.486761922e-13  -1.568953077e-13
278.0804661  -1.484182509e-13  -1.566231069e-13
278.2612261  -1.478407096e-13  -1.56013638e-13
278.5220751  -1.470118939e-13  -1.551390038e-13
278.834721  -1.460256316e-13  -1.540982189e-13
279.165279  -1.449912494e-13  -1.53006654e-13
279.4779249  -1.440207754e-13  -1.519825302e-13
279.7387739  -1.432168783e-13  -1.511341922e-13
279.9195339  -1.426628735e-13  -1.505495608e-13
280  -1.424170603e-13  -1.502901586e-13
280.0804661  -1.421717412e-13  -1.500312778e-13
280.2612261  -1.416224486e-13  -1.494516192e-13
280.5220751  -1.408341408e-13  -1.486197322e-13
280.834721  -1.398960332e-13  -1.476297641e-13
281.165279  -1.389120987e-13  -1.465914358e-13
281.4779249  -1.379889025e-13  -1.456172035e-13
281.7387739  -1.372241293e-13  -1.448101521e-13
281.9195339  -1.366970659e-13  -1.442539515e-13
282  -1.364632013e-13  -1.440071584e-13
282.0804661  -1.362298034e-13  -1.437608578e-13
282.2612261  -1.357071915e-13  -1.432093549e-13
282.5220751  -1.349571446e-13  -1.424178439e-13
282.834721  -1.340645234e-13  -1.414758768e-13
283.165279  -1.331282442e-13  -1.404878383e-13
283.4779249  -1.322497119e-13  -1.39560739e-13
283.7387739  -1.315219015e-13  -1.387926938e-13
283.9195339  -1.310202926e-13  -1.382633549e-13
284  -1.307977174e-13  -1.380284753e-13
284.0804661  -1.305755832e-13  -1.377940611e-13
284.2612261  -1.30078181e-13  -1.372691615e-13
284.5220751  -1.293642875e-13  -1.365158025e-13
284.834721  -1.285146494e-13  -1.356191948e-13
285.165279  -1.27623406e-13  -1.346786816e-13
285.4779249  -1.26787085e-13  -1.337961272e-13
285.7387739  -1.260942098e-13  -1.330649485e-13
285.9195339  -1.2561666e-13  -1.325609988e-13
286  -1.254047557e-13  -1.323373799e-13
286.0804661  -1.251932682e-13  -1.321142011e-13
286.2612261  -1.247196956e-13  -1.316144484e-13
286.5220751  -1.240399775e-13  -1.308971541e-13
286.834721  -1.232309733e-13  -1.300434266e-13
287.165279  -1.223823068e-13  -1.291478441e-13
287.4779249  -1.215858952e-13  -1.283074053e-13
287.7387739  -1.209260518e-13  -1.276110844e-13
287.9195339  -1.204712514e-13  -1.271311417e-13
288  -1.202694372e-13  -1.269181708e-13
288.0804661  -1.200680173e-13  -1.26705616e-13
288.2612261  -1.196169784e-13  -1.262296428e-13
288.5220751  -1.189695786e-13  -1.255464535e-13
288.834721  -1.181990026e-13  -1.247332785e-13
289.165279  -1.173906042e-13  -1.238801902e-13
289.4779249  -1.166319402e-13  -1.230795858e-13
289.7387739  -1.160033411e-13  -1.224162364e-13
289.9195339  -1.155700599e-13  -1.219590026e-13
290  -1.153777905e-13  -1.217561042e-13
290.0804661  -1.151858941e-13  -1.215535994e-13
290.2612261  -1.147561718e-13  -1.211001212e-13
290.5220751  -1.141393462e-13  -1.204491962e-13
290.834721  -1.134051262e-13  -1.196743871e-13
291.165279  -1.126348271e-13  -1.188615043e-13
291.4779249  -1.119118798e-13  -1.18098591e-13
291.7387739  -1.113128456e-13  -1.17466441e-13
291.9195339  -1.108999278e-13  -1.170306964e-13
292  -1.107166907e-13  -1.168373296e-13
292.0804661  -1.105338068e-13  -1.166443354e-13
292.2612261  -1.101242575e-13  -1.162121455e-13
292.5220751  -1.095363669e-13  -1.155917551e-13
292.834721  -1.088365559e-13  -1.148532571e-13
293.165279  -1.081023177e-13  -1.140784288e-13
293.4779249  -1.074131782e-13  -1.133511923e-13
293.7387739  -1.068421304e-13  -1.127485758e-13
293.9195339  -1.064484896e-13  -1.123331738e-13
294  -1.062738032e-13  -1.121488303e-13
294.0804661  -1.060994511e-13  -1.119648397e-13
294.2612261  -1.057089998e-13  -1.115528035e-13
294.5220751  -1.051485033e-13  -1.109613217e-13
294.834721  -1.044812706e-13  -1.10257203e-13
295.165279  -1.037811769e-13  -1.095184067e-13
295.4779249  -1.031240504e-13  -1.08824953e-13
295.7387739  -1.025795046e-13  -1.082503036e-13
295.9195339  -1.022041191e-13  -1.078541661e-13
296  -1.020375304e-13  -1.07678368e-13
296.0804661  -1.018712583e-13  -1.075029041e-13
296.2612261  -1.014988939e-13  -1.071099546e-13
296.5220751  -1.009643425e-13  -1.065458521e-13
296.834721  -1.003279662e-13  -1.058742957e-13
297.165279  -9.966021434e-14  -1.051696292e-13
297.4779249  -9.90334126e-14  -1.045081766e-13
297.7387739  -9.851397247e-14  -1.039600208e-13
297.9195339  -9.815588114e-14  -1.035821334e-13
298  -9.799696389e-14  -1.034144309e-13
298.0804661  -9.783834672e-14  -1.032470451e-13
298.2612261  -9.748311804e-14  -1.028721787e-13
298.5220751  -9.697314808e-14  -1.023340165e-13
298.834721  -9.636600823e-14  -1.016933128e-13
299.165279  -9.572890188e-14  -1.010209859e-13
299.4779249  -9.513083603e-14  -1.003898578e-13
299.7387739  -9.463518744e-14  -9.986680879e-14
299.9195339  -9.429348566e-14  -9.950621706e-14
300  -9.414183881e-14  -9.934618687e-14
300.0804661  -9.399047642e-14  -9.918645686e-14
300.2612261  -9.365148813e-14  -9.882872863e-14
300.5220751  -9.316481625e-14  -9.831515256e-14
300.834721  -9.258538779e-14  -9.770369214e-14
301.165279  -9.197733013e-14  -9.706201984e-14
301.4779249  -9.14065044e-14  -9.645963773e-14
301.7387739  -9.093341008e-14  -9.596038982e-14
301.9195339  -9.060724614e-14  -9.561619488e-14
302  -9.046249204e-14  -9.546343849e-14
302.0804661  -9.031800767e-14  -9.531096674e-14
302.2612261  -8.999441675e-14  -9.496948707e-14
302.5220751  -8.952983443e-14  -9.447922172e-14
302.834721  -8.897668125e-14  -9.389548913e-14
303.165279  -8.839616842e-14  -9.328288439e-14
303.4779249  -8.785117406e-14  -9.270776166e-14
303.7387739  -8.739946868e-14  -9.223108511e-14
303.9195339  -8.708804033e-14  -9.190244038e-14
304  -8.694982325e-14  -9.175658239e-14
304.0804661  -8.681186203e-14  -9.161099439e-14
304.2612261  -8.650287436e-14  -9.128492527e-14
304.5220751  -8.605924315e-14  -9.081676925e-14
304.834721  -8.553101232e-14  -9.025933677e-14
305.165279  -8.49766275e-14  -8.967430445e-14
305.4779249  -8.445613718e-14  -8.912504039e-14
305.7387739  -8.40247227e-14  -8.866977646e-14
305.9195339  -8.372727401e-14  -8.835588421e-14
306  -8.359525873e-14  -8.821657087e-14
306.0804661  -8.346348624e-14  -8.807751373e-14
306.2612261  -8.316835349e-14  -8.776606545e-14
306.5220751  -8.274460053e-14  -8.731888659e-14
306.834721  -8.2240017e-14  -8.678640868e-14
307.165279  -8.171042482e-14  -8.622753959e-14
307.4779249  -8.121318746e-14  -8.570281396e-14
307.7387739  -8.080102884e-14  -8.52678704e-14
307.9195339  -8.051684721e-14  -8.496797864e-14
308  -8.039071775e-14  -8.483487649e-14
308.0804661  -8.026481873e-14  -8.470201752e-14
308.2612261  -7.998283544e-14  -8.440444563e-14
308.5220751  -7.957794927e-14  -8.397717655e-14
308.834721  -7.90958109e-14  -8.346838461e-14
309.165279  -7.858975229e-14  -8.293435008e-14
309.4779249  -7.811458821e-14  -8.243291798e-14
309.7387739  -7.772070945e-14  -8.201726482e-14
309.9195339  -7.744912289e-14  -8.173066442e-14
310  -7.732858124e-14  -8.160345898e-14
310.0804661  -7.72082584e-14  -8.147648446e-14
310.2612261  -7.693875925e-14  -8.119208685e-14
310.5220751  -7.655178595e-14  -8.078372091e-14
310.834721  -7.609095892e-14  -8.029741844e-14
311.165279  -7.560724628e-14  -7.97869652e-14
311.4779249  -7.51530427e-14  -7.930765235e-14
311.7387739  -7.477652309e-14  -7.891031799e-14
311.9195339  -7.451689767e-14  -7.863633995e-14
312  -7.440166269e-14  -7.851473456e-14
312.0804661  -7.428663556e-14  -7.83933485e-14
312.2612261  -7.402899286e-14  -7.81214628e-14
312.5220751  -7.365903244e-14  -7.773105023e-14
312.834721  -7.321844695e-14  -7.72661083e-14
313.165279  -7.275595968e-14  -7.677805381e-14
313.4779249  -7.232166655e-14  -7.631975209e-14
313.7387739  -7.196163722e-14  -7.593981963e-14
313.9195339  -7.171337467e-14  -7.567783262e-14
314  -7.160318105e-14  -7.556154728e-14
314.0804661  -7.149318492e-14  -7.544547035e-14
314.2612261  -7.124680628e-14  -7.518547141e-14
314.5220751  -7.089300927e-14  -7.481211579e-14
314.834721  -7.047165557e-14  -7.436746883e-14
315.165279  -7.00293359e-14  -7.390069684e-14
315.4779249  -6.961396196e-14  -7.346236021e-14
315.7387739  -6.926960267e-14  -7.309896406e-14
315.9195339  -6.903213817e-14  -7.284837204e-14
316  -6.892673542e-14  -7.273714242e-14
316.0804661  -6.882152038e-14  -7.262611088e-14
316.2612261  -6.858584649e-14  -7.237740847e-14
316.5220751  -6.824741086e-14  -7.202026344e-14
316.834721  -6.784433551e-14  -7.159490529e-14
317.165279  -6.74211846e-14  -7.114836176e-14
317.4779249  -6.702379377e-14  -7.072900237e-14
317.7387739  -6.66943299e-14  -7.038132508e-14
317.9195339  -6.646713002e-14  -7.014156514e-14
318  -6.636628157e-14  -7.003514159e-14
318.0804661  -6.626561159e-14  -6.992890637e-14
318.2612261  -6.604011419e-14  -6.969094302e-14
318.5220751  -6.57162824e-14  -6.934920917e-14
318.834721  -6.533058481e-14  -6.894218946e-14
319.165279  -6.492565913e-14  -6.851487868e-14
319.4779249  -6.454536712e-14  -6.811356337e-14
319.7387739  -6.423006685e-14  -6.778083267e-14
319.9195339  -6.401262763e-14  -6.755137298e-14
320  -6.391610996e-14  -6.744951962e-14
320.0804661  -6.381976203e-14  -6.734784539e-14
320.2612261  -6.360394201e-14  -6.712009441e-14
320.5220751  -6.32939983e-14  -6.679301639e-14
320.834721  -6.29248275e-14  -6.640343709e-14
321.165279  -6.253723544e-14  -6.599441818e-14
321.4779249  -6.217320658e-14  -6.561026508e-14
321.7387739  -6.187137829e-14  -6.529175111e-14
321.9195339  -6.166322344e-14  -6.507208905e-14
322  -6.157082531e-14  -6.497458297e-14
322.0804661  -6.147858866e-14  -6.48772473e-14
322.2612261  -6.127197428e-14  -6.465921086e-14
322.5220751  -6.09752421e-14  -6.434607473e-14
322.834721  -6.062179369e-14  -6.397308699e-14
323.165279  -6.025069244e-14  -6.358147053e-14
323.4779249  -5.990213671e-14  -6.321364595e-14
323.7387739  -5.961312655e-14  -6.290865873e-14
323.9195339  -5.941380576e-14  -6.269831909e-14
324  -5.932532744e-14  -6.260494951e-14
324.0804661  -5.92370028e-14  -6.251174211e-14
324.2612261  -5.903914803e-14  -6.230294953e-14
324.5220751  -5.875498768e-14  -6.200308024e-14
324.834721  -5.841650107e-14  -6.164588141e-14
325.165279  -5.806109361e-14  -6.127082632e-14
325.4779249  -5.772726393e-14  -6.091854188e-14
325.7387739  -5.745045353e-14  -6.062642884e-14
325.9195339  -5.725954091e-14  -6.04249622e-14
326  -5.71747935e-14  -6.033552979e-14
326.0804661  -5.709019239e-14  -6.024625176e-14
326.2612261  -5.690067537e-14  -6.004625786e-14
326.5220751  -5.662848181e-14  -5.975901689e-14
326.834721  -5.630423752e-14  -5.941684774e-14
327.165279  -5.596376993e-14  -5.905755842e-14
327.4779249  -5.564395954e-14  -5.872006827e-14
327.7387739  -5.537876388e-14  -5.844021208e-14
327.9195339  -5.519585652e-14  -5.824719323e-14
328  -5.511466131e-14  -5.816150938e-14
328.0804661  -5.50336054e-14  -5.807597255e-14
328.2612261  -5.485202699e-14  -5.788435612e-14
328.5220751  -5.459122771e-14  -5.760913934e-14
328.834721  -5.428054498e-14  -5.728128145e-14
329.165279  -5.395430382e-14  -5.693700503e-14
329.4779249  -5.364784389e-14  -5.661360339e-14
329.7387739  -5.339370935e-14  -5.634541978e-14
329.9195339  -5.32184259e-14  -5.616044632e-14
330  -5.314061374e-14  -5.607833254e-14
330.0804661  -5.306293427e-14  -5.59963588e-14
330.2612261  -5.288891669e-14  -5.581272117e-14
330.5220751  -5.263896983e-14  -5.554895676e-14
330.834721  -5.234120428e-14  -5.523473014e-14
331.165279  -5.202851422e-14  -5.490475395e-14
331.4779249  -5.173477161e-14  -5.459477266e-14
331.7387739  -5.149117406e-14  -5.433770855e-14
331.9195339  -5.13231535e-14  -5.416039949e-14
332  -5.124856425e-14  -5.408168679e-14
332.0804661  -5.117410143e-14  -5.400310752e-14
332.2612261  -5.100728701e-14  -5.382707127e-14
332.5220751  -5.076767953e-14  -5.357421781e-14
332.834721  -5.048222101e-14  -5.327297858e-14
333.165279  -5.018244258e-14  -5.29566278e-14
333.4779249  -4.990081772e-14  -5.265943415e-14
333.7387739  -4.966726081e-14  -5.241296575e-14
333.9195339  -4.950616124e-14  -5.224296028e-14
334  -4.943464324e-14  -5.216748862e-14
334.0804661  -4.936324575e-14  -5.209214413e-14
334.2612261  -4.920329573e-14  -5.192335177e-14
334.5220751  -4.897354171e-14  -5.168089648e-14
334.834721  -4.869981231e-14  -5.139203478e-14
335.165279  -4.841233978e-14  -5.10886702e-14
335.4779249  -4.814226472e-14  -5.080366485e-14
335.7387739  -4.791827824e-14  -5.056729595e-14
335.9195339  -4.776377578e-14  -5.040425228e-14
336  -4.769518535e-14  -5.033187004e-14
336.0804661  -4.76267098e-14  -5.025960903e-14
336.2612261  -4.747330327e-14  -5.009772188e-14
336.5220751  -4.725294232e-14  -4.986517893e-14
336.834721  -4.699039449e-14  -4.958811694e-14
337.165279  -4.671465391e-14  -4.929713287e-14
337.4779249  -4.645559048e-14  -4.90237479e-14
337.7387739  -4.624072886e-14  -4.87970083e-14
337.9195339  -4.609251654e-14  -4.864060251e-14
338  -4.602671752e-14  -4.857116599e-14
338.0804661  -4.596102806e-14  -4.850184509e-14
338.2612261  -4.581386086e-14  -4.834654219e-14
338.5220751  -4.560245666e-14  -4.812345115e-14
338.834721  -4.535057142e-14  -4.78576412e-14
339.165279  -4.508601879e-14  -4.757846356e-14
339.4779249  -4.483745685e-14  -4.731616063e-14
339.7387739  -4.463129772e-14  -4.709860461e-14
339.9195339  -4.448908458e-14  -4.694852964e-14
340  -4.44259479e-14  -4.688190264e-14
340.0804661  -4.436291572e-14  -4.681538592e-14
340.2612261  -4.422169951e-14  -4.6666363e-14
340.5220751  -4.401883841e-14  -4.645228733e-14
340.834721  -4.377712374e-14  -4.619721019e-14
341.165279  -4.352324326e-14  -4.592929469e-14
341.4779249  -4.328469912e-14  -4.567756336e-14
341.7387739  -4.308684197e-14  -4.546876828e-14
341.9195339  -4.295035209e-14  -4.532473296e-14
342  -4.288975534e-14  -4.52607863e-14
342.0804661  -4.282925831e-14  -4.519694487e-14
342.2612261  -4.269371966e-14  -4.505391338e-14
342.5220751  -4.249900936e-14  -4.484843911e-14
342.834721  -4.226699863e-14  -4.460360237e-14
343.165279  -4.202330111e-14  -4.434643276e-14
343.4779249  -4.179431599e-14  -4.410478889e-14
343.7387739  -4.160438094e-14  -4.390435385e-14
343.9195339  -4.147335259e-14  -4.376608199e-14
344  -4.141517967e-14  -4.370469315e-14
344.0804661  -4.135710192e-14  -4.364340475e-14
344.2612261  -4.122698145e-14  -4.350609096e-14
344.5220751  -4.104004983e-14  -4.330882539e-14
344.834721  -4.081730035e-14  -4.307376188e-14
345.165279  -4.058332167e-14  -4.28268484e-14
345.4779249  -4.03634603e-14  -4.259483266e-14
345.7387739  -4.018108691e-14  -4.240237729e-14
345.9195339  -4.005527175e-14  -4.226960683e-14
346  -3.999941248e-14  -4.221065955e-14
346.0804661  -3.994364408e-14  -4.215180815e-14
346.2612261  -3.981869566e-14  -4.201995234e-14
346.5220751  -3.963918959e-14  -4.183052281e-14
346.834721  -3.942528127e-14  -4.160478921e-14
347.165279  -3.920058099e-14  -4.136766706e-14
347.4779249  -3.898943026e-14  -4.11448435e-14
347.7387739  -3.881427642e-14  -4.096000681e-14
347.9195339  -3.869343876e-14  -4.0832489e-14
348  -3.863978858e-14  -4.077587293e-14
348.0804661  -3.858622517e-14  -4.071934842e-14
348.2612261  -3.846621519e-14  -4.059270406e-14
348.5220751  -3.829379946e-14  -4.041075684e-14
348.834721  -3.808833352e-14  -4.019393234e-14
349.165279  -3.787249351e-14  -3.996616027e-14
349.4779249  -3.766966125e-14  -3.975211504e-14
349.7387739  -3.750140218e-14  -3.957455427e-14
349.9195339  -3.738531824e-14  -3.945205297e-14
350  -3.733377786e-14  -3.939766334e-14
350.0804661  -3.728232036e-14  -3.934336117e-14
350.2612261  -3.716702701e-14  -3.922169417e-14
350.5220751  -3.700138336e-14  -3.904689341e-14
350.834721  -3.680398114e-14  -3.88385784e-14
351.165279  -3.659660437e-14  -3.861973743e-14
351.4779249  -3.640171814e-14  -3.841407751e-14
351.7387739  -3.624004541e-14  -3.824346718e-14
351.9195339  -3.612850265e-14  -3.812575812e-14
352  -3.607897778e-14  -3.807349542e-14
352.0804661  -3.602953211e-14  -3.802131629e-14
352.2612261  -3.591874471e-14  -3.790440435e-14
352.5220751  -3.575957084e-14  -3.773643103e-14
352.834721  -3.556987269e-14  -3.753624599e-14
353.165279  -3.537058202e-14  -3.732593813e-14
353.4779249  -3.518328806e-14  -3.712829018e-14
353.7387739  -3.502790865e-14  -3.696432109e-14
353.9195339  -3.492070517e-14  -3.68511912e-14
354  -3.487310625e-14  -3.680096091e-14
354.0804661  -3.482558301e-14  -3.675081049e-14
354.2612261  -3.471910143e-14  -3.663844239e-14
354.5220751  -3.456611015e-14  -3.647699345e-14
354.834721  -3.438377435e-14  -3.628457777e-14
355.165279  -3.419221144e-14  -3.608242488e-14
355.4779249  -3.401217359e-14  -3.589243418e-14
355.7387739  -3.386280909e-14  -3.573481251e-14
355.9195339  -3.375975305e-14  -3.562605933e-14
356  -3.371399494e-14  -3.557777163e-14
356.0804661  -3.366830918e-14  -3.552956026e-14
356.2612261  -3.356594322e-14  -3.542153531e-14
356.5220751  -3.34188616e-14  -3.526632273e-14
356.834721  -3.324356341e-14  -3.50813337e-14
357.165279  -3.305938769e-14  -3.488697638e-14
357.4779249  -3.288628644e-14  -3.470430575e-14
357.7387739  -3.274267221e-14  -3.455275224e-14
357.9195339  -3.264358124e-14  -3.444818332e-14
358  -3.259958304e-14  -3.440175282e-14
358.0804661  -3.255565401e-14  -3.43553953e-14
358.2612261  -3.245722287e-14  -3.425152269e-14
358.5220751  -3.231579147e-14  -3.410227268e-14
358.834721  -3.214722215e-14  -3.392438451e-14
359.165279  -3.197010984e-14  -3.373748109e-14
359.4779249  -3.180364144e-14  -3.356180999e-14
359.7387739  -3.166552587e-14  -3.341605911e-14
359.9195339  -3.157022657e-14  -3.331549147e-14
360  -3.152791134e-14  -3.327083697e-14
360.0804661  -3.148566227e-14  -3.322625229e-14
360.2612261  -3.139099404e-14  -3.312635061e-14
360.5220751  -3.125496614e-14  -3.298280282e-14
360.834721  -3.109283212e-14  -3.281170571e-14
361.165279  -3.092247533e-14  -3.263193126e-14
361.4779249  -3.07623509e-14  -3.246295483e-14
361.7387739  -3.062949469e-14  -3.232275406e-14
361.9195339  -3.053782215e-14  -3.222601369e-14
362  -3.049711672e-14  -3.218305798e-14
362.0804661  -3.045647458e-14  -3.214016906e-14
362.2612261  -3.036540576e-14  -3.204406577e-14
362.5220751  -3.023454672e-14  -3.190597258e-14
362.834721  -3.007856875e-14  -3.174137185e-14
363.165279  -2.991467459e-14  -3.156841729e-14
363.4779249  -2.976061933e-14  -3.140584555e-14
363.7387739  -2.963279484e-14  -3.127095466e-14
363.9195339  -2.954459218e-14  -3.117787599e-14
364  -2.950542694e-14  -3.113654562e-14
364.0804661  -2.946632227e-14  -3.109527916e-14
364.2612261  -2.937869729e-14  -3.10028101e-14
364.5220751  -2.925278385e-14  -3.086993591e-14
364.834721  -2.910269625e-14  -3.071155118e-14
365.165279  -2.894498605e-14  -3.054512244e-14
365.4779249  -2.879673848e-14  -3.038867944e-14
365.7387739  -2.867372909e-14  -3.025886985e-14
365.9195339  -2.858884702e-14  -3.016929533e-14
366  -2.855115573e-14  -3.012952039e-14
366.0804661  -2.85135224e-14  -3.008980661e-14
366.2612261  -2.842919323e-14  -3.000081557e-14
366.5220751  -2.830801293e-14  -2.987293618e-14
366.834721  -2.816356285e-14  -2.972050061e-14
367.165279  -2.801177138e-14  -2.95603178e-14
367.4779249  -2.786908261e-14  -2.940974092e-14
367.7387739  -2.775068214e-14  -2.928479504e-14
367.9195339  -2.766897856e-14  -2.919857472e-14
368  -2.763269816e-14  -2.916028866e-14
368.0804661  -2.759647325e-14  -2.912206117e-14
368.2612261  -2.751529898e-14  -2.903639943e-14
368.5220751  -2.739864957e-14  -2.891330141e-14
368.834721  -2.72595963e-14  -2.876656099e-14
369.165279  -2.711347105e-14  -2.861235765e-14
369.4779249  -2.697610416e-14  -2.846739684e-14
369.7387739  -2.68621163e-14  -2.834710751e-14
369.9195339  -2.678345591e-14  -2.826409861e-14
370  -2.674852636e-14  -2.822723809e-14
370.0804661  -2.671364995e-14  -2.819043364e-14
370.2612261  -2.663549641e-14  -2.810795962e-14
370.5220751  -2.652318531e-14  -2.798943974e-14
370.834721  -2.638929964e-14  -2.78481526e-14
371.165279  -2.624860018e-14  -2.769967499e-14
371.4779249  -2.611632951e-14  -2.756009214e-14
371.7387739  -2.600656733e-14  -2.744426208e-14
371.9195339  -2.593082126e-14  -2.736432863e-14
372  -2.58971854e-14  -2.73288333e-14
372.0804661  -2.586360042e-14  -2.729339168e-14
372.2612261  -2.578833982e-14  -2.721397052e-14
372.5220751  -2.568018361e-14  -2.709983523e-14
372.834721  -2.555124723e-14  -2.696377098e-14
373.165279  -2.541574451e-14  -2.682077741e-14
373.4779249  -2.528835514e-14  -2.66863457e-14
373.7387739  -2.518264054e-14  -2.657478699e-14
373.9195339  -2.510968607e-14  -2.649779944e-14
374  -2.50772894e-14  -2.646361183e-14
374.0804661  -2.50449415e-14  -2.642947567e-14
374.2612261  -2.49724521e-14  -2.635297891e-14
374.5220751  -2.486827605e-14  -2.62430438e-14
374.834721  -2.474408095e-14  -2.611198295e-14
375.165279  -2.461355678e-14  -2.597424315e-14
375.4779249  -2.449084392e-14  -2.584474647e-14
375.7387739  -2.438900722e-14  -2.573728004e-14
375.9195339  -2.431872736e-14  -2.566311497e-14
376  -2.428751801e-14  -2.56301803e-14
376.0804661  -2.425635537e-14  -2.559729493e-14
376.2612261  -2.418652116e-14  -2.552360015e-14
376.5220751  -2.408615875e-14  -2.54176895e-14
376.834721  -2.396650673e-14  -2.529142288e-14
377.165279  -2.384075316e-14  -2.51587174e-14
377.4779249  -2.372252162e-14  -2.503394979e-14
377.7387739  -2.36244011e-14  -2.493040497e-14
377.9195339  -2.355668439e-14  -2.485894474e-14
378  -2.352661287e-14  -2.482721081e-14
378.0804661  -2.349658612e-14  -2.479552413e-14
378.2612261  -2.342929654e-14  -2.472451465e-14
378.5220751  -2.333258904e-14  -2.462246096e-14
378.834721  -2.321729117e-14  -2.450078919e-14
379.165279  -2.309610995e-14  -2.437290884e-14
379.4779249  -2.298217369e-14  -2.425267395e-14
379.7387739  -2.288761516e-14  -2.415288804e-14
379.9195339  -2.282235532e-14  -2.40840205e-14
380  -2.279337447e-14  -2.405343753e-14
380.0804661  -2.276443654e-14  -2.402289986e-14
380.2612261  -2.269958617e-14  -2.395446444e-14
380.5220751  -2.260638226e-14  -2.385610803e-14
380.834721  -2.249525839e-14  -2.3738841e-14
381.165279  -2.237846051e-14  -2.361558631e-14
381.4779249  -2.22686421e-14  -2.349969692e-14
381.7387739  -2.217749856e-14  -2.340351479e-14
381.9195339  -2.211459424e-14  -2.333713298e-14
382  -2.208665908e-14  -2.330765352e-14
382.0804661  -2.205876509e-14  -2.327821749e-14
382.2612261  -2.19962534e-14  -2.321225003e-14
382.5220751  -2.190640876e-14  -2.31174386e-14
382.834721  -2.179928708e-14  -2.300439502e-14
383.165279  -2.168669228e-14  -2.288557575e-14
383.4779249  -2.158082252e-14  -2.27738533e-14
383.7387739  -2.149295374e-14  -2.268112696e-14
383.9195339  -2.143230826e-14  -2.261712888e-14
384  -2.14053759e-14  -2.258870765e-14
384.0804661  -2.137848302e-14  -2.256032808e-14
384.2612261  -2.131821412e-14  -2.249672739e-14
384.5220751  -2.12315911e-14  -2.240531567e-14
384.834721  -2.112830773e-14  -2.229632259e-14
385.165279  -2.101974402e-14  -2.218175727e-14
385.4779249  -2.091766148e-14  -2.20740314e-14
385.7387739  -2.083293367e-14  -2.198461967e-14
385.9195339  -2.077445482e-14  -2.192290799e-14
386  -2.074848433e-14  -2.18955018e-14
386.0804661  -2.072255171e-14  -2.186813557e-14
386.2612261  -2.06644341e-14  -2.180680511e-14
386.5220751  -2.058090134e-14  -2.17186545e-14
386.834721  -2.048129991e-14  -2.161354689e-14
387.165279  -2.03766032e-14  -2.150306235e-14
387.4779249  -2.027815383e-14  -2.13991705e-14
387.7387739  -2.019643934e-14  -2.131293867e-14
387.9195339  -2.01400391e-14  -2.125342051e-14
388  -2.011499142e-14  -2.122698814e-14
388.0804661  -2.008998007e-14  -2.120059412e-14
388.2612261  -2.003392644e-14  -2.114144174e-14
388.5220751  -1.99533586e-14  -2.105641994e-14
388.834721  -1.985728984e-14  -2.095504032e-14
389.165279  -1.975630353e-14  -2.084847127e-14
389.4779249  -1.96613403e-14  -2.074825829e-14
389.7387739  -1.958251726e-14  -2.066507776e-14
389.9195339  -1.952811163e-14  -2.060766447e-14
390  -1.950394946e-14  -2.058216658e-14
390.0804661  -1.947982217e-14  -2.055670548e-14
390.2612261  -1.942574918e-14  -2.049964323e-14
390.5220751  -1.934802659e-14  -2.041762397e-14
390.834721  -1.925534805e-14  -2.031982198e-14
391.165279  -1.915792259e-14  -2.021701065e-14
391.4779249  -1.906630514e-14  -2.01203284e-14
391.7387739  -1.899025722e-14  -2.00400764e-14
391.9195339  -1.893776597e-14  -1.998468334e-14
392  -1.891445374e-14  -1.996008235e-14
392.0804661  -1.889117497e-14  -1.993551669e-14
392.2612261  -1.883900303e-14  -1.988046058e-14
392.5220751  -1.876401143e-14  -1.98013233e-14
392.834721  -1.867458706e-14  -1.970695537e-14
393.165279  -1.858057969e-14  -1.960775109e-14
393.4779249  -1.849217397e-14  -1.951445812e-14
393.7387739  -1.841879007e-14  -1.943701741e-14
393.9195339  -1.836813662e-14  -1.938356373e-14
394  -1.83456403e-14  -1.935982378e-14
394.0804661  -1.832317613e-14  -1.933611774e-14
394.2612261  -1.827282925e-14  -1.928298758e-14
394.5220751  -1.820045952e-14  -1.920661711e-14
394.834721  -1.811415938e-14  -1.911554614e-14
395.165279  -1.802343374e-14  -1.9019805e-14
395.4779249  -1.793811172e-14  -1.892976621e-14
395.7387739  -1.786728571e-14  -1.885502479e-14
395.9195339  -1.781839688e-14  -1.880343329e-14
396  -1.779668402e-14  -1.87805201e-14
396.0804661  -1.777500202e-14  -1.875763948e-14
396.2612261  -1.772640759e-14  -1.870635865e-14
396.5220751  -1.76565555e-14  -1.8632645e-14
396.834721  -1.757325548e-14  -1.854473999e-14
397.165279  -1.748568128e-14  -1.845232451e-14
397.4779249  -1.740332064e-14  -1.836541081e-14
397.7387739  -1.733495113e-14  -1.82932617e-14
397.9195339  -1.728775702e-14  -1.82434586e-14
398  -1.726679658e-14  -1.822133944e-14
398.0804661  -1.72458658e-14  -1.819925155e-14
398.2612261  -1.719895445e-14  -1.814974685e-14
398.5220751  -1.713152039e-14  -1.80785849e-14
398.834721  -1.705110188e-14  -1.79937207e-14
399.165279  -1.696655464e-14  -1.790449952e-14
399.4779249  -1.688703849e-14  -1.782058756e-14
399.7387739  -1.68210286e-14  -1.775092851e-14
399.9195339  -1.677546239e-14  -1.770284331e-14
