#L=8 M=0
#R     Re(V)   Im(V)

0.08046609183  -1.859642594e-12  0
0.2612261349  -2.482153801e-08  0
0.5220750502  -6.319539767e-06  0
0.8347210423  -0.000270022493  0
1.165278958  -0.003898127701  0
1.47792495  -0.02612190694  0
1.738773865  -0.09594627753  0
1.919533908  -0.2117519423  0
2  -0.2939208497  0
2.080466092  -0.2064940768  0
2.261226135  -0.09836940048  0
2.52207505  -0.03914747688  0
2.834721042  -0.01988423809  0
3.165278958  -0.02222908538  0
3.47792495  -0.03943295709  0
3.738773865  -0.06798622342  0
3.919533908  -0.09850810331  0
4  -0.1157380679  0
4.080466092  -0.09665324133  0
4.261226135  -0.0652652027  0
4.52207505  -0.03805357866  0
4.834721042  -0.02069807322  0
5.165278958  -0.011305528  0
5.47792495  -0.006591372089  0
5.738773865  -0.004293617093  0
5.919533908  -0.003223893633  0
6  -0.002845213034  0
6.080466092  -0.002514893387  0
6.261226135  -0.001916379652  0
6.52207505  -0.001310996882  0
6.834721042  -0.0008469851263  0
7.165278958  -0.0005443779836  0
7.47792495  -0.000364622619  0
7.738773865  -0.0002641347702  0
7.919533908  -0.0002125299887  0
8  -0.0001932236698  0
8.080466092  -0.0001758330233  0
8.261226135  -0.0001427291242  0
8.52207505  -0.0001064500379  0
8.834721042  -7.576447462e-05  0
9.165278958  -5.35678632e-05  0
9.47792495  -3.903762884e-05  0
9.738773865  -3.022344344e-05  0
9.919533908  -2.54169382e-05  0
10  -2.355576984e-05  0
10.08046609  -2.184482882e-05  0
10.26122613  -1.848304084e-05  0
10.52207505  -1.460132082e-05  0
10.83472104  -1.109652787e-05  0
11.16527896  -8.377330706e-06  0
11.47792495  -6.474166774e-06  0
11.73877387  -5.251837656e-06  0
11.91953391  -4.556399075e-06  0
12  -4.280439039e-06  0
12.08046609  -4.023028112e-06  0
12.26122613  -3.505535793e-06  0
12.52207505  -2.884967906e-06  0
12.83472104  -2.297382262e-06  0
13.16527896  -1.817551122e-06  0
13.47792495  -1.464839098e-06  0
13.73877387  -1.228603168e-06  0
13.91953391  -1.08994161e-06  0
14  -1.033919661e-06  0
14.08046609  -9.810986537e-07  0
14.26122613  -8.730963944e-07  0
14.52207505  -7.399106587e-07  0
14.83472104  -6.093003012e-07  0
15.16527896  -4.985374905e-07  0
15.47792495  -4.141230874e-07  0
15.73877387  -3.558114177e-07  0
15.91953391  -3.207898259e-07  0
16  -3.064516646e-07  0
16.08046609  -2.928250617e-07  0
16.26122613  -2.646119203e-07  0
16.52207505  -2.290929515e-07  0
16.83472104  -1.933438209e-07  0
17.16527896  -1.621660996e-07  0
17.47792495  -1.37758244e-07  0
17.73877387  -1.205052236e-07  0
17.91953391  -1.099638796e-07  0
18  -1.056051168e-07  0
18.08046609  -1.01437908e-07  0
18.26122613  -9.272816584e-08  0
18.52207505  -8.159045064e-08  0
18.83472104  -7.015775935e-08  0
19.16527896  -5.997234357e-08  0
19.47792495  -5.183320085e-08  0
19.73877387  -4.597731394e-08  0
19.91953391  -4.235179237e-08  0
20  -4.08411143e-08  0
20.08046609  -3.939013102e-08  0
20.26122613  -3.633512999e-08  0
20.52207505  -3.238058406e-08  0
20.83472104  -2.825819707e-08  0
21.16527896  -2.452340542e-08  0
21.47792495  -2.149003999e-08  0
21.73877387  -1.927670089e-08  0
21.91953391  -1.78918072e-08  0
22  -1.731119194e-08  0
22.08046609  -1.675144465e-08  0
22.26122613  -1.556592485e-08  0
22.52207505  -1.40161529e-08  0
22.83472104  -1.238029041e-08  0
23.16527896  -1.087787111e-08  0
23.47792495  -9.64131458e-09  0
23.73877387  -8.728578141e-09  0
23.91953391  -8.152490262e-09  0
24  -7.909739126e-09  0
24.08046609  -7.674993904e-09  0
24.26122613  -7.17537574e-09  0
24.52207505  -6.516900111e-09  0
24.83472104  -5.814590476e-09  0
25.16527896  -5.16219186e-09  0
25.47792495  -4.619247612e-09  0
25.73877387  -4.214592217e-09  0
25.91953391  -3.95731552e-09  0
26  -3.848441387e-09  0
26.08046609  -3.742885413e-09  0
26.26122613  -3.51729646e-09  0
26.52207505  -3.217922682e-09  0
26.83472104  -2.895799459e-09  0
27.16527896  -2.593665718e-09  0
27.47792495  -2.339836866e-09  0
27.73877387  -2.14909326e-09  0
27.91953391  -2.027061412e-09  0
28  -1.975231527e-09  0
28.08046609  -1.924869968e-09  0
28.26122613  -1.816858188e-09  0
28.52207505  -1.67266801e-09  0
28.83472104  -1.516344277e-09  0
29.16527896  -1.368498151e-09  0
29.47792495  -1.243274752e-09  0
29.73877387  -1.14850179e-09  0
29.91953391  -1.087541243e-09  0
30  -1.06156804e-09  0
30.08046609  -1.036282241e-09  0
30.26122613  -9.818844381e-10  0
30.52207505  -9.08892481e-10  0
30.83472104  -8.292371483e-10  0
31.16527896  -7.533551375e-10  0
31.47792495  -6.886269731e-10  0
31.73877387  -6.393336503e-10  0
31.91953391  -6.074772054e-10  0
32  -5.938667996e-10  0
32.08046609  -5.805943718e-10  0
32.26122613  -5.519643297e-10  0
32.52207505  -5.133748582e-10  0
32.83472104  -4.710194434e-10  0
33.16527896  -4.304135279e-10  0
33.47792495  -3.95559677e-10  0
33.73877387  -3.688715267e-10  0
33.91953391  -3.515522692e-10  0
34  -3.441347544e-10  0
34.08046609  -3.368907264e-10  0
34.26122613  -3.212274662e-10  0
34.52207505  -3.00031429e-10  0
34.83472104  -2.766481346e-10  0
35.16527896  -2.541043941e-10  0
35.47792495  -2.346469317e-10  0
35.73877387  -2.196756588e-10  0
35.91953391  -2.099242161e-10  0
36  -2.057388306e-10  0
36.08046609  -2.01645958e-10  0
36.26122613  -1.927775275e-10  0
36.52207505  -1.807339628e-10  0
36.83472104  -1.673872233e-10  0
37.16527896  -1.544550809e-10  0
37.47792495  -1.432382268e-10  0
37.73877387  -1.345701384e-10  0
37.91953391  -1.289056211e-10  0
38  -1.264696745e-10  0
38.08046609  -1.240847677e-10  0
38.26122613  -1.189073824e-10  0
38.52207505  -1.118540498e-10  0
38.83472104  -1.040056809e-10  0
39.16527896  -9.636686989e-11  0
39.47792495  -8.971187148e-11  0
39.73877387  -8.454902523e-11  0
39.91953391  -8.116515328e-11  0
40  -7.97074376e-11  0
40.08046609  -7.827875333e-11  0
40.26122613  -7.517194668e-11  0
40.52207505  -7.09273413e-11  0
40.83472104  -6.618695964e-11  0
41.16527896  -6.155441452e-11  0
41.47792495  -5.750234774e-11  0
41.73877387  -5.434775233e-11  0
41.91953391  -5.227460537e-11  0
42  -5.138012496e-11  0
42.08046609  -5.050261848e-11  0
42.26122613  -4.859145808e-11  0
42.52207505  -4.597362222e-11  0
42.83472104  -4.304029936e-11  0
43.16527896  -4.016315327e-11  0
43.47792495  -3.763738945e-11  0
43.73877387  -3.566476212e-11  0
43.91953391  -3.436523094e-11  0
44  -3.380373445e-11  0
44.08046609  -3.325241318e-11  0
44.26122613  -3.204998301e-11  0
44.52207505  -3.039906271e-11  0
44.83472104  -2.854358524e-11  0
45.16527896  -2.671754179e-11  0
45.47792495  -2.510920741e-11  0
45.73877387  -2.384943563e-11  0
45.91953391  -2.301767897e-11  0
46  -2.265782847e-11  0
46.08046609  -2.230421798e-11  0
46.26122613  -2.153200715e-11  0
46.52207505  -2.046949233e-11  0
46.83472104  -1.927202407e-11  0
47.16527896  -1.808993903e-11  0
47.47792495  -1.704563573e-11  0
47.73877387  -1.622547528e-11  0
47.91953391  -1.568286857e-11  0
48  -1.54478354e-11  0
48.08046609  -1.521670945e-11  0
48.26122613  -1.471138653e-11  0
48.52207505  -1.401472185e-11  0
48.83472104  -1.322757914e-11  0
49.16527896  -1.244836177e-11  0
49.47792495  -1.175805459e-11  0
49.73877387  -1.121458209e-11  0
49.91953391  -1.085435632e-11  0
50  -1.069815118e-11  0
50.08046609  -1.054443977e-11  0
50.26122613  -1.020800932e-11  0
50.52207505  -9.74334662e-12  0
50.83472104  -9.217109937e-12  0
51.16527896  -8.694821152e-12  0
51.47792495  -8.230940804e-12  0
51.73877387  -7.864906766e-12  0
51.91953391  -7.621872933e-12  0
52  -7.516379113e-12  0
52.08046609  -7.41250517e-12  0
52.26122613  -7.184927939e-12  0
52.52207505  -6.870081457e-12  0
52.83472104  -6.512743901e-12  0
53.16527896  -6.157237378e-12  0
53.47792495  -5.840739581e-12  0
53.73877387  -5.590478633e-12  0
53.91953391  -5.424049011e-12  0
54  -5.351739077e-12  0
54.08046609  -5.280498658e-12  0
54.26122613  -5.124273962e-12  0
54.52207505  -4.907805958e-12  0
54.83472104  -4.661632401e-12  0
55.16527896  -4.416176292e-12  0
55.47792495  -4.197173202e-12  0
55.73877387  -4.023667373e-12  0
55.91953391  -3.908110942e-12  0
56  -3.857860564e-12  0
56.08046609  -3.80832707e-12  0
56.26122613  -3.699610768e-12  0
56.52207505  -3.548753986e-12  0
56.83472104  -3.37687648e-12  0
57.16527896  -3.205146063e-12  0
57.47792495  -3.051610081e-12  0
57.73877387  -2.929751307e-12  0
57.91953391  -2.848480461e-12  0
58  -2.813110733e-12  0
58.08046609  -2.778228318e-12  0
58.26122613  -2.701607087e-12  0
58.52207505  -2.595143151e-12  0
58.83472104  -2.47363423e-12  0
59.16527896  -2.351995688e-12  0
59.47792495  -2.243037285e-12  0
59.73877387  -2.156413437e-12  0
59.91953391  -2.098567445e-12  0
60  -2.07337337e-12  0
60.08046609  -2.048514919e-12  0
60.26122613  -1.993871169e-12  0
60.52207505  -1.917849316e-12  0
60.83472104  -1.830944084e-12  0
61.16527896  -1.743789759e-12  0
61.47792495  -1.665581797e-12  0
61.73877387  -1.603307295e-12  0
61.91953391  -1.56167142e-12  0
62  -1.543524631e-12  0
62.08046609  -1.525611837e-12  0
62.26122613  -1.486208522e-12  0
62.52207505  -1.431325205e-12  0
62.83472104  -1.368489746e-12  0
63.16527896  -1.305368125e-12  0
63.47792495  -1.248631469e-12  0
63.73877387  -1.203387309e-12  0
63.91953391  -1.173103618e-12  0
64  -1.159895875e-12  0
64.08046609  -1.146853151e-12  0
64.26122613  -1.118143901e-12  0
64.52207505  -1.07811189e-12  0
64.83472104  -1.032214488e-12  0
65.16527896  -9.86035251e-13  0
65.47792495  -9.444622405e-13  0
65.73877387  -9.112643367e-13  0
65.91953391  -8.890201776e-13  0
66  -8.793127084e-13  0
66.08046609  -8.697228726e-13  0
66.26122613  -8.486010354e-13  0
66.52207505  -8.191183946e-13  0
66.83472104  -7.852709151e-13  0
67.16527896  -7.511650347e-13  0
67.47792495  -7.204159171e-13  0
67.73877387  -6.958294225e-13  0
67.91953391  -6.793389213e-13  0
68  -6.721381641e-13  0
68.08046609  -6.650221132e-13  0
68.26122613  -6.493397731e-13  0
68.52207505  -6.274284594e-13  0
68.83472104  -6.022416109e-13  0
69.16527896  -5.768269911e-13  0
69.47792495  -5.538819558e-13  0
69.73877387  -5.355129813e-13  0
69.91953391  -5.231811023e-13  0
70  -5.177932798e-13  0
70.08046609  -5.124670366e-13  0
70.26122613  -5.007226648e-13  0
70.52207505  -4.842983917e-13  0
70.83472104  -4.653964631e-13  0
71.16527896  -4.462984363e-13  0
71.47792495  -4.290336383e-13  0
71.73877387  -4.151960598e-13  0
71.91953391  -4.058980754e-13  0
72  -4.018336497e-13  0
72.08046609  -3.978143945e-13  0
72.26122613  -3.889473634e-13  0
72.52207505  -3.765362321e-13  0
72.83472104  -3.622368419e-13  0
73.16527896  -3.477710886e-13  0
73.47792495  -3.346777353e-13  0
73.73877387  -3.241720468e-13  0
73.91953391  -3.171069725e-13  0
74  -3.140170954e-13  0
74.08046609  -3.109606351e-13  0
74.26122613  -3.042143731e-13  0
74.52207505  -2.947639154e-13  0
74.83472104  -2.838641011e-13  0
75.16527896  -2.728244621e-13  0
75.47792495  -2.628204787e-13  0
75.73877387  -2.547852835e-13  0
75.91953391  -2.493773303e-13  0
76  -2.470110827e-13  0
76.08046609  -2.446697559e-13  0
76.26122613  -2.394995585e-13  0
76.52207505  -2.322512848e-13  0
76.83472104  -2.238829909e-13  0
77.16527896  -2.153978653e-13  0
77.47792495  -2.077002136e-13  0
77.73877387  -2.015113868e-13  0
77.91953391  -1.973429678e-13  0
78  -1.955182699e-13  0
78.08046609  -1.937122991e-13  0
78.26122613  -1.89722544e-13  0
78.52207505  -1.841250419e-13  0
78.83472104  -1.776564391e-13  0
79.16527896  -1.710905616e-13  0
79.47792495  -1.651277607e-13  0
79.73877387  -1.603292608e-13  0
79.91953391  -1.57094973e-13  0
80  -1.556785891e-13  0
80.08046609  -1.5427638e-13  0
80.26122613  -1.511773259e-13  0
80.52207505  -1.468263987e-13  0
80.83472104  -1.417938108e-13  0
81.16527896  -1.366803868e-13  0
81.47792495  -1.32031978e-13  0
81.73877387  -1.282879015e-13  0
81.91953391  -1.257626024e-13  0
82  -1.246562616e-13  0
82.08046609  -1.235607241e-13  0
82.26122613  -1.21138492e-13  0
82.52207505  -1.177355211e-13  0
82.83472104  -1.137960123e-13  0
83.16527896  -1.0978938e-13  0
83.47792495  -1.061436369e-13  0
83.73877387  -1.032046802e-13  0
83.91953391  -1.012211348e-13  0
84  -1.003518066e-13  0
84.08046609  -9.949076616e-14  0
84.26122613  -9.758628813e-14  0
84.52207505  -9.490900366e-14  0
84.83472104  -9.180705257e-14  0
85.16527896  -8.864936115e-14  0
85.47792495  -8.577348048e-14  0
85.73877387  -8.345326906e-14  0
85.91953391  -8.188635842e-14  0
86  -8.119937914e-14  0
86.08046609  -8.051879762e-14  0
86.26122613  -7.90129227e-14  0
86.52207505  -7.689470426e-14  0
86.83472104  -7.443857466e-14  0
87.16527896  -7.193612673e-14  0
87.47792495  -6.965503517e-14  0
87.73877387  -6.781327541e-14  0
87.91953391  -6.656874602e-14  0
88  -6.602291885e-14  0
88.08046609  -6.54820599e-14  0
88.26122613  -6.428492802e-14  0
88.52207505  -6.260002383e-14  0
88.83472104  -6.064487197e-14  0
89.16527896  -5.865118839e-14  0
89.47792495  -5.683235257e-14  0
89.73877387  -5.536274153e-14  0
89.91953391  -5.436912528e-14  0
90  -5.393319949e-14  0
90.08046609  -5.350115381e-14  0
90.26122613  -5.254455405e-14  0
90.52207505  -5.1197442e-14  0
90.83472104  -4.963314426e-14  0
91.16527896  -4.803674624e-14  0
91.47792495  -4.657920026e-14  0
91.73877387  -4.540068321e-14  0
91.91953391  -4.460344959e-14  0
92  -4.425357123e-14  0
92.08046609  -4.390673966e-14  0
92.26122613  -4.31385727e-14  0
92.52207505  -4.205624463e-14  0
92.83472104  -4.07985604e-14  0
93.16527896  -3.951408881e-14  0
93.47792495  -3.834044954e-14  0
93.73877387  -3.739085131e-14  0
93.91953391  -3.67481442e-14  0
94  -3.646599662e-14  0
94.08046609  -3.618625397e-14  0
94.26122613  -3.556649e-14  0
94.52207505  -3.46928154e-14  0
94.83472104  -3.367692504e-14  0
95.16527896  -3.263863931e-14  0
95.47792495  -3.168925459e-14  0
95.73877387  -3.092060761e-14  0
95.91953391  -3.040011537e-14  0
96  -3.017155352e-14  0
96.08046609  -2.994489945e-14  0
96.26122613  -2.944260731e-14  0
96.52207505  -2.873418746e-14  0
96.83472104  -2.790993452e-14  0
97.16527896  -2.706692086e-14  0
97.47792495  -2.629555183e-14  0
97.73877387  -2.567064562e-14  0
97.91953391  -2.524728785e-14  0
98  -2.506132846e-14  0
98.08046609  -2.487688971e-14  0
98.26122613  -2.446803865e-14  0
98.52207505  -2.389113692e-14  0
98.83472104  -2.321950207e-14  0
99.16527896  -2.25321186e-14  0
99.47792495  -2.190273313e-14  0
99.73877387  -2.139254949e-14  0
99.91953391  -2.104675638e-14  0
100  -2.089482652e-14  0
100.0804661  -2.074411428e-14  0
100.2612261  -2.040993711e-14  0
100.5220751  -1.993819157e-14  0
100.834721  -1.938866287e-14  0
101.165279  -1.882588577e-14  0
101.4779249  -1.831026236e-14  0
101.7387739  -1.789205712e-14  0
101.9195339  -1.760848167e-14  0
102  -1.748385612e-14  0
102.0804661  -1.736020985e-14  0
102.2612261  -1.708597664e-14  0
102.5220751  -1.66986853e-14  0
102.834721  -1.624728509e-14  0
103.165279  -1.578471548e-14  0
103.4779249  -1.536064206e-14  0
103.7387739  -1.501650188e-14  0
103.9195339  -1.478305041e-14  0
104  -1.468042796e-14  0
104.0804661  -1.457859644e-14  0
104.2612261  -1.435269042e-14  0
104.5220751  -1.40335182e-14  0
104.834721  -1.366131403e-14  0
105.165279  -1.327967255e-14  0
105.4779249  -1.292958463e-14  0
105.7387739  -1.2645335e-14  0
105.9195339  -1.24524332e-14  0
106  -1.236761571e-14  0
106.0804661  -1.228343965e-14  0
106.2612261  -1.209665693e-14  0
106.5220751  -1.183265518e-14  0
106.834721  -1.152462988e-14  0
107.165279  -1.120861316e-14  0
107.4779249  -1.091855868e-14  0
107.7387739  -1.068293317e-14  0
107.9195339  -1.05229673e-14  0
108  -1.045261539e-14  0
108.0804661  -1.038278569e-14  0
108.2612261  -1.022780164e-14  0
108.5220751  -1.000866068e-14  0
108.834721  -9.752850202e-15  0
109.165279  -9.490257793e-15  0
109.4779249  -9.249105967e-15  0
109.7387739  -9.053110869e-15  0
109.9195339  -8.920000242e-15  0
110  -8.861446164e-15  0
110.0804661  -8.803318852e-15  0
110.2612261  -8.674279485e-15  0
110.5220751  -8.491755829e-15  0
110.834721  -8.278588137e-15  0
111.165279  -8.059652376e-15  0
111.4779249  -7.85848601e-15  0
111.7387739  -7.694911987e-15  0
111.9195339  -7.583780142e-15  0
112  -7.534883914e-15  0
112.0804661  -7.48633772e-15  0
112.2612261  -7.378545126e-15  0
112.5220751  -7.226020298e-15  0
112.834721  -7.047805883e-15  0
113.165279  -6.864675063e-15  0
113.4779249  -6.696321527e-15  0
113.7387739  -6.559366396e-15  0
113.9195339  -6.466286978e-15  0
114  -6.42532512e-15  0
114.0804661  -6.384651369e-15  0
114.2612261  -6.294320434e-15  0
114.5220751  -6.166459639e-15  0
114.834721  -6.01699696e-15  0
115.165279  -5.863334818e-15  0
115.4779249  -5.722002296e-15  0
115.7387739  -5.606978302e-15  0
115.9195339  -5.528777767e-15  0
116  -5.4943569e-15  0
116.0804661  -5.460173975e-15  0
116.2612261  -5.384243344e-15  0
116.5220751  -5.276730082e-15  0
116.834721  -5.15099865e-15  0
117.165279  -5.021672571e-15  0
117.4779249  -4.902666687e-15  0
117.7387739  -4.805772313e-15  0
117.9195339  -4.739876047e-15  0
118  -4.710865491e-15  0
118.0804661  -4.682052089e-15  0
118.2612261  -4.618036622e-15  0
118.5220751  -4.527365451e-15  0
118.834721  -4.421286015e-15  0
119.165279  -4.312123235e-15  0
119.4779249  -4.211625319e-15  0
119.7387739  -4.129766625e-15  0
119.9195339  -4.074078408e-15  0
120  -4.049557364e-15  0
120.0804661  -4.025200196e-15  0
120.2612261  -3.971075306e-15  0
120.5220751  -3.894389326e-15  0
120.834721  -3.804635672e-15  0
121.165279  -3.712231838e-15  0
121.4779249  -3.627124696e-15  0
121.7387739  -3.557774845e-15  0
121.9195339  -3.510582037e-15  0
122  -3.489798034e-15  0
122.0804661  -3.469150663e-15  0
122.2612261  -3.423261276e-15  0
122.5220751  -3.358224136e-15  0
122.834721  -3.282074801e-15  0
123.165279  -3.203643016e-15  0
123.4779249  -3.131373464e-15  0
123.7387739  -3.072461825e-15  0
123.9195339  -3.032360483e-15  0
124  -3.014696546e-15  0
124.0804661  -2.997146862e-15  0
124.2612261  -2.958135463e-15  0
124.5220751  -2.902830162e-15  0
124.834721  -2.838051119e-15  0
125.165279  -2.771302447e-15  0
125.4779249  -2.709772413e-15  0
125.7387739  -2.65959667e-15  0
125.9195339  -2.62543217e-15  0
126  -2.610380784e-15  0
126.0804661  -2.595425212e-15  0
126.2612261  -2.562174753e-15  0
126.5220751  -2.515023315e-15  0
126.834721  -2.459774796e-15  0
127.165279  -2.402823303e-15  0
127.4779249  -2.350303244e-15  0
127.7387739  -2.30745947e-15  0
127.9195339  -2.27827925e-15  0
128  -2.265421631e-15  0
128.0804661  -2.252644586e-15  0
128.2612261  -2.224233021e-15  0
128.5220751  -2.183932495e-15  0
128.834721  -2.13669472e-15  0
129.165279  -2.087981727e-15  0
129.4779249  -2.043041525e-15  0
129.7387739  -2.006368344e-15  0
129.9195339  -1.981384153e-15  0
130  -1.970373686e-15  0
130.0804661  -1.959431161e-15  0
130.2612261  -1.935095101e-15  0
130.5220751  -1.900566383e-15  0
130.834721  -1.860080136e-15  0
131.165279  -1.81831359e-15  0
131.4779249  -1.779767201e-15  0
131.7387739  -1.748301043e-15  0
131.9195339  -1.726858672e-15  0
132  -1.717407634e-15  0
132.0804661  -1.708014033e-15  0
132.2612261  -1.687119593e-15  0
132.5220751  -1.657466358e-15  0
132.834721  -1.622685283e-15  0
133.165279  -1.586791046e-15  0
133.4779249  -1.553652011e-15  0
133.7387739  -1.526591131e-15  0
133.9195339  -1.508146073e-15  0
134  -1.50001494e-15  0
134.0804661  -1.491932487e-15  0
134.2612261  -1.473951822e-15  0
134.5220751  -1.448427458e-15  0
134.834721  -1.418479622e-15  0
135.165279  -1.387562213e-15  0
135.4779249  -1.359007785e-15  0
135.7387739  -1.335683229e-15  0
135.9195339  -1.319781026e-15  0
136  -1.312769852e-15  0
136.0804661  -1.305800037e-15  0
136.2612261  -1.290292392e-15  0
136.5220751  -1.268273283e-15  0
136.834721  -1.242430114e-15  0
137.165279  -1.215740963e-15  0
137.4779249  -1.191083077e-15  0
137.7387739  -1.170935185e-15  0
137.9195339  -1.157195517e-15  0
138  -1.151136944e-15  0
138.0804661  -1.145113595e-15  0
138.2612261  -1.131709949e-15  0
138.5220751  -1.112673826e-15  0
138.834721  -1.090324929e-15  0
139.165279  -1.067236622e-15  0
139.4779249  -1.045898334e-15  0
139.7387739  -1.028457657e-15  0
139.9195339  -1.016561416e-15  0
140  -1.011315e-15  0
140.0804661  -1.006098651e-15  0
140.2612261  -9.944892431e-16  0
140.5220751  -9.779975826e-16  0
140.834721  -9.58630249e-16  0
141.165279  -9.386155688e-16  0
141.4779249  -9.201118777e-16  0
141.7387739  -9.049836358e-16  0
141.9195339  -8.946623969e-16  0
142  -8.901099798e-16  0
142.0804661  -8.855832866e-16  0
142.2612261  -8.755074422e-16  0
142.5220751  -8.611911105e-16  0
142.834721  -8.443736097e-16  0
143.165279  -8.269884333e-16  0
143.4779249  -8.109106164e-16  0
143.7387739  -7.977620024e-16  0
143.9195339  -7.887894169e-16  0
144  -7.84831347e-16  0
144.0804661  -7.808953328e-16  0
144.2612261  -7.721331488e-16  0
144.5220751  -7.596806645e-16  0
144.834721  -7.450485691e-16  0
145.165279  -7.299178641e-16  0
145.4779249  -7.159206505e-16  0
145.7387739  -7.044704283e-16  0
145.9195339  -6.966551722e-16  0
146  -6.932072045e-16  0
146.0804661  -6.897781877e-16  0
146.2612261  -6.821437132e-16  0
146.5220751  -6.712916189e-16  0
146.834721  -6.585365853e-16  0
147.165279  -6.453429171e-16  0
147.4779249  -6.331339539e-16  0
147.7387739  -6.231439124e-16  0
147.9195339  -6.163238904e-16  0
148  -6.133146395e-16  0
148.0804661  -6.103217053e-16  0
148.2612261  -6.036573358e-16  0
148.5220751  -5.941822793e-16  0
148.834721  -5.830428173e-16  0
149.165279  -5.715168879e-16  0
149.4779249  -5.60848066e-16  0
149.7387739  -5.521159791e-16  0
149.9195339  -5.461535484e-16  0
150  -5.435223888e-16  0
150.0804661  -5.40905306e-16  0
150.2612261  -5.350771614e-16  0
150.5220751  -5.267893655e-16  0
150.834721  -5.170432227e-16  0
151.165279  -5.069560628e-16  0
151.4779249  -4.976163539e-16  0
151.7387739  -4.899701652e-16  0
151.9195339  -4.847481898e-16  0
152  -4.824435209e-16  0
152.0804661  -4.801510201e-16  0
152.2612261  -4.750451241e-16  0
152.5220751  -4.677829874e-16  0
152.834721  -4.592408502e-16  0
153.165279  -4.503973574e-16  0
153.4779249  -4.422068853e-16  0
153.7387739  -4.354998926e-16  0
153.9195339  -4.309184743e-16  0
154  -4.288962828e-16  0
154.0804661  -4.268846298e-16  0
154.2612261  -4.224037438e-16  0
154.5220751  -4.160293647e-16  0
154.834721  -4.085296348e-16  0
155.165279  -4.007632141e-16  0
155.4779249  -3.935683334e-16  0
155.7387739  -3.876751908e-16  0
155.9195339  -3.836489544e-16  0
156  -3.818716209e-16  0
156.0804661  -3.801034313e-16  0
156.2612261  -3.761644244e-16  0
156.5220751  -3.705598812e-16  0
156.834721  -3.639643338e-16  0
157.165279  -3.571324395e-16  0
157.4779249  -3.508016422e-16  0
157.7387739  -3.456150326e-16  0
157.9195339  -3.420708667e-16  0
158  -3.405061711e-16  0
158.0804661  -3.389494239e-16  0
158.2612261  -3.354810817e-16  0
158.5220751  -3.30545335e-16  0
158.834721  -3.247355e-16  0
159.165279  -3.187159199e-16  0
159.4779249  -3.131364214e-16  0
159.7387739  -3.085642809e-16  0
159.9195339  -3.054394519e-16  0
160  -3.040597442e-16  0
160.0804661  -3.026869579e-16  0
160.2612261  -2.996281546e-16  0
160.5220751  -2.952744595e-16  0
160.834721  -2.901485994e-16  0
161.165279  -2.848363498e-16  0
161.4779249  -2.79911235e-16  0
161.7387739  -2.75874432e-16  0
161.9195339  -2.731150072e-16  0
162  -2.718965136e-16  0
162.0804661  -2.706840573e-16  0
162.2612261  -2.679822252e-16  0
162.5220751  -2.641359665e-16  0
162.834721  -2.596065462e-16  0
163.165279  -2.549112717e-16  0
163.4779249  -2.505571043e-16  0
163.7387739  -2.469874945e-16  0
163.9195339  -2.445470201e-16  0
164  -2.434692609e-16  0
164.0804661  -2.423967767e-16  0
164.2612261  -2.400066234e-16  0
164.5220751  -2.366034994e-16  0
164.834721  -2.325950632e-16  0
165.165279  -2.284388541e-16  0
165.4779249  -2.245836692e-16  0
165.7387739  -2.214224619e-16  0
165.9195339  -2.192608525e-16  0
166  -2.183061534e-16  0
166.0804661  -2.173560709e-16  0
166.2612261  -2.15238501e-16  0
166.5220751  -2.12222997e-16  0
166.834721  -2.086703835e-16  0
167.165279  -2.049859397e-16  0
167.4779249  -2.015675549e-16  0
167.7387739  -1.987639382e-16  0
167.9195339  -1.968465415e-16  0
168  -1.959996222e-16  0
168.0804661  -1.951567497e-16  0
168.2612261  -1.932779567e-16  0
168.5220751  -1.906020588e-16  0
168.834721  -1.874488966e-16  0
169.165279  -1.841779805e-16  0
169.4779249  -1.811425713e-16  0
169.7387739  -1.786525518e-16  0
169.9195339  -1.769493602e-16  0
170  -1.761969869e-16  0
170.0804661  -1.754481664e-16  0
170.2612261  -1.737788665e-16  0
170.5220751  -1.714009758e-16  0
170.834721  -1.685984137e-16  0
171.165279  -1.656905425e-16  0
171.4779249  -1.629914391e-16  0
171.7387739  -1.607768622e-16  0
171.9195339  -1.592618456e-16  0
172  -1.585925374e-16  0
172.0804661  -1.579263531e-16  0
172.2612261  -1.564411365e-16  0
172.5220751  -1.543251515e-16  0
172.834721  -1.518307833e-16  0
173.165279  -1.492421229e-16  0
173.4779249  -1.468387914e-16  0
173.7387739  -1.448665107e-16  0
173.9195339  -1.435170517e-16  0
174  -1.429208318e-16  0
174.0804661  -1.423273628e-16  0
174.2612261  -1.410041453e-16  0
174.5220751  -1.391186828e-16  0
174.834721  -1.368956365e-16  0
175.165279  -1.345880635e-16  0
175.4779249  -1.324452411e-16  0
175.7387739  -1.306864142e-16  0
175.9195339  -1.294828287e-16  0
176  -1.289510134e-16  0
176.0804661  -1.28421624e-16  0
176.2612261  -1.272411799e-16  0
176.5220751  -1.255589148e-16  0
176.834721  -1.235750785e-16  0
177.165279  -1.215153825e-16  0
177.4779249  -1.196023433e-16  0
177.7387739  -1.180318329e-16  0
177.9195339  -1.169569623e-16  0
178  -1.164819813e-16  0
178.0804661  -1.160091425e-16  0
178.2612261  -1.149547087e-16  0
178.5220751  -1.134518113e-16  0
178.834721  -1.116791746e-16  0
179.165279  -1.0983838e-16  0
179.4779249  -1.081283092e-16  0
179.7387739  -1.067241728e-16  0
179.9195339  -1.057630371e-16  0
180  -1.053382803e-16  0
180.0804661  -1.04915418e-16  0
180.2612261  -1.039723554e-16  0
180.5220751  -1.026280122e-16  0
180.834721  -1.010421049e-16  0
181.165279  -9.939489202e-17  0
181.4779249  -9.786435235e-17  0
181.7387739  -9.660740725e-17  0
181.9195339  -9.574690799e-17  0
182  -9.536659526e-17  0
182.0804661  -9.498796027e-17  0
182.2612261  -9.414346558e-17  0
182.5220751  -9.293947012e-17  0
182.834721  -9.151888249e-17  0
183.165279  -9.004309291e-17  0
183.4779249  -8.867156864e-17  0
183.7387739  -8.754501969e-17  0
183.9195339  -8.677368696e-17  0
184  -8.64327563e-17  0
184.0804661  -8.609331333e-17  0
184.2612261  -8.533617227e-17  0
184.5220751  -8.4256575e-17  0
184.834721  -8.298254732e-17  0
185.165279  -8.165876093e-17  0
185.4779249  -8.042826735e-17  0
185.7387739  -7.941738838e-17  0
185.9195339  -7.872516366e-17  0
186  -7.84191755e-17  0
186.0804661  -7.811450822e-17  0
186.2612261  -7.743488397e-17  0
186.5220751  -7.646569231e-17  0
186.834721  -7.53217633e-17  0
187.165279  -7.413293538e-17  0
187.4779249  -7.302768402e-17  0
187.7387739  -7.211954458e-17  0
187.9195339  -7.149759449e-17  0
188  -7.122264965e-17  0
188.0804661  -7.094887909e-17  0
188.2612261  -7.033813092e-17  0
188.5220751  -6.946705177e-17  0
188.834721  -6.843875657e-17  0
189.165279  -6.736990626e-17  0
189.4779249  -6.63760173e-17  0
189.7387739  -6.555924781e-17  0
189.9195339  -6.499980409e-17  0
190  -6.475247326e-17  0
190.0804661  -6.450618767e-17  0
190.2612261  -6.395671496e-17  0
190.5220751  -6.317293336e-17  0
190.834721  -6.22475439e-17  0
191.165279  -6.128548618e-17  0
191.4779249  -6.039074099e-17  0
191.7387739  -5.965533069e-17  0
191.9195339  -5.915155249e-17  0
192  -5.892881547e-17  0
192.0804661  -5.870700998e-17  0
192.2612261  -5.821211796e-17  0
192.5220751  -5.750610647e-17  0
192.834721  -5.667240779e-17  0
193.165279  -5.580552258e-17  0
193.4779249  -5.499915047e-17  0
193.7387739  -5.433627324e-17  0
193.9195339  -5.388212833e-17  0
194  -5.368132173e-17  0
194.0804661  -5.348134629e-17  0
194.2612261  -5.303513022e-17  0
194.5220751  -5.23984845e-17  0
194.834721  -5.164658181e-17  0
195.165279  -5.086461477e-17  0
195.4779249  -5.013710895e-17  0
195.7387739  -4.953897292e-17  0
195.9195339  -4.912913519e-17  0
196  -4.894790715e-17  0
196.0804661  -4.876742161e-17  0
196.2612261  -4.836466678e-17  0
196.5220751  -4.778996357e-17  0
196.834721  -4.711111556e-17  0
197.165279  -4.640500585e-17  0
197.4779249  -4.574796433e-17  0
197.7387739  -4.520768186e-17  0
197.9195339  -4.483744262e-17  0
198  -4.467371378e-17  0
198.0804661  -4.451064898e-17  0
198.2612261  -4.414674422e-17  0
198.5220751  -4.362741848e-17  0
198.834721  -4.301389304e-17  0
199.165279  -4.237562431e-17  0
199.4779249  -4.178161212e-17  0
199.7387739  -4.129308725e-17  0
199.9195339  -4.095827846e-17  0
200  -4.081020805e-17  0
200.0804661  -4.066273217e-17  0
200.2612261  -4.033359488e-17  0
200.5220751  -3.986383334e-17  0
200.834721  -3.930878255e-17  0
201.165279  -3.873125375e-17  0
201.4779249  -3.819368356e-17  0
201.7387739  -3.775151435e-17  0
201.9195339  -3.7448442e-17  0
202  -3.731439845e-17  0
202.0804661  -3.718088781e-17  0
202.2612261  -3.688289895e-17  0
202.5220751  -3.645754772e-17  0
202.834721  -3.595489938e-17  0
203.165279  -3.543181261e-17  0
203.4779249  -3.494484102e-17  0
203.7387739  -3.454423474e-17  0
203.9195339  -3.4269621e-17  0
204  -3.414815649e-17  0
204.0804661  -3.402717013e-17  0
204.2612261  -3.375711776e-17  0
204.5220751  -3.337160208e-17  0
204.834721  -3.291596538e-17  0
205.165279  -3.244172842e-17  0
205.4779249  -3.200016578e-17  0
205.7387739  -3.163686523e-17  0
205.9195339  -3.138779813e-17  0
206  -3.12776263e-17  0
206.0804661  -3.116788397e-17  0
206.2612261  -3.092291408e-17  0
206.5220751  -3.057316848e-17  0
206.834721  -3.015975196e-17  0
207.165279  -2.972939338e-17  0
207.4779249  -2.932862531e-17  0
207.7387739  -2.899884456e-17  0
207.9195339  -2.877273417e-17  0
208  -2.867271085e-17  0
208.0804661  -2.857307373e-17  0
208.2612261  -2.835064743e-17  0
208.5220751  -2.803305489e-17  0
208.834721  -2.76575949e-17  0
209.165279  -2.726669014e-17  0
209.4779249  -2.690260907e-17  0
209.7387739  -2.660297747e-17  0
209.9195339  -2.639751765e-17  0
210  -2.630662398e-17  0
210.0804661  -2.621607792e-17  0
210.2612261  -2.60139341e-17  0
210.5220751  -2.572527293e-17  0
210.834721  -2.538397123e-17  0
211.165279  -2.502857798e-17  0
211.4779249  -2.469752343e-17  0
211.7387739  -2.442503671e-17  0
211.9195339  -2.423817176e-17  0
212  -2.415549944e-17  0
212.0804661  -2.407314031e-17  0
212.2612261  -2.388926303e-17  0
212.5220751  -2.362666049e-17  0
212.834721  -2.331612972e-17  0
213.165279  -2.299273152e-17  0
213.4779249  -2.269143782e-17  0
213.7387739  -2.244341534e-17  0
213.9195339  -2.227331078e-17  0
214  -2.21980492e-17  0
214.0804661  -2.212307008e-17  0
214.2612261  -2.195566e-17  0
214.5220751  -2.171655174e-17  0
214.834721  -2.143376769e-17  0
215.165279  -2.113922453e-17  0
215.4779249  -2.086477511e-17  0
215.7387739  -2.063882244e-17  0
215.9195339  -2.048383945e-17  0
216  -2.041526442e-17  0
216.0804661  -2.034694439e-17  0
216.2612261  -2.01943938e-17  0
216.5220751  -1.997648829e-17  0
216.834721  -1.971874811e-17  0
217.165279  -1.945025316e-17  0
217.4779249  -1.92000405e-17  0
217.7387739  -1.899401659e-17  0
217.9195339  -1.885268962e-17  0
218  -1.879015347e-17  0
218.0804661  -1.872784773e-17  0
218.2612261  -1.858871865e-17  0
218.5220751  -1.838996603e-17  0
218.834721  -1.815485155e-17  0
219.165279  -1.790989322e-17  0
219.4779249  -1.768158366e-17  0
219.7387739  -1.749357206e-17  0
219.9195339  -1.736458914e-17  0
220  -1.730751204e-17  0
220.0804661  -1.725064331e-17  0
220.2612261  -1.712364822e-17  0
220.5220751  -1.694221294e-17  0
220.834721  -1.672755849e-17  0
221.165279  -1.650388703e-17  0
221.4779249  -1.629538991e-17  0
221.7387739  -1.612367347e-17  0
221.9195339  -1.600585895e-17  0
222  -1.595372125e-17  0
222.0804661  -1.590177219e-17  0
222.2612261  -1.578575714e-17  0
222.5220751  -1.561999388e-17  0
222.834721  -1.542385794e-17  0
223.165279  -1.52194562e-17  0
223.4779249  -1.502889666e-17  0
223.7387739  -1.487193526e-17  0
223.9195339  -1.476423457e-17  0
224  -1.471657014e-17  0
224.0804661  -1.466907663e-17  0
224.2612261  -1.456300636e-17  0
224.5220751  -1.441143886e-17  0
224.834721  -1.423207918e-17  0
225.165279  -1.404513672e-17  0
225.4779249  -1.387083179e-17  0
225.7387739  -1.372724275e-17  0
225.9195339  -1.362870902e-17  0
226  -1.358509931e-17  0
226.0804661  -1.354164458e-17  0
226.2612261  -1.34445894e-17  0
226.5220751  -1.330589181e-17  0
226.834721  -1.314174344e-17  0
227.165279  -1.297063379e-17  0
227.4779249  -1.281107129e-17  0
227.7387739  -1.267961208e-17  0
227.9195339  -1.258939433e-17  0
228  -1.254946312e-17  0
228.0804661  -1.25096726e-17  0
228.2612261  -1.242079682e-17  0
228.5220751  -1.229377723e-17  0
228.834721  -1.214343311e-17  0
229.165279  -1.198669372e-17  0
229.4779249  -1.184051364e-17  0
229.7387739  -1.172006661e-17  0
229.9195339  -1.163739931e-17  0
230  -1.160080818e-17  0
230.0804661  -1.156434484e-17  0
230.2612261  -1.148289658e-17  0
230.5220751  -1.13664825e-17  0
230.834721  -1.122867637e-17  0
231.165279  -1.108499081e-17  0
231.4779249  -1.095096888e-17  0
231.7387739  -1.084052778e-17  0
231.9195339  -1.076472164e-17  0
232  -1.073116582e-17  0
232.0804661  -1.069772619e-17  0
232.2612261  -1.062302834e-17  0
232.5220751  -1.051625382e-17  0
232.834721  -1.038984509e-17  0
233.165279  -1.025802742e-17  0
233.4779249  -1.013506052e-17  0
233.7387739  -1.003371858e-17  0
233.9195339  -9.964152377e-18  0
234  -9.933357206e-18  0
234.0804661  -9.902667749e-18  0
234.2612261  -9.834109984e-18  0
234.5220751  -9.736104268e-18  0
234.834721  -9.620064586e-18  0
235.165279  -9.49904542e-18  0
235.4779249  -9.386138725e-18  0
235.7387739  -9.293078095e-18  0
235.9195339  -9.229191469e-18  0
236  -9.200909162e-18  0
236.0804661  -9.172723121e-18  0
236.2612261  -9.109754813e-18  0
236.5220751  -9.019732243e-18  0
236.834721  -8.913133666e-18  0
237.165279  -8.801947884e-18  0
237.4779249  -8.698203431e-18  0
237.7387739  -8.612685785e-18  0
237.9195339  -8.553972827e-18  0
238  -8.527979668e-18  0
238.0804661  -8.502074241e-18  0
238.2612261  -8.444198194e-18  0
238.5220751  -8.361449282e-18  0
238.834721  -8.263453718e-18  0
239.165279  -8.161229537e-18  0
239.4779249  -8.065836093e-18  0
239.7387739  -7.987194337e-18  0
239.9195339  -7.933197902e-18  0
240  -7.909291726e-18  0
240.0804661  -7.885465569e-18  0
240.2612261  -7.832232444e-18  0
240.5220751  -7.756115934e-18  0
240.834721  -7.665965799e-18  0
241.165279  -7.571915072e-18  0
241.4779249  -7.484139131e-18  0
241.7387739  -7.411770018e-18  0
241.9195339  -7.36207667e-18  0
242  -7.340074636e-18  0
242.0804661  -7.318145638e-18  0
242.2612261  -7.269149005e-18  0
242.5220751  -7.199084823e-18  0
242.834721  -7.116094729e-18  0
243.165279  -7.029504321e-18  0
243.4779249  -6.948682104e-18  0
243.7387739  -6.882039661e-18  0
243.9195339  -6.836275185e-18  0
244  -6.816011786e-18  0
244.0804661  -6.795815101e-18  0
244.2612261  -6.750687035e-18  0
244.5220751  -6.68615001e-18  0
244.834721  -6.609699373e-18  0
245.165279  -6.52992349e-18  0
245.4779249  -6.455453815e-18  0
245.7387739  -6.394043504e-18  0
245.9195339  -6.351868909e-18  0
246  -6.333194207e-18  0
246.0804661  -6.31458049e-18  0
246.2612261  -6.272987647e-18  0
246.5220751  -6.213501934e-18  0
246.834721  -6.143028384e-18  0
247.165279  -6.069481738e-18  0
247.4779249  -6.000819679e-18  0
247.7387739  -5.944193186e-18  0
247.9195339  -5.905301136e-18  0
248  -5.888079191e-18  0
248.0804661  -5.870913033e-18  0
248.2612261  -5.832553161e-18  0
248.5220751  -5.777687252e-18  0
248.834721  -5.712680767e-18  0
249.165279  -5.644832482e-18  0
249.4779249  -5.581483712e-18  0
249.7387739  -5.5292343e-18  0
249.9195339  -5.493345942e-18  0
250  -5.477453403e-18  0
250.0804661  -5.461611935e-18  0
250.2612261  -5.426210751e-18  0
250.5220751  -5.375573043e-18  0
250.834721  -5.31557071e-18  0
251.165279  -5.252938884e-18  0
251.4779249  -5.194454619e-18  0
251.7387739  -5.14621299e-18  0
251.9195339  -5.113075113e-18  0
252  -5.098399968e-18  0
252.0804661  -5.083771607e-18  0
252.2612261  -5.051080022e-18  0
252.5220751  -5.004314843e-18  0
252.834721  -4.94889618e-18  0
253.165279  -4.891043027e-18  0
253.4779249  -4.837015522e-18  0
253.7387739  -4.792446105e-18  0
253.9195339  -4.761828607e-18  0
254  -4.74826906e-18  0
254.0804661  -4.734752401e-18  0
254.2612261  -4.704544025e-18  0
254.5220751  -4.661328094e-18  0
254.834721  -4.610110868e-18  0
255.165279  -4.556638381e-18  0
255.4779249  -4.506696888e-18  0
255.7387739  -4.465494534e-18  0
255.9195339  -4.437188152e-18  0
256  -4.424651623e-18  0
256.0804661  -4.412154436e-18  0
256.2612261  -4.384223359e-18  0
256.5220751  -4.344262613e-18  0
256.834721  -4.296899101e-18  0
257.165279  -4.247445161e-18  0
257.4779249  -4.201252326e-18  0
257.7387739  -4.163139337e-18  0
257.9195339  -4.136953621e-18  0
258  -4.125355847e-18  0
258.0804661  -4.113794189e-18  0
258.2612261  -4.087952987e-18  0
258.5220751  -4.050979741e-18  0
258.834721  -4.007153378e-18  0
259.165279  -3.961388276e-18  0
259.4779249  -3.918636901e-18  0
259.7387739  -3.883360379e-18  0
259.9195339  -3.859121871e-18  0
260  -3.848386106e-18  0
260.0804661  -3.837683515e-18  0
260.2612261  -3.813761466e-18  0
260.5220751  -3.779531871e-18  0
260.834721  -3.73895425e-18  0
261.165279  -3.696577567e-18  0
261.4779249  -3.656987716e-18  0
261.7387739  -3.624317178e-18  0
261.9195339  -3.601867783e-18  0
262  -3.591924073e-18  0
262.0804661  -3.582010856e-18  0
262.2612261  -3.559852339e-18  0
262.5220751  -3.528144096e-18  0
262.834721  -3.490552275e-18  0
263.165279  -3.451290086e-18  0
263.4779249  -3.414606477e-18  0
263.7387739  -3.384331721e-18  0
263.9195339  -3.363527244e-18  0
264  -3.354311784e-18  0
264.0804661  -3.34512437e-18  0
264.2612261  -3.324587428e-18  0
264.5220751  -3.295197746e-18  0
264.834721  -3.260351825e-18  0
265.165279  -3.223954187e-18  0
265.4779249  -3.189943861e-18  0
265.7387739  -3.161873047e-18  0
265.9195339  -3.142581878e-18  0
266  -3.134036428e-18  0
266.0804661  -3.125516789e-18  0
266.2612261  -3.106471842e-18  0
266.5220751  -3.07921559e-18  0
266.834721  -3.046896546e-18  0
267.165279  -3.013135237e-18  0
267.4779249  -2.981585458e-18  0
267.7387739  -2.955543381e-18  0
267.9195339  -2.937645314e-18  0
268  -2.929716679e-18  0
268.0804661  -2.921811813e-18  0
268.2612261  -2.904140493e-18  0
268.5220751  -2.878848551e-18  0
268.834721  -2.848856281e-18  0
269.165279  -2.817522771e-18  0
269.4779249  -2.788239139e-18  0
269.7387739  -2.76406568e-18  0
269.9195339  -2.74745085e-18  0
270  -2.740090408e-18  0
270.0804661  -2.732751868e-18  0
270.2612261  -2.716345979e-18  0
270.5220751  -2.692863746e-18  0
270.834721  -2.665015309e-18  0
271.165279  -2.635918933e-18  0
271.4779249  -2.608723683e-18  0
271.7387739  -2.586272409e-18  0
271.9195339  -2.570840336e-18  0
272  -2.564003617e-18  0
272.0804661  -2.557187093e-18  0
272.2612261  -2.541947668e-18  0
272.5220751  -2.520133723e-18  0
272.834721  -2.494261757e-18  0
273.165279  -2.46722807e-18  0
273.4779249  -2.441958539e-18  0
273.7387739  -2.421095448e-18  0
273.9195339  -2.406754174e-18  0
274  -2.400400477e-18  0
274.0804661  -2.394065412e-18  0
274.2612261  -2.37990187e-18  0
274.5220751  -2.359626762e-18  0
274.834721  -2.335578058e-18  0
275.165279  -2.310447347e-18  0
275.4779249  -2.286954599e-18  0
275.7387739  -2.267556981e-18  0
275.9195339  -2.254222292e-18  0
276  -2.248314344e-18  0
276.0804661  -2.242423595e-18  0
276.2612261  -2.229252974e-18  0
276.5220751  -2.210398132e-18  0
276.834721  -2.188032346e-18  0
277.165279  -2.164658295e-18  0
277.4779249  -2.142805868e-18  0
277.7387739  -2.124761286e-18  0
277.9195339  -2.112356011e-18  0
278  -2.106859654e-18  0
278.0804661  -2.101379182e-18  0
278.2612261  -2.089125449e-18  0
278.5220751  -2.071582201e-18  0
278.834721  -2.05077069e-18  0
279.165279  -2.029019171e-18  0
279.4779249  -2.00868196e-18  0
279.7387739  -1.99188732e-18  0
279.9195339  -1.980340698e-18  0
280  -1.975224609e-18  0
280.0804661  -1.970123201e-18  0
280.2612261  -1.958716629e-18  0
280.5220751  -1.94238531e-18  0
280.834721  -1.923010087e-18  0
281.165279  -1.902758064e-18  0
281.4779249  -1.8838213e-18  0
281.7387739  -1.86818202e-18  0
281.9195339  -1.857429126e-18  0
282  -1.852664564e-18  0
282.0804661  -1.847913579e-18  0
282.2612261  -1.837290189e-18  0
282.5220751  -1.822079338e-18  0
282.834721  -1.804032116e-18  0
283.165279  -1.785166665e-18  0
283.4779249  -1.767524995e-18  0
283.7387739  -1.752954246e-18  0
283.9195339  -1.742935474e-18  0
284  -1.738496054e-18  0
284.0804661  -1.734069195e-18  0
284.2612261  -1.72417024e-18  0
284.5220751  -1.709995877e-18  0
284.834721  -1.693177216e-18  0
285.165279  -1.675594623e-18  0
285.4779249  -1.659151285e-18  0
285.7387739  -1.645569308e-18  0
285.9195339  -1.636229902e-18  0
286  -1.632091382e-18  0
286.0804661  -1.62796449e-18  0
286.2612261  -1.618736e-18  0
286.5220751  -1.605520962e-18  0
286.834721  -1.58983949e-18  0
287.165279  -1.573444448e-18  0
287.4779249  -1.55811051e-18  0
287.7387739  -1.545443998e-18  0
287.9195339  -1.536733626e-18  0
288  -1.532873725e-18  0
288.0804661  -1.529024593e-18  0
288.2612261  -1.520416953e-18  0
288.5220751  -1.508090301e-18  0
288.834721  -1.49346201e-18  0
289.165279  -1.478166885e-18  0
289.4779249  -1.463860568e-18  0
289.7387739  -1.452042101e-18  0
289.9195339  -1.443914473e-18  0
290  -1.440312695e-18  0
290.0804661  -1.436720897e-18  0
290.2612261  -1.428688472e-18  0
290.5220751  -1.417184954e-18  0
290.834721  -1.403532558e-18  0
291.165279  -1.389256723e-18  0
291.4779249  -1.375902779e-18  0
291.7387739  -1.364870319e-18  0
291.9195339  -1.357282837e-18  0
292  -1.353920321e-18  0
292.0804661  -1.350567059e-18  0
292.2612261  -1.343067846e-18  0
292.5220751  -1.332327402e-18  0
292.834721  -1.319579764e-18  0
293.165279  -1.306248996e-18  0
293.4779249  -1.29377815e-18  0
293.7387739  -1.283474577e-18  0
293.9195339  -1.276388014e-18  0
294  -1.273247394e-18  0
294.0804661  -1.270115358e-18  0
294.2612261  -1.26311068e-18  0
294.5220751  -1.253078e-18  0
294.834721  -1.2411696e-18  0
295.165279  -1.228715534e-18  0
295.4779249  -1.21706397e-18  0
295.7387739  -1.207436661e-18  0
295.9195339  -1.200814881e-18  0
296  -1.197880155e-18  0
296.0804661  -1.194953396e-18  0
296.2612261  -1.188407616e-18  0
296.5220751  -1.179031733e-18  0
296.834721  -1.167902196e-18  0
297.165279  -1.156261825e-18  0
297.4779249  -1.145370726e-18  0
297.7387739  -1.136371177e-18  0
297.9195339  -1.130180868e-18  0
298  -1.127437285e-18  0
298.0804661  -1.1247011e-18  0
298.2612261  -1.118581365e-18  0
298.5220751  -1.10981529e-18  0
298.834721  -1.099408946e-18  0
299.165279  -1.088524172e-18  0
299.4779249  -1.078339297e-18  0
299.7387739  -1.069922774e-18  0
299.9195339  -1.064133211e-18  0
300  -1.061567166e-18  0
300.0804661  -1.059007994e-18  0
300.2612261  -1.053283998e-18  0
300.5220751  -1.045084387e-18  0
300.834721  -1.035349879e-18  0
301.165279  -1.0251671e-18  0
301.4779249  -1.015638401e-18  0
301.7387739  -1.007763625e-18  0
301.9195339  -1.002346454e-18  0
302  -9.999453914e-19  0
302.0804661  -9.975507176e-19  0
302.2612261  -9.921944925e-19  0
302.5220751  -9.845213398e-19  0
302.834721  -9.754112638e-19  0
303.165279  -9.65881e-19  0
303.4779249  -9.569622734e-19  0
303.7387739  -9.495911331e-19  0
303.9195339  -9.445201755e-19  0
304  -9.422725017e-19  0
304.0804661  -9.400307693e-19  0
304.2612261  -9.350164896e-19  0
304.5220751  -9.278328519e-19  0
304.834721  -9.193034298e-19  0
305.165279  -9.1037998e-19  0
305.4779249  -9.020285488e-19  0
305.7387739  -8.95125839e-19  0
305.9195339  -8.903769111e-19  0
306  -8.882719159e-19  0
306.0804661  -8.861724487e-19  0
306.2612261  -8.814762544e-19  0
306.5220751  -8.747479986e-19  0
306.834721  -8.667587791e-19  0
307.165279  -8.583999125e-19  0
307.4779249  -8.505763362e-19  0
307.7387739  -8.441095195e-19  0
307.9195339  -8.396602684e-19  0
308  -8.376880523e-19  0
308.0804661  -8.357209819e-19  0
308.2612261  -8.313208176e-19  0
308.5220751  -8.250163906e-19  0
308.834721  -8.175299771e-19  0
309.165279  -8.096966489e-19  0
309.4779249  -8.023644596e-19  0
309.7387739  -7.963034484e-19  0
309.9195339  -7.921332032e-19  0
310  -7.902846112e-19  0
310.0804661  -7.884408114e-19  0
310.2612261  -7.843162797e-19  0
310.5220751  -7.784064983e-19  0
310.834721  -7.713883008e-19  0
311.165279  -7.640443933e-19  0
311.4779249  -7.571698541e-19  0
311.7387739  -7.514868123e-19  0
311.9195339  -7.47576448e-19  0
312  -7.458430095e-19  0
312.0804661  -7.441140358e-19  0
312.2612261  -7.402462629e-19  0
312.5220751  -7.347041225e-19  0
312.834721  -7.281221304e-19  0
313.165279  -7.212342169e-19  0
313.4779249  -7.147861024e-19  0
313.7387739  -7.094552639e-19  0
313.9195339  -7.057870765e-19  0
314  -7.0416095e-19  0
314.0804661  -7.025389852e-19  0
314.2612261  -6.989104983e-19  0
314.5220751  -6.937109976e-19  0
314.834721  -6.875355732e-19  0
315.165279  -6.810727021e-19  0
315.4779249  -6.750220963e-19  0
315.7387739  -6.700195994e-19  0
315.9195339  -6.665771925e-19  0
316  -6.650511154e-19  0
316.0804661  -6.635289194e-19  0
316.2612261  -6.601235349e-19  0
316.5220751  -6.552435158e-19  0
316.834721  -6.494472046e-19  0
317.165279  -6.433807021e-19  0
317.4779249  -6.377008151e-19  0
317.7387739  -6.330045506e-19  0
317.9195339  -6.297727315e-19  0
318  -6.283399743e-19  0
318.0804661  -6.269108378e-19  0
318.2612261  -6.237135589e-19  0
318.5220751  -6.191315604e-19  0
318.834721  -6.136889179e-19  0
319.165279  -6.079922074e-19  0
319.4779249  -6.026582068e-19  0
319.7387739  -5.982476799e-19  0
319.9195339  -5.952123642e-19  0
320  -5.93866688e-19  0
320.0804661  -5.925243912e-19  0
320.2612261  -5.895213139e-19  0
320.5220751  -5.852174381e-19  0
320.834721  -5.801048714e-19  0
321.165279  -5.747533086e-19  0
321.4779249  -5.697421656e-19  0
321.7387739  -5.655983686e-19  0
321.9195339  -5.627464935e-19  0
322  -5.614821116e-19  0
322.0804661  -5.602208854e-19  0
322.2612261  -5.573991131e-19  0
322.5220751  -5.533549025e-19  0
322.834721  -5.485505254e-19  0
323.165279  -5.435212467e-19  0
323.4779249  -5.38811595e-19  0
323.7387739  -5.349168913e-19  0
323.9195339  -5.322363353e-19  0
324  -5.310478781e-19  0
324.0804661  -5.298623689e-19  0
324.2612261  -5.272099336e-19  0
324.5220751  -5.234082592e-19  0
324.834721  -5.188917588e-19  0
325.165279  -5.141635431e-19  0
325.4779249  -5.097355497e-19  0
325.7387739  -5.060735672e-19  0
325.9195339  -5.035530775e-19  0
326  -5.0243556e-19  0
326.0804661  -5.013207975e-19  0
326.2612261  -4.98826588e-19  0
326.5220751  -4.952515458e-19  0
326.834721  -4.910040614e-19  0
327.165279  -4.865572025e-19  0
327.4779249  -4.823924492e-19  0
327.7387739  -4.789479827e-19  0
327.9195339  -4.765771081e-19  0
328  -4.755259002e-19  0
328.0804661  -4.74477268e-19  0
328.2612261  -4.721309636e-19  0
328.5220751  -4.687677805e-19  0
328.834721  -4.647717911e-19  0
329.165279  -4.605879819e-19  0
329.4779249  -4.566693566e-19  0
329.7387739  -4.534282783e-19  0
329.9195339  -4.511973074e-19  0
330  -4.502081067e-19  0
330.0804661  -4.492213151e-19  0
330.2612261  -4.470133251e-19  0
330.5220751  -4.438482726e-19  0
330.834721  -4.400874948e-19  0
331.165279  -4.361497199e-19  0
331.4779249  -4.324613167e-19  0
331.7387739  -4.29410494e-19  0
331.9195339  -4.273103991e-19  0
332  -4.263792059e-19  0
332.0804661  -4.254502669e-19  0
332.2612261  -4.233716753e-19  0
332.5220751  -4.203919894e-19  0
332.834721  -4.168512832e-19  0
333.165279  -4.131437209e-19  0
333.4779249  -4.096707488e-19  0
333.7387739  -4.067979685e-19  0
333.9195339  -4.048203538e-19  0
334  -4.039434482e-19  0
334.0804661  -4.030686528e-19  0
334.2612261  -4.011111665e-19  0
334.5220751  -3.983049752e-19  0
334.834721  -3.949702576e-19  0
335.165279  -3.914781895e-19  0
335.4779249  -3.882068881e-19  0
335.7387739  -3.855007874e-19  0
335.9195339  -3.836378411e-19  0
336  -3.828117621e-19  0
336.0804661  -3.81987659e-19  0
336.2612261  -3.801435618e-19  0
336.5220751  -3.774998176e-19  0
336.834721  -3.743579828e-19  0
337.165279  -3.710677113e-19  0
337.4779249  -3.679852735e-19  0
337.7387739  -3.654352762e-19  0
337.9195339  -3.636797269e-19  0
338  -3.629012526e-19  0
338.0804661  -3.621246294e-19  0
338.2612261  -3.60386738e-19  0
338.5220751  -3.578951564e-19  0
338.834721  -3.549340032e-19  0
339.165279  -3.518327748e-19  0
339.4779249  -3.489272757e-19  0
339.7387739  -3.465235335e-19  0
339.9195339  -3.448686099e-19  0
340  -3.4413474e-19  0
340.0804661  -3.434026049e-19  0
340.2612261  -3.417642297e-19  0
340.5220751  -3.394152325e-19  0
340.834721  -3.366233968e-19  0
341.165279  -3.336993325e-19  0
341.4779249  -3.309596637e-19  0
341.7387739  -3.28693002e-19  0
341.9195339  -3.27132396e-19  0
342  -3.264403353e-19  0
342.0804661  -3.25749901e-19  0
342.2612261  -3.242048094e-19  0
342.5220751  -3.219894723e-19  0
342.834721  -3.193563652e-19  0
343.165279  -3.165983955e-19  0
343.4779249  -3.140142052e-19  0
343.7387739  -3.118760739e-19  0
343.9195339  -3.104039062e-19  0
344  -3.097510496e-19  0
344.0804661  -3.090997182e-19  0
344.2612261  -3.076421011e-19  0
344.5220751  -3.055521058e-19  0
344.834721  -3.030678568e-19  0
345.165279  -3.004656625e-19  0
345.4779249  -2.980272998e-19  0
345.7387739  -2.960097271e-19  0
345.9195339  -2.94620516e-19  0
346  -2.940044343e-19  0
346.0804661  -2.933897836e-19  0
346.2612261  -2.920142242e-19  0
346.5220751  -2.900418138e-19  0
346.834721  -2.876972181e-19  0
347.165279  -2.852411755e-19  0
347.4779249  -2.829396393e-19  0
347.7387739  -2.810351899e-19  0
347.9195339  -2.797238223e-19  0
348  -2.791422497e-19  0
348.0804661  -2.785620202e-19  0
348.2612261  -2.772634656e-19  0
348.5220751  -2.75401404e-19  0
348.834721  -2.731878744e-19  0
349.165279  -2.708690046e-19  0
349.4779249  -2.686958967e-19  0
349.7387739  -2.668976326e-19  0
349.9195339  -2.656593372e-19  0
350  -2.651101593e-19  0
350.0804661  -2.645622424e-19  0
350.2612261  -2.633359773e-19  0
350.5220751  -2.615775115e-19  0
350.834721  -2.594870335e-19  0
351.165279  -2.572969562e-19  0
351.4779249  -2.552444373e-19  0
351.7387739  -2.535458823e-19  0
351.9195339  -2.523762051e-19  0
352  -2.51857448e-19  0
352.0804661  -2.513398754e-19  0
352.2612261  -2.501814976e-19  0
352.5220751  -2.485203229e-19  0
352.834721  -2.465454138e-19  0
353.165279  -2.44476304e-19  0
353.4779249  -2.42537054e-19  0
353.7387739  -2.409321602e-19  0
353.9195339  -2.398269419e-19  0
354  -2.393367622e-19  0
354.0804661  -2.388476955e-19  0
354.2612261  -2.377530937e-19  0
354.5220751  -2.361833217e-19  0
354.834721  -2.343169923e-19  0
355.165279  -2.323615408e-19  0
355.4779249  -2.305287219e-19  0
355.7387739  -2.290118395e-19  0
355.9195339  -2.27967194e-19  0
356  -2.275038696e-19  0
356.0804661  -2.270415913e-19  0
356.2612261  -2.260069244e-19  0
356.5220751  -2.245230534e-19  0
356.834721  -2.22758773e-19  0
357.165279  -2.209101499e-19  0
357.4779249  -2.191773718e-19  0
357.7387739  -2.177432208e-19  0
357.9195339  -2.167555164e-19  0
358  -2.163174377e-19  0
358.0804661  -2.158803425e-19  0
358.2612261  -2.149020204e-19  0
358.5220751  -2.134989077e-19  0
358.834721  -2.11830572e-19  0
359.165279  -2.100823925e-19  0
359.4779249  -2.084436814e-19  0
359.7387739  -2.070873254e-19  0
359.9195339  -2.061531665e-19  0
360  -2.057388286e-19  0
360.0804661  -2.053254158e-19  0
360.2612261  -2.044000815e-19  0
360.5220751  -2.030729189e-19  0
360.834721  -2.014948196e-19  0
361.165279  -1.998411129e-19  0
361.4779249  -1.982908821e-19  0
361.7387739  -1.970077042e-19  0
361.9195339  -1.961239151e-19  0
362  -1.957319104e-19  0
362.0804661  -1.953407761e-19  0
362.2612261  -1.944652898e-19  0
362.5220751  -1.932095794e-19  0
362.834721  -1.917163768e-19  0
363.165279  -1.901515573e-19  0
363.4779249  -1.886845799e-19  0
363.7387739  -1.874702607e-19  0
363.9195339  -1.866338699e-19  0
364  -1.862628814e-19  0
364.0804661  -1.85892712e-19  0
364.2612261  -1.850641358e-19  0
364.5220751  -1.838756687e-19  0
364.834721  -1.824623659e-19  0
365.165279  -1.809812064e-19  0
365.4779249  -1.795925907e-19  0
365.7387739  -1.784430873e-19  0
365.9195339  -1.776513136e-19  0
366  -1.773001084e-19  0
366.0804661  -1.769496746e-19  0
366.2612261  -1.761652584e-19  0
366.5220751  -1.750400949e-19  0
366.834721  -1.737020141e-19  0
367.165279  -1.722996208e-19  0
367.4779249  -1.709847869e-19  0
367.7387739  -1.698963139e-19  0
367.9195339  -1.691465532e-19  0
368  -1.688139772e-19  0
368.0804661  -1.684821275e-19  0
368.2612261  -1.677392962e-19  0
368.5220751  -1.666737469e-19  0
368.834721  -1.654065075e-19  0
369.165279  -1.640782975e-19  0
369.4779249  -1.628329559e-19  0
369.7387739  -1.61801968e-19  0
369.9195339  -1.61091781e-19  0
370  -1.607767529e-19  0
370.0804661  -1.604624091e-19  0
370.2612261  -1.597587504e-19  0
370.5220751  -1.587493594e-19  0
370.834721  -1.575488577e-19  0
371.165279  -1.56290537e-19  0
371.4779249  -1.551106691e-19  0
371.7387739  -1.541338443e-19  0
371.9195339  -1.534609455e-19  0
372  -1.531624521e-19  0
372.0804661  -1.528646038e-19  0
372.2612261  -1.521978574e-19  0
372.5220751  -1.512413861e-19  0
372.834721  -1.501037762e-19  0
373.165279  -1.48911321e-19  0
373.4779249  -1.4779316e-19  0
373.7387739  -1.468673848e-19  0
373.9195339  -1.462296318e-19  0
374  -1.459467236e-19  0
374.0804661  -1.456644235e-19  0
374.2612261  -1.450324706e-19  0
374.5220751  -1.441258831e-19  0
374.834721  -1.430475598e-19  0
375.165279  -1.419171974e-19  0
375.4779249  -1.408572119e-19  0
375.7387739  -1.399795669e-19  0
375.9195339  -1.39374951e-19  0
376  -1.391067376e-19  0
376.0804661  -1.388390975e-19  0
376.2612261  -1.382399513e-19  0
376.5220751  -1.373804007e-19  0
376.834721  -1.363579829e-19  0
377.165279  -1.352861752e-19  0
377.4779249  -1.342810532e-19  0
377.7387739  -1.334488001e-19  0
377.9195339  -1.328754373e-19  0
378  -1.326210833e-19  0
378.0804661  -1.323672702e-19  0
378.2612261  -1.31799067e-19  0
378.5220751  -1.309838827e-19  0
378.834721  -1.300141988e-19  0
379.165279  -1.289976265e-19  0
379.4779249  -1.280442603e-19  0
379.7387739  -1.272548302e-19  0
379.9195339  -1.267109526e-19  0
380  -1.264696743e-19  0
380.0804661  -1.262289065e-19  0
380.2612261  -1.256898974e-19  0
380.5220751  -1.249165734e-19  0
380.834721  -1.239966468e-19  0
381.165279  -1.230321949e-19  0
381.4779249  -1.221276682e-19  0
381.7387739  -1.213786497e-19  0
381.9195339  -1.208625979e-19  0
382  -1.206336598e-19  0
382.0804661  -1.204052034e-19  0
382.2612261  -1.19893747e-19  0
382.5220751  -1.191599309e-19  0
382.834721  -1.182869676e-19  0
383.165279  -1.173717116e-19  0
383.4779249  -1.165132862e-19  0
383.7387739  -1.158024154e-19  0
383.9195339  -1.153126314e-19  0
384  -1.150953427e-19  0
384.0804661  -1.148785089e-19  0
384.2612261  -1.143930638e-19  0
384.5220751  -1.136965467e-19  0
384.834721  -1.128679228e-19  0
385.165279  -1.119991164e-19  0
385.4779249  -1.11184221e-19  0
385.7387739  -1.105093714e-19  0
385.9195339  -1.10044392e-19  0
386  -1.09838104e-19  0
386.0804661  -1.096322456e-19  0
386.2612261  -1.091713641e-19  0
386.5220751  -1.085100712e-19  0
386.834721  -1.077233219e-19  0
387.165279  -1.068983852e-19  0
387.4779249  -1.061246038e-19  0
387.7387739  -1.05483778e-19  0
387.9195339  -1.050422283e-19  0
388  -1.048463315e-19  0
388.0804661  -1.046508405e-19  0
388.2612261  -1.042131622e-19  0
388.5220751  -1.035851439e-19  0
388.834721  -1.028379533e-19  0
389.165279  -1.020544618e-19  0
389.4779249  -1.013195243e-19  0
389.7387739  -1.007108448e-19  0
389.9195339  -1.002914327e-19  0
390  -1.001053542e-19  0
390.0804661  -9.991965918e-20  0
390.2612261  -9.950390561e-20  0
390.5220751  -9.890732931e-20  0
390.834721  -9.819752042e-20  0
391.165279  -9.745319528e-20  0
391.4779249  -9.675496739e-20  0
391.7387739  -9.617666929e-20  0
391.9195339  -9.577817998e-20  0
392  -9.560138116e-20  0
392.0804661  -9.542494488e-20  0
392.2612261  -9.502991396e-20  0
392.5220751  -9.446305683e-20  0
392.834721  -9.378858269e-20  0
393.165279  -9.308128092e-20  0
393.4779249  -9.241775574e-20  0
393.7387739  -9.186817923e-20  0
393.9195339  -9.148947033e-20  0
394  -9.132144469e-20  0
394.0804661  -9.115376186e-20  0
394.2612261  -9.077832307e-20  0
394.5220751  -9.023956466e-20  0
394.834721  -8.959850002e-20  0
395.165279  -8.892620595e-20  0
395.4779249  -8.829549565e-20  0
395.7387739  -8.777307938e-20  0
395.9195339  -8.741307619e-20  0
396  -8.725334723e-20  0
396.0804661  -8.70939425e-20  0
396.2612261  -8.673703227e-20  0
396.5220751  -8.622484805e-20  0
396.834721  -8.56153815e-20  0
397.165279  -8.497619859e-20  0
397.4779249  -8.437652683e-20  0
397.7387739  -8.38798016e-20  0
397.9195339  -8.35374928e-20  0
398  -8.33856121e-20  0
398.0804661  -8.323403816e-20  0
398.2612261  -8.289465558e-20  0
398.5220751  -8.240761081e-20  0
398.834721  -8.182803757e-20  0
399.165279  -8.122018081e-20  0
399.4779249  -8.064987563e-20  0
399.7387739  -8.017745851e-20  0
399.9195339  -7.985189214e-20  0
