#L=4 M=-4
#R     Re(V)   Im(V)

0.08046609183  -1.983868163e-06  3.695951045e-15
0.2612261349  -0.0002204167796  9.226984751e-16
0.5220750502  -0.003519580813  4.233932208e-16
0.8347210423  -0.02304018952  2.244245694e-16
1.165278958  -0.08772935405  1.197608434e-16
1.47792495  -0.2276510224  9.676940689e-17
1.738773865  -0.4372319266  -4.363722812e-17
1.919533908  -0.6504940421  -3.683487768e-11
2  -0.7668351392  5.73132691e-07
2.080466092  -0.6286033146  -1.989312207e-11
2.261226135  -0.4119968634  -1.966100499e-16
2.52207505  -0.2354718988  4.664444695e-17
2.834721042  -0.1274362906  1.265329578e-17
3.165278958  -0.06880836961  1.602611005e-18
3.47792495  -0.03748203366  -7.524094925e-19
3.738773865  -0.02017732476  -5.608135839e-18
3.919533908  -0.0107656383  -5.843172499e-18
4  -0.00701013494  -5.93251155e-18
4.080466092  -0.006499666894  -7.396313186e-18
4.261226135  -0.005553463586  -4.803038762e-18
4.52207505  -0.004535711395  -4.246051723e-18
4.834721042  -0.00365707549  -3.219731559e-18
5.165278958  -0.002974105553  -2.936198395e-18
5.47792495  -0.002475982499  -1.383657882e-18
5.738773865  -0.002137078756  -1.220032334e-18
5.919533908  -0.001933930398  -6.860652194e-19
6  -0.001850635759  -4.566399734e-19
6.080466092  -0.001771344107  -2.516602663e-19
6.261226135  -0.001606599467  1.26747045e-19
6.52207505  -0.001397662139  3.256242368e-19
6.834721042  -0.001185088529  -7.368166194e-19
7.165278958  -0.0009974538634  -3.878291439e-19
7.47792495  -0.0008489782459  1.652542083e-19
7.738773865  -0.000743191438  8.093232431e-20
7.919533908  -0.0006782385293  2.08408443e-19
8  -0.0006513160522  2.581488894e-19
8.080466092  -0.0006255437956  -8.978364339e-20
8.261226135  -0.0005715835715  -1.429423287e-19
8.52207505  -0.0005024279871  1.320746121e-19
8.834721042  -0.0004313294912  -1.404156715e-19
9.165278958  -0.0003679762673  1.402971396e-19
9.47792495  -0.0003174140987  8.995476826e-20
9.738773865  -0.0002811127947  -4.911184294e-20
9.919533908  -0.0002586860478  1.710896334e-19
10  -0.0002493548383  3.152143576e-20
10.08046609  -0.0002404008263  -3.072430216e-20
10.26122613  -0.0002215786516  4.498768573e-19
10.52207505  -0.0001972846325  2.601539962e-19
10.83472104  -0.0001720605677  2.557047372e-20
11.16527896  -0.000149314401  -2.017070508e-20
11.47792495  -0.000130926542  1.320019367e-19
11.73877387  -0.0001175641681  -2.27307543e-19
11.91953391  -0.0001092284302  1.138495649e-19
12  -0.0001057396573  1.023158363e-19
12.08046609  -0.0001023796798  -1.239043715e-19
12.26122613  -9.527457761e-05  -2.390269999e-19
12.52207505  -8.600956478e-05  -2.994255659e-19
12.83472104  -7.625813783e-05  4.377864451e-20
13.16527896  -6.732653126e-05  1.420604247e-19
13.47792495  -5.999096074e-05  2.243023393e-19
13.73877387  -5.458359026e-05  9.328588864e-20
13.91953391  -5.117287809e-05  1.58760684e-19
14  -4.973600833e-05  3.821276999e-20
14.08046609  -4.834663425e-05  8.096511297e-20
14.26122613  -4.538963749e-05  8.989419158e-20
14.52207505  -4.149155173e-05  1.840470263e-19
14.83472104  -3.733064361e-05  -7.729853845e-20
15.16527896  -3.345932067e-05  -5.853188039e-20
15.47792495  -3.023006471e-05  1.49796039e-19
15.73877387  -2.781689341e-05  -1.285685259e-19
15.91953391  -2.627887896e-05  1.39876805e-19
16  -2.562698374e-05  -4.522893654e-20
16.08046609  -2.499429999e-05  -8.374071522e-20
16.26122613  -2.363976342e-05  -1.32716847e-19
16.52207505  -2.183635039e-05  -1.164047996e-19
16.83472104  -1.988680783e-05  5.251350495e-21
17.16527896  -1.80475259e-05  2.551842876e-21
17.47792495  -1.649228467e-05  6.630123412e-21
17.73877387  -1.531622355e-05  7.270344351e-20
17.91953391  -1.455993639e-05  2.521406009e-20
18  -1.423770364e-05  -2.13654304e-19
18.08046609  -1.392397646e-05  3.318042947e-20
18.26122613  -1.324890373e-05  3.277751688e-20
18.52207505  -1.234251983e-05  -7.163903612e-20
18.83472104  -1.135214332e-05  2.777540526e-20
19.16527896  -1.04067781e-05  -1.493259262e-19
19.47792495  -9.598251729e-06  4.710825635e-20
19.73877387  -8.980775684e-06  -6.90044357e-20
19.91953391  -8.580729388e-06  1.455863481e-20
20  -8.409540197e-06  -2.777042246e-20
20.08046609  -8.242430975e-06  1.106566601e-19
20.26122613  -7.881335077e-06  -2.066601833e-20
20.52207505  -7.39310922e-06  -5.256645638e-21
20.83472104  -6.854881034e-06  2.933569981e-20
21.16527896  -6.336106062e-06  1.54867821e-20
21.47792495  -5.888217109e-06  1.243932154e-19
21.73877387  -5.543348669e-06  1.505689878e-20
21.91953391  -5.31853491e-06  8.16487037e-20
22  -5.221985438e-06  8.667586664e-20
22.08046609  -5.127531294e-06  7.146186096e-20
22.26122613  -4.922718409e-06  -2.736128189e-20
22.52207505  -4.644184731e-06  -3.017604713e-20
22.83472104  -4.334849147e-06  -7.19321036e-20
23.16527896  -4.034277154e-06  -7.039276189e-21
23.47792495  -3.772727916e-06  1.720901822e-19
23.73877387  -3.569957449e-06  -6.534733079e-20
23.91953391  -3.437091845e-06  6.150928983e-20
24  -3.379859064e-06  -7.782640071e-20
24.08046609  -3.323766056e-06  2.436149705e-20
24.26122613  -3.201778981e-06  -2.569554184e-19
24.52207505  -3.035073539e-06  -1.724408779e-19
24.83472104  -2.84878117e-06  -3.883073985e-20
25.16527896  -2.666532938e-06  -1.864592097e-20
25.47792495  -2.506891607e-06  9.259334368e-20
25.73877387  -2.38241075e-06  -9.088171932e-20
25.91953391  -2.300488267e-06  -1.105298046e-19
26  -2.265109705e-06  -7.056673117e-20
26.08046609  -2.230382026e-06  -7.350990514e-20
26.26122613  -2.154671364e-06  -2.198502895e-20
26.52207505  -2.050777688e-06  8.833017396e-20
26.83472104  -1.934063372e-06  1.347413794e-20
27.16527896  -1.819220389e-06  -1.659531384e-20
27.47792495  -1.718052855e-06  4.734071358e-20
27.73877387  -1.638777159e-06  2.512408667e-21
27.91953391  -1.586409832e-06  -1.509462283e-20
28  -1.563745451e-06  8.152637794e-20
28.08046609  -1.541468517e-06  -3.149737763e-20
28.26122613  -1.492798625e-06  1.781030635e-20
28.52207505  -1.425773847e-06  9.159207202e-20
28.83472104  -1.350135862e-06  -3.703656377e-20
29.16527896  -1.275338815e-06  5.006291304e-20
29.47792495  -1.209126423e-06  -1.34704295e-20
29.73877387  -1.157020267e-06  3.095052279e-20
29.91953391  -1.122489125e-06  -5.140633137e-20
30  -1.107515946e-06  -4.5500858e-20
30.08046609  -1.092781806e-06  4.614766958e-20
30.26122613  -1.060531711e-06  -3.701956617e-20
30.52207505  -1.015981935e-06  3.279594125e-20
30.83472104  -9.655086036e-07  3.46456263e-21
31.16527896  -9.153794858e-07  1.87346134e-19
31.47792495  -8.708147794e-07  3.823984123e-20
31.73877387  -8.356136863e-07  -3.770072625e-20
31.91953391  -8.122197854e-07  -1.492638093e-20
32  -8.020591149e-07  -4.119117498e-20
32.08046609  -7.920505924e-07  -3.009332373e-20
32.26122613  -7.701085123e-07  5.368936235e-20
32.52207505  -7.39716034e-07  3.705939161e-21
32.83472104  -7.05163162e-07  -5.947925682e-20
33.16527896  -6.707149685e-07  4.339753934e-20
33.47792495  -6.399758922e-07  1.991136089e-20
33.73877387  -6.156158526e-07  -7.877548125e-21
33.91953391  -5.993864104e-07  3.551168941e-20
34  -5.923272143e-07  2.075197607e-22
34.08046609  -5.853675502e-07  -5.786395393e-20
34.26122613  -5.700878236e-07  8.361935662e-21
34.52207505  -5.488729274e-07  -1.104678936e-20
34.83472104  -5.24680093e-07  2.321799181e-21
35.16527896  -5.004790901e-07  -2.184464385e-20
35.47792495  -4.788122123e-07  6.732912245e-20
35.73877387  -4.615917408e-07  3.10317384e-20
35.91953391  -4.500935703e-07  -5.055994494e-20
36  -4.450858303e-07  2.490701386e-21
36.08046609  -4.40144801e-07  -3.991181103e-20
36.26122613  -4.292831539e-07  -1.093602624e-21
36.52207505  -4.141703922e-07  -1.74154348e-20
36.83472104  -3.968892594e-07  9.233668332e-20
37.16527896  -3.795502551e-07  -3.565977638e-20
37.47792495  -3.639808931e-07  -4.593974149e-22
37.73877387  -3.515744801e-07  -8.186291111e-20
37.91953391  -3.432743232e-07  -1.497098569e-19
38  -3.396552166e-07  9.672091967e-21
38.08046609  -3.360818007e-07  -1.180844177e-22
38.26122613  -3.282175919e-07  4.623449262e-21
38.52207505  -3.172545849e-07  3.361430833e-21
38.83472104  -3.046879809e-07  3.598823113e-21
39.16527896  -2.920452529e-07  3.451411097e-22
39.47792495  -2.806626922e-07  4.077264438e-21
39.73877387  -2.715713541e-07  -9.181734311e-23
39.91953391  -2.654782601e-07  1.107710157e-21
40  -2.62818732e-07  2.809116231e-21
40.08046609  -2.601911112e-07  1.019655077e-22
40.26122613  -2.544024488e-07  9.969700628e-23
40.52207505  -2.463189868e-07  9.652920278e-23
40.83472104  -2.370327236e-07  9.289003719e-23
41.16527896  -2.276674579e-07  8.921991157e-23
41.47792495  -2.192154528e-07  8.590768084e-23
41.73877387  -2.124505392e-07  8.32565993e-23
41.91953391  -2.079093622e-07  8.147697119e-23
42  -2.059253535e-07  8.069946402e-23
42.08046609  -2.039640208e-07  7.993084326e-23
42.26122613  -1.996391933e-07  7.82359997e-23
42.52207505  -1.935904922e-07  7.58655925e-23
42.83472104  -1.86627895e-07  7.313704134e-23
43.16527896  -1.795905633e-07  7.037920273e-23
43.47792495  -1.732256619e-07  6.788488077e-23
43.73877387  -1.68121498e-07  6.588462541e-23
43.91953391  -1.64690163e-07  6.453992992e-23
44  -1.631897548e-07  6.395193947e-23
44.08046609  -1.6170572e-07  6.337036557e-23
44.26122613  -1.584306007e-07  6.208688896e-23
44.52207505  -1.538435473e-07  6.028928249e-23
44.83472104  -1.485538502e-07  5.821631911e-23
45.16527896  -1.431966267e-07  5.611689299e-23
45.47792495  -1.383416875e-07  5.421430555e-23
45.73877387  -1.344416028e-07  5.268591314e-23
45.91953391  -1.31816239e-07  5.165706724e-23
46  -1.306673591e-07  5.120683619e-23
46.08046609  -1.295304744e-07  5.076130588e-23
46.26122613  -1.270195516e-07  4.977730794e-23
46.52207505  -1.23498273e-07  4.83973647e-23
46.83472104  -1.194308665e-07  4.680340107e-23
47.16527896  -1.153039632e-07  4.518612145e-23
47.47792495  -1.115572049e-07  4.371781563e-23
47.73877387  -1.085425376e-07  4.253640681e-23
47.91953391  -1.065107263e-07  4.174016641e-23
48  -1.056209539e-07  4.139147619e-23
48.08046609  -1.047400862e-07  4.104627561e-23
48.26122613  -1.027932305e-07  4.028332821e-23
48.52207505  -1.000597575e-07  3.921211577e-23
48.83472104  -9.689753208e-08  3.79728808e-23
49.16527896  -9.368363514e-08  3.671339645e-23
49.47792495  -9.076091901e-08  3.556802206e-23
49.73877387  -8.840582818e-08  3.464509264e-23
49.91953391  -8.68167779e-08  3.402236453e-23
50  -8.612044209e-08  3.37494796e-23
50.08046609  -8.54307977e-08  3.347921694e-23
50.26122613  -8.390558635e-08  3.288150648e-23
50.52207505  -8.176178682e-08  3.204137937e-23
50.83472104  -7.927824888e-08  3.106811319e-23
51.16527896  -7.675020441e-08  3.007740549e-23
51.47792495  -7.444767003e-08  2.917507226e-23
51.73877387  -7.258980178e-08  2.844699789e-23
51.91953391  -7.133494766e-08  2.79552369e-23
52  -7.07847258e-08  2.773961212e-23
52.08046609  -7.023958886e-08  2.752598006e-23
52.26122613  -6.903324657e-08  2.705323022e-23
52.52207505  -6.733593463e-08  2.638807578e-23
52.83472104  -6.536709404e-08  2.561651279e-23
53.16527896  -6.336009029e-08  2.482999416e-23
53.47792495  -6.152952113e-08  2.411261795e-23
53.73877387  -6.005062153e-08  2.353305646e-23
53.91953391  -5.905077818e-08  2.314123087e-23
54  -5.861212581e-08  2.296932872e-23
54.08046609  -5.817737781e-08  2.279895664e-23
54.26122613  -5.721478312e-08  2.242172832e-23
54.52207505  -5.585915877e-08  2.18904768e-23
54.83472104  -5.428477973e-08  2.127349816e-23
55.16527896  -5.267774541e-08  2.064372234e-23
55.47792495  -5.121005339e-08  2.006855295e-23
55.73877387  -5.002294054e-08  1.960333888e-23
55.91953391  -4.921965416e-08  1.928854141e-23
56  -4.886705167e-08  1.915036109e-23
56.08046609  -4.851747603e-08  1.901336695e-23
56.26122613  -4.774306632e-08  1.870988587e-23
56.52207505  -4.665151859e-08  1.828212253e-23
56.83472104  -4.53824156e-08  1.77847776e-23
57.16527896  -4.408538487e-08  1.727648815e-23
57.47792495  -4.289936535e-08  1.681170255e-23
57.73877387  -4.19390402e-08  1.643536363e-23
57.91953391  -4.128867827e-08  1.618049526e-23
58  -4.100306337e-08  1.60685665e-23
58.08046609  -4.071981608e-08  1.595756558e-23
58.26122613  -4.009204144e-08  1.571154887e-23
58.52207505  -3.920646518e-08  1.536450307e-23
58.83472104  -3.817576767e-08  1.496058614e-23
59.16527896  -3.712117288e-08  1.454730417e-23
59.47792495  -3.61557379e-08  1.416896278e-23
59.73877387  -3.537323259e-08  1.386230914e-23
59.91953391  -3.484288759e-08  1.365447384e-23
60  -3.460987417e-08  1.356315892e-23
60.08046609  -3.437872819e-08  1.347257582e-23
60.26122613  -3.38661987e-08  1.327172219e-23
60.52207505  -3.314264946e-08  1.298817266e-23
60.83472104  -3.229971331e-08  1.265783696e-23
61.16527896  -3.143630317e-08  1.231947778e-23
61.47792495  -3.064504547e-08  1.200939419e-23
61.73877387  -3.000310982e-08  1.175782797e-23
61.91953391  -2.956772289e-08  1.15872055e-23
62  -2.937634938e-08  1.151220872e-23
62.08046609  -2.918646032e-08  1.143779367e-23
62.26122613  -2.8765235e-08  1.127272095e-23
62.52207505  -2.817016269e-08  1.103951986e-23
62.83472104  -2.747627254e-08  1.076759335e-23
63.16527896  -2.676481094e-08  1.048878081e-23
63.47792495  -2.611215197e-08  1.023301226e-23
63.73877387  -2.558219167e-08  1.002532773e-23
63.91953391  -2.522250836e-08  9.884372522e-24
64  -2.506434745e-08  9.822391322e-24
64.08046609  -2.490737517e-08  9.760875931e-24
64.26122613  -2.455903132e-08  9.624364512e-24
64.52207505  -2.40665946e-08  9.431384972e-24
64.83472104  -2.349189436e-08  9.206167436e-24
65.16527896  -2.29020827e-08  8.975027929e-24
65.47792495  -2.236051147e-08  8.762793214e-24
65.73877387  -2.192038989e-08  8.590315302e-24
65.91953391  -2.162149066e-08  8.473180585e-24
66  -2.149000886e-08  8.42165458e-24
66.08046609  -2.135948535e-08  8.370504118e-24
66.26122613  -2.106972814e-08  8.25695204e-24
66.52207505  -2.065985803e-08  8.096329282e-24
66.83472104  -2.018113435e-08  7.908723708e-24
67.16527896  -1.968938531e-08  7.716013664e-24
67.47792495  -1.923745769e-08  7.538909116e-24
67.73877387  -1.886990075e-08  7.394868339e-24
67.91953391  -1.862013338e-08  7.296987757e-24
68  -1.851022546e-08  7.253916277e-24
68.08046609  -1.840109513e-08  7.211149519e-24
68.26122613  -1.815874573e-08  7.116175946e-24
68.52207505  -1.781573488e-08  6.981754462e-24
68.83472104  -1.741479989e-08  6.824633263e-24
69.16527896  -1.700261057e-08  6.663101636e-24
69.47792495  -1.662348502e-08  6.514527269e-24
69.73877387  -1.631491198e-08  6.393601516e-24
69.91953391  -1.610510829e-08  6.311382181e-24
70  -1.601275549e-08  6.275190322e-24
70.08046609  -1.592103747e-08  6.239247223e-24
70.26122613  -1.571728941e-08  6.159401013e-24
70.52207505  -1.542875417e-08  6.046327812e-24
70.83472104  -1.509125413e-08  5.914065942e-24
71.16527896  -1.474400576e-08  5.777983828e-24
71.47792495  -1.442436128e-08  5.652719318e-24
71.73877387  -1.416401977e-08  5.550694872e-24
71.91953391  -1.39869155e-08  5.481290017e-24
72  -1.39089322e-08  5.450729375e-24
72.08046609  -1.383147006e-08  5.420372972e-24
72.26122613  -1.365933763e-08  5.352916514e-24
72.52207505  -1.341544746e-08  5.257339131e-24
72.83472104  -1.312997703e-08  5.145466988e-24
73.16527896  -1.283604138e-08  5.030277435e-24
73.47792495  -1.256527091e-08  4.924166017e-24
73.73877387  -1.234459121e-08  4.837684517e-24
73.91953391  -1.21943926e-08  4.778823637e-24
74  -1.212823696e-08  4.752898103e-24
74.08046609  -1.206251153e-08  4.727141164e-24
74.26122613  -1.191641705e-08  4.669888638e-24
74.52207505  -1.170931734e-08  4.588728959e-24
74.83472104  -1.146675548e-08  4.493672128e-24
75.16527896  -1.121682397e-08  4.395727222e-24
75.47792495  -1.098642796e-08  4.305438028e-24
75.73877387  -1.079853703e-08  4.23180602e-24
75.91953391  -1.067059426e-08  4.181666912e-24
76  -1.061422552e-08  4.159576739e-24
76.08046609  -1.055821374e-08  4.13762645e-24
76.26122613  -1.043367619e-08  4.088821807e-24
76.52207505  -1.025705256e-08  4.019605306e-24
76.83472104  -1.005006054e-08  3.938487832e-24
77.16527896  -9.836636425e-09  3.8548497e-24
77.47792495  -9.639763266e-09  3.777697673e-24
77.73877387  -9.479116045e-09  3.71474212e-24
77.91953391  -9.369675321e-09  3.671853725e-24
78  -9.321445372e-09  3.652953036e-24
78.08046609  -9.273513031e-09  3.634168976e-24
78.26122613  -9.166911387e-09  3.59239318e-24
78.52207505  -9.015658082e-09  3.53311898e-24
78.83472104  -8.838297098e-09  3.46361352e-24
79.16527896  -8.655308261e-09  3.391902578e-24
79.47792495  -8.486403423e-09  3.325710972e-24
79.73877387  -8.348501045e-09  3.271668826e-24
79.91953391  -8.254514983e-09  3.234836913e-24
80  -8.213085374e-09  3.218601188e-24
80.08046609  -8.171905037e-09  3.202463151e-24
80.26122613  -8.080296959e-09  3.166563138e-24
80.52207505  -7.950262744e-09  3.115604423e-24
80.83472104  -7.797700539e-09  3.055817282e-24
81.16527896  -7.640202053e-09  2.994095677e-24
81.47792495  -7.494738288e-09  2.937090322e-24
81.73877387  -7.375911184e-09  2.890523527e-24
81.91953391  -7.294892711e-09  2.858773443e-24
82  -7.259170722e-09  2.84477446e-24
82.08046609  -7.223658438e-09  2.830857659e-24
82.26122613  -7.144640474e-09  2.799891548e-24
82.52207505  -7.032432503e-09  2.755918705e-24
82.83472104  -6.900716758e-09  2.704301021e-24
83.16527896  -6.764660871e-09  2.650982491e-24
83.47792495  -6.638929348e-09  2.601709944e-24
83.73877387  -6.536169179e-09  2.561439572e-24
83.91953391  -6.466078261e-09  2.533971854e-24
84  -6.435167298e-09  2.521858251e-24
84.08046609  -6.404433488e-09  2.509814071e-24
84.26122613  -6.33603255e-09  2.483008634e-24
84.52207505  -6.238864008e-09  2.444929548e-24
84.83472104  -6.124746126e-09  2.400208236e-24
85.16527896  -6.006803233e-09  2.353987953e-24
85.47792495  -5.897750804e-09  2.311251726e-24
85.73877387  -5.808579396e-09  2.276306613e-24
85.91953391  -5.747734648e-09  2.252462348e-24
86  -5.720895515e-09  2.241944442e-24
86.08046609  -5.694206633e-09  2.231485417e-24
86.26122613  -5.634795216e-09  2.208202856e-24
86.52207505  -5.550366223e-09  2.175116233e-24
86.83472104  -5.451163459e-09  2.136239962e-24
87.16527896  -5.3485819e-09  2.096039585e-24
87.47792495  -5.253683538e-09  2.058850153e-24
87.73877387  -5.176050056e-09  2.028426603e-24
87.91953391  -5.123059346e-09  2.007660234e-24
88  -5.099679837e-09  1.998498108e-24
88.08046609  -5.076428243e-09  1.989386112e-24
88.26122613  -5.024657803e-09  1.969097951e-24
88.52207505  -4.95106176e-09  1.94025662e-24
88.83472104  -4.864548723e-09  1.906353287e-24
89.16527896  -4.775044345e-09  1.871277687e-24
89.47792495  -4.692202562e-09  1.838813072e-24
89.73877387  -4.624402376e-09  1.812243062e-24
89.91953391  -4.578108032e-09  1.794100911e-24
90  -4.557678903e-09  1.786095001e-24
90.08046609  -4.53735907e-09  1.778131924e-24
90.26122613  -4.49210737e-09  1.760398372e-24
90.52207505  -4.427756898e-09  1.73518026e-24
90.83472104  -4.352079682e-09  1.705523345e-24
91.16527896  -4.27374835e-09  1.674826316e-24
91.47792495  -4.201213466e-09  1.64640084e-24
91.73877387  -4.141823767e-09  1.62312679e-24
91.91953391  -4.101259077e-09  1.607230016e-24
92  -4.083354973e-09  1.600213631e-24
92.08046609  -4.06554458e-09  1.59323397e-24
92.26122613  -4.02587385e-09  1.577687528e-24
92.52207505  -3.969441905e-09  1.555572584e-24
92.83472104  -3.903049763e-09  1.529554368e-24
93.16527896  -3.834297698e-09  1.502611329e-24
93.47792495  -3.770604279e-09  1.477650708e-24
93.73877387  -3.718432735e-09  1.457205359e-24
93.91953391  -3.682787233e-09  1.443236351e-24
94  -3.667051458e-09  1.437069706e-24
94.08046609  -3.651396296e-09  1.430934652e-24
94.26122613  -3.616519813e-09  1.417267012e-24
94.52207505  -3.566892629e-09  1.397818765e-24
94.83472104  -3.508483326e-09  1.37492892e-24
95.16527896  -3.44797134e-09  1.351215061e-24
95.47792495  -3.391887296e-09  1.329236454e-24
95.73877387  -3.345930891e-09  1.311226738e-24
95.91953391  -3.314522514e-09  1.298918204e-24
96  -3.300654809e-09  1.293483631e-24
96.08046609  -3.286856671e-09  1.28807632e-24
96.26122613  -3.256111934e-09  1.276027858e-24
96.52207505  -3.212351223e-09  1.258878606e-24
96.83472104  -3.160827122e-09  1.238686982e-24
97.16527896  -3.10742577e-09  1.217759687e-24
97.47792495  -3.057911373e-09  1.19835564e-24
97.73877387  -3.017323254e-09  1.182449685e-24
97.91953391  -2.989575903e-09  1.171575859e-24
98  -2.977322598e-09  1.166773949e-24
98.08046609  -2.965129511e-09  1.161995637e-24
98.26122613  -2.937956605e-09  1.151346929e-24
98.52207505  -2.899269059e-09  1.136185784e-24
98.83472104  -2.853701662e-09  1.118328514e-24
99.16527896  -2.806454998e-09  1.099813162e-24
99.47792495  -2.762629751e-09  1.082638618e-24
99.73877387  -2.726692399e-09  1.068555238e-24
99.91953391  -2.702117776e-09  1.058924763e-24
100  -2.691263815e-09  1.054671237e-24
100.0804661  -2.68046213e-09  1.050438198e-24
100.2612261  -2.656386197e-09  1.041003153e-24
100.5220751  -2.622098771e-09  1.027566358e-24
100.834721  -2.58169995e-09  1.011734586e-24
101.165279  -2.539796119e-09  9.953130199e-25
101.4779249  -2.500911836e-09  9.80074776e-25
101.7387739  -2.469015269e-09  9.675749268e-25
101.9195339  -2.447198105e-09  9.590250644e-25
102  -2.437560555e-09  9.55248234e-25
102.0804661  -2.427968514e-09  9.514892382e-25
102.2612261  -2.406585489e-09  9.431095091e-25
102.5220751  -2.376125273e-09  9.311725471e-25
102.834721  -2.340223848e-09  9.171032464e-25
103.165279  -2.3029711e-09  9.025043795e-25
103.4779249  -2.268389959e-09  8.889524809e-25
103.7387739  -2.240013932e-09  8.778322852e-25
103.9195339  -2.220599927e-09  8.702241897e-25
104  -2.212022681e-09  8.668628788e-25
104.0804661  -2.203485161e-09  8.635171358e-25
104.2612261  -2.184450118e-09  8.560575506e-25
104.5220751  -2.157327884e-09  8.454287e-25
104.834721  -2.125350457e-09  8.328971629e-25
105.165279  -2.092157528e-09  8.198892864e-25
105.4779249  -2.061334088e-09  8.078099818e-25
105.7387739  -2.036033512e-09  7.978950153e-25
105.9195339  -2.018719449e-09  7.911098597e-25
106  -2.011068881e-09  7.881117019e-25
106.0804661  -2.00345308e-09  7.851271687e-25
106.2612261  -1.986470673e-09  7.784719845e-25
106.5220751  -1.962267372e-09  7.689870262e-25
106.834721  -1.933722589e-09  7.578006972e-25
107.165279  -1.904082573e-09  7.461851612e-25
107.4779249  -1.876548991e-09  7.35395109e-25
107.7387739  -1.853941938e-09  7.265356993e-25
107.9195339  -1.838467544e-09  7.204714856e-25
108  -1.831628931e-09  7.177915226e-25
108.0804661  -1.824820822e-09  7.151235131e-25
108.2612261  -1.809637406e-09  7.091733304e-25
108.5220751  -1.787993047e-09  7.006911879e-25
108.834721  -1.762458623e-09  6.906845797e-25
109.165279  -1.735935673e-09  6.802905808e-25
109.4779249  -1.711289503e-09  6.706320678e-25
109.7387739  -1.691047299e-09  6.626994119e-25
109.9195339  -1.677188521e-09  6.572683372e-25
110  -1.671063089e-09  6.548678601e-25
110.0804661  -1.664964483e-09  6.524778958e-25
110.2612261  -1.65136161e-09  6.47147107e-25
110.5220751  -1.631966055e-09  6.395462419e-25
110.834721  -1.609078046e-09  6.305767292e-25
111.165279  -1.585296357e-09  6.212569948e-25
111.4779249  -1.563190444e-09  6.125939755e-25
111.7387739  -1.545029461e-09  6.054769228e-25
111.9195339  -1.532592895e-09  6.006031947e-25
112  -1.527095365e-09  5.984487841e-25
112.0804661  -1.521621481e-09  5.963036404e-25
112.2612261  -1.509410496e-09  5.915183143e-25
112.5220751  -1.491995831e-09  5.846937341e-25
112.834721  -1.471439718e-09  5.766380609e-25
113.165279  -1.450074384e-09  5.682652649e-25
113.4779249  -1.430208463e-09  5.604800693e-25
113.7387739  -1.413883289e-09  5.540824463e-25
113.9195339  -1.402701544e-09  5.497004661e-25
114  -1.397758093e-09  5.477631919e-25
114.0804661  -1.392835534e-09  5.458341049e-25
114.2612261  -1.381853082e-09  5.415302251e-25
114.5220751  -1.366187256e-09  5.353909919e-25
114.834721  -1.34769052e-09  5.281423622e-25
115.165279  -1.32845991e-09  5.206061363e-25
115.4779249  -1.310573601e-09  5.135967248e-25
115.7387739  -1.295871345e-09  5.078351022e-25
115.9195339  -1.28579917e-09  5.03887948e-25
116  -1.28134573e-09  5.021427031e-25
116.0804661  -1.276910788e-09  5.004047069e-25
116.2612261  -1.267015062e-09  4.96526701e-25
116.5220751  -1.252896575e-09  4.909938497e-25
116.834721  -1.236222496e-09  4.844594954e-25
117.165279  -1.218881872e-09  4.776639305e-25
117.4779249  -1.202748816e-09  4.713415961e-25
117.7387739  -1.189484339e-09  4.661434204e-25
117.9195339  -1.180395384e-09  4.625815774e-25
118  -1.176376217e-09  4.61006518e-25
118.0804661  -1.17237346e-09  4.594378898e-25
118.2612261  -1.163441055e-09  4.559373965e-25
118.5220751  -1.150694508e-09  4.509421908e-25
118.834721  -1.135636956e-09  4.450413323e-25
119.165279  -1.119973127e-09  4.389028818e-25
119.4779249  -1.105396068e-09  4.331903222e-25
119.7387739  -1.09340798e-09  4.284923465e-25
119.9195339  -1.085192073e-09  4.252726397e-25
120  -1.081558568e-09  4.238487162e-25
120.0804661  -1.077939651e-09  4.2243051e-25
120.2612261  -1.069862918e-09  4.192653436e-25
120.5220751  -1.058335272e-09  4.147478089e-25
120.834721  -1.044714333e-09  4.094099406e-25
121.165279  -1.030541154e-09  4.038556561e-25
121.4779249  -1.017347795e-09  3.986853506e-25
121.7387739  -1.006495079e-09  3.944323125e-25
121.9195339  -9.990559339e-10  3.915170085e-25
122  -9.957655998e-10  3.902275694e-25
122.0804661  -9.92488261e-10  3.88943223e-25
122.2612261  -9.851730831e-10  3.860765001e-25
122.5220751  -9.747304983e-10  3.819841871e-25
122.834721  -9.623887836e-10  3.771476299e-25
123.165279  -9.495433533e-10  3.72113673e-25
123.4779249  -9.375828603e-10  3.674265116e-25
123.7387739  -9.277420275e-10  3.635700174e-25
123.9195339  -9.209953042e-10  3.609260644e-25
124  -9.180109181e-10  3.597565224e-25
124.0804661  -9.150381293e-10  3.585915252e-25
124.2612261  -9.08402036e-10  3.559909266e-25
124.5220751  -8.989272095e-10  3.522778655e-25
124.834721  -8.877267293e-10  3.478885432e-25
125.165279  -8.760661783e-10  3.433189251e-25
125.4779249  -8.652062178e-10  3.390630481e-25
125.7387739  -8.56268893e-10  3.355606269e-25
125.9195339  -8.501405563e-10  3.331590115e-25
126  -8.474294384e-10  3.320965597e-25
126.0804661  -8.447286888e-10  3.310381712e-25
126.2612261  -8.386992599e-10  3.286753165e-25
126.5220751  -8.300891591e-10  3.253011301e-25
126.834721  -8.199086758e-10  3.213115313e-25
127.165279  -8.09307436e-10  3.171570435e-25
127.4779249  -7.994316616e-10  3.132868562e-25
127.7387739  -7.91302534e-10  3.101011569e-25
127.9195339  -7.857274586e-10  3.079163575e-25
128  -7.832608579e-10  3.069497288e-25
128.0804661  -7.808035434e-10  3.059867393e-25
128.2612261  -7.753170518e-10  3.038366547e-25
128.5220751  -7.674809918e-10  3.007658048e-25
128.834721  -7.582137657e-10  2.971340996e-25
129.165279  -7.485612489e-10  2.93351404e-25
129.4779249  -7.39567161e-10  2.898267381e-25
129.7387739  -7.321622386e-10  2.869248454e-25
129.9195339  -7.270830209e-10  2.849343662e-25
130  -7.248355922e-10  2.840536281e-25
130.0804661  -7.225964945e-10  2.831761549e-25
130.2612261  -7.1759675e-10  2.812168201e-25
130.5220751  -7.104547531e-10  2.784179646e-25
130.834721  -7.020066213e-10  2.751072518e-25
131.165279  -6.932052386e-10  2.716581045e-25
131.4779249  -6.850023575e-10  2.684435023e-25
131.7387739  -6.782474774e-10  2.657963527e-25
131.9195339  -6.736134206e-10  2.639803262e-25
132  -6.715627768e-10  2.631767056e-25
132.0804661  -6.695196197e-10  2.623760189e-25
132.2612261  -6.649569806e-10  2.605879801e-25
132.5220751  -6.584383754e-10  2.580334236e-25
132.834721  -6.507261085e-10  2.550110867e-25
133.165279  -6.426895764e-10  2.518616744e-25
133.4779249  -6.351978798e-10  2.489257761e-25
133.7387739  -6.290274329e-10  2.465076583e-25
133.9195339  -6.247936781e-10  2.44848505e-25
134  -6.229200079e-10  2.44114238e-25
134.0804661  -6.210530762e-10  2.433826118e-25
134.2612261  -6.168836035e-10  2.417486497e-25
134.5220751  -6.109258237e-10  2.394138734e-25
134.834721  -6.038757186e-10  2.366510291e-25
135.165279  -5.965276064e-10  2.337713996e-25
135.4779249  -5.896761891e-10  2.310864184e-25
135.7387739  -5.840320262e-10  2.288745445e-25
135.9195339  -5.801588069e-10  2.273566803e-25
136  -5.784445457e-10  2.266848836e-25
136.0804661  -5.767363594e-10  2.260154677e-25
136.2612261  -5.729210897e-10  2.245203132e-25
136.5220751  -5.674686436e-10  2.223835706e-25
136.834721  -5.610153142e-10  2.198545948e-25
137.165279  -5.542877963e-10  2.172181682e-25
137.4779249  -5.480137183e-10  2.147594387e-25
137.7387739  -5.428442089e-10  2.127335753e-25
137.9195339  -5.3929621e-10  2.113431607e-25
138  -5.377257577e-10  2.10727721e-25
138.0804661  -5.361607902e-10  2.101144306e-25
138.2612261  -5.326651114e-10  2.087445196e-25
138.5220751  -5.276686945e-10  2.067864889e-25
138.834721  -5.2175403e-10  2.044686089e-25
139.165279  -5.155868116e-10  2.020517563e-25
139.4779249  -5.098341051e-10  1.997973456e-25
139.7387739  -5.050933272e-10  1.979394965e-25
139.9195339  -5.01839132e-10  1.966642197e-25
140  -5.003986091e-10  1.960996976e-25
140.0804661  -4.989630453e-10  1.955371188e-25
140.2612261  -4.957561572e-10  1.942803811e-25
140.5220751  -4.911718865e-10  1.924838652e-25
140.834721  -4.857441543e-10  1.903568076e-25
141.165279  -4.800835429e-10  1.881384877e-25
141.4779249  -4.748023559e-10  1.860688593e-25
141.7387739  -4.704493954e-10  1.843629908e-25
141.9195339  -4.674610081e-10  1.831918807e-25
142  -4.661380449e-10  1.826734287e-25
142.0804661  -4.648195721e-10  1.821567364e-25
142.2612261  -4.618740204e-10  1.81002413e-25
142.5220751  -4.576627734e-10  1.793520802e-25
142.834721  -4.526758414e-10  1.773977665e-25
143.165279  -4.474739453e-10  1.753592111e-25
143.4779249  -4.426197993e-10  1.734569345e-25
143.7387739  -4.38618144e-10  1.718887379e-25
143.9195339  -4.358705766e-10  1.708120021e-25
144  -4.346541312e-10  1.70335293e-25
144.0804661  -4.334417574e-10  1.698601795e-25
144.2612261  -4.307330305e-10  1.687986647e-25
144.5220751  -4.268598717e-10  1.672808242e-25
144.834721  -4.222725358e-10  1.65483107e-25
145.165279  -4.174865679e-10  1.636075485e-25
145.4779249  -4.130197156e-10  1.618570472e-25
145.7387739  -4.093367295e-10  1.60413733e-25
145.9195339  -4.068076426e-10  1.594226168e-25
146  -4.056878427e-10  1.589837818e-25
146.0804661  -4.045717396e-10  1.585463955e-25
146.2612261  -4.020779184e-10  1.575690994e-25
146.5220751  -3.985116019e-10  1.561715065e-25
146.834721  -3.942870014e-10  1.545159406e-25
147.165279  -3.898786757e-10  1.527883751e-25
147.4779249  -3.857635418e-10  1.511757078e-25
147.7387739  -3.823700083e-10  1.498458262e-25
147.9195339  -3.800394e-10  1.489324911e-25
148  -3.79007405e-10  1.485280657e-25
148.0804661  -3.779787711e-10  1.481249575e-25
148.2612261  -3.756802246e-10  1.472241871e-25
148.5220751  -3.723927617e-10  1.459358732e-25
148.834721  -3.684978711e-10  1.444095163e-25
149.165279  -3.644328765e-10  1.428164978e-25
149.4779249  -3.60637572e-10  1.413291674e-25
149.7387739  -3.57507296e-10  1.40102453e-25
149.9195339  -3.553572297e-10  1.3925987e-25
150  -3.544051115e-10  1.388867473e-25
150.0804661  -3.534560529e-10  1.385148236e-25
150.2612261  -3.513351731e-10  1.376836785e-25
150.5220751  -3.483014549e-10  1.364948038e-25
150.834721  -3.447066407e-10  1.350860429e-25
151.165279  -3.409541831e-10  1.336155037e-25
151.4779249  -3.374500805e-10  1.322422915e-25
151.7387739  -3.345595415e-10  1.311095269e-25
151.9195339  -3.325739095e-10  1.303313836e-25
152  -3.316945475e-10  1.299867731e-25
152.0804661  -3.308179742e-10  1.296432554e-25
152.2612261  -3.288589443e-10  1.288755371e-25
152.5220751  -3.260564129e-10  1.277772616e-25
152.834721  -3.227350467e-10  1.264756614e-25
153.165279  -3.192674482e-10  1.251167547e-25
153.4779249  -3.160288117e-10  1.238475752e-25
153.7387739  -3.133568602e-10  1.228004723e-25
153.9195339  -3.115211765e-10  1.220810917e-25
154  -3.107081664e-10  1.217624837e-25
154.0804661  -3.098977012e-10  1.214448729e-25
154.2612261  -3.080862934e-10  1.207350058e-25
154.5220751  -3.054946537e-10  1.19719376e-25
154.834721  -3.024227737e-10  1.185155462e-25
155.165279  -2.992151227e-10  1.172585095e-25
155.4779249  -2.96218783e-10  1.16084283e-25
155.7387739  -2.937463754e-10  1.151153787e-25
155.9195339  -2.920475941e-10  1.144496484e-25
156  -2.912951679e-10  1.141547824e-25
156.0804661  -2.905450667e-10  1.138608275e-25
156.2612261  -2.888684648e-10  1.132037891e-25
156.5220751  -2.864694328e-10  1.122636397e-25
156.834721  -2.836254469e-10  1.111491186e-25
157.165279  -2.806552907e-10  1.099851531e-25
157.4779249  -2.77880361e-10  1.088976943e-25
157.7387739  -2.755903263e-10  1.080002595e-25
157.9195339  -2.740166828e-10  1.073835691e-25
158  -2.733196384e-10  1.071104065e-25
158.0804661  -2.726247206e-10  1.068380773e-25
158.2612261  -2.710713643e-10  1.062293372e-25
158.5220751  -2.688484452e-10  1.053582041e-25
158.834721  -2.66212871e-10  1.043253569e-25
159.165279  -2.63459946e-10  1.032465215e-25
159.4779249  -2.608875722e-10  1.022384417e-25
159.7387739  -2.587644074e-10  1.01406401e-25
159.9195339  -2.573052784e-10  1.008345874e-25
160  -2.566589179e-10  1.005812871e-25
160.0804661  -2.560145049e-10  1.003287501e-25
160.2612261  -2.545739531e-10  9.976421659e-26
160.5220751  -2.525122469e-10  9.895626078e-26
160.834721  -2.500674822e-10  9.799818934e-26
161.165279  -2.47513477e-10  9.699730795e-26
161.4779249  -2.451266176e-10  9.606192883e-26
161.7387739  -2.431563077e-10  9.528979007e-26
161.9195339  -2.418020882e-10  9.475908907e-26
162  -2.412021638e-10  9.452398651e-26
162.0804661  -2.406040247e-10  9.428958358e-26
162.2612261  -2.392668352e-10  9.376555642e-26
162.5220751  -2.373528653e-10  9.301549656e-26
162.834721  -2.350829867e-10  9.212596071e-26
163.165279  -2.327113327e-10  9.119654038e-26
163.4779249  -2.304945652e-10  9.032781808e-26
163.7387739  -2.286644246e-10  8.96106098e-26
163.9195339  -2.274064192e-10  8.911761386e-26
164  -2.268490851e-10  8.889920189e-26
164.0804661  -2.262933893e-10  8.868143195e-26
164.2612261  -2.250510122e-10  8.819456057e-26
164.5220751  -2.232725744e-10  8.749761395e-26
164.834721  -2.211631592e-10  8.667096159e-26
165.165279  -2.189588464e-10  8.580712011e-26
165.4779249  -2.168981964e-10  8.499957822e-26
165.7387739  -2.151967282e-10  8.433279501e-26
165.9195339  -2.140270556e-10  8.387441556e-26
166  -2.135088257e-10  8.367132801e-26
166.0804661  -2.129921009e-10  8.346883027e-26
166.2612261  -2.118367853e-10  8.301607715e-26
166.5220751  -2.101828139e-10  8.236790729e-26
166.834721  -2.082207827e-10  8.159901282e-26
167.165279  -2.061701967e-10  8.079541487e-26
167.4779249  -2.042529866e-10  8.004408519e-26
167.7387739  -2.026697593e-10  7.942363905e-26
167.9195339  -2.015812675e-10  7.899707329e-26
168  -2.010989781e-10  7.880807033e-26
168.0804661  -2.006180726e-10  7.861960974e-26
168.2612261  -1.995427833e-10  7.819821786e-26
168.5220751  -1.980032332e-10  7.759488825e-26
168.834721  -1.961767111e-10  7.6879098e-26
169.165279  -1.942674887e-10  7.613089862e-26
169.4779249  -1.924822038e-10  7.543126873e-26
169.7387739  -1.910077413e-10  7.485344607e-26
169.9195339  -1.899939324e-10  7.445614756e-26
170  -1.895447087e-10  7.428010267e-26
170.0804661  -1.890967591e-10  7.410455704e-26
170.2612261  -1.88095103e-10  7.371202108e-26
170.5220751  -1.866608452e-10  7.314995411e-26
170.834721  -1.84959038e-10  7.248303805e-26
171.165279  -1.831799394e-10  7.178583248e-26
171.4779249  -1.815161096e-10  7.113379923e-26
171.7387739  -1.801417937e-10  7.059522272e-26
171.9195339  -1.791967575e-10  7.022487534e-26
172  -1.787779848e-10  7.006076381e-26
172.0804661  -1.783603861e-10  6.989711229e-26
172.2612261  -1.774265474e-10  6.953115306e-26
172.5220751  -1.760892756e-10  6.900709366e-26
172.834721  -1.745023609e-10  6.838520248e-26
173.165279  -1.728431561e-10  6.773498174e-26
173.4779249  -1.7129125e-10  6.712680994e-26
173.7387739  -1.700092342e-10  6.662440464e-26
173.9195339  -1.69127589e-10  6.627889938e-26
174  -1.687368863e-10  6.612578807e-26
174.0804661  -1.683472661e-10  6.5973101e-26
174.2612261  -1.67475948e-10  6.563164277e-26
174.5220751  -1.662280966e-10  6.514262604e-26
174.834721  -1.647471262e-10  6.456225304e-26
175.165279  -1.631984941e-10  6.395536429e-26
175.4779249  -1.617498257e-10  6.338765002e-26
175.7387739  -1.605529583e-10  6.291861329e-26
175.9195339  -1.597297985e-10  6.259602765e-26
176  -1.593649949e-10  6.245306588e-26
176.0804661  -1.590011907e-10  6.231049575e-26
176.2612261  -1.581875638e-10  6.199164598e-26
176.5220751  -1.570222341e-10  6.153496844e-26
176.834721  -1.556390474e-10  6.099291558e-26
177.165279  -1.541924859e-10  6.042602699e-26
177.4779249  -1.528391312e-10  5.989566492e-26
177.7387739  -1.51720887e-10  5.945743955e-26
177.9195339  -1.509517358e-10  5.915601921e-26
178  -1.506108504e-10  5.902243067e-26
178.0804661  -1.502708884e-10  5.888920398e-26
178.2612261  -1.495105452e-10  5.85912354e-26
178.5220751  -1.484214401e-10  5.816442929e-26
178.834721  -1.47128587e-10  5.765777702e-26
179.165279  -1.457763331e-10  5.712784633e-26
179.4779249  -1.445110556e-10  5.663200054e-26
179.7387739  -1.434654744e-10  5.622225087e-26
179.9195339  -1.427462426e-10  5.59403933e-26
180  -1.424274657e-10  5.58154688e-26
180.0804661  -1.421095427e-10  5.569087892e-26
180.2612261  -1.413984563e-10  5.541221342e-26
180.5220751  -1.40379822e-10  5.501302389e-26
180.834721  -1.391704942e-10  5.453910409e-26
181.165279  -1.379054523e-10  5.404335063e-26
181.4779249  -1.367216365e-10  5.357942865e-26
181.7387739  -1.35743269e-10  5.319601917e-26
181.9195339  -1.350702174e-10  5.293225902e-26
182  -1.347718942e-10  5.281535002e-26
182.0804661  -1.344743613e-10  5.269875074e-26
182.2612261  -1.338088488e-10  5.243794507e-26
182.5220751  -1.328554224e-10  5.20643097e-26
182.834721  -1.317233917e-10  5.162068162e-26
183.165279  -1.305390698e-10  5.115656127e-26
183.4779249  -1.294306622e-10  5.072219077e-26
183.7387739  -1.285145213e-10  5.036316708e-26
183.9195339  -1.278842273e-10  5.01161631e-26
184  -1.276048429e-10  5.000667597e-26
184.0804661  -1.273261906e-10  4.989747575e-26
184.2612261  -1.267028805e-10  4.965320865e-26
184.5220751  -1.258098438e-10  4.930323919e-26
184.834721  -1.247494071e-10  4.888766788e-26
185.165279  -1.236398596e-10  4.845285067e-26
185.4779249  -1.226013153e-10  4.804585868e-26
185.7387739  -1.217428322e-10  4.770943033e-26
185.9195339  -1.211521603e-10  4.747795369e-26
186  -1.208903267e-10  4.737534451e-26
186.0804661  -1.206291718e-10  4.727300133e-26
186.2612261  -1.200449747e-10  4.70440621e-26
186.5220751  -1.192079119e-10  4.671602807e-26
186.834721  -1.182138421e-10  4.632646506e-26
187.165279  -1.171736188e-10  4.59188151e-26
187.4779249  -1.16199854e-10  4.553720935e-26
187.7387739  -1.153948393e-10  4.522173457e-26
187.9195339  -1.148409137e-10  4.500465836e-26
188  -1.145953581e-10  4.49084283e-26
188.0804661  -1.143504322e-10  4.481244505e-26
188.2612261  -1.138025144e-10  4.459772321e-26
188.5220751  -1.130173749e-10  4.429003724e-26
188.834721  -1.120848763e-10  4.392460322e-26
189.165279  -1.111089763e-10  4.35421607e-26
189.4779249  -1.101953256e-10  4.318411289e-26
189.7387739  -1.094399343e-10  4.288808486e-26
189.9195339  -1.089201155e-10  4.268437467e-26
190  -1.086896693e-10  4.25940658e-26
190.0804661  -1.08459808e-10  4.250398613e-26
190.2612261  -1.079455681e-10  4.230246221e-26
190.5220751  -1.072086328e-10  4.201366687e-26
190.834721  -1.06333302e-10  4.167063613e-26
191.165279  -1.054171323e-10  4.131160117e-26
191.4779249  -1.045593104e-10  4.097543194e-26
191.7387739  -1.038500101e-10  4.069746639e-26
191.9195339  -1.033618731e-10  4.050617186e-26
192  -1.031454628e-10  4.042136347e-26
192.0804661  -1.029295959e-10  4.033676805e-26
192.2612261  -1.024466435e-10  4.014750528e-26
192.5220751  -1.017544948e-10  3.987626123e-26
192.834721  -1.009322844e-10  3.955404767e-26
193.165279  -1.000716232e-10  3.921676577e-26
193.4779249  -9.926569042e-11  3.890093121e-26
193.7387739  -9.859923332e-11  3.863975535e-26
193.9195339  -9.814054807e-11  3.846000258e-26
194  -9.793718626e-11  3.838030774e-26
194.0804661  -9.773432992e-11  3.830081098e-26
194.2612261  -9.728046645e-11  3.812294779e-26
194.5220751  -9.662996085e-11  3.786802312e-26
194.834721  -9.585714767e-11  3.75651677e-26
195.165279  -9.504811073e-11  3.724811666e-26
195.4779249  -9.42904419e-11  3.695119611e-26
195.7387739  -9.366383909e-11  3.670563864e-26
195.9195339  -9.323255318e-11  3.65366233e-26
196  -9.304133119e-11  3.64616859e-26
196.0804661  -9.285057965e-11  3.638693285e-26
196.2612261  -9.242378146e-11  3.62196762e-26
196.5220751  -9.181202505e-11  3.597993683e-26
196.834721  -9.108518125e-11  3.569509621e-26
197.165279  -9.032419183e-11  3.539687437e-26
197.4779249  -8.961144835e-11  3.511755948e-26
197.7387739  -8.902194688e-11  3.488654153e-26
197.9195339  -8.861616973e-11  3.472752276e-26
198  -8.843625045e-11  3.465701473e-26
198.0804661  -8.825676934e-11  3.458667842e-26
198.2612261  -8.785517206e-11  3.442929768e-26
198.5220751  -8.72794985e-11  3.420369871e-26
198.834721  -8.659546539e-11  3.393563504e-26
199.165279  -8.587922719e-11  3.365495062e-26
199.4779249  -8.520833182e-11  3.339203546e-26
199.7387739  -8.465339391e-11  3.317456253e-26
199.9195339  -8.427138259e-11  3.302485726e-26
200  -8.410199423e-11  3.295847617e-26
200.0804661  -8.393301427e-11  3.289225512e-26
200.2612261  -8.355489885e-11  3.274407662e-26
200.5220751  -8.301284946e-11  3.253165452e-26
200.834721  -8.236871396e-11  3.227922621e-26
201.165279  -8.169418663e-11  3.201488773e-26
201.4779249  -8.106230067e-11  3.176725985e-26
201.7387739  -8.053958502e-11  3.15624144e-26
201.9195339  -8.017973136e-11  3.142139244e-26
202  -8.002016176e-11  3.135885919e-26
202.0804661  -7.98609731e-11  3.129647523e-26
202.2612261  -7.950475322e-11  3.11568773e-26
202.5220751  -7.899405891e-11  3.095674285e-26
202.834721  -7.838713231e-11  3.071889622e-26
203.165279  -7.775150928e-11  3.046980383e-26
203.4779249  -7.715601197e-11  3.023643619e-26
203.7387739  -7.666335678e-11  3.004337104e-26
203.9195339  -7.63241758e-11  2.991045043e-26
204  -7.617376734e-11  2.985150731e-26
204.0804661  -7.602371442e-11  2.979270353e-26
204.2612261  -7.568792506e-11  2.966111205e-26
204.5220751  -7.520649007e-11  2.947244395e-26
204.834721  -7.463428875e-11  2.92482057e-26
205.165279  -7.40349772e-11  2.901334331e-26
205.4779249  -7.34734471e-11  2.879328698e-26
205.7387739  -7.300885475e-11  2.861121929e-26
205.9195339  -7.26889741e-11  2.848586223e-26
206  -7.2547119e-11  2.843027106e-26
206.0804661  -7.240559598e-11  2.837481003e-26
206.2612261  -7.208888306e-11  2.825069437e-26
206.5220751  -7.163477022e-11  2.807273346e-26
206.834721  -7.109499821e-11  2.786120384e-26
207.165279  -7.052960095e-11  2.763963201e-26
207.4779249  -6.999979902e-11  2.743200954e-26
207.7387739  -6.956142216e-11  2.726021536e-26
207.9195339  -6.925957265e-11  2.714192447e-26
208  -6.912570879e-11  2.708946496e-26
208.0804661  -6.899215528e-11  2.703712708e-26
208.2612261  -6.869326634e-11  2.69199964e-26
208.5220751  -6.826468366e-11  2.675204043e-26
208.834721  -6.775521686e-11  2.655238703e-26
209.165279  -6.722151586e-11  2.634323655e-26
209.4779249  -6.672137016e-11  2.614723597e-26
209.7387739  -6.630749913e-11  2.59850453e-26
209.9195339  -6.602250606e-11  2.587336023e-26
210  -6.589611313e-11  2.582382849e-26
210.0804661  -6.577001044e-11  2.577441048e-26
210.2612261  -6.548778612e-11  2.566381045e-26
210.5220751  -6.508307468e-11  2.550520931e-26
210.834721  -6.460194653e-11  2.531666145e-26
211.165279  -6.409788799e-11  2.511912748e-26
211.4779249  -6.362547978e-11  2.493399685e-26
211.7387739  -6.323453117e-11  2.478078918e-26
211.9195339  -6.296530649e-11  2.467528354e-26
212  -6.284590254e-11  2.462849068e-26
212.0804661  -6.27267702e-11  2.458180427e-26
212.2612261  -6.246013652e-11  2.4477314e-26
212.5220751  -6.207775947e-11  2.432746542e-26
212.834721  -6.162314788e-11  2.414930906e-26
213.165279  -6.114682872e-11  2.396264578e-26
213.4779249  -6.070037983e-11  2.378768828e-26
213.7387739  -6.033088607e-11  2.364288849e-26
213.9195339  -6.007642125e-11  2.354316704e-26
214  -5.996355955e-11  2.349893801e-26
214.0804661  -5.985095218e-11  2.345480865e-26
214.2612261  -5.959891354e-11  2.335603798e-26
214.5220751  -5.923744606e-11  2.321438359e-26
214.834721  -5.880766163e-11  2.304595666e-26
215.165279  -5.835731712e-11  2.286947252e-26
215.4779249  -5.793517845e-11  2.270404187e-26
215.7387739  -5.758577839e-11  2.256711654e-26
215.9195339  -5.734513796e-11  2.247281269e-26
216  -5.723840411e-11  2.243098508e-26
216.0804661  -5.713190855e-11  2.238925086e-26
216.2612261  -5.689354135e-11  2.229583786e-26
216.5220751  -5.655166157e-11  2.216185962e-26
216.834721  -5.614513678e-11  2.200254785e-26
217.165279  -5.571912933e-11  2.183560108e-26
217.4779249  -5.531977046e-11  2.167909754e-26
217.7387739  -5.498920074e-11  2.154955157e-26
217.9195339  -5.476151637e-11  2.146032504e-26
218  -5.46605257e-11  2.142074811e-26
218.0804661  -5.455975843e-11  2.138125873e-26
218.2612261  -5.433420526e-11  2.129286738e-26
218.5220751  -5.401068595e-11  2.116608437e-26
218.834721  -5.362596539e-11  2.10153174e-26
219.165279  -5.322277434e-11  2.085731208e-26
219.4779249  -5.284477397e-11  2.070917865e-26
219.7387739  -5.253186119e-11  2.058655221e-26
219.9195339  -5.231632634e-11  2.050208691e-26
220  -5.222072153e-11  2.046462063e-26
220.0804661  -5.212532629e-11  2.042723648e-26
220.2612261  -5.191179065e-11  2.034355464e-26
220.5220751  -5.160549167e-11  2.022352006e-26
220.834721  -5.124122308e-11  2.008076794e-26
221.165279  -5.085943541e-11  1.993115033e-26
221.4779249  -5.050147266e-11  1.979086939e-26
221.7387739  -5.020512627e-11  1.96747351e-26
221.9195339  -5.000099126e-11  1.959473725e-26
222  -4.991044017e-11  1.955925145e-26
222.0804661  -4.982008578e-11  1.952384275e-26
222.2612261  -4.961782727e-11  1.944458027e-26
222.5220751  -4.932768869e-11  1.933087874e-26
222.834721  -4.898261479e-11  1.919564877e-26
223.165279  -4.86209166e-11  1.905390396e-26
223.4779249  -4.828176316e-11  1.892099415e-26
223.7387739  -4.800096889e-11  1.881095453e-26
223.9195339  -4.780753646e-11  1.873515088e-26
224  -4.772173014e-11  1.87015245e-26
224.0804661  -4.763610857e-11  1.866797052e-26
224.2612261  -4.744443845e-11  1.85928575e-26
224.5220751  -4.716947423e-11  1.84851026e-26
224.834721  -4.684242533e-11  1.83569364e-26
225.165279  -4.64995941e-11  1.822258531e-26
225.4779249  -4.617810695e-11  1.809659868e-26
225.7387739  -4.591192088e-11  1.799228382e-26
225.9195339  -4.572854207e-11  1.792042006e-26
226  -4.5647193e-11  1.788854042e-26
226.0804661  -4.556601753e-11  1.785672881e-26
226.2612261  -4.538429472e-11  1.7785514e-26
226.5220751  -4.5123587e-11  1.768334604e-26
226.834721  -4.481347414e-11  1.756181685e-26
227.165279  -4.448837164e-11  1.743441342e-26
227.4779249  -4.418348645e-11  1.731493288e-26
227.7387739  -4.393102959e-11  1.721599833e-26
227.9195339  -4.375710003e-11  1.71478376e-26
228  -4.367994041e-11  1.711759975e-26
228.0804661  -4.360294401e-11  1.708742586e-26
228.2612261  -4.343057139e-11  1.701987528e-26
228.5220751  -4.318326522e-11  1.692295921e-26
228.834721  -4.288907399e-11  1.68076695e-26
229.165279  -4.258063979e-11  1.668679815e-26
229.4779249  -4.229136489e-11  1.657343509e-26
229.7387739  -4.205181817e-11  1.647955985e-26
229.9195339  -4.188677465e-11  1.641488144e-26
230  -4.181355492e-11  1.638618758e-26
230.0804661  -4.174048873e-11  1.635755389e-26
230.2612261  -4.157690982e-11  1.629344945e-26
230.5220751  -4.134220832e-11  1.620147299e-26
230.834721  -4.106299317e-11  1.609205221e-26
231.165279  -4.077023871e-11  1.597732555e-26
231.4779249  -4.049564956e-11  1.586971764e-26
231.7387739  -4.026824927e-11  1.578060243e-26
231.9195339  -4.011156663e-11  1.571920054e-26
232  -4.004205407e-11  1.569195947e-26
232.0804661  -3.997268602e-11  1.566477504e-26
232.2612261  -3.981738186e-11  1.560391336e-26
232.5220751  -3.959454187e-11  1.551658527e-26
232.834721  -3.932942087e-11  1.54126878e-26
233.165279  -3.905142404e-11  1.530374447e-26
233.4779249  -3.879065814e-11  1.52015537e-26
233.7387739  -3.857469178e-11  1.51169193e-26
233.9195339  -3.842588003e-11  1.505860192e-26
234  -3.83598575e-11  1.503272854e-26
234.0804661  -3.829397104e-11  1.50069085e-26
234.2612261  -3.814645739e-11  1.494909982e-26
234.5220751  -3.793478538e-11  1.486614832e-26
234.834721  -3.768293547e-11  1.476745162e-26
235.165279  -3.741883562e-11  1.466395432e-26
235.4779249  -3.717108787e-11  1.456686521e-26
235.7387739  -3.696589032e-11  1.448645096e-26
235.9195339  -3.682449201e-11  1.443103881e-26
236  -3.676175678e-11  1.440645369e-26
236.0804661  -3.669914975e-11  1.438191881e-26
236.2612261  -3.655897447e-11  1.432698594e-26
236.5220751  -3.635782289e-11  1.424815726e-26
236.834721  -3.611847548e-11  1.415436012e-26
237.165279  -3.586746882e-11  1.405599388e-26
237.4779249  -3.56319873e-11  1.396371174e-26
237.7387739  -3.543693726e-11  1.388727417e-26
237.9195339  -3.530252509e-11  1.383459979e-26
238  -3.524288777e-11  1.381122871e-26
238.0804661  -3.518337132e-11  1.378790498e-26
238.2612261  -3.505011201e-11  1.373568239e-26
238.5220751  -3.485887587e-11  1.366073944e-26
238.834721  -3.463131281e-11  1.357156044e-26
239.165279  -3.439264827e-11  1.347803092e-26
239.4779249  -3.416873026e-11  1.339028037e-26
239.7387739  -3.398324708e-11  1.331759192e-26
239.9195339  -3.385542164e-11  1.32674988e-26
240  -3.379870524e-11  1.324527238e-26
240.0804661  -3.374210282e-11  1.322309063e-26
240.2612261  -3.361536465e-11  1.317342359e-26
240.5220751  -3.343347838e-11  1.310214473e-26
240.834721  -3.32170283e-11  1.301732076e-26
241.165279  -3.299000365e-11  1.292835276e-26
241.4779249  -3.277699206e-11  1.284487629e-26
241.7387739  -3.260053276e-11  1.277572419e-26
241.9195339  -3.247892054e-11  1.272806595e-26
242  -3.24249595e-11  1.270691932e-26
242.0804661  -3.237110601e-11  1.268581483e-26
242.2612261  -3.22505197e-11  1.263855863e-26
242.5220751  -3.20774543e-11  1.257073655e-26
242.834721  -3.187148918e-11  1.249002151e-26
243.165279  -3.165544747e-11  1.240535757e-26
243.4779249  -3.145272756e-11  1.232591428e-26
243.7387739  -3.128478408e-11  1.226009942e-26
243.9195339  -3.116903558e-11  1.221473909e-26
244  -3.111767499e-11  1.219461154e-26
244.0804661  -3.106641593e-11  1.217452378e-26
244.2612261  -3.095163591e-11  1.212954299e-26
244.5220751  -3.078689632e-11  1.206498369e-26
244.834721  -3.059082837e-11  1.198814721e-26
245.165279  -3.038515469e-11  1.190754638e-26
245.4779249  -3.019215099e-11  1.183191074e-26
245.7387739  -3.00322477e-11  1.176924673e-26
245.9195339  -2.992203572e-11  1.172605609e-26
246  -2.987313054e-11  1.170689078e-26
246.0804661  -2.982432125e-11  1.168776306e-26
246.2612261  -2.971502396e-11  1.164493087e-26
246.5220751  -2.955814661e-11  1.158345268e-26
246.834721  -2.93714254e-11  1.151027907e-26
247.165279  -2.917554388e-11  1.143351565e-26
247.4779249  -2.89917174e-11  1.136147645e-26
247.7387739  -2.88394088e-11  1.13017887e-26
247.9195339  -2.873442682e-11  1.126064763e-26
248  -2.868784119e-11  1.124239132e-26
248.0804661  -2.864134617e-11  1.122417053e-26
248.2612261  -2.853722847e-11  1.118336816e-26
248.5220751  -2.838777907e-11  1.112480089e-26
248.834721  -2.820988889e-11  1.105508804e-26
249.165279  -2.80232599e-11  1.098195057e-26
249.4779249  -2.784810557e-11  1.091330987e-26
249.7387739  -2.770297413e-11  1.085643475e-26
249.9195339  -2.760293489e-11  1.081723067e-26
250  -2.755854147e-11  1.079983347e-26
250.0804661  -2.75142337e-11  1.078246983e-26
250.2612261  -2.741501148e-11  1.074358594e-26
250.5220751  -2.727258292e-11  1.068777004e-26
250.834721  -2.710304031e-11  1.06213285e-26
251.165279  -2.692515798e-11  1.055161873e-26
251.4779249  -2.675820222e-11  1.048619094e-26
251.7387739  -2.661985646e-11  1.043197504e-26
251.9195339  -2.652449057e-11  1.039460239e-26
252  -2.648216995e-11  1.037801749e-26
252.0804661  -2.643993033e-11  1.036146433e-26
252.2612261  -2.634533714e-11  1.03243945e-26
252.5220751  -2.620954763e-11  1.027118036e-26
252.834721  -2.604789915e-11  1.020783242e-26
253.165279  -2.587828894e-11  1.014136439e-26
253.4779249  -2.571908752e-11  1.007897542e-26
253.7387739  -2.558716017e-11  1.002727482e-26
253.9195339  -2.54962149e-11  9.991634551e-27
254  -2.545585504e-11  9.975818045e-27
254.0804661  -2.541557181e-11  9.960031573e-27
254.2612261  -2.532535765e-11  9.92467782e-27
254.5220751  -2.519584894e-11  9.873925042e-27
254.834721  -2.504166909e-11  9.813503965e-27
255.165279  -2.487988566e-11  9.750103147e-27
255.4779249  -2.472802163e-11  9.690589612e-27
255.7387739  -2.460216796e-11  9.641269197e-27
255.9195339  -2.451540609e-11  9.607268352e-27
256  -2.447690181e-11  9.592179025e-27
256.0804661  -2.443847008e-11  9.57711813e-27
256.2612261  -2.435240026e-11  9.54338849e-27
256.5220751  -2.422883601e-11  9.49496527e-27
256.834721  -2.408172528e-11  9.437314492e-27
257.165279  -2.39273505e-11  9.376817025e-27
257.4779249  -2.378243235e-11  9.320025489e-27
257.7387739  -2.366232862e-11  9.272958403e-27
257.9195339  -2.357952736e-11  9.240509668e-27
258  -2.35427799e-11  9.226108814e-27
258.0804661  -2.350610113e-11  9.211734884e-27
258.2612261  -2.342395523e-11  9.179542975e-27
258.5220751  -2.330601955e-11  9.133325517e-27
258.834721  -2.316560268e-11  9.078297976e-27
259.165279  -2.301824374e-11  9.020549926e-27
259.4779249  -2.287990365e-11  8.966336245e-27
259.7387739  -2.27652457e-11  8.92140329e-27
259.9195339  -2.268619572e-11  8.89042463e-27
260  -2.265111226e-11  8.876675878e-27
260.0804661  -2.261609388e-11  8.862952634e-27
260.2612261  -2.253766477e-11  8.832217286e-27
260.5220751  -2.242506079e-11  8.788089252e-27
260.834721  -2.229098512e-11  8.735546743e-27
261.165279  -2.215027283e-11  8.680403432e-27
261.4779249  -2.201816506e-11  8.628632118e-27
261.7387739  -2.190866699e-11  8.58572125e-27
261.9195339  -2.183317149e-11  8.556135547e-27
262  -2.179966479e-11  8.543004707e-27
262.0804661  -2.176621978e-11  8.529898042e-27
262.2612261  -2.169131273e-11  8.500542944e-27
262.5220751  -2.158376134e-11  8.458394958e-27
262.834721  -2.145569528e-11  8.408207535e-27
263.165279  -2.132128251e-11  8.35553292e-27
263.4779249  -2.119508194e-11  8.306076564e-27
263.7387739  -2.109047486e-11  8.265082411e-27
263.9195339  -2.101834878e-11  8.236817137e-27
264  -2.098633678e-11  8.224272051e-27
264.0804661  -2.095438326e-11  8.211749885e-27
264.2612261  -2.088281512e-11  8.183703262e-27
264.5220751  -2.078005381e-11  8.143432443e-27
264.834721  -2.065768543e-11  8.095477868e-27
265.165279  -2.052924558e-11  8.045143965e-27
265.4779249  -2.040864635e-11  7.997882698e-27
265.7387739  -2.030867727e-11  7.958706116e-27
265.9195339  -2.023974646e-11  7.931693028e-27
266  -2.020915194e-11  7.919703435e-27
266.0804661  -2.01786129e-11  7.907735584e-27
266.2612261  -2.011021132e-11  7.880929895e-27
266.5220751  -2.001199302e-11  7.842439425e-27
266.834721  -1.989502877e-11  7.796602656e-27
267.165279  -1.977225448e-11  7.748489011e-27
267.4779249  -1.965696867e-11  7.703310004e-27
267.7387739  -1.956139944e-11  7.665857668e-27
267.9195339  -1.949549996e-11  7.640032521e-27
268  -1.946625025e-11  7.628569937e-27
268.0804661  -1.943705317e-11  7.617127984e-27
268.2612261  -1.937165589e-11  7.591499642e-27
268.5220751  -1.927774801e-11  7.554698368e-27
268.834721  -1.916591149e-11  7.51087109e-27
269.165279  -1.904851332e-11  7.464864279e-27
269.4779249  -1.893826981e-11  7.421661283e-27
269.7387739  -1.884687617e-11  7.385845304e-27
269.9195339  -1.878385364e-11  7.361147596e-27
270  -1.875588026e-11  7.350185191e-27
270.0804661  -1.872795685e-11  7.339242372e-27
270.2612261  -1.866541105e-11  7.314731487e-27
270.5220751  -1.85755945e-11  7.279533552e-27
270.834721  -1.846862535e-11  7.237613733e-27
271.165279  -1.835633066e-11  7.193606906e-27
271.4779249  -1.825087402e-11  7.152279824e-27
271.7387739  -1.816344466e-11  7.118017395e-27
271.9195339  -1.810315361e-11  7.094390118e-27
272  -1.807639205e-11  7.083902614e-27
272.0804661  -1.804967796e-11  7.073433709e-27
272.2612261  -1.798983964e-11  7.049983849e-27
272.5220751  -1.790390796e-11  7.016308346e-27
272.834721  -1.780156082e-11  6.976199832e-27
273.165279  -1.769411264e-11  6.93409229e-27
273.4779249  -1.759320213e-11  6.894546776e-27
273.7387739  -1.750953788e-11  6.861759846e-27
273.9195339  -1.745184118e-11  6.839149262e-27
274  -1.742623066e-11  6.82911283e-27
274.0804661  -1.740066522e-11  6.819094067e-27
274.2612261  -1.734339861e-11  6.796652032e-27
274.5220751  -1.726115719e-11  6.764422687e-27
274.834721  -1.716320072e-11  6.726034825e-27
275.165279  -1.706035677e-11  6.685731619e-27
275.4779249  -1.696376538e-11  6.647878713e-27
275.7387739  -1.688367843e-11  6.616493679e-27
275.9195339  -1.682844678e-11  6.594849114e-27
276  -1.680392993e-11  6.58524128e-27
276.0804661  -1.677945593e-11  6.575650239e-27
276.2612261  -1.672463302e-11  6.554165856e-27
276.5220751  -1.664589827e-11  6.523310731e-27
276.834721  -1.65521143e-11  6.486558016e-27
277.165279  -1.645364603e-11  6.447969584e-27
277.4779249  -1.636115963e-11  6.411725366e-27
277.7387739  -1.628447279e-11  6.381672792e-27
277.9195339  -1.623158418e-11  6.360946436e-27
278  -1.620810691e-11  6.351745999e-27
278.0804661  -1.618467037e-11  6.342561526e-27
278.2612261  -1.613217037e-11  6.321987457e-27
278.5220751  -1.605676908e-11  6.292438676e-27
278.834721  -1.596695173e-11  6.257240424e-27
279.165279  -1.587264348e-11  6.220282249e-27
279.4779249  -1.578405995e-11  6.18556752e-27
279.7387739  -1.5710606e-11  6.156781873e-27
279.9195339  -1.565994529e-11  6.136928601e-27
280  -1.563745653e-11  6.128115549e-27
280.0804661  -1.561500652e-11  6.11931768e-27
280.2612261  -1.556471539e-11  6.099609242e-27
280.5220751  -1.549248408e-11  6.071302731e-27
280.834721  -1.540643897e-11  6.037582776e-27
281.165279  -1.531608714e-11  6.00217507e-27
281.4779249  -1.52312157e-11  5.968915056e-27
281.7387739  -1.516083674e-11  5.941334461e-27
281.9195339  -1.511229521e-11  5.922311665e-27
282  -1.509074674e-11  5.913867101e-27
282.0804661  -1.506923513e-11  5.905436983e-27
282.2612261  -1.502104522e-11  5.886551982e-27
282.5220751  -1.495182948e-11  5.859427236e-27
282.834721  -1.486937308e-11  5.827113649e-27
283.165279  -1.478278537e-11  5.793181052e-27
283.4779249  -1.470144579e-11  5.761305129e-27
283.7387739  -1.463399269e-11  5.73487114e-27
283.9195339  -1.458746763e-11  5.716638572e-27
284  -1.45668139e-11  5.708544647e-27
284.0804661  -1.454619526e-11  5.700464469e-27
284.2612261  -1.450000484e-11  5.682363045e-27
284.5220751  -1.443365882e-11  5.656362903e-27
284.834721  -1.435461772e-11  5.625387725e-27
285.165279  -1.427161244e-11  5.592859038e-27
285.4779249  -1.419363443e-11  5.562300473e-27
285.7387739  -1.412896627e-11  5.53695786e-27
285.9195339  -1.408436062e-11  5.519477487e-27
286  -1.406455859e-11  5.511717331e-27
286.0804661  -1.404478996e-11  5.503970263e-27
286.2612261  -1.400050292e-11  5.486614748e-27
286.5220751  -1.393688876e-11  5.461685185e-27
286.834721  -1.386109905e-11  5.431984186e-27
287.165279  -1.378150447e-11  5.400792109e-27
287.4779249  -1.370672707e-11  5.371487819e-27
287.7387739  -1.364471061e-11  5.347184375e-27
287.9195339  -1.360193262e-11  5.33042024e-27
288  -1.35829416e-11  5.322977905e-27
288.0804661  -1.356398239e-11  5.315548036e-27
288.2612261  -1.352150784e-11  5.298902814e-27
288.5220751  -1.34604952e-11  5.274992754e-27
288.834721  -1.338780191e-11  5.246505201e-27
289.165279  -1.331145565e-11  5.216586096e-27
289.4779249  -1.323972663e-11  5.188476429e-27
289.7387739  -1.318023588e-11  5.165162778e-27
289.9195339  -1.313919879e-11  5.149080876e-27
290  -1.312098028e-11  5.14194128e-27
290.0804661  -1.310279208e-11  5.13481356e-27
290.2612261  -1.306204407e-11  5.118844948e-27
290.5220751  -1.300350967e-11  5.095906079e-27
290.834721  -1.293376621e-11  5.068574526e-27
291.165279  -1.286051465e-11  5.039868194e-27
291.4779249  -1.279169002e-11  5.012896718e-27
291.7387739  -1.273460579e-11  4.990526149e-27
291.9195339  -1.269522749e-11  4.975094307e-27
292  -1.267774508e-11  4.96824318e-27
292.0804661  -1.266029156e-11  4.961403371e-27
292.2612261  -1.262118877e-11  4.946079497e-27
292.5220751  -1.256501596e-11  4.924066106e-27
292.834721  -1.249808363e-11  4.897836195e-27
293.165279  -1.24277814e-11  4.870285668e-27
293.4779249  -1.236172488e-11  4.844398976e-27
293.7387739  -1.230693435e-11  4.822927281e-27
293.9195339  -1.226913714e-11  4.808115049e-27
294  -1.225235637e-11  4.801538884e-27
294.0804661  -1.223560314e-11  4.794973509e-27
294.2612261  -1.219806858e-11  4.780264207e-27
294.5220751  -1.214414696e-11  4.759133025e-27
294.834721  -1.207989443e-11  4.733953297e-27
295.165279  -1.201240393e-11  4.707504646e-27
295.4779249  -1.194898649e-11  4.682652178e-27
295.7387739  -1.189638286e-11  4.6620375e-27
295.9195339  -1.186009317e-11  4.647816046e-27
296  -1.184398141e-11  4.641502054e-27
296.0804661  -1.18278959e-11  4.635198352e-27
296.2612261  -1.17918567e-11  4.621075059e-27
296.5220751  -1.17400817e-11  4.60078511e-27
296.834721  -1.167838464e-11  4.576606838e-27
297.165279  -1.161357553e-11  4.551208991e-27
297.4779249  -1.155267498e-11  4.527342859e-27
297.7387739  -1.150215709e-11  4.507545555e-27
297.9195339  -1.146730524e-11  4.493887572e-27
298  -1.145183157e-11  4.48782364e-27
298.0804661  -1.143638294e-11  4.481769524e-27
298.2612261  -1.140177005e-11  4.468205181e-27
298.5220751  -1.135204263e-11  4.448717655e-27
298.834721  -1.129278325e-11  4.425494676e-27
299.165279  -1.123053206e-11  4.401099247e-27
299.4779249  -1.117203264e-11  4.378174083e-27
299.7387739  -1.112350464e-11  4.359156591e-27
299.9195339  -1.109002461e-11  4.346036204e-27
300  -1.107515973e-11  4.340210854e-27
300.0804661  -1.106031876e-11  4.334394871e-27
300.2612261  -1.102706675e-11  4.32136384e-27
300.5220751  -1.097929307e-11  4.302641955e-27
300.834721  -1.092235974e-11  4.280330524e-27
301.165279  -1.086254946e-11  4.256891658e-27
301.4779249  -1.080634143e-11  4.234864463e-27
301.7387739  -1.075971247e-11  4.216591181e-27
301.9195339  -1.072754167e-11  4.203983864e-27
302  -1.071325784e-11  4.198386216e-27
302.0804661  -1.069899683e-11  4.192797509e-27
302.2612261  -1.066704368e-11  4.180275488e-27
302.5220751  -1.062113476e-11  4.162284379e-27
302.834721  -1.056642165e-11  4.140843024e-27
303.165279  -1.050894136e-11  4.118317246e-27
303.4779249  -1.045492069e-11  4.097147252e-27
303.7387739  -1.041010464e-11  4.079584424e-27
303.9195339  -1.037918373e-11  4.067466921e-27
304  -1.036545461e-11  4.062086659e-27
304.0804661  -1.035174728e-11  4.056714934e-27
304.2612261  -1.032103419e-11  4.044678876e-27
304.5220751  -1.027690566e-11  4.02738548e-27
304.834721  -1.022431242e-11  4.006774872e-27
305.165279  -1.016905689e-11  3.985120952e-27
305.4779249  -1.011712493e-11  3.964769492e-27
305.7387739  -1.007404008e-11  3.947885101e-27
305.9195339  -1.004431277e-11  3.936235354e-27
306  -1.003111339e-11  3.931062691e-27
306.0804661  -1.001793483e-11  3.925898184e-27
306.2612261  -9.988406018e-12  3.914326227e-27
306.5220751  -9.945977848e-12  3.897699179e-27
306.834721  -9.895409261e-12  3.877882009e-27
307.165279  -9.842278692e-12  3.857060831e-27
307.4779249  -9.792341813e-12  3.837491218e-27
307.7387739  -9.750910648e-12  3.821254885e-27
307.9195339  -9.722323523e-12  3.810051963e-27
308  -9.7096302e-12  3.805077614e-27
308.0804661  -9.696956758e-12  3.800111058e-27
308.2612261  -9.668559287e-12  3.788982458e-27
308.5220751  -9.627755526e-12  3.772991996e-27
308.834721  -9.579121246e-12  3.753932855e-27
309.165279  -9.528020901e-12  3.733907296e-27
309.4779249  -9.479990257e-12  3.715084712e-27
309.7387739  -9.440139198e-12  3.699467601e-27
309.9195339  -9.412641566e-12  3.688691637e-27
310  -9.400431802e-12  3.683906789e-27
310.0804661  -9.388241038e-12  3.679129388e-27
310.2612261  -9.36092466e-12  3.668424455e-27
310.5220751  -9.321673213e-12  3.653042324e-27
310.834721  -9.274887466e-12  3.634707599e-27
311.165279  -9.225727411e-12  3.615442414e-27
311.4779249  -9.179518645e-12  3.5973338e-27
311.7387739  -9.141177831e-12  3.582308535e-27
311.9195339  -9.114721558e-12  3.571940666e-27
312  -9.102973997e-12  3.56733695e-27
312.0804661  -9.0912446e-12  3.562740352e-27
312.2612261  -9.064961601e-12  3.552440387e-27
312.5220751  -9.027194005e-12  3.537639758e-27
312.834721  -8.982175338e-12  3.519997529e-27
313.165279  -8.934870163e-12  3.501459247e-27
313.4779249  -8.890403159e-12  3.484033207e-27
313.7387739  -8.853506237e-12  3.469573784e-27
313.9195339  -8.828045601e-12  3.459596092e-27
314  -8.816739958e-12  3.455165558e-27
314.0804661  -8.805451686e-12  3.450741831e-27
314.2612261  -8.780156744e-12  3.440829073e-27
314.5220751  -8.743807967e-12  3.42658446e-27
314.834721  -8.700479002e-12  3.409604404e-27
315.165279  -8.654947566e-12  3.391761227e-27
315.4779249  -8.612146208e-12  3.374987932e-27
315.7387739  -8.576630136e-12  3.361069646e-27
315.9195339  -8.552121697e-12  3.351465108e-27
316  -8.541238699e-12  3.347200203e-27
316.0804661  -8.530372317e-12  3.342941809e-27
316.2612261  -8.506022369e-12  3.333399382e-27
316.5220751  -8.471030613e-12  3.319686568e-27
316.834721  -8.429317822e-12  3.303339869e-27
317.165279  -8.385483016e-12  3.286161579e-27
317.4779249  -8.344274967e-12  3.270012681e-27
317.7387739  -8.310079829e-12  3.256612052e-27
317.9195339  -8.286482298e-12  3.247364487e-27
318  -8.276003627e-12  3.243258032e-27
318.0804661  -8.265540852e-12  3.239157807e-27
318.2612261  -8.242094966e-12  3.22996967e-27
318.5220751  -8.208401491e-12  3.216765636e-27
318.834721  -8.168234979e-12  3.201024903e-27
319.165279  -8.126023501e-12  3.184482775e-27
319.4779249  -8.086339992e-12  3.168931324e-27
319.7387739  -8.053408825e-12  3.156026029e-27
319.9195339  -8.030682947e-12  3.147120053e-27
320  -8.020591185e-12  3.143165223e-27
320.0804661  -8.010514637e-12  3.139216355e-27
320.2612261  -7.987933893e-12  3.130367256e-27
320.5220751  -7.955482849e-12  3.117650114e-27
320.834721  -7.916796154e-12  3.102489302e-27
321.165279  -7.8761383e-12  3.086556019e-27
321.4779249  -7.837913931e-12  3.071576387e-27
321.7387739  -7.806192562e-12  3.059145195e-27
321.9195339  -7.784301005e-12  3.050566179e-27
322  -7.774579588e-12  3.046756482e-27
322.0804661  -7.764872735e-12  3.042952493e-27
322.2612261  -7.743120117e-12  3.034427925e-27
322.5220751  -7.711858381e-12  3.022176858e-27
322.834721  -7.674588286e-12  3.007571193e-27
323.165279  -7.635417751e-12  2.992220771e-27
323.4779249  -7.598590312e-12  2.977788577e-27
323.7387739  -7.568027205e-12  2.965811294e-27
323.9195339  -7.546934452e-12  2.957545318e-27
324  -7.537567619e-12  2.953874579e-27
324.0804661  -7.528214733e-12  2.950209305e-27
324.2612261  -7.507255026e-12  2.941995468e-27
324.5220751  -7.477132055e-12  2.930190668e-27
324.834721  -7.441218411e-12  2.916116579e-27
325.165279  -7.403472105e-12  2.901324293e-27
325.4779249  -7.367982396e-12  2.887416338e-27
325.7387739  -7.33852851e-12  2.875873744e-27
325.9195339  -7.31820076e-12  2.867907564e-27
326  -7.309173515e-12  2.864369904e-27
326.0804661  -7.300159629e-12  2.860837479e-27
326.2612261  -7.279959316e-12  2.85292124e-27
326.5220751  -7.250927008e-12  2.841543857e-27
326.834721  -7.216312566e-12  2.827978908e-27
327.165279  -7.179930438e-12  2.813721225e-27
327.4779249  -7.145722112e-12  2.800315428e-27
327.7387739  -7.117330763e-12  2.789189228e-27
327.9195339  -7.097735843e-12  2.781510234e-27
328  -7.089033908e-12  2.778100059e-27
328.0804661  -7.080344773e-12  2.7746949e-27
328.2612261  -7.060871948e-12  2.767063754e-27
328.5220751  -7.032884509e-12  2.756095841e-27
328.834721  -6.999514766e-12  2.743018673e-27
329.165279  -6.964439642e-12  2.729273189e-27
329.4779249  -6.931459045e-12  2.716348523e-27
329.7387739  -6.904085783e-12  2.705621298e-27
329.9195339  -6.885193054e-12  2.698217483e-27
330  -6.876802835e-12  2.694929466e-27
330.0804661  -6.868424882e-12  2.691646255e-27
330.2612261  -6.849649162e-12  2.684288295e-27
330.5220751  -6.822662982e-12  2.673712762e-27
330.834721  -6.790486032e-12  2.661103035e-27
331.165279  -6.75666346e-12  2.647848409e-27
331.4779249  -6.724859492e-12  2.635384849e-27
331.7387739  -6.698461978e-12  2.625040006e-27
331.9195339  -6.680242258e-12  2.617899935e-27
332  -6.672150805e-12  2.614729e-27
332.0804661  -6.66407111e-12  2.611562673e-27
332.2612261  -6.645963552e-12  2.604466557e-27
332.5220751  -6.61993709e-12  2.594267126e-27
332.834721  -6.588903487e-12  2.582105461e-27
333.165279  -6.556281592e-12  2.569321365e-27
333.4779249  -6.525605569e-12  2.557299831e-27
333.7387739  -6.500143464e-12  2.547321564e-27
333.9195339  -6.482568948e-12  2.54043434e-27
334  -6.474763923e-12  2.537375652e-27
334.0804661  -6.466970171e-12  2.534321382e-27
334.2612261  -6.449503201e-12  2.527476304e-27
334.5220751  -6.424396871e-12  2.517637461e-27
334.834721  -6.394459496e-12  2.505905393e-27
335.165279  -6.362988845e-12  2.493572455e-27
335.4779249  -6.333394372e-12  2.481974766e-27
335.7387739  -6.308829232e-12  2.472348008e-27
335.9195339  -6.291873422e-12  2.465703247e-27
336  -6.284343064e-12  2.462752198e-27
336.0804661  -6.276823519e-12  2.459805386e-27
336.2612261  -6.259970852e-12  2.453201045e-27
336.5220751  -6.235746926e-12  2.443708004e-27
336.834721  -6.206860868e-12  2.432387934e-27
337.165279  -6.176494338e-12  2.420487687e-27
337.4779249  -6.147937188e-12  2.409296511e-27
337.7387739  -6.124232366e-12  2.4000069e-27
337.9195339  -6.107869997e-12  2.393594701e-27
338  -6.100603096e-12  2.390746898e-27
338.0804661  -6.093346569e-12  2.387903159e-27
338.2612261  -6.077083146e-12  2.381529735e-27
338.5220751  -6.053705653e-12  2.3723684e-27
338.834721  -6.02582809e-12  2.361443546e-27
339.165279  -5.996520752e-12  2.349958382e-27
339.4779249  -5.968958752e-12  2.339157193e-27
339.7387739  -5.9460793e-12  2.330191034e-27
339.9195339  -5.930286283e-12  2.324001957e-27
340  -5.923272148e-12  2.321253209e-27
340.0804661  -5.916267967e-12  2.318508361e-27
340.2612261  -5.900569892e-12  2.31235649e-27
340.5220751  -5.878004527e-12  2.303513417e-27
340.834721  -5.85109462e-12  2.292967775e-27
341.165279  -5.822803621e-12  2.281880901e-27
341.4779249  -5.796196546e-12  2.271453935e-27
341.7387739  -5.774109131e-12  2.262798165e-27
341.9195339  -5.758862485e-12  2.256823203e-27
342  -5.752090918e-12  2.254169514e-27
342.0804661  -5.745328904e-12  2.251519569e-27
342.2612261  -5.730173382e-12  2.245580317e-27
342.5220751  -5.708387419e-12  2.237042682e-27
342.834721  -5.682406207e-12  2.226860983e-27
343.165279  -5.655090665e-12  2.216156378e-27
343.4779249  -5.62940014e-12  2.206088596e-27
343.7387739  -5.608072956e-12  2.197730751e-27
343.9195339  -5.593350756e-12  2.191961312e-27
344  -5.586812027e-12  2.189398869e-27
344.0804661  -5.580282468e-12  2.18684002e-27
344.2612261  -5.565647747e-12  2.181104864e-27
344.5220751  -5.544609959e-12  2.172860429e-27
344.834721  -5.519520265e-12  2.163028104e-27
345.165279  -5.493141166e-12  2.152690479e-27
345.4779249  -5.468330565e-12  2.142967527e-27
345.7387739  -5.44773326e-12  2.134895712e-27
345.9195339  -5.433514579e-12  2.129323596e-27
346  -5.4271994e-12  2.12684876e-27
346.0804661  -5.420893027e-12  2.124377374e-27
346.2612261  -5.406758347e-12  2.118838177e-27
346.5220751  -5.38643893e-12  2.110875262e-27
346.834721  -5.362205266e-12  2.101378405e-27
347.165279  -5.336725369e-12  2.091393165e-27
347.4779249  -5.312759731e-12  2.082001344e-27
347.7387739  -5.29286333e-12  2.074204203e-27
347.9195339  -5.279128191e-12  2.068821581e-27
348  -5.273027697e-12  2.066430877e-27
348.0804661  -5.26693566e-12  2.064043487e-27
348.2612261  -5.253281201e-12  2.058692482e-27
348.5220751  -5.233651698e-12  2.050999936e-27
348.834721  -5.210240184e-12  2.041825268e-27
349.165279  -5.18562393e-12  2.032178479e-27
349.4779249  -5.162469873e-12  2.023104706e-27
349.7387739  -5.143246705e-12  2.015571397e-27
349.9195339  -5.129976033e-12  2.010370793e-27
350  -5.124081757e-12  2.008060903e-27
350.0804661  -5.118195605e-12  2.005754197e-27
350.2612261  -5.10500244e-12  2.000583967e-27
350.5220751  -5.086035676e-12  1.99315114e-27
350.834721  -5.063413954e-12  1.984285981e-27
351.165279  -5.039627384e-12  1.974964334e-27
351.4779249  -5.017253025e-12  1.966196114e-27
351.7387739  -4.998676663e-12  1.95891628e-27
351.9195339  -4.985852236e-12  1.953890554e-27
352  -4.98015609e-12  1.951658309e-27
352.0804661  -4.974467752e-12  1.949429123e-27
352.2612261  -4.961717801e-12  1.944432584e-27
352.5220751  -4.943387818e-12  1.937249302e-27
352.834721  -4.921524978e-12  1.928681539e-27
353.165279  -4.89853565e-12  1.919672321e-27
353.4779249  -4.876910527e-12  1.911197717e-27
353.7387739  -4.858955723e-12  1.904161463e-27
353.9195339  -4.846560132e-12  1.899303793e-27
354  -4.841054391e-12  1.897146164e-27
354.0804661  -4.835556153e-12  1.894991477e-27
354.2612261  -4.823232142e-12  1.890161858e-27
354.5220751  -4.805514137e-12  1.883218402e-27
354.834721  -4.784380643e-12  1.874936461e-27
355.165279  -4.762157556e-12  1.866227523e-27
355.4779249  -4.741252562e-12  1.858035128e-27
355.7387739  -4.723895188e-12  1.851232999e-27
355.9195339  -4.711911796e-12  1.846536864e-27
356  -4.706589075e-12  1.844450958e-27
356.0804661  -4.701273567e-12  1.84236788e-27
356.2612261  -4.689358988e-12  1.837698712e-27
356.5220751  -4.672229255e-12  1.830985793e-27
356.834721  -4.651796878e-12  1.82297861e-27
357.165279  -4.630310402e-12  1.81455834e-27
357.4779249  -4.610097714e-12  1.806637251e-27
357.7387739  -4.593314705e-12  1.800060208e-27
357.9195339  -4.58172761e-12  1.795519377e-27
358  -4.57658085e-12  1.793502428e-27
358.0804661  -4.571441026e-12  1.791488198e-27
358.2612261  -4.559920097e-12  1.786973296e-27
358.5220751  -4.543355975e-12  1.780482033e-27
358.834721  -4.523597729e-12  1.772739033e-27
359.165279  -4.502819535e-12  1.76459633e-27
359.4779249  -4.483272551e-12  1.756936121e-27
359.7387739  -4.467041856e-12  1.750575524e-27
359.9195339  -4.455835851e-12  1.746184036e-27
360  -4.450858303e-12  1.7442334e-27
360.0804661  -4.445887426e-12  1.742285378e-27
360.2612261  -4.434745057e-12  1.737918828e-27
360.5220751  -4.418724877e-12  1.731640729e-27
360.834721  -4.399614955e-12  1.724151799e-27
361.165279  -4.379517953e-12  1.716276046e-27
361.4779249  -4.360611235e-12  1.708866749e-27
361.7387739  -4.344911764e-12  1.702714331e-27
361.9195339  -4.334072306e-12  1.698466489e-27
362  -4.329257516e-12  1.696579635e-27
362.0804661  -4.324449142e-12  1.694695296e-27
362.2612261  -4.313670899e-12  1.690471443e-27
362.5220751  -4.298173935e-12  1.684398385e-27
362.834721  -4.279687653e-12  1.677153852e-27
363.165279  -4.260245932e-12  1.669534894e-27
363.4779249  -4.241955145e-12  1.662366973e-27
363.7387739  -4.226766725e-12  1.656414829e-27
363.9195339  -4.216279902e-12  1.65230518e-27
364  -4.211621693e-12  1.650479688e-27
364.0804661  -4.206969659e-12  1.648656617e-27
364.2612261  -4.196541735e-12  1.644570049e-27
364.5220751  -4.18154816e-12  1.638694262e-27
364.834721  -4.163661903e-12  1.631684871e-27
365.165279  -4.144850669e-12  1.624312994e-27
365.4779249  -4.127152531e-12  1.617377324e-27
365.7387739  -4.112455857e-12  1.611617889e-27
365.9195339  -4.102308358e-12  1.607641216e-27
366  -4.097800822e-12  1.605874771e-27
366.0804661  -4.093299229e-12  1.604110655e-27
366.2612261  -4.083208412e-12  1.600156196e-27
366.5220751  -4.068699251e-12  1.594470245e-27
366.834721  -4.05139042e-12  1.587687139e-27
367.165279  -4.033185949e-12  1.580553044e-27
367.4779249  -4.016058177e-12  1.573840893e-27
367.7387739  -4.001834775e-12  1.568266927e-27
367.9195339  -3.992013858e-12  1.564418238e-27
368  -3.987651341e-12  1.562708624e-27
368.0804661  -3.983294542e-12  1.561001252e-27
368.2612261  -3.973528187e-12  1.557173944e-27
368.5220751  -3.95948528e-12  1.551670712e-27
368.834721  -3.942732243e-12  1.545105415e-27
369.165279  -3.925111824e-12  1.538200202e-27
369.4779249  -3.908533087e-12  1.531703211e-27
369.7387739  -3.894765271e-12  1.526307783e-27
369.9195339  -3.885258741e-12  1.522582298e-27
370  -3.881035827e-12  1.520927393e-27
370.0804661  -3.87681842e-12  1.519274646e-27
370.2612261  -3.867364419e-12  1.515569746e-27
370.5220751  -3.853770379e-12  1.510242419e-27
370.834721  -3.837552427e-12  1.503886815e-27
371.165279  -3.820494314e-12  1.497201962e-27
371.4779249  -3.80444419e-12  1.490912128e-27
371.7387739  -3.791115026e-12  1.485688602e-27
371.9195339  -3.781911203e-12  1.482081744e-27
372  -3.777822708e-12  1.480479516e-27
372.0804661  -3.773739517e-12  1.478879366e-27
372.2612261  -3.764586278e-12  1.475292331e-27
372.5220751  -3.751424454e-12  1.470134384e-27
372.834721  -3.735721753e-12  1.4639807e-27
373.165279  -3.719205123e-12  1.457508048e-27
373.4779249  -3.703664052e-12  1.451417704e-27
373.7387739  -3.690757321e-12  1.446359725e-27
373.9195339  -3.68184502e-12  1.44286711e-27
374  -3.677885979e-12  1.441315613e-27
374.0804661  -3.673932046e-12  1.439766119e-27
374.2612261  -3.665068465e-12  1.436292597e-27
374.5220751  -3.65232291e-12  1.43129778e-27
374.834721  -3.637116463e-12  1.425338571e-27
375.165279  -3.621121369e-12  1.419070302e-27
375.4779249  -3.606070613e-12  1.413172107e-27
375.7387739  -3.593570779e-12  1.408273585e-27
375.9195339  -3.584939282e-12  1.404891014e-27
376  -3.581104939e-12  1.403388384e-27
376.0804661  -3.577275516e-12  1.401887683e-27
376.2612261  -3.568690955e-12  1.398523506e-27
376.5220751  -3.55634639e-12  1.393685832e-27
376.834721  -3.541617997e-12  1.387913966e-27
377.165279  -3.526125325e-12  1.38184259e-27
377.4779249  -3.511546932e-12  1.376129507e-27
377.7387739  -3.499439107e-12  1.371384608e-27
377.9195339  -3.491078148e-12  1.368108058e-27
378  -3.487363944e-12  1.366652509e-27
378.0804661  -3.483654481e-12  1.365198819e-27
378.2612261  -3.475338746e-12  1.361939991e-27
378.5220751  -3.46338053e-12  1.357253722e-27
378.834721  -3.449112748e-12  1.351662364e-27
379.165279  -3.434104183e-12  1.345780703e-27
379.4779249  -3.419980947e-12  1.340245991e-27
379.7387739  -3.408250863e-12  1.335649123e-27
379.9195339  -3.4001506e-12  1.332474736e-27
380  -3.396552166e-12  1.331064556e-27
380.0804661  -3.392958301e-12  1.329656167e-27
380.2612261  -3.384901623e-12  1.32649886e-27
380.5220751  -3.373315722e-12  1.321958496e-27
380.834721  -3.359491832e-12  1.316541094e-27
381.165279  -3.344949818e-12  1.310842268e-27
381.4779249  -3.331265247e-12  1.305479463e-27
381.7387739  -3.319899226e-12  1.301025267e-27
381.9195339  -3.312050225e-12  1.297949346e-27
382  -3.308563373e-12  1.296582894e-27
382.0804661  -3.305080925e-12  1.295218168e-27
382.2612261  -3.297273937e-12  1.292158711e-27
382.5220751  -3.286046897e-12  1.287758981e-27
382.834721  -3.272650871e-12  1.282509253e-27
383.165279  -3.258558575e-12  1.276986665e-27
383.4779249  -3.245296854e-12  1.27178957e-27
383.7387739  -3.234281782e-12  1.267472906e-27
383.9195339  -3.226674997e-12  1.264491906e-27
384  -3.223295712e-12  1.263167608e-27
384.0804661  -3.219920672e-12  1.261844974e-27
384.2612261  -3.212354391e-12  1.258879847e-27
384.5220751  -3.201473312e-12  1.254615694e-27
384.834721  -3.18848978e-12  1.249527617e-27
385.165279  -3.174831059e-12  1.244174942e-27
385.4779249  -3.161977023e-12  1.239137613e-27
385.7387739  -3.151300322e-12  1.234953553e-27
385.9195339  -3.143927078e-12  1.232064074e-27
386  -3.140651507e-12  1.230780421e-27
386.0804661  -3.13738003e-12  1.229498372e-27
386.2612261  -3.130045843e-12  1.226624199e-27
386.5220751  -3.11949835e-12  1.222490774e-27
386.834721  -3.106912569e-12  1.217558571e-27
387.165279  -3.09367194e-12  1.212369741e-27
387.4779249  -3.081211043e-12  1.207486477e-27
387.7387739  -3.070860648e-12  1.203430292e-27
387.9195339  -3.063712622e-12  1.200629074e-27
388  -3.060537071e-12  1.199384617e-27
388.0804661  -3.057365469e-12  1.198141707e-27
388.2612261  -3.050255112e-12  1.195355251e-27
388.5220751  -3.040029334e-12  1.191347902e-27
388.834721  -3.02782716e-12  1.186566029e-27
389.165279  -3.014989769e-12  1.181535223e-27
389.4779249  -3.002908053e-12  1.176800555e-27
389.7387739  -2.992872389e-12  1.172867709e-27
389.9195339  -2.985941595e-12  1.170151621e-27
390  -2.982862519e-12  1.168944972e-27
390.0804661  -2.979787253e-12  1.167739815e-27
390.2612261  -2.972892797e-12  1.165037967e-27
390.5220751  -2.962977345e-12  1.161152231e-27
390.834721  -2.951145206e-12  1.15651537e-27
391.165279  -2.938696798e-12  1.151637001e-27
391.4779249  -2.92698087e-12  1.147045681e-27
391.7387739  -2.917248827e-12  1.14323182e-27
391.9195339  -2.910527603e-12  1.14059786e-27
392  -2.9075416e-12  1.139427684e-27
392.0804661  -2.904559272e-12  1.138258949e-27
392.2612261  -2.897873108e-12  1.135638728e-27
392.5220751  -2.888257049e-12  1.13187032e-27
392.834721  -2.87678192e-12  1.127373367e-27
393.165279  -2.864708813e-12  1.122642073e-27
393.4779249  -2.853345817e-12  1.118189063e-27
393.7387739  -2.843906734e-12  1.114490009e-27
393.9195339  -2.837387723e-12  1.111935294e-27
394  -2.834491527e-12  1.110800312e-27
394.0804661  -2.831598877e-12  1.109666721e-27
394.2612261  -2.8251137e-12  1.107125264e-27
394.5220751  -2.815786541e-12  1.103470072e-27
394.834721  -2.804655918e-12  1.099108126e-27
395.165279  -2.792944977e-12  1.09451876e-27
395.4779249  -2.781922572e-12  1.090199224e-27
395.7387739  -2.772766211e-12  1.086610965e-27
395.9195339  -2.766442351e-12  1.084132727e-27
396  -2.763632826e-12  1.08303171e-27
396.0804661  -2.760826725e-12  1.081932036e-27
396.2612261  -2.754535521e-12  1.079466595e-27
396.5220751  -2.745487186e-12  1.07592067e-27
396.834721  -2.734689062e-12  1.071689026e-27
397.165279  -2.723327676e-12  1.067236647e-27
397.4779249  -2.712634012e-12  1.063045939e-27
397.7387739  -2.703750541e-12  1.059564623e-27
397.9195339  -2.697615051e-12  1.057160204e-27
398  -2.694889187e-12  1.056091973e-27
398.0804661  -2.692166628e-12  1.055025038e-27
398.2612261  -2.686062661e-12  1.052632973e-27
398.5220751  -2.677283475e-12  1.049192524e-27
398.834721  -2.66680632e-12  1.045086663e-27
399.165279  -2.655782376e-12  1.040766524e-27
399.4779249  -2.64540607e-12  1.036700184e-27
399.7387739  -2.636786049e-12  1.03332211e-27
399.9195339  -2.630832415e-12  1.030988959e-27
