#L=5 M=-1
#R     Re(V)   Im(V)

0.08046609183  -2.84844837e-08  -1.922472527e-08
0.2612261349  -1.027414884e-05  -6.932907836e-06
0.5220750502  -0.0003278793296  -0.000221114148
0.8347210423  -0.003431824242  -0.002311516329
1.165278958  -0.01824202934  -0.01226546158
1.47792495  -0.06003474984  -0.04028822048
1.738773865  -0.1356429708  -0.09087859854
1.919533908  -0.2227598462  -0.1490878003
2  -0.2734759972  -0.1831058784
2.080466092  -0.2159144297  -0.1446294661
2.261226135  -0.1309225415  -0.08807539682
2.52207505  -0.06839709335  -0.04656359255
2.834721042  -0.03527134367  -0.02479700832
3.165278958  -0.02104671858  -0.01590164823
3.47792495  -0.01663391563  -0.01388312374
3.738773865  -0.01684429386  -0.01517033676
3.919533908  -0.01856125438  -0.01736222074
4  -0.0196994613  -0.01866360554
4.080466092  -0.01723502698  -0.01633907967
4.261226135  -0.01281659687  -0.01216752306
4.52207505  -0.00842542148  -0.008015224931
4.834721042  -0.005138805046  -0.004901280015
5.165278958  -0.003059737752  -0.002927163302
5.47792495  -0.001869905668  -0.001794911727
5.738773865  -0.001231661783  -0.001186313156
5.919533908  -0.0009162323175  -0.0008850304108
6  -0.0008012378435  -0.0007750776544
6.080466092  -0.0006993902688  -0.0006776310214
6.261226135  -0.0005110750172  -0.000497254928
6.52207505  -0.0003159213246  -0.0003099470311
6.834721042  -0.0001646970882  -0.0001643497103
7.165278958  -6.802713678e-05  -7.086163136e-05
7.47792495  -1.409414569e-05  -1.838201453e-05
7.738773865  1.305991365e-05  8.254698857e-06
7.919533908  2.536323534e-05  2.043681235e-05
8  2.952828734e-05  2.459298736e-05
8.080466092  3.301568705e-05  2.809377793e-05
8.261226135  3.877380004e-05  3.394685561e-05
8.52207505  4.321140197e-05  3.863173117e-05
8.834721042  4.450861047e-05  4.031919249e-05
9.165278958  4.305002435e-05  3.931387798e-05
9.47792495  4.02371011e-05  3.692678458e-05
9.738773865  3.737498406e-05  3.44017909e-05
9.919533908  3.527569851e-05  3.252261573e-05
10  3.433101636e-05  3.167197911e-05
10.08046609  3.338635102e-05  3.08188464e-05
10.26122613  3.128239814e-05  2.891119222e-05
10.52207505  2.834143191e-05  2.623068586e-05
10.83472104  2.503944273e-05  2.320635094e-05
11.16527896  2.186714564e-05  2.028938558e-05
11.47792495  1.918517785e-05  1.78162038e-05
11.73877387  1.718020972e-05  1.5963695e-05
11.91953391  1.590935534e-05  1.47880354e-05
12  1.537349904e-05  1.429200361e-05
12.08046609  1.485544745e-05  1.381228254e-05
12.26122613  1.375432768e-05  1.279209531e-05
12.52207505  1.23093932e-05  1.145230262e-05
12.83472104  1.078196776e-05  1.003478953e-05
13.16527896  9.382118206e-06  8.734629973e-06
13.47792495  8.235965501e-06  7.669402053e-06
13.73877387  7.395554347e-06  6.887949545e-06
13.91953391  6.868344209e-06  6.397568458e-06
14  6.647063183e-06  6.191710232e-06
14.08046609  6.433618843e-06  5.99312316e-06
14.26122613  5.98124702e-06  5.572177971e-06
14.52207505  5.389472513e-06  5.021391057e-06
14.83472104  4.764692692e-06  4.43973841e-06
15.16527896  4.191141555e-06  3.905651557e-06
15.47792495  3.71953718e-06  3.466410236e-06
15.73877387  3.371820959e-06  3.142507719e-06
15.91953391  3.152561902e-06  2.938244858e-06
16  3.060223808e-06  2.852217725e-06
16.08046609  2.970962345e-06  2.769054465e-06
16.26122613  2.781089532e-06  2.592145509e-06
16.52207505  2.531072902e-06  2.35918313e-06
16.83472104  2.264699893e-06  2.11096094e-06
17.16527896  2.017505561e-06  1.8805939e-06
17.47792495  1.811933652e-06  1.689004448e-06
17.73877387  1.658779426e-06  1.546261021e-06
17.91953391  1.561414959e-06  1.45551233e-06
18  1.520211372e-06  1.417107869e-06
18.08046609  1.480261602e-06  1.379871718e-06
18.26122613  1.394871475e-06  1.300280718e-06
18.52207505  1.28150984e-06  1.194615702e-06
18.83472104  1.159440118e-06  1.080831255e-06
19.16527896  1.044802476e-06  9.739722012e-07
19.47792495  9.483328192e-07  8.840468201e-07
19.73877387  8.757063261e-07  8.163462815e-07
19.91953391  8.291661727e-07  7.729623949e-07
20  8.09378529e-07  7.545166317e-07
20.08046609  7.901383237e-07  7.365811385e-07
20.26122613  7.488254871e-07  6.980696542e-07
20.52207505  6.935586978e-07  6.465501207e-07
20.83472104  6.334608097e-07  5.905267032e-07
21.16527896  5.764097173e-07  5.373432124e-07
21.47792495  5.278899003e-07  4.921124361e-07
21.73877387  4.91023061e-07  4.577445943e-07
21.91953391  4.67232489e-07  4.35566604e-07
22  4.570759633e-07  4.260985009e-07
22.08046609  4.471758985e-07  4.168694694e-07
22.26122613  4.258338072e-07  3.969739406e-07
22.52207505  3.970933197e-07  3.701814381e-07
22.83472104  3.655752916e-07  3.407996052e-07
23.16527896  3.353765092e-07  3.126475622e-07
23.47792495  3.094600575e-07  2.884875841e-07
23.73877387  2.896119864e-07  2.699846897e-07
23.91953391  2.767272529e-07  2.579731952e-07
24  2.712074122e-07  2.528274501e-07
24.08046609  2.658155738e-07  2.478010314e-07
24.26122613  2.54152745e-07  2.369286219e-07
24.52207505  2.383580583e-07  2.222043756e-07
24.83472104  2.209119562e-07  2.059406275e-07
25.16527896  2.04063781e-07  1.902342781e-07
25.47792495  1.894930105e-07  1.766509865e-07
25.73877387  1.782588607e-07  1.661781866e-07
25.91953391  1.709289222e-07  1.593450047e-07
26  1.677794492e-07  1.564089742e-07
26.08046609  1.64697468e-07  1.535358613e-07
26.26122613  1.580117364e-07  1.473032268e-07
26.52207505  1.489137305e-07  1.388217989e-07
26.83472104  1.388026042e-07  1.293959097e-07
27.16527896  1.28971997e-07  1.202315278e-07
27.47792495  1.204140247e-07  1.122535331e-07
27.73877387  1.137777298e-07  1.060669826e-07
27.91953391  1.094288741e-07  1.020128506e-07
28  1.075555342e-07  1.002664677e-07
28.08046609  1.057195025e-07  9.855486446e-08
28.26122613  1.017267222e-07  9.483267629e-08
28.52207505  9.627076544e-08  8.974647149e-08
28.83472104  9.017511157e-08  8.406392199e-08
29.16527896  8.421403382e-08  7.850682823e-08
29.47792495  7.899504903e-08  7.36415355e-08
29.73877387  7.49278043e-08  6.984992905e-08
29.91953391  7.225242586e-08  6.735586172e-08
30  7.109742215e-08  6.627913291e-08
30.08046609  6.996390183e-08  6.522243156e-08
30.26122613  6.749355095e-08  6.291949699e-08
30.52207505  6.410576463e-08  5.976130181e-08
30.83472104  6.030332977e-08  5.621655891e-08
31.16527896  5.656598283e-08  5.273249289e-08
31.47792495  5.327762844e-08  4.966699108e-08
31.73877387  5.070380998e-08  4.726760091e-08
31.91953391  4.900520625e-08  4.568411197e-08
32  4.827047802e-08  4.499917644e-08
32.08046609  4.754856933e-08  4.432619168e-08
32.26122613  4.597230268e-08  4.285674899e-08
32.52207505  4.380382051e-08  4.083522537e-08
32.83472104  4.136009182e-08  3.855710876e-08
33.16527896  3.894749724e-08  3.630801627e-08
33.47792495  3.681546547e-08  3.43204728e-08
33.73877387  3.514032009e-08  3.275885241e-08
33.91953391  3.403158924e-08  3.172526051e-08
34  3.355119432e-08  3.127742206e-08
34.08046609  3.307869235e-08  3.083694167e-08
34.26122613  3.204528063e-08  2.98735645e-08
34.52207505  3.061964377e-08  2.854454338e-08
34.83472104  2.900731067e-08  2.704147848e-08
35.16527896  2.740924593e-08  2.555171495e-08
35.47792495  2.599155275e-08  2.423009918e-08
35.73877387  2.487388364e-08  2.318817476e-08
35.91953391  2.413222323e-08  2.249677685e-08
36  2.38103887e-08  2.219675312e-08
36.08046609  2.349355048e-08  2.19013871e-08
36.26122613  2.279956593e-08  2.125443404e-08
36.52207505  2.183980833e-08  2.035971944e-08
36.83472104  2.075091154e-08  1.934461744e-08
37.16527896  1.966786003e-08  1.833496458e-08
37.47792495  1.870373184e-08  1.743617558e-08
37.73877387  1.794133583e-08  1.672544733e-08
37.91953391  1.743426116e-08  1.625273722e-08
38  1.721392517e-08  1.604733346e-08
38.08046609  1.699683108e-08  1.584495188e-08
38.26122613  1.652069028e-08  1.540107926e-08
38.52207505  1.586074024e-08  1.478585418e-08
38.83472104  1.51098569e-08  1.408585838e-08
39.16527896  1.436065158e-08  1.338742688e-08
39.47792495  1.369164367e-08  1.27637578e-08
39.73877387  1.31611765e-08  1.22692405e-08
39.91953391  1.280762842e-08  1.193965246e-08
40  1.26538168e-08  1.179626469e-08
40.08046609  1.250215592e-08  1.165488191e-08
40.26122613  1.216912939e-08  1.134442466e-08
40.52207505  1.170661757e-08  1.091325738e-08
40.83472104  1.117902512e-08  1.042141998e-08
41.16527896  1.065111599e-08  9.929287377e-09
41.47792495  1.017839643e-08  9.488604136e-09
41.73877387  9.802647123e-09  9.138319446e-09
41.91953391  9.551747191e-09  8.904423062e-09
42  9.442472924e-09  8.802554337e-09
42.08046609  9.334654356e-09  8.702042659e-09
42.26122613  9.097643853e-09  8.481094413e-09
42.52207505  8.767883943e-09  8.173682408e-09
42.83472104  8.390847594e-09  7.822197901e-09
43.16527896  8.012613218e-09  7.469596556e-09
43.47792495  7.673060797e-09  7.153055681e-09
43.73877387  7.402558789e-09  6.900885658e-09
43.91953391  7.221628697e-09  6.73221724e-09
44  7.1427497e-09  6.658683891e-09
44.08046609  7.064874035e-09  6.586085878e-09
44.26122613  6.893516929e-09  6.426341683e-09
44.52207505  6.654709567e-09  6.203718351e-09
44.83472104  6.381086896e-09  5.948639153e-09
45.16527896  6.105950917e-09  5.692149203e-09
45.47792495  5.85838146e-09  5.461357586e-09
45.73877387  5.660755298e-09  5.277124594e-09
45.91953391  5.528364418e-09  5.153705876e-09
46  5.470594197e-09  5.099850756e-09
46.08046609  5.413527051e-09  5.046651064e-09
46.26122613  5.287844243e-09  4.929485809e-09
46.52207505  5.112425886e-09  4.765955594e-09
46.83472104  4.911044435e-09  4.578221811e-09
47.16527896  4.708114824e-09  4.389044787e-09
47.47792495  4.525130548e-09  4.218461398e-09
47.73877387  4.378788097e-09  4.082036609e-09
47.91953391  4.28061313e-09  3.990514982e-09
48  4.237737644e-09  3.950545178e-09
48.08046609  4.195362347e-09  3.911041665e-09
48.26122613  4.101959628e-09  3.823968869e-09
48.52207505  3.97141525e-09  3.702271515e-09
48.83472104  3.821283183e-09  3.562313933e-09
49.16527896  3.66969901e-09  3.421002654e-09
49.47792495  3.532747726e-09  3.293332591e-09
49.73877387  3.423032639e-09  3.191052921e-09
49.91953391  3.349333244e-09  3.122348151e-09
50  3.317122152e-09  3.092320012e-09
50.08046609  3.28527189e-09  3.06262825e-09
50.26122613  3.215015092e-09  2.997132771e-09
50.52207505  3.116695778e-09  2.90547658e-09
50.83472104  3.003439046e-09  2.799895283e-09
51.16527896  2.888879406e-09  2.693099376e-09
51.47792495  2.785193008e-09  2.59643983e-09
51.73877387  2.701995967e-09  2.518881072e-09
51.91953391  2.646042285e-09  2.466719384e-09
52  2.62156982e-09  2.443905424e-09
52.08046609  2.59736101e-09  2.42133725e-09
52.26122613  2.543922766e-09  2.371520528e-09
52.52207505  2.469051991e-09  2.301723763e-09
52.83472104  2.382675932e-09  2.22120143e-09
53.16527896  2.295159696e-09  2.139616189e-09
53.47792495  2.215818612e-09  2.065652069e-09
53.73877387  2.152062956e-09  2.006217149e-09
53.91953391  2.109136629e-09  1.966199949e-09
54  2.090349629e-09  1.948686148e-09
54.08046609  2.071757573e-09  1.931354081e-09
54.26122613  2.030691127e-09  1.893070717e-09
54.52207505  1.973091534e-09  1.839374661e-09
54.83472104  1.906547632e-09  1.777340455e-09
55.16527896  1.839020535e-09  1.714389685e-09
55.47792495  1.777707228e-09  1.657231596e-09
55.73877387  1.728371216e-09  1.611239097e-09
55.91953391  1.695119162e-09  1.580240542e-09
56  1.680557315e-09  1.566665555e-09
56.08046609  1.666141201e-09  1.553226424e-09
56.26122613  1.634279503e-09  1.523524001e-09
56.52207505  1.589545289e-09  1.481821435e-09
56.83472104  1.537797301e-09  1.43358042e-09
57.16527896  1.485208848e-09  1.384555899e-09
57.47792495  1.437391276e-09  1.339978935e-09
57.73877387  1.398866109e-09  1.304064628e-09
57.91953391  1.372875455e-09  1.279835366e-09
58  1.361487095e-09  1.269218798e-09
58.08046609  1.350208797e-09  1.258704833e-09
58.26122613  1.325268174e-09  1.235454442e-09
58.52207505  1.290218278e-09  1.202779885e-09
58.83472104  1.249623831e-09  1.164936533e-09
59.16527896  1.208314512e-09  1.126426757e-09
59.47792495  1.170702752e-09  1.091363954e-09
59.73877387  1.140364433e-09  1.06308167e-09
59.91953391  1.119878564e-09  1.043984133e-09
60  1.110897497e-09  1.035611715e-09
60.08046609  1.102000348e-09  1.027317528e-09
60.26122613  1.082315072e-09  1.008966328e-09
60.52207505  1.054626384e-09  9.831541085e-10
60.83472104  1.022521303e-09  9.532247968e-10
61.16527896  9.898097465e-10  9.227301097e-10
61.47792495  9.599890691e-10  8.949303865e-10
61.73877387  9.359087117e-10  8.724819605e-10
61.91953391  9.196348465e-10  8.57310979e-10
62  9.124968073e-10  8.506566863e-10
62.08046609  9.054233227e-10  8.440625734e-10
62.26122613  8.897653224e-10  8.294657194e-10
62.52207505  8.677231617e-10  8.089173612e-10
62.83472104  8.42138151e-10  7.850662526e-10
63.16527896  8.160391218e-10  7.607359606e-10
63.47792495  7.922188311e-10  7.385299766e-10
63.73877387  7.729639902e-10  7.205800407e-10
63.91953391  7.599410307e-10  7.084396502e-10
64  7.542262555e-10  7.031121667e-10
64.08046609  7.485615554e-10  6.978313647e-10
64.26122613  7.360163188e-10  6.861363216e-10
64.52207505  7.183424551e-10  6.696602198e-10
64.83472104  6.978074648e-10  6.505168906e-10
65.16527896  6.768367607e-10  6.309673759e-10
65.47792495  6.576760756e-10  6.131052149e-10
65.73877387  6.421727806e-10  5.986525818e-10
65.91953391  6.316794125e-10  5.888703518e-10
66  6.27072676e-10  5.845758149e-10
66.08046609  6.225050875e-10  5.803177729e-10
66.26122613  6.123851944e-10  5.708837073e-10
66.52207505  5.981178496e-10  5.575832638e-10
66.83472104  5.815253512e-10  5.421152429e-10
67.16527896  5.645631837e-10  5.263026054e-10
67.47792495  5.490490914e-10  5.118399067e-10
67.73877387  5.364849004e-10  5.001271939e-10
67.91953391  5.279749393e-10  4.921939548e-10
68  5.24237416e-10  4.887097244e-10
68.08046609  5.205307239e-10  4.852542356e-10
68.26122613  5.123148926e-10  4.775951931e-10
68.52207505  5.007240524e-10  4.667898668e-10
68.83472104  4.872323885e-10  4.542125362e-10
69.16527896  4.734266411e-10  4.413424075e-10
69.47792495  4.607872519e-10  4.295595926e-10
69.73877387  4.505423771e-10  4.200090153e-10
69.91953391  4.4359878e-10  4.135359875e-10
70  4.405480167e-10  4.106919751e-10
70.08046609  4.375217033e-10  4.078707557e-10
70.26122613  4.308113574e-10  4.016151714e-10
70.52207505  4.213383549e-10  3.927841566e-10
70.83472104  4.103026888e-10  3.824963801e-10
71.16527896  3.989996862e-10  3.719593847e-10
71.47792495  3.886421263e-10  3.62303759e-10
71.73877387  3.802399928e-10  3.5447104e-10
71.91953391  3.745418105e-10  3.491590248e-10
72  3.720373241e-10  3.46824268e-10
72.08046609  3.695523541e-10  3.44507705e-10
72.26122613  3.640403573e-10  3.393692576e-10
72.52207505  3.562543361e-10  3.321108969e-10
72.83472104  3.471768219e-10  3.236485679e-10
73.16527896  3.378712931e-10  3.149736769e-10
73.47792495  3.293367472e-10  3.070175192e-10
73.73877387  3.224081559e-10  3.005584801e-10
73.91953391  3.177065522e-10  2.961755053e-10
74  3.156393731e-10  2.942484194e-10
74.08046609  3.135878689e-10  2.923359461e-10
74.26122613  3.090358028e-10  2.880923746e-10
74.52207505  3.026020426e-10  2.820946318e-10
74.83472104  2.950955266e-10  2.750968341e-10
75.16527896  2.873941006e-10  2.679173356e-10
75.47792495  2.803249664e-10  2.613272782e-10
75.73877387  2.745818775e-10  2.559733998e-10
75.91953391  2.706825702e-10  2.523383494e-10
76  2.689675809e-10  2.507395853e-10
76.08046609  2.67265255e-10  2.491526264e-10
76.26122613  2.63486755e-10  2.456301963e-10
76.52207505  2.581434208e-10  2.406489811e-10
76.83472104  2.51904762e-10  2.348331177e-10
77.16527896  2.454991017e-10  2.288615705e-10
77.47792495  2.396147819e-10  2.233760323e-10
77.73877387  2.3483097e-10  2.189164205e-10
77.91953391  2.315812609e-10  2.15886945e-10
78  2.301515343e-10  2.145541113e-10
78.08046609  2.28732095e-10  2.132308677e-10
78.26122613  2.255805254e-10  2.102928807e-10
78.52207505  2.211214549e-10  2.061360025e-10
78.83472104  2.159117509e-10  2.012793613e-10
79.16527896  2.105586134e-10  1.962890071e-10
79.47792495  2.056375267e-10  1.917014237e-10
79.73877387  2.016341881e-10  1.879693923e-10
79.91953391  1.989133062e-10  1.854329052e-10
80  1.977158875e-10  1.843166358e-10
80.08046609  1.9652687e-10  1.832081983e-10
80.26122613  1.938861335e-10  1.807464252e-10
80.52207505  1.901479913e-10  1.772616177e-10
80.83472104  1.857778049e-10  1.731875998e-10
81.16527896  1.812841259e-10  1.689984585e-10
81.47792495  1.771502341e-10  1.651447215e-10
81.73877387  1.737851961e-10  1.620077329e-10
81.91953391  1.714970503e-10  1.598746553e-10
82  1.704897902e-10  1.589356574e-10
82.08046609  1.694894253e-10  1.580030875e-10
82.26122613  1.672670584e-10  1.559313309e-10
82.52207505  1.64119676e-10  1.529972474e-10
82.83472104  1.604379139e-10  1.495649991e-10
83.16527896  1.566495671e-10  1.460333895e-10
83.47792495  1.531622086e-10  1.427823701e-10
83.73877387  1.503217786e-10  1.401344367e-10
83.91953391  1.483894797e-10  1.383330901e-10
84  1.475386394e-10  1.375399115e-10
84.08046609  1.466934855e-10  1.367520338e-10
84.26122613  1.448154318e-10  1.350012563e-10
84.52207505  1.421544917e-10  1.325206488e-10
84.83472104  1.390399727e-10  1.296172014e-10
85.16527896  1.358332372e-10  1.266277871e-10
85.47792495  1.328794023e-10  1.238741343e-10
85.73877387  1.304721683e-10  1.216300391e-10
85.91953391  1.288338591e-10  1.201027585e-10
86  1.281122867e-10  1.194300872e-10
86.08046609  1.273954248e-10  1.187618072e-10
86.26122613  1.25802053e-10  1.172764186e-10
86.52207505  1.235435087e-10  1.151709364e-10
86.83472104  1.208985271e-10  1.127052058e-10
87.16527896  1.181735669e-10  1.101649168e-10
87.47792495  1.156619885e-10  1.078235486e-10
87.73877387  1.136140719e-10  1.059144198e-10
87.91953391  1.122197322e-10  1.046145749e-10
88  1.116054641e-10  1.040419358e-10
88.08046609  1.109951151e-10  1.034729503e-10
88.26122613  1.096381634e-10  1.022079596e-10
88.52207505  1.07713956e-10  1.004141561e-10
88.83472104  1.054593361e-10  9.831233237e-11
89.16527896  1.031351857e-10  9.614569016e-11
89.47792495  1.009917893e-10  9.414755223e-11
89.73877387  9.924318709e-11  9.251745321e-11
89.91953391  9.805216966e-11  9.140715131e-11
90  9.752735228e-11  9.091790092e-11
90.08046609  9.70058092e-11  9.043170294e-11
90.26122613  9.584602754e-11  8.935051996e-11
90.52207505  9.420077717e-11  8.781676859e-11
90.83472104  9.227205009e-11  8.601875179e-11
91.16527896  9.02827334e-11  8.416425155e-11
91.47792495  8.844711317e-11  8.245303173e-11
91.73877387  8.694886214e-11  8.105631752e-11
91.91953391  8.592798136e-11  8.010462207e-11
92  8.547803433e-11  7.968516806e-11
92.08046609  8.503083365e-11  7.926827427e-11
92.26122613  8.403615212e-11  7.834100254e-11
92.52207505  8.262458747e-11  7.702509996e-11
92.83472104  8.096901762e-11  7.548172845e-11
93.16527896  7.926052753e-11  7.388902313e-11
93.47792495  7.768320072e-11  7.241859213e-11
93.73877387  7.639516611e-11  7.121784793e-11
93.91953391  7.55172069e-11  7.039938822e-11
94  7.513016955e-11  7.003858048e-11
94.08046609  7.474544446e-11  6.96799283e-11
94.26122613  7.388954332e-11  6.888203178e-11
94.52207505  7.267449248e-11  6.774932522e-11
94.83472104  7.124875243e-11  6.64202079e-11
95.16527896  6.977668626e-11  6.504790399e-11
95.47792495  6.841694216e-11  6.378031007e-11
95.73877387  6.730608409e-11  6.274473511e-11
95.91953391  6.654863193e-11  6.203861566e-11
96  6.621465069e-11  6.172726841e-11
96.08046609  6.588262329e-11  6.141774258e-11
96.26122613  6.514381e-11  6.072899884e-11
96.52207505  6.40946221e-11  5.975091464e-11
96.83472104  6.286296423e-11  5.860272652e-11
97.16527896  6.159066305e-11  5.741664948e-11
97.47792495  6.041486882e-11  5.632053911e-11
97.73877387  5.945387581e-11  5.542467281e-11
97.91953391  5.879839413e-11  5.481361328e-11
98  5.850931807e-11  5.454412797e-11
98.08046609  5.822189873e-11  5.427618711e-11
98.26122613  5.758222153e-11  5.367986098e-11
98.52207505  5.667352017e-11  5.283274253e-11
98.83472104  5.560633165e-11  5.183787762e-11
99.16527896  5.450340854e-11  5.080969986e-11
99.47792495  5.348366811e-11  4.985906748e-11
99.73877387  5.264987458e-11  4.908178033e-11
99.91953391  5.208097349e-11  4.85514338e-11
100  5.183003362e-11  4.831750018e-11
100.0804661  5.158050323e-11  4.808488053e-11
100.2612261  5.102504798e-11  4.75670686e-11
100.5220751  5.023574189e-11  4.683125397e-11
100.834721  4.930839695e-11  4.596675542e-11
101.165279  4.834956712e-11  4.50729057e-11
101.4779249  4.746265432e-11  4.424609919e-11
101.7387739  4.673717894e-11  4.356978945e-11
101.9195339  4.624203277e-11  4.310819945e-11
102  4.602358659e-11  4.290455742e-11
102.0804661  4.58063434e-11  4.270203685e-11
102.2612261  4.53226731e-11  4.2251145e-11
102.5220751  4.463516701e-11  4.161023136e-11
102.834721  4.38271111e-11  4.085693759e-11
103.165279  4.29912576e-11  4.007773007e-11
103.4779249  4.221776357e-11  3.935665591e-11
103.7387739  4.158482011e-11  3.876660718e-11
103.9195339  4.115270143e-11  3.836377328e-11
104  4.096202844e-11  3.818602224e-11
104.0804661  4.077238534e-11  3.80092313e-11
104.2612261  4.035009137e-11  3.761555629e-11
104.5220751  3.974965394e-11  3.705581065e-11
104.834721  3.904366943e-11  3.639767087e-11
105.165279  3.831309369e-11  3.571660641e-11
105.4779249  3.763674236e-11  3.508609158e-11
105.7387739  3.708308616e-11  3.456995678e-11
105.9195339  3.670499122e-11  3.421748542e-11
106  3.653812851e-11  3.406193104e-11
106.0804661  3.637215013e-11  3.390720106e-11
106.2612261  3.600249124e-11  3.356259403e-11
106.5220751  3.547674637e-11  3.307247901e-11
106.834721  3.485836142e-11  3.249600215e-11
107.165279  3.421817931e-11  3.189920534e-11
107.4779249  3.362527559e-11  3.134648284e-11
107.7387739  3.313975691e-11  3.089386787e-11
107.9195339  3.280810336e-11  3.058469057e-11
108  3.266171295e-11  3.044822106e-11
108.0804661  3.251608403e-11  3.031246145e-11
108.2612261  3.219169481e-11  3.001005616e-11
108.5220751  3.173021061e-11  2.957984685e-11
108.834721  3.118722115e-11  2.907365592e-11
109.165279  3.062487447e-11  2.85494196e-11
109.4779249  3.010385736e-11  2.806371194e-11
109.7387739  2.967705968e-11  2.766583844e-11
109.9195339  2.938544159e-11  2.739398338e-11
110  2.925670277e-11  2.727396922e-11
110.0804661  2.912862149e-11  2.715456803e-11
110.2612261  2.884327593e-11  2.688856041e-11
110.5220751  2.843723123e-11  2.651003346e-11
110.834721  2.795931295e-11  2.606450381e-11
111.165279  2.746417247e-11  2.560291911e-11
111.4779249  2.700525196e-11  2.517509975e-11
111.7387739  2.66291977e-11  2.482453077e-11
111.9195339  2.63721862e-11  2.458493701e-11
112  2.625870804e-11  2.447914929e-11
112.0804661  2.614579915e-11  2.437389226e-11
112.2612261  2.589421815e-11  2.413936096e-11
112.5220751  2.553613088e-11  2.380554135e-11
112.834721  2.511452296e-11  2.341250589e-11
113.165279  2.467756478e-11  2.300516047e-11
113.4779249  2.427242547e-11  2.262747755e-11
113.7387739  2.39403358e-11  2.231789367e-11
113.9195339  2.371331629e-11  2.210625933e-11
114  2.361306608e-11  2.20128031e-11
114.0804661  2.351330998e-11  2.191980749e-11
114.2612261  2.329100398e-11  2.171256722e-11
114.5220751  2.297450905e-11  2.141752123e-11
114.834721  2.260175548e-11  2.107002925e-11
115.165279  2.221529615e-11  2.070976036e-11
115.4779249  2.185685457e-11  2.037561045e-11
115.7387739  2.156295257e-11  2.010162626e-11
115.9195339  2.136199126e-11  1.991428414e-11
116  2.127323586e-11  1.983154372e-11
116.0804661  2.118491038e-11  1.974920408e-11
116.2612261  2.098805035e-11  1.956568529e-11
116.5220751  2.070771744e-11  1.930435061e-11
116.834721  2.037745463e-11  1.899646979e-11
117.165279  2.00349335e-11  1.86771614e-11
117.4779249  1.971713861e-11  1.838090354e-11
117.7387739  1.945648744e-11  1.813791676e-11
117.9195339  1.927822155e-11  1.797173199e-11
118  1.919947913e-11  1.789832596e-11
118.0804661  1.912111168e-11  1.782526949e-11
118.2612261  1.894642285e-11  1.766241937e-11
118.5220751  1.869760636e-11  1.743046522e-11
118.834721  1.840438817e-11  1.71571185e-11
119.165279  1.810018804e-11  1.687353408e-11
119.4779249  1.781785673e-11  1.661033644e-11
119.7387739  1.758622604e-11  1.639440341e-11
119.9195339  1.742777319e-11  1.624668895e-11
120  1.735777339e-11  1.618143305e-11
120.0804661  1.728810139e-11  1.611648273e-11
120.2612261  1.713277557e-11  1.597168339e-11
120.5220751  1.691149059e-11  1.576539494e-11
120.834721  1.66506437e-11  1.552222571e-11
121.165279  1.637994245e-11  1.526986994e-11
121.4779249  1.612862341e-11  1.503558285e-11
121.7387739  1.592237877e-11  1.484331545e-11
121.9195339  1.578126194e-11  1.471176214e-11
122  1.571891286e-11  1.465363848e-11
122.0804661  1.565685099e-11  1.459578256e-11
122.2612261  1.551847386e-11  1.446678327e-11
122.5220751  1.532129342e-11  1.42829658e-11
122.834721  1.50887974e-11  1.406622609e-11
123.165279  1.484744488e-11  1.384123008e-11
123.4779249  1.462330558e-11  1.363228075e-11
123.7387739  1.443931667e-11  1.346076082e-11
123.9195339  1.431340181e-11  1.334337924e-11
124  1.425776261e-11  1.329151072e-11
124.0804661  1.420237559e-11  1.323987729e-11
124.2612261  1.407886623e-11  1.312473819e-11
124.5220751  1.390283586e-11  1.296063744e-11
124.834721  1.369522336e-11  1.276709489e-11
125.165279  1.347963898e-11  1.256612071e-11
125.4779249  1.327937154e-11  1.237942544e-11
125.7387739  1.311493566e-11  1.222613342e-11
125.9195339  1.300237974e-11  1.212120544e-11
126  1.295263776e-11  1.207483448e-11
126.0804661  1.290311764e-11  1.202867035e-11
126.2612261  1.279267821e-11  1.192571543e-11
126.5220751  1.263524462e-11  1.177895115e-11
126.834721  1.244951814e-11  1.160581139e-11
127.165279  1.22566053e-11  1.142597231e-11
127.4779249  1.207734792e-11  1.125886324e-11
127.7387739  1.193012603e-11  1.112161862e-11
127.9195339  1.182933363e-11  1.102765694e-11
128  1.178478524e-11  1.098612761e-11
128.0804661  1.174043246e-11  1.094478062e-11
128.2612261  1.164150601e-11  1.085255844e-11
128.5220751  1.150045751e-11  1.072106882e-11
128.834721  1.133401967e-11  1.056591052e-11
129.165279  1.116109419e-11  1.040470424e-11
129.4779249  1.100036528e-11  1.025486796e-11
129.7387739  1.086832847e-11  1.013177932e-11
129.9195339  1.077791533e-11  1.00474935e-11
130  1.073794998e-11  1.001023661e-11
130.0804661  1.069815742e-11  9.973140807e-12
130.2612261  1.060939257e-11  9.890391569e-12
130.5220751  1.0482809e-11  9.772386594e-12
130.834721  1.033340412e-11  9.633106914e-12
131.165279  1.017813407e-11  9.488359554e-12
131.4779249  1.003377697e-11  9.353785569e-12
131.7387739  9.91516141e-12  9.243208614e-12
131.9195339  9.833923858e-12  9.16747655e-12
132  9.798010563e-12  9.133997108e-12
132.0804661  9.762250189e-12  9.100660223e-12
132.2612261  9.682471411e-12  9.026288071e-12
132.5220751  9.568682083e-12  8.920210272e-12
132.834721  9.434346922e-12  8.794979036e-12
133.165279  9.294702024e-12  8.664797905e-12
133.4779249  9.164838401e-12  8.54373517e-12
133.7387739  9.058107433e-12  8.444237385e-12
133.9195339  8.984996572e-12  8.376081263e-12
134  8.952672554e-12  8.345947852e-12
134.0804661  8.920484124e-12  8.31594084e-12
134.2612261  8.848666686e-12  8.248990486e-12
134.5220751  8.74621489e-12  8.153481872e-12
134.834721  8.625237148e-12  8.04070282e-12
135.165279  8.499446024e-12  7.923436589e-12
135.4779249  8.382436529e-12  7.814356856e-12
135.7387739  8.286248613e-12  7.724687617e-12
135.9195339  8.220348524e-12  7.663253592e-12
136  8.191209626e-12  7.636089444e-12
136.0804661  8.162191161e-12  7.609037567e-12
136.2612261  8.097439933e-12  7.548674544e-12
136.5220751  8.005052907e-12  7.462548609e-12
136.834721  7.895936075e-12  7.36082665e-12
137.165279  7.78245009e-12  7.255031636e-12
137.4779249  7.676861052e-12  7.156598392e-12
137.7387739  7.590042624e-12  7.075663669e-12
137.9195339  7.530551895e-12  7.020204641e-12
138  7.504244441e-12  6.995680049e-12
138.0804661  7.478044144e-12  6.971255353e-12
138.2612261  7.419575639e-12  6.916749271e-12
138.5220751  7.336139124e-12  6.838967269e-12
138.834721  7.237572691e-12  6.747080706e-12
139.165279  7.13503526e-12  6.65149226e-12
139.4779249  7.039610408e-12  6.562534373e-12
139.7387739  6.961132835e-12  6.489375243e-12
139.9195339  6.907348876e-12  6.439236236e-12
140  6.883562762e-12  6.417062112e-12
140.0804661  6.859872153e-12  6.394977022e-12
140.2612261  6.80699927e-12  6.345687345e-12
140.5220751  6.731535879e-12  6.275338126e-12
140.834721  6.642369997e-12  6.192215037e-12
141.165279  6.549590485e-12  6.105723214e-12
141.4779249  6.463226891e-12  6.025212501e-12
141.7387739  6.392186853e-12  5.958986862e-12
141.9195339  6.34349254e-12  5.913592575e-12
142  6.321955351e-12  5.893514966e-12
142.0804661  6.300503422e-12  5.873516839e-12
142.2612261  6.252622448e-12  5.82888077e-12
142.5220751  6.184273237e-12  5.765163601e-12
142.834721  6.103497133e-12  5.689861712e-12
143.165279  6.019428603e-12  5.611490526e-12
143.4779249  5.941156166e-12  5.538522631e-12
143.7387739  5.876758922e-12  5.478489602e-12
143.9195339  5.8326112e-12  5.437333782e-12
144  5.813083188e-12  5.419129188e-12
144.0804661  5.793631412e-12  5.400995664e-12
144.2612261  5.750210931e-12  5.360517798e-12
144.5220751  5.688219663e-12  5.302727693e-12
144.834721  5.6149432e-12  5.234417193e-12
145.165279  5.538663399e-12  5.163306891e-12
145.4779249  5.467627307e-12  5.097084932e-12
145.7387739  5.409172386e-12  5.042591515e-12
145.9195339  5.369092522e-12  5.005227872e-12
146  5.351362314e-12  4.988699245e-12
146.0804661  5.333700377e-12  4.972234261e-12
146.2612261  5.294271773e-12  4.935477743e-12
146.5220751  5.237971455e-12  4.882992911e-12
146.834721  5.171409342e-12  4.820941728e-12
147.165279  5.102104419e-12  4.756333616e-12
147.4779249  5.037550124e-12  4.69615418e-12
147.7387739  4.984419065e-12  4.646623826e-12
147.9195339  4.947984293e-12  4.612658247e-12
148  4.931865205e-12  4.597631553e-12
148.0804661  4.915807346e-12  4.582661939e-12
148.2612261  4.87995667e-12  4.549240871e-12
148.5220751  4.828758003e-12  4.50151195e-12
148.834721  4.768216253e-12  4.445073128e-12
149.165279  4.705166787e-12  4.386296539e-12
149.4779249  4.646427108e-12  4.331537662e-12
149.7387739  4.598072927e-12  4.286460455e-12
149.9195339  4.564909274e-12  4.25554431e-12
150  4.550236148e-12  4.241865585e-12
150.0804661  4.535618017e-12  4.228238129e-12
150.2612261  4.502978987e-12  4.197811053e-12
150.5220751  4.456360439e-12  4.154351855e-12
150.834721  4.401224724e-12  4.1029527e-12
151.165279  4.343793704e-12  4.049413794e-12
151.4779249  4.290277732e-12  3.999524612e-12
151.7387739  4.246215861e-12  3.958448824e-12
151.9195339  4.215991967e-12  3.93027321e-12
152  4.202618451e-12  3.917806021e-12
152.0804661  4.189294401e-12  3.905384945e-12
152.2612261  4.159542384e-12  3.877649229e-12
152.5220751  4.11704164e-12  3.83802877e-12
152.834721  4.066767263e-12  3.791161499e-12
153.165279  4.014389733e-12  3.742333607e-12
153.4779249  3.965573262e-12  3.696825439e-12
153.7387739  3.925373735e-12  3.659350244e-12
153.9195339  3.897795528e-12  3.633641019e-12
154  3.885591725e-12  3.62226427e-12
154.0804661  3.873432476e-12  3.610929056e-12
154.2612261  3.846279291e-12  3.585616048e-12
154.5220751  3.807485877e-12  3.549451673e-12
154.834721  3.761589111e-12  3.506665342e-12
155.165279  3.713763225e-12  3.462080627e-12
155.4779249  3.669180492e-12  3.420519277e-12
155.7387739  3.632461196e-12  3.386288455e-12
155.9195339  3.607267287e-12  3.362801944e-12
156  3.596117723e-12  3.352407988e-12
156.0804661  3.585008344e-12  3.342051494e-12
156.2612261  3.560197771e-12  3.31892234e-12
156.5220751  3.524746676e-12  3.285873774e-12
156.834721  3.482797273e-12  3.246767292e-12
157.165279  3.439076561e-12  3.206009543e-12
157.4779249  3.398313097e-12  3.168008627e-12
157.7387739  3.364733923e-12  3.136705122e-12
157.9195339  3.341691619e-12  3.1152244e-12
158  3.331493489e-12  3.1057174e-12
158.0804661  3.321331651e-12  3.096244232e-12
158.2612261  3.29863554e-12  3.075086242e-12
158.5220751  3.266201688e-12  3.04485044e-12
158.834721  3.227816393e-12  3.009066525e-12
159.165279  3.187803052e-12  2.971764897e-12
159.4779249  3.150489477e-12  2.936980072e-12
159.7387739  3.119747256e-12  2.908321259e-12
159.9195339  3.098649102e-12  2.888652931e-12
160  3.089310743e-12  2.879947435e-12
160.0804661  3.080005201e-12  2.871272532e-12
160.2612261  3.059220098e-12  2.85189604e-12
160.5220751  3.029513552e-12  2.824202713e-12
160.834721  2.994350465e-12  2.791422637e-12
161.165279  2.957689538e-12  2.75724623e-12
161.4779249  2.923496182e-12  2.725370165e-12
161.7387739  2.895320278e-12  2.699103749e-12
161.9195339  2.875981052e-12  2.681075147e-12
162  2.867420616e-12  2.673094853e-12
162.0804661  2.858889892e-12  2.665142259e-12
162.2612261  2.839834102e-12  2.647377884e-12
162.5220751  2.812595895e-12  2.621985616e-12
162.834721  2.780349576e-12  2.591924638e-12
163.165279  2.746723883e-12  2.560577767e-12
163.4779249  2.715356095e-12  2.53133578e-12
163.7387739  2.689504573e-12  2.507236223e-12
163.9195339  2.671758671e-12  2.490692964e-12
164  2.663902971e-12  2.483369647e-12
164.0804661  2.656074207e-12  2.47607144e-12
164.2612261  2.63858524e-12  2.459767704e-12
164.5220751  2.613583742e-12  2.436460563e-12
164.834721  2.583980939e-12  2.40886395e-12
165.165279  2.553106665e-12  2.380082032e-12
165.4779249  2.524300729e-12  2.353228281e-12
165.7387739  2.500557013e-12  2.331093682e-12
165.9195339  2.484256165e-12  2.315897547e-12
166  2.477039672e-12  2.309170117e-12
166.0804661  2.469847625e-12  2.302465477e-12
166.2612261  2.453779968e-12  2.287486728e-12
166.5220751  2.430807716e-12  2.266071312e-12
166.834721  2.403603642e-12  2.240710864e-12
167.165279  2.375226479e-12  2.214256828e-12
167.4779249  2.348746049e-12  2.189570982e-12
167.7387739  2.326916001e-12  2.169220362e-12
167.9195339  2.311927282e-12  2.155247432e-12
168  2.305291241e-12  2.149061117e-12
168.0804661  2.298677412e-12  2.142895509e-12
168.2612261  2.283900579e-12  2.129120105e-12
168.5220751  2.262771511e-12  2.109422959e-12
168.834721  2.237746585e-12  2.086093978e-12
169.165279  2.211638366e-12  2.061755119e-12
169.4779249  2.187271342e-12  2.039039454e-12
169.7387739  2.167180711e-12  2.02031037e-12
169.9195339  2.153384793e-12  2.007449405e-12
170  2.147276456e-12  2.001755031e-12
170.0804661  2.141188324e-12  1.996079494e-12
170.2612261  2.127585152e-12  1.983398211e-12
170.5220751  2.108132179e-12  1.965263571e-12
170.834721  2.085089175e-12  1.943782196e-12
171.165279  2.06104492e-12  1.921367426e-12
171.4779249  2.038600722e-12  1.900444277e-12
171.7387739  2.020092904e-12  1.883190738e-12
171.9195339  2.00738253e-12  1.871341749e-12
172  2.00175448e-12  1.866095113e-12
172.0804661  1.99614483e-12  1.860865631e-12
172.2612261  1.983609985e-12  1.849180274e-12
172.5220751  1.965682866e-12  1.832468081e-12
172.834721  1.944444414e-12  1.812668964e-12
173.165279  1.922279744e-12  1.792006398e-12
173.4779249  1.901586906e-12  1.772715919e-12
173.7387739  1.884520982e-12  1.756806557e-12
173.9195339  1.872799623e-12  1.745879557e-12
174  1.867609184e-12  1.741040875e-12
174.0804661  1.862435519e-12  1.736217831e-12
174.2612261  1.850874183e-12  1.725440009e-12
174.5220751  1.834337659e-12  1.710024169e-12
174.834721  1.814744049e-12  1.691758423e-12
175.165279  1.794292907e-12  1.672693259e-12
175.4779249  1.775196976e-12  1.654891464e-12
175.7387739  1.759445985e-12  1.640207922e-12
175.9195339  1.748626663e-12  1.630121828e-12
176  1.743835376e-12  1.625655247e-12
176.0804661  1.739059398e-12  1.621202938e-12
176.2612261  1.728386117e-12  1.611252987e-12
176.5220751  1.713118269e-12  1.597019845e-12
176.834721  1.695025518e-12  1.580153244e-12
177.165279  1.67613817e-12  1.562545896e-12
177.4779249  1.658499849e-12  1.546102929e-12
177.7387739  1.643949269e-12  1.532538445e-12
177.9195339  1.633953517e-12  1.523220107e-12
178  1.629526685e-12  1.519093282e-12
178.0804661  1.625113838e-12  1.514979496e-12
178.2612261  1.615251504e-12  1.505785534e-12
178.5220751  1.601142308e-12  1.492632521e-12
178.834721  1.584420456e-12  1.477043913e-12
179.165279  1.566961731e-12  1.46076837e-12
179.4779249  1.550655243e-12  1.445566977e-12
179.7387739  1.537201651e-12  1.433025138e-12
179.9195339  1.527958597e-12  1.424408487e-12
180  1.523864879e-12  1.420592202e-12
180.0804661  1.519783952e-12  1.41678784e-12
180.2612261  1.510662907e-12  1.408284931e-12
180.5220751  1.497612957e-12  1.396119378e-12
180.834721  1.48214457e-12  1.381699288e-12
181.165279  1.465992297e-12  1.366641658e-12
181.4779249  1.450903945e-12  1.352575847e-12
181.7387739  1.438453835e-12  1.340969484e-12
181.9195339  1.429899396e-12  1.332994781e-12
182  1.426110451e-12  1.329462614e-12
182.0804661  1.422333215e-12  1.325941362e-12
182.2612261  1.413890463e-12  1.318070777e-12
182.5220751  1.401809844e-12  1.306808865e-12
182.834721  1.387488684e-12  1.293458253e-12
183.165279  1.372532321e-12  1.279515486e-12
183.4779249  1.358559212e-12  1.266489338e-12
183.7387739  1.34702795e-12  1.255739553e-12
183.9195339  1.339104115e-12  1.248352717e-12
184  1.335594286e-12  1.245080751e-12
184.0804661  1.332095186e-12  1.241818785e-12
184.2612261  1.324273687e-12  1.234527351e-12
184.5220751  1.313080983e-12  1.224093179e-12
184.834721  1.299810833e-12  1.211722351e-12
185.165279  1.285950252e-12  1.198801104e-12
185.4779249  1.272999166e-12  1.186727717e-12
185.7387739  1.262310065e-12  1.176763018e-12
185.9195339  1.254964263e-12  1.169915043e-12
186  1.251710298e-12  1.1668816e-12
186.0804661  1.248466172e-12  1.163857329e-12
186.2612261  1.241214228e-12  1.157096851e-12
186.5220751  1.230835633e-12  1.147421616e-12
186.834721  1.218529262e-12  1.135949251e-12
187.165279  1.205673666e-12  1.123964881e-12
187.4779249  1.19366006e-12  1.11276544e-12
187.7387739  1.183743556e-12  1.10352098e-12
187.9195339  1.176928097e-12  1.097167406e-12
188  1.173908899e-12  1.09435282e-12
188.0804661  1.170898734e-12  1.091546654e-12
188.2612261  1.164169436e-12  1.085273402e-12
188.5220751  1.154537975e-12  1.076294668e-12
188.834721  1.143116213e-12  1.065646961e-12
189.165279  1.131183182e-12  1.054522634e-12
189.4779249  1.120030298e-12  1.044125584e-12
189.7387739  1.110823227e-12  1.035542478e-12
189.9195339  1.104494801e-12  1.029642931e-12
190  1.101691211e-12  1.027029342e-12
190.0804661  1.098895921e-12  1.024423488e-12
190.2612261  1.092646662e-12  1.018597743e-12
190.5220751  1.083701496e-12  1.010258794e-12
190.834721  1.073092413e-12  1.00036869e-12
191.165279  1.062007054e-12  9.900345884e-13
191.4779249  1.051645133e-12  9.803748977e-13
191.7387739  1.043090081e-12  9.723996237e-13
191.9195339  1.037209317e-12  9.669173999e-13
192  1.034603917e-12  9.644885689e-13
192.0804661  1.03200615e-12  9.620668528e-13
192.2612261  1.02619819e-12  9.566525004e-13
192.5220751  1.017883998e-12  9.489017623e-13
192.834721  1.008022177e-12  9.397082798e-13
193.165279  9.977163678e-13  9.301008974e-13
193.4779249  9.880819481e-13  9.211194046e-13
193.7387739  9.80126676e-13  9.137032631e-13
193.9195339  9.746577461e-13  9.086049638e-13
194  9.722346856e-13  9.063461148e-13
194.0804661  9.698186501e-13  9.040938146e-13
194.2612261  9.644167333e-13  8.990579869e-13
194.5220751  9.566831574e-13  8.918485173e-13
194.834721  9.475090489e-13  8.832961402e-13
195.165279  9.379207639e-13  8.743576555e-13
195.4779249  9.289560536e-13  8.660004857e-13
195.7387739  9.215529836e-13  8.590991234e-13
195.9195339  9.164632552e-13  8.543543271e-13
196  9.142080948e-13  8.522519996e-13
196.0804661  9.119594061e-13  8.501557049e-13
196.2612261  9.069314117e-13  8.45468459e-13
196.5220751  8.997325734e-13  8.387574875e-13
196.834721  8.911919114e-13  8.307956283e-13
197.165279  8.822646229e-13  8.224733441e-13
197.4779249  8.739169442e-13  8.146913896e-13
197.7387739  8.670227025e-13  8.082643722e-13
197.9195339  8.622824228e-13  8.038453424e-13
198  8.601819973e-13  8.018872632e-13
198.0804661  8.580875385e-13  7.999347464e-13
198.2612261  8.534041771e-13  7.955687775e-13
198.5220751  8.466982351e-13  7.893172987e-13
198.834721  8.387415244e-13  7.818998161e-13
199.165279  8.304236652e-13  7.741456602e-13
199.4779249  8.226449564e-13  7.668941163e-13
199.7387739  8.162199645e-13  7.609045476e-13
199.9195339  8.118019813e-13  7.567859721e-13
200  8.098442753e-13  7.549609404e-13
200.0804661  8.078920751e-13  7.531410412e-13
200.2612261  8.03526613e-13  7.490714275e-13
200.5220751  7.972753735e-13  7.43243836e-13
200.834721  7.898574272e-13  7.363286056e-13
201.165279  7.821019122e-13  7.290986836e-13
201.4779249  7.74848282e-13  7.223366337e-13
201.7387739  7.688563915e-13  7.167508149e-13
201.9195339  7.647359031e-13  7.12909573e-13
202  7.629099409e-13  7.112073567e-13
202.0804661  7.610890631e-13  7.095098803e-13
202.2612261  7.570170771e-13  7.057138536e-13
202.5220751  7.511856437e-13  7.002776179e-13
202.834721  7.442651708e-13  6.93826147e-13
203.165279  7.370289681e-13  6.870803434e-13
203.4779249  7.30260298e-13  6.807703877e-13
203.7387739  7.246684629e-13  6.755575126e-13
203.9195339  7.208227943e-13  6.719724658e-13
204  7.191185405e-13  6.703837097e-13
204.0804661  7.174189859e-13  6.687993343e-13
204.2612261  7.136181434e-13  6.652560758e-13
204.5220751  7.08174604e-13  6.601814463e-13
204.834721  7.017138396e-13  6.541585294e-13
205.165279  6.949575865e-13  6.478601492e-13
205.4779249  6.886371736e-13  6.419680722e-13
205.7387739  6.834151578e-13  6.370999536e-13
205.9195339  6.798235597e-13  6.337517589e-13
206  6.78231831e-13  6.32267902e-13
206.0804661  6.766444485e-13  6.307880968e-13
206.2612261  6.730943109e-13  6.274785529e-13
206.5220751  6.680094565e-13  6.227383002e-13
206.834721  6.619738305e-13  6.1711171e-13
207.165279  6.556614893e-13  6.112271576e-13
207.4779249  6.497557262e-13  6.057216295e-13
207.7387739  6.448758403e-13  6.011724546e-13
207.9195339  6.415193094e-13  5.980433965e-13
208  6.400316944e-13  5.966565975e-13
208.0804661  6.385481024e-13  5.952735489e-13
208.2612261  6.35229948e-13  5.921802666e-13
208.5220751  6.304770208e-13  5.877494464e-13
208.834721  6.248348605e-13  5.824896566e-13
209.165279  6.189334091e-13  5.76988148e-13
209.4779249  6.134114966e-13  5.718404568e-13
209.7387739  6.088483618e-13  5.675865667e-13
209.9195339  6.057094788e-13  5.646604065e-13
210  6.043182671e-13  5.633634776e-13
210.0804661  6.029307819e-13  5.620700226e-13
210.2612261  5.998274472e-13  5.591770016e-13
210.5220751  5.953819143e-13  5.550327435e-13
210.834721  5.901041768e-13  5.501126795e-13
211.165279  5.845833312e-13  5.449659829e-13
211.4779249  5.7941702e-13  5.401497937e-13
211.7387739  5.751473558e-13  5.361694857e-13
211.9195339  5.722101404e-13  5.334313261e-13
212  5.70908258e-13  5.322176725e-13
212.0804661  5.6960983e-13  5.310072393e-13
212.2612261  5.667055669e-13  5.282997988e-13
212.5220751  5.625449165e-13  5.244211166e-13
212.834721  5.576049485e-13  5.198159314e-13
213.165279  5.524369127e-13  5.149981346e-13
213.4779249  5.476002708e-13  5.104892731e-13
213.7387739  5.436027041e-13  5.067626224e-13
213.9195339  5.408524839e-13  5.041987852e-13
214  5.396334354e-13  5.030623519e-13
214.0804661  5.384175913e-13  5.019289059e-13
214.2612261  5.356979387e-13  4.993935647e-13
214.5220751  5.318014968e-13  4.957611857e-13
214.834721  5.271748182e-13  4.914480581e-13
215.165279  5.22334059e-13  4.869353583e-13
215.4779249  5.178032628e-13  4.827116152e-13
215.7387739  5.140581558e-13  4.792203149e-13
215.9195339  5.114814482e-13  4.768182315e-13
216  5.103392648e-13  4.757534541e-13
216.0804661  5.09200056e-13  4.746914498e-13
216.2612261  5.066517239e-13  4.723158187e-13
216.5220751  5.030004892e-13  4.68912029e-13
216.834721  4.986645977e-13  4.648699819e-13
217.165279  4.941276422e-13  4.60640497e-13
217.4779249  4.898807874e-13  4.566814524e-13
217.7387739  4.863700823e-13  4.534086687e-13
217.9195339  4.839544888e-13  4.511567805e-13
218  4.828836812e-13  4.501585418e-13
218.0804661  4.818156368e-13  4.49162879e-13
218.2612261  4.794264018e-13  4.46935563e-13
218.5220751  4.760028965e-13  4.437440695e-13
218.834721  4.71937092e-13  4.399538055e-13
219.165279  4.676823444e-13  4.359874031e-13
219.4779249  4.636992756e-13  4.322742679e-13
219.7387739  4.60406355e-13  4.292045092e-13
219.9195339  4.581404648e-13  4.270921789e-13
220  4.571359808e-13  4.261557691e-13
220.0804661  4.561340653e-13  4.252217536e-13
220.2612261  4.538926766e-13  4.231322643e-13
220.5220751  4.50680812e-13  4.201380685e-13
220.834721  4.468660374e-13  4.16581822e-13
221.165279  4.428736134e-13  4.128599656e-13
221.4779249  4.391357709e-13  4.093754376e-13
221.7387739  4.360453307e-13  4.064944372e-13
221.9195339  4.339186343e-13  4.045118675e-13
222  4.329758205e-13  4.036329484e-13
222.0804661  4.320353957e-13  4.027562564e-13
222.2612261  4.299314895e-13  4.007949325e-13
222.5220751  4.269164444e-13  3.979842176e-13
222.834721  4.23335142e-13  3.94645621e-13
223.165279  4.1958672e-13  3.911512303e-13
223.4779249  4.160770001e-13  3.87879365e-13
223.7387739  4.131749357e-13  3.851739742e-13
223.9195339  4.111777462e-13  3.833121347e-13
224  4.102923132e-13  3.824867077e-13
224.0804661  4.094091038e-13  3.816633536e-13
224.2612261  4.074331267e-13  3.798212889e-13
224.5220751  4.046012372e-13  3.771813172e-13
224.834721  4.01237219e-13  3.740452793e-13
225.165279  3.977159041e-13  3.707626048e-13
225.4779249  3.944185337e-13  3.676886979e-13
225.7387739  3.916918362e-13  3.651467893e-13
225.9195339  3.898152186e-13  3.633973506e-13
226  3.889832098e-13  3.626217272e-13
226.0804661  3.88153272e-13  3.618480344e-13
226.2612261  3.862964107e-13  3.60117013e-13
226.5220751  3.836350712e-13  3.576360331e-13
226.834721  3.804734008e-13  3.546886299e-13
227.165279  3.771636031e-13  3.516031379e-13
227.4779249  3.740640251e-13  3.487136191e-13
227.7387739  3.715006876e-13  3.463239996e-13
227.9195339  3.697363945e-13  3.446792731e-13
228  3.689541576e-13  3.439500485e-13
228.0804661  3.681738507e-13  3.432226232e-13
228.2612261  3.664279693e-13  3.415950605e-13
228.5220751  3.639255416e-13  3.392622229e-13
228.834721  3.609524279e-13  3.364905979e-13
229.165279  3.57839751e-13  3.335888679e-13
229.4779249  3.549245217e-13  3.308712043e-13
229.7387739  3.525134544e-13  3.286235355e-13
229.9195339  3.508538675e-13  3.270764193e-13
230  3.501180286e-13  3.263904484e-13
230.0804661  3.493839895e-13  3.257061553e-13
230.2612261  3.477415719e-13  3.241750447e-13
230.5220751  3.453873038e-13  3.219803258e-13
230.834721  3.425900042e-13  3.193725999e-13
231.165279  3.396611448e-13  3.1664223e-13
231.4779249  3.369178397e-13  3.140848393e-13
231.7387739  3.346487922e-13  3.119695657e-13
231.9195339  3.330868699e-13  3.105134952e-13
232  3.323943103e-13  3.098678706e-13
232.0804661  3.317034301e-13  3.092238115e-13
232.2612261  3.30157528e-13  3.077826755e-13
232.5220751  3.279414787e-13  3.057168084e-13
232.834721  3.253082112e-13  3.032619981e-13
233.165279  3.225508676e-13  3.006915202e-13
233.4779249  3.199679962e-13  2.982836907e-13
233.7387739  3.178314883e-13  2.962919743e-13
233.9195339  3.163607169e-13  2.949208775e-13
234  3.157085518e-13  2.943129098e-13
234.0804661  3.150579547e-13  2.937064038e-13
234.2612261  3.136021404e-13  2.923492503e-13
234.5220751  3.115151133e-13  2.904036616e-13
234.834721  3.090349768e-13  2.880916045e-13
235.165279  3.064377655e-13  2.856704069e-13
235.4779249  3.040046943e-13  2.834022254e-13
235.7387739  3.019919515e-13  2.815258867e-13
235.9195339  3.006063022e-13  2.802341432e-13
236  2.999918614e-13  2.796613432e-13
236.0804661  2.993788853e-13  2.790899086e-13
236.2612261  2.980072086e-13  2.778111907e-13
236.5220751  2.960406899e-13  2.759779435e-13
236.834721  2.937035914e-13  2.737992306e-13
237.165279  2.912559722e-13  2.715174872e-13
237.4779249  2.889628538e-13  2.69379774e-13
237.7387739  2.870657499e-13  2.676112373e-13
237.9195339  2.857596388e-13  2.663936416e-13
238  2.851804489e-13  2.658537035e-13
238.0804661  2.84602628e-13  2.653150417e-13
238.2612261  2.833095773e-13  2.641096213e-13
238.5220751  2.814556798e-13  2.623813629e-13
238.834721  2.792522687e-13  2.603272775e-13
239.165279  2.769444752e-13  2.581758837e-13
239.4779249  2.747821848e-13  2.561601322e-13
239.7387739  2.729931889e-13  2.54492377e-13
239.9195339  2.717614407e-13  2.533441047e-13
240  2.712152092e-13  2.528348914e-13
240.0804661  2.706702582e-13  2.523268718e-13
240.2612261  2.694507247e-13  2.511899864e-13
240.5220751  2.677021374e-13  2.495599013e-13
240.834721  2.656237451e-13  2.476223621e-13
241.165279  2.634467226e-13  2.455928769e-13
241.4779249  2.61406799e-13  2.436911994e-13
241.7387739  2.597189275e-13  2.421177153e-13
241.9195339  2.585567428e-13  2.410342922e-13
242  2.580413437e-13  2.405538218e-13
242.0804661  2.575271428e-13  2.400744684e-13
242.2612261  2.563763882e-13  2.390017007e-13
242.5220751  2.547263296e-13  2.37463467e-13
242.834721  2.527649148e-13  2.356349777e-13
243.165279  2.507102628e-13  2.3371957e-13
243.4779249  2.487848556e-13  2.31924648e-13
243.7387739  2.471916282e-13  2.30439394e-13
243.9195339  2.460945532e-13  2.294166681e-13
244  2.456080135e-13  2.289631013e-13
244.0804661  2.451225957e-13  2.285105803e-13
244.2612261  2.440362224e-13  2.274978308e-13
244.5220751  2.424783984e-13  2.260455809e-13
244.834721  2.40626497e-13  2.243191833e-13
245.165279  2.386864174e-13  2.225105833e-13
245.4779249  2.368682381e-13  2.208156225e-13
245.7387739  2.353636382e-13  2.194129896e-13
245.9195339  2.343275373e-13  2.184471056e-13
246  2.338680249e-13  2.180187345e-13
246.0804661  2.334095634e-13  2.17591343e-13
246.2612261  2.323834878e-13  2.166348047e-13
246.5220751  2.30912053e-13  2.152630895e-13
246.834721  2.291627325e-13  2.136323208e-13
247.165279  2.273299816e-13  2.119237758e-13
247.4779249  2.256122596e-13  2.103224643e-13
247.7387739  2.241906973e-13  2.089972416e-13
247.9195339  2.232117282e-13  2.080846175e-13
248  2.227775408e-13  2.076798551e-13
248.0804661  2.223443384e-13  2.072760109e-13
248.2612261  2.213747657e-13  2.063721464e-13
248.5220751  2.199842883e-13  2.050759019e-13
248.834721  2.183311059e-13  2.03534756e-13
249.165279  2.165989513e-13  2.019199899e-13
249.4779249  2.149753931e-13  2.004064607e-13
249.7387739  2.136316721e-13  1.99153804e-13
249.9195339  2.127062627e-13  1.982911098e-13
250  2.122958177e-13  1.979084808e-13
250.0804661  2.118862964e-13  1.975267128e-13
250.2612261  2.109696986e-13  1.96672233e-13
250.5220751  2.096551278e-13  1.95446751e-13
250.834721  2.080920924e-13  1.939896429e-13
251.165279  2.06454273e-13  1.924628189e-13
251.4779249  2.049190254e-13  1.910316154e-13
251.7387739  2.036483122e-13  1.898470187e-13
251.9195339  2.027731398e-13  1.890311569e-13
252  2.023849649e-13  1.886692888e-13
252.0804661  2.019976568e-13  1.883082286e-13
252.2612261  2.011307517e-13  1.875000738e-13
252.5220751  1.998873886e-13  1.863409737e-13
252.834721  1.984089259e-13  1.849627069e-13
253.165279  1.968596157e-13  1.835183938e-13
253.4779249  1.954072313e-13  1.821644378e-13
253.7387739  1.942050278e-13  1.810437078e-13
253.9195339  1.933769995e-13  1.802717952e-13
254  1.930097245e-13  1.799294106e-13
254.0804661  1.926432631e-13  1.795877843e-13
254.2612261  1.918229955e-13  1.788231065e-13
254.5220751  1.906464659e-13  1.777263106e-13
254.834721  1.892473865e-13  1.764220471e-13
255.165279  1.877811611e-13  1.750551881e-13
255.4779249  1.864065678e-13  1.737737514e-13
255.7387739  1.852686849e-13  1.72712983e-13
255.9195339  1.844849207e-13  1.719823347e-13
256  1.841372694e-13  1.716582438e-13
256.0804661  1.837903822e-13  1.713348653e-13
256.2612261  1.830139067e-13  1.706110117e-13
256.5220751  1.819001363e-13  1.695727218e-13
256.834721  1.805756061e-13  1.683379553e-13
257.165279  1.791874123e-13  1.670438396e-13
257.4779249  1.778858847e-13  1.658305169e-13
257.7387739  1.768084194e-13  1.648260717e-13
257.9195339  1.760662356e-13  1.641341858e-13
258  1.757370188e-13  1.638272802e-13
258.0804661  1.7540852e-13  1.635210438e-13
258.2612261  1.746731849e-13  1.628355426e-13
258.5220751  1.736183768e-13  1.61852219e-13
258.834721  1.723638904e-13  1.606827495e-13
259.165279  1.71049018e-13  1.594569863e-13
259.4779249  1.698161511e-13  1.58307671e-13
259.7387739  1.68795465e-13  1.57356157e-13
259.9195339  1.680923594e-13  1.567007011e-13
260  1.677804685e-13  1.564099471e-13
260.0804661  1.674692525e-13  1.561198223e-13
260.2612261  1.667725855e-13  1.554703685e-13
260.5220751  1.657731991e-13  1.545387108e-13
260.834721  1.645845552e-13  1.534306216e-13
261.165279  1.633386116e-13  1.522691159e-13
261.4779249  1.621702969e-13  1.511799781e-13
261.7387739  1.61202996e-13  1.502782314e-13
261.9195339  1.605366349e-13  1.496570298e-13
262  1.602410355e-13  1.493814632e-13
262.0804661  1.599460708e-13  1.491064884e-13
262.2612261  1.592857654e-13  1.48490932e-13
262.5220751  1.583384978e-13  1.476078609e-13
262.834721  1.572117764e-13  1.465574977e-13
263.165279  1.560306628e-13  1.454564285e-13
263.4779249  1.549230662e-13  1.44423894e-13
263.7387739  1.540059832e-13  1.435689619e-13
263.9195339  1.533741883e-13  1.429799838e-13
264  1.53093915e-13  1.427187048e-13
264.0804661  1.528142392e-13  1.424579826e-13
264.2612261  1.521881424e-13  1.418743166e-13
264.5220751  1.512899103e-13  1.410369578e-13
264.834721  1.502214521e-13  1.400409093e-13
265.165279  1.491013418e-13  1.389967092e-13
265.4779249  1.480508837e-13  1.380174409e-13
265.7387739  1.471810611e-13  1.372065664e-13
265.9195339  1.465817982e-13  1.366479157e-13
266  1.463159498e-13  1.364000838e-13
266.0804661  1.460506637e-13  1.361527762e-13
266.2612261  1.454567651e-13  1.355991263e-13
266.5220751  1.446046888e-13  1.348047954e-13
266.834721  1.435910759e-13  1.338598753e-13
267.165279  1.425283947e-13  1.328692122e-13
267.4779249  1.41531731e-13  1.319400927e-13
267.7387739  1.407064058e-13  1.311706999e-13
267.9195339  1.401377746e-13  1.30640605e-13
268  1.398855087e-13  1.304054352e-13
268.0804661  1.396337724e-13  1.301707591e-13
268.2612261  1.390701935e-13  1.296453741e-13
268.5220751  1.382615823e-13  1.288915627e-13
268.834721  1.372996208e-13  1.279947935e-13
269.165279  1.362910279e-13  1.270545533e-13
269.4779249  1.353450334e-13  1.26172669e-13
269.7387739  1.345616229e-13  1.254423504e-13
269.9195339  1.34021847e-13  1.249391552e-13
270  1.337823762e-13  1.247159135e-13
270.0804661  1.335434046e-13  1.24493137e-13
270.2612261  1.330083892e-13  1.239943797e-13
270.5220751  1.322407277e-13  1.232787428e-13
270.834721  1.313274312e-13  1.224273406e-13
271.165279  1.303698033e-13  1.215346114e-13
271.4779249  1.294715552e-13  1.206972378e-13
271.7387739  1.287276443e-13  1.200037419e-13
271.9195339  1.282150623e-13  1.195258977e-13
272  1.279876504e-13  1.193138976e-13
272.0804661  1.27760709e-13  1.19102336e-13
272.2612261  1.272526146e-13  1.186286753e-13
272.5220751  1.265235497e-13  1.179490193e-13
272.834721  1.25656125e-13  1.171403802e-13
273.165279  1.247465401e-13  1.16292438e-13
273.4779249  1.238933039e-13  1.154970259e-13
273.7387739  1.231866329e-13  1.148382462e-13
273.9195339  1.226996903e-13  1.143843037e-13
274  1.224836483e-13  1.141829029e-13
274.0804661  1.222680499e-13  1.139819157e-13
274.2612261  1.217853394e-13  1.135319187e-13
274.5220751  1.210926693e-13  1.12886191e-13
274.834721  1.20268502e-13  1.121178777e-13
275.165279  1.194042251e-13  1.11312173e-13
275.4779249  1.185934416e-13  1.105563365e-13
275.7387739  1.179218951e-13  1.099303009e-13
275.9195339  1.174591366e-13  1.094989036e-13
276  1.172538194e-13  1.093075008e-13
276.0804661  1.170489208e-13  1.091164882e-13
276.2612261  1.165901552e-13  1.086888133e-13
276.5220751  1.159318182e-13  1.080750919e-13
276.834721  1.151484605e-13  1.073448226e-13
277.165279  1.143269306e-13  1.06578968e-13
277.4779249  1.135562029e-13  1.058604726e-13
277.7387739  1.129177998e-13  1.052653342e-13
277.9195339  1.124778624e-13  1.048552115e-13
278  1.122826658e-13  1.046732434e-13
278.0804661  1.120878643e-13  1.044916437e-13
278.2612261  1.116516958e-13  1.040850344e-13
278.5220751  1.110257608e-13  1.035015192e-13
278.834721  1.102809195e-13  1.02807156e-13
279.165279  1.094997374e-13  1.020789147e-13
279.4779249  1.087668197e-13  1.01395667e-13
279.7387739  1.081597037e-13  1.008296954e-13
279.9195339  1.077413102e-13  1.004396565e-13
280  1.075556681e-13  1.002665955e-13
280.0804661  1.073703992e-13  1.000938822e-13
280.2612261  1.069555645e-13  9.970716104e-14
280.5220751  1.063602217e-13  9.915216475e-14
280.834721  1.056517477e-13  9.849170416e-14
281.165279  1.049086644e-13  9.779897985e-14
281.4779249  1.042114518e-13  9.714901742e-14
281.7387739  1.036338826e-13  9.661059031e-14
281.9195339  1.032358358e-13  9.62395192e-14
282  1.030592175e-13  9.607487035e-14
282.0804661  1.028829516e-13  9.591055004e-14
282.2612261  1.024882666e-13  9.554261294e-14
282.5220751  1.019218191e-13  9.501455371e-14
282.834721  1.012476971e-13  9.438611712e-14
283.165279  1.005406039e-13  9.372694383e-14
283.4779249  9.987712214e-14  9.310842633e-14
283.7387739  9.932746794e-14  9.259602233e-14
283.9195339  9.894864474e-14  9.224287207e-14
284  9.878055235e-14  9.208617134e-14
284.0804661  9.861279301e-14  9.192978109e-14
284.2612261  9.823714686e-14  9.157959256e-14
284.5220751  9.769800291e-14  9.107698652e-14
284.834721  9.705634251e-14  9.04788116e-14
285.165279  9.638326103e-14  8.9851345e-14
285.4779249  9.575165793e-14  8.92625458e-14
285.7387739  9.522838735e-14  8.877473738e-14
285.9195339  9.486773404e-14  8.843852563e-14
286  9.470770044e-14  8.828933754e-14
286.0804661  9.45479817e-14  8.814044298e-14
286.2612261  9.4190332e-14  8.780703128e-14
286.5220751  9.367699785e-14  8.732848592e-14
286.834721  9.306602484e-14  8.675891868e-14
287.165279  9.242509813e-14  8.616142773e-14
287.4779249  9.182363522e-14  8.56007261e-14
287.7387739  9.132531079e-14  8.513617323e-14
287.9195339  9.098183818e-14  8.481597784e-14
288  9.082942482e-14  8.467389357e-14
288.0804661  9.067730925e-14  8.453208691e-14
288.2612261  9.033667738e-14  8.421453974e-14
288.5220751  8.98477506e-14  8.375874764e-14
288.834721  8.92657991e-14  8.321623513e-14
289.165279  8.865528356e-14  8.264709436e-14
289.4779249  8.808232823e-14  8.211296835e-14
289.7387739  8.760760001e-14  8.167041257e-14
289.9195339  8.728037907e-14  8.136536747e-14
290  8.713517408e-14  8.123000306e-14
290.0804661  8.699025085e-14  8.109490131e-14
290.2612261  8.666571764e-14  8.079236179e-14
290.5220751  8.619988093e-14  8.035809494e-14
290.834721  8.564538613e-14  7.984117839e-14
291.165279  8.506364378e-14  7.929886085e-14
291.4779249  8.451766225e-14  7.878988061e-14
291.7387739  8.406526193e-14  7.836813957e-14
291.9195339  8.375341977e-14  7.807743102e-14
292  8.361503615e-14  7.79484257e-14
292.0804661  8.347691922e-14  7.781966898e-14
292.2612261  8.3167621e-14  7.753133198e-14
292.5220751  8.27236365e-14  7.71174364e-14
292.834721  8.219512787e-14  7.662474493e-14
293.165279  8.164061932e-14  7.610781555e-14
293.4779249  8.112017003e-14  7.562263723e-14
293.7387739  8.068890548e-14  7.522059958e-14
293.9195339  8.039162159e-14  7.494346269e-14
294  8.025969557e-14  7.482047733e-14
294.0804661  8.012802206e-14  7.469772736e-14
294.2612261  7.983314692e-14  7.442283598e-14
294.5220751  7.940985094e-14  7.402822686e-14
294.834721  7.890594596e-14  7.355847164e-14
295.165279  7.837722386e-14  7.306558117e-14
295.4779249  7.788095134e-14  7.260294114e-14
295.7387739  7.746970155e-14  7.221956185e-14
295.9195339  7.718620436e-14  7.195527733e-14
296  7.706039383e-14  7.183799301e-14
296.0804661  7.693482248e-14  7.172093166e-14
296.2612261  7.665360688e-14  7.14587741e-14
296.5220751  7.624990497e-14  7.108243117e-14
296.834721  7.576930332e-14  7.063440001e-14
297.165279  7.526500629e-14  7.01642793e-14
297.4779249  7.479163547e-14  6.972298894e-14
297.7387739  7.439934589e-14  6.935728491e-14
297.9195339  7.412890952e-14  6.910517608e-14
298  7.400889264e-14  6.899329276e-14
298.0804661  7.388910239e-14  6.888162073e-14
298.2612261  7.362082795e-14  6.863152731e-14
298.5220751  7.323569038e-14  6.82724906e-14
298.834721  7.277716854e-14  6.78450429e-14
299.165279  7.229601551e-14  6.739649772e-14
299.4779249  7.184434651e-14  6.697543843e-14
299.7387739  7.147002468e-14  6.662648448e-14
299.9195339  7.121196596e-14  6.638591446e-14
300  7.109743981e-14  6.627914977e-14
300.0804661  7.098312848e-14  6.617258535e-14
300.2612261  7.072711904e-14  6.593392573e-14
300.5220751  7.035957657e-14  6.559129169e-14
300.834721  6.992198282e-14  6.518335377e-14
301.165279  6.946276783e-14  6.475525989e-14
301.4779249  6.903167101e-14  6.43533786e-14
301.7387739  6.867438252e-14  6.402030364e-14
301.9195339  6.842805824e-14  6.379067281e-14
302  6.83187376e-14  6.368876086e-14
302.0804661  6.820962067e-14  6.358703881e-14
302.2612261  6.796523957e-14  6.335921947e-14
302.5220751  6.761437949e-14  6.303213726e-14
302.834721  6.719662925e-14  6.264269805e-14
303.165279  6.675821657e-14  6.22339967e-14
303.4779249  6.634662801e-14  6.185030159e-14
303.7387739  6.60054928e-14  6.153228519e-14
303.9195339  6.577029707e-14  6.131302874e-14
304  6.56659133e-14  6.121571907e-14
304.0804661  6.556172275e-14  6.111858954e-14
304.2612261  6.532837026e-14  6.090105141e-14
304.5220751  6.49933328e-14  6.058871951e-14
304.834721  6.459440433e-14  6.021682652e-14
305.165279  6.417572394e-14  5.98265202e-14
305.4779249  6.378264123e-14  5.94600768e-14
305.7387739  6.345683003e-14  5.91563459e-14
305.9195339  6.323219197e-14  5.894693161e-14
306  6.31324919e-14  5.885398823e-14
306.0804661  6.303297518e-14  5.876121579e-14
306.2612261  6.281008615e-14  5.8553432e-14
306.5220751  6.249006106e-14  5.825509508e-14
306.834721  6.210899142e-14  5.789985062e-14
307.165279  6.170903483e-14  5.752699919e-14
307.4779249  6.133351313e-14  5.717692668e-14
307.7387739  6.102224428e-14  5.688675259e-14
307.9195339  6.080762571e-14  5.668667877e-14
308  6.07123707e-14  5.659787921e-14
308.0804661  6.061728973e-14  5.65092419e-14
308.2612261  6.040433138e-14  5.631071579e-14
308.5220751  6.00985548e-14  5.602566176e-14
308.834721  5.97344361e-14  5.568621947e-14
309.165279  5.935225245e-14  5.532993649e-14
309.4779249  5.899340085e-14  5.499540435e-14
309.7387739  5.869593723e-14  5.471809991e-14
309.9195339  5.849083067e-14  5.452689347e-14
310  5.839979566e-14  5.444202792e-14
310.0804661  5.830892591e-14  5.435731644e-14
310.2612261  5.810539579e-14  5.41675796e-14
310.5220751  5.78131473e-14  5.389513685e-14
310.834721  5.746512327e-14  5.357069849e-14
311.165279  5.709981565e-14  5.323014786e-14
311.4779249  5.675679376e-14  5.291037265e-14
311.7387739  5.647244006e-14  5.264528966e-14
311.9195339  5.627636674e-14  5.246250428e-14
312  5.618933942e-14  5.238137482e-14
312.0804661  5.610246908e-14  5.230039169e-14
312.2612261  5.590789314e-14  5.211900222e-14
312.5220751  5.562849304e-14  5.185853712e-14
312.834721  5.529575575e-14  5.154834952e-14
313.165279  5.494647788e-14  5.122274229e-14
313.4779249  5.461849268e-14  5.091698473e-14
313.7387739  5.434659271e-14  5.066351148e-14
313.9195339  5.415910081e-14  5.048872595e-14
314  5.407588081e-14  5.041114578e-14
314.0804661  5.399280995e-14  5.033370466e-14
314.2612261  5.380674082e-14  5.016024547e-14
314.5220751  5.353954759e-14  4.991115999e-14
314.834721  5.322133446e-14  4.961451224e-14
315.165279  5.288728749e-14  4.930310371e-14
315.4779249  5.257359037e-14  4.901066592e-14
315.7387739  5.231352466e-14  4.876822493e-14
315.9195339  5.213418763e-14  4.86010416e-14
316  5.205458577e-14  4.852683438e-14
316.0804661  5.197512567e-14  4.845275931e-14
316.2612261  5.179714093e-14  4.828683664e-14
316.5220751  5.154154887e-14  4.804856611e-14
316.834721  5.123713985e-14  4.776478696e-14
317.165279  5.091756943e-14  4.74668739e-14
317.4779249  5.061745345e-14  4.718709685e-14
317.7387739  5.0368637e-14  4.695514275e-14
317.9195339  5.019705198e-14  4.679518608e-14
318  5.012088959e-14  4.672418524e-14
318.0804661  5.004486199e-14  4.665331005e-14
318.2612261  4.987456271e-14  4.649455199e-14
318.5220751  4.96299997e-14  4.626656308e-14
318.834721  4.933871465e-14  4.599501848e-14
319.165279  4.903290822e-14  4.570993662e-14
319.4779249  4.874570554e-14  4.544219774e-14
319.7387739  4.850758567e-14  4.522021531e-14
319.9195339  4.834337206e-14  4.506713049e-14
320  4.827048035e-14  4.499917867e-14
320.0804661  4.819771684e-14  4.493134636e-14
320.2612261  4.803472607e-14  4.477940151e-14
320.5220751  4.780065156e-14  4.456119028e-14
320.834721  4.75218478e-14  4.430128112e-14
321.165279  4.722913201e-14  4.402840274e-14
321.4779249  4.695421152e-14  4.377211368e-14
321.7387739  4.672626591e-14  4.3559616e-14
321.9195339  4.6569064e-14  4.34130677e-14
322  4.649928344e-14  4.334801618e-14
322.0804661  4.642962483e-14  4.328307835e-14
322.2612261  4.627358631e-14  4.31376146e-14
322.5220751  4.604948936e-14  4.292870475e-14
322.834721  4.578255941e-14  4.26798647e-14
323.165279  4.550229773e-14  4.241859643e-14
323.4779249  4.523906282e-14  4.2173201e-14
323.7387739  4.502079766e-14  4.196972773e-14
323.9195339  4.487026738e-14  4.182939892e-14
324  4.480344712e-14  4.176710708e-14
324.0804661  4.473674292e-14  4.170492344e-14
324.2612261  4.45873198e-14  4.156562676e-14
324.5220751  4.437271731e-14  4.136556793e-14
324.834721  4.411708674e-14  4.112726151e-14
325.165279  4.384867727e-14  4.087704221e-14
325.4779249  4.35965637e-14  4.064201444e-14
325.7387739  4.338751201e-14  4.044713022e-14
325.9195339  4.324333171e-14  4.031272106e-14
326  4.31793291e-14  4.025305592e-14
326.0804661  4.311543697e-14  4.019349377e-14
326.2612261  4.297231065e-14  4.006006716e-14
326.5220751  4.276674566e-14  3.986843336e-14
326.834721  4.252187114e-14  3.964015404e-14
327.165279  4.22647445e-14  3.940045293e-14
327.4779249  4.202321852e-14  3.917529522e-14
327.7387739  4.182293847e-14  3.89885882e-14
327.9195339  4.168480387e-14  3.885981501e-14
328  4.162348393e-14  3.880265074e-14
328.0804661  4.15622692e-14  3.874558455e-14
328.2612261  4.142513824e-14  3.861774699e-14
328.5220751  4.122817841e-14  3.843413517e-14
328.834721  4.099354579e-14  3.821540365e-14
329.165279  4.074716318e-14  3.798571846e-14
329.4779249  4.051571969e-14  3.776995994e-14
329.7387739  4.032379317e-14  3.759104033e-14
329.9195339  4.019141627e-14  3.746763464e-14
330  4.013265127e-14  3.741285215e-14
330.0804661  4.007398648e-14  3.735816309e-14
330.2612261  3.994256558e-14  3.723564862e-14
330.5220751  3.975380167e-14  3.705967728e-14
330.834721  3.952892431e-14  3.685003991e-14
331.165279  3.929277572e-14  3.662989517e-14
331.4779249  3.907093655e-14  3.642309009e-14
331.7387739  3.888696773e-14  3.625158888e-14
331.9195339  3.876007589e-14  3.613329653e-14
332  3.870374488e-14  3.608078309e-14
332.0804661  3.864750936e-14  3.602835866e-14
332.2612261  3.852152841e-14  3.591091546e-14
332.5220751  3.834057296e-14  3.574222341e-14
332.834721  3.812499007e-14  3.554125062e-14
333.165279  3.789859255e-14  3.533019611e-14
333.4779249  3.76859049e-14  3.513192235e-14
333.7387739  3.750951894e-14  3.496749011e-14
333.9195339  3.738785394e-14  3.485407038e-14
334  3.733384239e-14  3.48037192e-14
334.0804661  3.727992184e-14  3.475345287e-14
334.2612261  3.715912501e-14  3.464084246e-14
334.5220751  3.698561105e-14  3.447908758e-14
334.834721  3.677888618e-14  3.428637251e-14
335.165279  3.656178228e-14  3.408398178e-14
335.4779249  3.635781722e-14  3.389383949e-14
335.7387739  3.618865901e-14  3.373614517e-14
335.9195339  3.607197625e-14  3.362737002e-14
336  3.602017564e-14  3.357907996e-14
336.0804661  3.596846181e-14  3.353087078e-14
336.2612261  3.585260671e-14  3.342286721e-14
336.5220751  3.568618655e-14  3.326772539e-14
336.834721  3.548790618e-14  3.308288253e-14
337.165279  3.527966244e-14  3.288875151e-14
337.4779249  3.508401354e-14  3.270636178e-14
337.7387739  3.492174657e-14  3.255509168e-14
337.9195339  3.480981423e-14  3.245074502e-14
338  3.476012175e-14  3.240442021e-14
338.0804661  3.471051201e-14  3.235817253e-14
338.2612261  3.459936895e-14  3.225456167e-14
338.5220751  3.443971308e-14  3.210572571e-14
338.834721  3.424948528e-14  3.192838969e-14
339.165279  3.404969084e-14  3.174213537e-14
339.4779249  3.386197285e-14  3.156713907e-14
339.7387739  3.370627814e-14  3.142199583e-14
339.9195339  3.359887647e-14  3.13218728e-14
340  3.355119463e-14  3.127742236e-14
340.0804661  3.350359171e-14  3.12330455e-14
340.2612261  3.339694294e-14  3.113362435e-14
340.5220751  3.324373895e-14  3.099080303e-14
340.834721  3.306119213e-14  3.082062744e-14
341.165279  3.286945748e-14  3.06418867e-14
341.4779249  3.268930509e-14  3.047394328e-14
341.7387739  3.253988017e-14  3.033464492e-14
341.9195339  3.24368008e-14  3.023855126e-14
342  3.239103715e-14  3.019588903e-14
342.0804661  3.234534882e-14  3.0153297e-14
342.2612261  3.224298784e-14  3.005787305e-14
342.5220751  3.209593947e-14  2.992079018e-14
342.834721  3.192072121e-14  2.975744651e-14
343.165279  3.17366769e-14  2.958587492e-14
343.4779249  3.156374364e-14  2.942466139e-14
343.7387739  3.142030161e-14  2.929094046e-14
343.9195339  3.132134688e-14  2.919869192e-14
344  3.127741375e-14  2.915773614e-14
344.0804661  3.123355249e-14  2.911684737e-14
344.2612261  3.113528341e-14  2.902523801e-14
344.5220751  3.099410962e-14  2.88936316e-14
344.834721  3.082588561e-14  2.873680817e-14
345.165279  3.064918113e-14  2.8572079e-14
345.4779249  3.048313827e-14  2.84172889e-14
345.7387739  3.034540693e-14  2.828889164e-14
345.9195339  3.025038929e-14  2.820031337e-14
346  3.020820347e-14  2.816098649e-14
346.0804661  3.016608626e-14  2.812172358e-14
346.2612261  3.00717232e-14  2.803375552e-14
346.5220751  2.993615731e-14  2.790737696e-14
346.834721  2.977461028e-14  2.775677801e-14
347.165279  2.960491299e-14  2.759858115e-14
347.4779249  2.944544855e-14  2.744992365e-14
347.7387739  2.931316954e-14  2.732660922e-14
347.9195339  2.922191098e-14  2.724153528e-14
348  2.91813935e-14  2.720376367e-14
348.0804661  2.914094154e-14  2.716605315e-14
348.2612261  2.905030806e-14  2.708156193e-14
348.5220751  2.892009691e-14  2.696017522e-14
348.834721  2.876492571e-14  2.681552e-14
349.165279  2.860191985e-14  2.666356109e-14
349.4779249  2.844873764e-14  2.652076007e-14
349.7387739  2.832166567e-14  2.64022998e-14
349.9195339  2.82339972e-14  2.632057264e-14
350  2.819507307e-14  2.628428641e-14
350.0804661  2.815621154e-14  2.624805853e-14
350.2612261  2.806914013e-14  2.616688797e-14
350.5220751  2.794404336e-14  2.605026904e-14
350.834721  2.779496201e-14  2.591129097e-14
351.165279  2.763834772e-14  2.576529047e-14
351.4779249  2.749116649e-14  2.562808374e-14
351.7387739  2.736906863e-14  2.551426048e-14
351.9195339  2.728482973e-14  2.543573047e-14
352  2.724742775e-14  2.540086323e-14
352.0804661  2.721008558e-14  2.536605175e-14
352.2612261  2.712641714e-14  2.528805354e-14
352.5220751  2.700620646e-14  2.517598957e-14
352.834721  2.686294335e-14  2.504243543e-14
353.165279  2.671243581e-14  2.490212782e-14
353.4779249  2.657098838e-14  2.477026631e-14
353.7387739  2.645364333e-14  2.466087377e-14
353.9195339  2.637268154e-14  2.458539877e-14
354  2.633673406e-14  2.455188747e-14
354.0804661  2.630084374e-14  2.451842944e-14
354.2612261  2.622042712e-14  2.444346268e-14
354.5220751  2.610488564e-14  2.433575146e-14
354.834721  2.596718269e-14  2.420738068e-14
355.165279  2.582251128e-14  2.407251369e-14
355.4779249  2.568654378e-14  2.394576074e-14
355.7387739  2.55737413e-14  2.38406029e-14
355.9195339  2.549591171e-14  2.376804784e-14
356  2.546135445e-14  2.373583253e-14
356.0804661  2.542685182e-14  2.370366816e-14
356.2612261  2.534954339e-14  2.363159893e-14
356.5220751  2.523846497e-14  2.352804833e-14
356.834721  2.510607694e-14  2.340463226e-14
357.165279  2.496698446e-14  2.327496611e-14
357.4779249  2.48362556e-14  2.315309678e-14
357.7387739  2.47277958e-14  2.305198733e-14
357.9195339  2.46529607e-14  2.298222381e-14
358  2.461973255e-14  2.295124754e-14
358.0804661  2.458655663e-14  2.292031997e-14
358.2612261  2.451221984e-14  2.2851021e-14
358.5220751  2.440540856e-14  2.275144834e-14
358.834721  2.427810228e-14  2.263276964e-14
359.165279  2.41443442e-14  2.250807638e-14
359.4779249  2.401862458e-14  2.23908768e-14
359.7387739  2.391431746e-14  2.22936386e-14
359.9195339  2.384234588e-14  2.222654456e-14
360  2.381038874e-14  2.219675315e-14
360.0804661  2.377848156e-14  2.216700833e-14
360.2612261  2.370698658e-14  2.210035858e-14
360.5220751  2.360425611e-14  2.200459018e-14
360.834721  2.348180987e-14  2.189044216e-14
361.165279  2.335315367e-14  2.177050501e-14
361.4779249  2.323222511e-14  2.165777181e-14
361.7387739  2.313188995e-14  2.156423638e-14
361.9195339  2.306265737e-14  2.149969571e-14
362  2.303191597e-14  2.147103766e-14
362.0804661  2.300122237e-14  2.144242418e-14
362.2612261  2.293244572e-14  2.137830854e-14
362.5220751  2.283361885e-14  2.128617919e-14
362.834721  2.271582177e-14  2.117636524e-14
363.165279  2.259204625e-14  2.106097802e-14
363.4779249  2.247570122e-14  2.095251772e-14
363.7387739  2.23791661e-14  2.08625248e-14
363.9195339  2.231255402e-14  2.080042705e-14
364  2.22829758e-14  2.077285335e-14
364.0804661  2.225344332e-14  2.074532228e-14
364.2612261  2.218726752e-14  2.068363123e-14
364.5220751  2.209217565e-14  2.059498377e-14
364.834721  2.197882707e-14  2.048931685e-14
365.165279  2.185972177e-14  2.037828334e-14
365.4779249  2.174776281e-14  2.027391186e-14
365.7387739  2.165486412e-14  2.018730894e-14
365.9195339  2.159075981e-14  2.0127549e-14
366  2.156229474e-14  2.010101301e-14
366.0804661  2.153387344e-14  2.007451783e-14
366.2612261  2.147018669e-14  2.001514714e-14
366.5220751  2.137866937e-14  1.992983197e-14
366.834721  2.126957833e-14  1.982813406e-14
367.165279  2.115494295e-14  1.972126755e-14
367.4779249  2.104718209e-14  1.962080966e-14
367.7387739  2.095776414e-14  1.953745159e-14
367.9195339  2.089606027e-14  1.94799294e-14
368  2.086866073e-14  1.945438673e-14
368.0804661  2.084130309e-14  1.942888313e-14
368.2612261  2.077999897e-14  1.93717336e-14
368.5220751  2.069190345e-14  1.928960833e-14
368.834721  2.058688817e-14  1.919170996e-14
369.165279  2.047653201e-14  1.908883267e-14
369.4779249  2.037279031e-14  1.899212157e-14
369.7387739  2.028670484e-14  1.891187013e-14
369.9195339  2.022729924e-14  1.885649046e-14
370  2.020091988e-14  1.883189884e-14
370.0804661  2.017458065e-14  1.880734463e-14
370.2612261  2.011555783e-14  1.87523218e-14
370.5220751  2.003073867e-14  1.867325085e-14
370.834721  1.992962605e-14  1.857899065e-14
371.165279  1.982336753e-14  1.84799333e-14
371.4779249  1.972347459e-14  1.838681013e-14
371.7387739  1.964058041e-14  1.830953371e-14
371.9195339  1.958337576e-14  1.825620583e-14
372  1.955797341e-14  1.8232525e-14
372.0804661  1.953260949e-14  1.820888e-14
372.2612261  1.947577146e-14  1.81558939e-14
372.5220751  1.939409015e-14  1.807974815e-14
372.834721  1.92967153e-14  1.798897242e-14
373.165279  1.919438146e-14  1.789357376e-14
373.4779249  1.909817495e-14  1.780388719e-14
373.7387739  1.901833757e-14  1.772946041e-14
373.9195339  1.896324117e-14  1.767809791e-14
374  1.893877469e-14  1.765528952e-14
374.0804661  1.891434503e-14  1.763251546e-14
374.2612261  1.885959986e-14  1.758148039e-14
374.5220751  1.878092442e-14  1.75081368e-14
374.834721  1.868713027e-14  1.742069911e-14
375.165279  1.858855631e-14  1.732880552e-14
375.4779249  1.849588157e-14  1.724241137e-14
375.7387739  1.841897285e-14  1.717071477e-14
375.9195339  1.836589636e-14  1.712123529e-14
376  1.834232655e-14  1.709926281e-14
376.0804661  1.831879202e-14  1.707732323e-14
376.2612261  1.82660521e-14  1.70281575e-14
376.5220751  1.819025678e-14  1.695749885e-14
376.834721  1.809989364e-14  1.687325964e-14
377.165279  1.800492251e-14  1.678472472e-14
377.4779249  1.791563214e-14  1.670148558e-14
377.7387739  1.784152993e-14  1.66324053e-14
377.9195339  1.779038918e-14  1.658473036e-14
378  1.776767868e-14  1.656355896e-14
378.0804661  1.774500199e-14  1.654241908e-14
378.2612261  1.769418382e-14  1.649504486e-14
378.5220751  1.762114875e-14  1.64269594e-14
378.834721  1.753407393e-14  1.634578566e-14
379.165279  1.744255591e-14  1.626046984e-14
379.4779249  1.73565094e-14  1.618025472e-14
379.7387739  1.728509727e-14  1.611368221e-14
379.9195339  1.723581198e-14  1.606773699e-14
380  1.721392518e-14  1.604733346e-14
380.0804661  1.719207079e-14  1.602696015e-14
380.2612261  1.714309474e-14  1.598130322e-14
380.5220751  1.707270564e-14  1.59156844e-14
380.834721  1.698878309e-14  1.583744931e-14
381.165279  1.690057544e-14  1.575521951e-14
381.4779249  1.68176388e-14  1.567790351e-14
381.7387739  1.674880573e-14  1.561373527e-14
381.9195339  1.670129936e-14  1.556944842e-14
382  1.668020228e-14  1.554978109e-14
382.0804661  1.665913629e-14  1.553014275e-14
382.2612261  1.661192645e-14  1.548613233e-14
382.5220751  1.654407433e-14  1.542287856e-14
382.834721  1.64631743e-14  1.534746115e-14
383.165279  1.637814088e-14  1.526819046e-14
383.4779249  1.629818633e-14  1.519365445e-14
383.7387739  1.62318264e-14  1.513179175e-14
383.9195339  1.618602596e-14  1.508909521e-14
384  1.61656862e-14  1.507013389e-14
384.0804661  1.614537627e-14  1.505120036e-14
384.2612261  1.609986021e-14  1.500876894e-14
384.5220751  1.603444111e-14  1.49477833e-14
384.834721  1.595643983e-14  1.487506819e-14
385.165279  1.587445077e-14  1.479863555e-14
385.4779249  1.579735638e-14  1.472676586e-14
385.7387739  1.573336857e-14  1.466711452e-14
385.9195339  1.568920439e-14  1.462594336e-14
386  1.566959106e-14  1.460765923e-14
386.0804661  1.565000632e-14  1.458940175e-14
386.2612261  1.560611497e-14  1.454848492e-14
386.5220751  1.554302968e-14  1.448967494e-14
386.834721  1.546780906e-14  1.441955204e-14
387.165279  1.538874042e-14  1.43458419e-14
387.4779249  1.531438986e-14  1.427653009e-14
387.7387739  1.525267775e-14  1.421900023e-14
387.9195339  1.521008338e-14  1.417929249e-14
388  1.519116696e-14  1.416165804e-14
388.0804661  1.517227799e-14  1.414404918e-14
388.2612261  1.512994538e-14  1.410458546e-14
388.5220751  1.506909924e-14  1.404786288e-14
388.834721  1.499654657e-14  1.398022712e-14
389.165279  1.492028006e-14  1.390912921e-14
389.4779249  1.48485623e-14  1.384227178e-14
389.7387739  1.478903387e-14  1.37867776e-14
389.9195339  1.474794585e-14  1.374847413e-14
390  1.472969819e-14  1.373146312e-14
390.0804661  1.471147687e-14  1.371447666e-14
390.2612261  1.467064008e-14  1.367640738e-14
390.5220751  1.461194271e-14  1.362168796e-14
390.834721  1.454195038e-14  1.355643902e-14
391.165279  1.44683731e-14  1.348784809e-14
391.4779249  1.439918212e-14  1.34233462e-14
391.7387739  1.43417495e-14  1.33698058e-14
391.9195339  1.430210726e-14  1.333285012e-14
392  1.428450148e-14  1.331643749e-14
392.0804661  1.426692098e-14  1.330004843e-14
392.2612261  1.422751989e-14  1.326331756e-14
392.5220751  1.417088502e-14  1.321052084e-14
392.834721  1.410335029e-14  1.314756296e-14
393.165279  1.40323544e-14  1.308137848e-14
393.4779249  1.396558897e-14  1.301913776e-14
393.7387739  1.391016826e-14  1.296747292e-14
393.9195339  1.387191395e-14  1.293181112e-14
394  1.385492438e-14  1.291597293e-14
394.0804661  1.383795907e-14  1.290015736e-14
394.2612261  1.379993629e-14  1.286471139e-14
394.5220751  1.37452815e-14  1.281376057e-14
394.834721  1.368010624e-14  1.275300226e-14
395.165279  1.361158877e-14  1.268912823e-14
395.4779249  1.35471522e-14  1.262905854e-14
395.7387739  1.349366325e-14  1.257919455e-14
395.9195339  1.345674161e-14  1.25447751e-14
396  1.344034371e-14  1.252948849e-14
396.0804661  1.342396911e-14  1.25142236e-14
396.2612261  1.338726981e-14  1.248001142e-14
396.5220751  1.333451638e-14  1.24308331e-14
396.834721  1.327160686e-14  1.237218697e-14
397.165279  1.320546941e-14  1.231053167e-14
397.4779249  1.314326932e-14  1.22525469e-14
397.7387739  1.309163556e-14  1.220441237e-14
397.9195339  1.30559938e-14  1.217118606e-14
398  1.304016414e-14  1.215642919e-14
398.0804661  1.302435687e-14  1.214169318e-14
398.2612261  1.298892867e-14  1.210866595e-14
398.5220751  1.293800137e-14  1.206119001e-14
398.834721  1.287726801e-14  1.200457256e-14
399.165279  1.281341657e-14  1.194504834e-14
399.4779249  1.275336469e-14  1.18890662e-14
399.7387739  1.270351295e-14  1.184259292e-14
399.9195339  1.266910061e-14  1.181051271e-14
