#L=7 M=-1
#R     Re(V)   Im(V)

0.08046609183  3.396999588e-11  2.27744757e-11
0.2612261349  1.291089779e-07  8.655492948e-08
0.5220750502  1.645093685e-05  1.102482654e-05
0.8347210423  0.0004398287469  0.0002945510243
1.165278958  0.004551112183  0.003044838093
1.47792495  0.02406205913  0.01608121203
1.738773865  0.07516345427  0.05018981871
1.919533908  0.1503160292  0.100319086
2  0.2002048864  0.133739741
2.080466092  0.1461243054  0.09753962075
2.261226135  0.07492973697  0.05008000681
2.52207505  0.03121806989  0.02093432125
2.834721042  0.01228765054  0.008315913775
3.165278958  0.005279031348  0.003676843051
3.47792495  0.002911246806  0.002181404069
3.738773865  0.002291982564  0.001896631366
3.919533908  0.002293612758  0.00203012163
4  0.002385557616  0.002164634011
4.080466092  0.002020250297  0.001834552847
4.261226135  0.001402840575  0.001276077911
4.52207505  0.0008445316663  0.0007701430762
4.834721042  0.0004712196208  0.0004310453815
5.165278958  0.0002604148134  0.0002390409928
5.47792495  0.0001512743549  0.0001393555732
5.738773865  9.712976559e-05  8.977231374e-05
5.919533908  7.174779051e-05  6.647932145e-05
6  6.27512846e-05  5.821242626e-05
6.080466092  5.490659295e-05  5.099811045e-05
6.261226135  4.072566586e-05  3.793955024e-05
6.52207505  2.650435923e-05  2.481281014e-05
6.834721042  1.582377887e-05  1.49207663e-05
7.165278958  9.107396446e-06  8.672939888e-06
7.47792495  5.321792103e-06  5.133008147e-06
7.738773865  3.333566755e-06  3.263290965e-06
7.919533908  2.371644049e-06  2.353967358e-06
8  2.026119887e-06  2.026172987e-06
8.080466092  1.723086072e-06  1.738013231e-06
8.261226135  1.172250885e-06  1.212065563e-06
8.52207505  6.202197681e-07  6.806335278e-07
8.834721042  2.152254618e-07  2.852402708e-07
9.165278958  -2.284556821e-08  4.733602259e-08
9.47792495  -1.399179889e-07  -7.432540504e-08
9.738773865  -1.887213025e-07  -1.285657687e-07
9.919533908  -2.056419365e-07  -1.495977273e-07
10  -2.099247365e-07  -1.557393603e-07
10.08046609  -2.12586175e-07  -1.602591112e-07
10.26122613  -2.137829994e-07  -1.655785535e-07
10.52207505  -2.071814192e-07  -1.646665275e-07
10.83472104  -1.91720312e-07  -1.554432503e-07
11.16527896  -1.713770736e-07  -1.409027165e-07
11.47792495  -1.51287926e-07  -1.255478726e-07
11.73877387  -1.350562281e-07  -1.12739179e-07
11.91953391  -1.243782161e-07  -1.041743315e-07
12  -1.198056566e-07  -1.004788131e-07
12.08046609  -1.153522526e-07  -9.686511404e-08
12.26122613  -1.057998248e-07  -8.906968726e-08
12.52207505  -9.31454528e-08  -7.86602285e-08
12.83472104  -7.972130688e-08  -6.752792196e-08
13.16527896  -6.747805308e-08  -5.730432789e-08
13.47792495  -5.757106164e-08  -4.898730443e-08
13.73877387  -5.041443691e-08  -4.29564259e-08
13.91953391  -4.59862086e-08  -3.921565422e-08
14  -4.414407399e-08  -3.765750847e-08
14.08046609  -4.237730096e-08  -3.616202492e-08
14.26122613  -3.866853402e-08  -3.301934727e-08
14.52207505  -3.389918854e-08  -2.897134167e-08
14.83472104  -2.898172905e-08  -2.478999427e-08
15.16527896  -2.459298209e-08  -2.105182325e-08
15.47792495  -2.108948529e-08  -1.806343409e-08
15.73877387  -1.857590129e-08  -1.591713094e-08
15.91953391  -1.702463212e-08  -1.459159009e-08
16  -1.637970056e-08  -1.404029419e-08
16.08046609  -1.576118081e-08  -1.351146034e-08
16.26122613  -1.446227947e-08  -1.240053579e-08
16.52207505  -1.278898693e-08  -1.096867816e-08
16.83472104  -1.105672262e-08  -9.485508523e-09
17.16527896  -9.500622821e-09  -8.152445173e-09
17.47792495  -8.248213678e-09  -7.079053294e-09
17.73877387  -7.342081449e-09  -6.302173768e-09
17.91953391  -6.778889346e-09  -5.819204957e-09
18  -6.543715095e-09  -5.617504823e-09
18.08046609  -6.31755023e-09  -5.42351791e-09
18.26122613  -5.840443427e-09  -5.014248248e-09
18.52207505  -5.220941267e-09  -4.482741847e-09
18.83472104  -4.572745402e-09  -3.926513581e-09
19.16527896  -3.983243068e-09  -3.420561638e-09
19.47792495  -3.502753687e-09  -3.008111144e-09
19.73877387  -3.151111837e-09  -2.706229404e-09
19.91953391  -2.930603278e-09  -2.516910548e-09
20  -2.838037562e-09  -2.437434594e-09
20.08046609  -2.748730261e-09  -2.360754548e-09
20.26122613  -2.559350205e-09  -2.1981456e-09
20.52207505  -2.311278265e-09  -1.985130447e-09
20.83472104  -2.04874258e-09  -1.759682313e-09
21.16527896  -1.806924369e-09  -1.552013523e-09
21.47792495  -1.607322749e-09  -1.380591702e-09
21.73877387  -1.459610916e-09  -1.253729553e-09
21.91953391  -1.366193856e-09  -1.173496612e-09
22  -1.326783083e-09  -1.139647551e-09
22.08046609  -1.288644248e-09  -1.106890706e-09
22.26122613  -1.207375797e-09  -1.037089802e-09
22.52207505  -1.100051454e-09  -9.449082399e-10
22.83472104  -9.852788149e-10  -8.463275807e-10
23.16527896  -8.783397495e-10  -7.544738607e-10
23.47792495  -7.890672289e-10  -6.777935417e-10
23.73877387  -7.223459091e-10  -6.204829381e-10
23.91953391  -6.798319413e-10  -5.839651241e-10
24  -6.618173172e-10  -5.684912233e-10
24.08046609  -6.443376146e-10  -5.534767716e-10
24.26122613  -6.069318647e-10  -5.213464512e-10
24.52207505  -5.571802416e-10  -4.786112414e-10
24.83472104  -5.034895878e-10  -4.324922945e-10
25.16527896  -4.529605373e-10  -3.890888931e-10
25.47792495  -4.103639019e-10  -3.524991384e-10
25.73877387  -3.782541207e-10  -3.249173318e-10
25.91953391  -3.576612702e-10  -3.072283605e-10
26  -3.489022846e-10  -2.997045073e-10
26.08046609  -3.403838329e-10  -2.92387266e-10
26.26122613  -3.220875976e-10  -2.766710207e-10
26.52207505  -2.976026663e-10  -2.556387355e-10
26.83472104  -2.70971045e-10  -2.327624388e-10
27.16527896  -2.45690589e-10  -2.110467535e-10
27.47792495  -2.241982097e-10  -1.925849748e-10
27.73877387  -2.078771219e-10  -1.785652835e-10
27.91953391  -1.973513744e-10  -1.695237421e-10
28  -1.928597035e-10  -1.656654281e-10
28.08046609  -1.884827074e-10  -1.619056186e-10
28.26122613  -1.7905174e-10  -1.538044806e-10
28.52207505  -1.663635814e-10  -1.429054339e-10
28.83472104  -1.524690922e-10  -1.309701536e-10
29.16527896  -1.39180793e-10  -1.19555583e-10
29.47792495  -1.278007822e-10  -1.097802188e-10
29.73877387  -1.191035162e-10  -1.023093156e-10
29.91953391  -1.134672735e-10  -9.74678141e-11
30  -1.11055286e-10  -9.539592963e-11
30.08046609  -1.087008256e-10  -9.337346079e-11
30.26122613  -1.036137251e-10  -8.900366876e-11
30.52207505  -9.673801173e-11  -8.309746732e-11
30.83472104  -8.916400309e-11  -7.659143341e-11
31.16527896  -8.187319152e-11  -7.03286641e-11
31.47792495  -7.558945139e-11  -6.49309632e-11
31.73877387  -7.076016825e-11  -6.078263367e-11
31.91953391  -6.761728426e-11  -5.808291197e-11
32  -6.626897304e-11  -5.692471939e-11
32.08046609  -6.495083276e-11  -5.579244373e-11
32.26122613  -6.209593219e-11  -5.334009848e-11
32.52207505  -5.822160286e-11  -5.001206894e-11
32.83472104  -5.393162709e-11  -4.632700114e-11
33.16527896  -4.977840314e-11  -4.275940246e-11
33.47792495  -4.617872781e-11  -3.966729931e-11
33.73877387  -4.339861456e-11  -3.727919577e-11
33.91953391  -4.158256058e-11  -3.571921449e-11
34  -4.080176055e-11  -3.504851105e-11
34.08046609  -4.003741578e-11  -3.439194267e-11
34.26122613  -3.837841519e-11  -3.296686927e-11
34.52207505  -3.611894995e-11  -3.102599991e-11
34.83472104  -3.360559326e-11  -2.886703892e-11
35.16527896  -3.116002038e-11  -2.676630389e-11
35.47792495  -2.902983636e-11  -2.493648614e-11
35.73877387  -2.737745574e-11  -2.351709963e-11
35.91953391  -2.629448896e-11  -2.258683645e-11
36  -2.582796994e-11  -2.218609871e-11
36.08046609  -2.537074174e-11  -2.17933421e-11
36.26122613  -2.43764465e-11  -2.093924744e-11
36.52207505  -2.301795427e-11  -1.977230934e-11
36.83472104  -2.150063076e-11  -1.846893597e-11
37.16527896  -2.001755859e-11  -1.719498412e-11
37.47792495  -1.872000597e-11  -1.608039277e-11
37.73877387  -1.770956923e-11  -1.521243271e-11
37.91953391  -1.704536724e-11  -1.464188635e-11
38  -1.675874583e-11  -1.439568004e-11
38.08046609  -1.647753495e-11  -1.415412132e-11
38.26122613  -1.586496858e-11  -1.362792984e-11
38.52207505  -1.502563728e-11  -1.290694837e-11
38.83472104  -1.408473777e-11  -1.209872034e-11
39.16527896  -1.316135162e-11  -1.130553618e-11
39.47792495  -1.235025e-11  -1.060880389e-11
39.73877387  -1.17164106e-11  -1.006433897e-11
39.91953391  -1.129865092e-11  -9.705485468e-12
40  -1.111809436e-11  -9.550388273e-12
40.08046609  -1.094077735e-11  -9.398073834e-12
40.26122613  -1.055393245e-11  -9.065775975e-12
40.52207505  -1.002251866e-11  -8.609294146e-12
40.83472104  -9.424830344e-12  -8.095882827e-12
41.16527896  -8.836123636e-12  -7.590186665e-12
41.47792495  -8.317141963e-12  -7.144383965e-12
41.73877387  -7.910297017e-12  -6.794906162e-12
41.91953391  -7.641501883e-12  -6.564012465e-12
42  -7.525163891e-12  -6.464078703e-12
42.08046609  -7.410814695e-12  -6.365853307e-12
42.26122613  -7.160997804e-12  -6.151261829e-12
42.52207505  -6.817021893e-12  -5.855788217e-12
42.83472104  -6.428989886e-12  -5.522470635e-12
43.16527896  -6.045522903e-12  -5.193074386e-12
43.47792495  -5.706368553e-12  -4.90174247e-12
43.73877387  -5.439731353e-12  -4.672702429e-12
43.91953391  -5.263183424e-12  -4.521048628e-12
44  -5.186673071e-12  -4.455326611e-12
44.08046609  -5.111411697e-12  -4.390677462e-12
44.26122613  -4.946781872e-12  -4.249261253e-12
44.52207505  -4.719620805e-12  -4.054131016e-12
44.83472104  -4.462667297e-12  -3.83340922e-12
45.16527896  -4.207970732e-12  -3.614626125e-12
45.47792495  -3.982035807e-12  -3.420549138e-12
45.73877387  -3.803944228e-12  -3.267569349e-12
45.91953391  -3.685789395e-12  -3.166074929e-12
46  -3.634524767e-12  -3.122038866e-12
46.08046609  -3.584060898e-12  -3.078690652e-12
46.26122613  -3.473546931e-12  -2.983759698e-12
46.52207505  -3.320761349e-12  -2.852517636e-12
46.83472104  -3.147507571e-12  -2.703693495e-12
47.16527896  -2.975301812e-12  -2.555769597e-12
47.47792495  -2.822126321e-12  -2.424192604e-12
47.73877387  -2.701097144e-12  -2.320229138e-12
47.91953391  -2.620653509e-12  -2.251128452e-12
48  -2.585713406e-12  -2.221115075e-12
48.08046609  -2.551296502e-12  -2.191551124e-12
48.26122613  -2.475845125e-12  -2.126738763e-12
48.52207505  -2.371348393e-12  -2.036976585e-12
48.83472104  -2.252581931e-12  -1.934956779e-12
49.16527896  -2.134234937e-12  -1.833297295e-12
49.47792495  -2.028702975e-12  -1.742645859e-12
49.73877387  -1.945134718e-12  -1.670861139e-12
49.91953391  -1.889496588e-12  -1.623068259e-12
50  -1.865306705e-12  -1.602289269e-12
50.08046609  -1.841464661e-12  -1.581809071e-12
50.26122613  -1.78914547e-12  -1.536867143e-12
50.52207505  -1.716567354e-12  -1.474522899e-12
50.83472104  -1.633904724e-12  -1.403516108e-12
51.16527896  -1.551341876e-12  -1.332595028e-12
51.47792495  -1.477549458e-12  -1.269207704e-12
51.73877387  -1.418996183e-12  -1.21891073e-12
51.91953391  -1.37995208e-12  -1.185372038e-12
52  -1.362961339e-12  -1.170777074e-12
52.08046609  -1.346205585e-12  -1.156383964e-12
52.26122613  -1.309403592e-12  -1.124771233e-12
52.52207505  -1.258274162e-12  -1.080851305e-12
52.83472104  -1.199927305e-12  -1.030731642e-12
53.16527896  -1.141525219e-12  -9.805645382e-13
53.47792495  -1.089215735e-12  -9.356309496e-13
53.73877387  -1.047630808e-12  -8.999097019e-13
53.91953391  -1.019861625e-12  -8.76056111e-13
54  -1.007767173e-12  -8.656670359e-13
54.08046609  -9.958338367e-13  -8.554163589e-13
54.26122613  -9.696019051e-13  -8.328832589e-13
54.52207505  -9.331066318e-13  -8.01533999e-13
54.83472104  -8.913847062e-13  -7.656950705e-13
55.16527896  -8.495398137e-13  -7.29750514e-13
55.47792495  -8.119861402e-13  -6.974920935e-13
55.73877387  -7.820796736e-13  -6.718025861e-13
55.91953391  -7.620824194e-13  -6.546250433e-13
56  -7.533660932e-13  -6.47137762e-13
56.08046609  -7.447617615e-13  -6.397466835e-13
56.26122613  -7.258330574e-13  -6.234870199e-13
56.52207505  -6.994642253e-13  -6.00836323e-13
56.83472104  -6.692685608e-13  -5.74898396e-13
57.16527896  -6.389276296e-13  -5.488356857e-13
57.47792495  -6.116481101e-13  -5.254027128e-13
57.73877387  -5.898883647e-13  -5.067111987e-13
57.91953391  -5.753204605e-13  -4.941974408e-13
58  -5.689660298e-13  -4.887390161e-13
58.08046609  -5.626904482e-13  -4.833483224e-13
58.26122613  -5.4887484e-13  -4.714807831e-13
58.52207505  -5.296055798e-13  -4.549285835e-13
58.83472104  -5.075054342e-13  -4.359446674e-13
59.16527896  -4.852605141e-13  -4.168363906e-13
59.47792495  -4.65225828e-13  -3.99626694e-13
59.73877387  -4.49220793e-13  -3.858784477e-13
59.91953391  -4.384932114e-13  -3.76663508e-13
60  -4.338107232e-13  -3.726412737e-13
60.08046609  -4.291844127e-13  -3.686672957e-13
60.26122613  -4.189928134e-13  -3.599127622e-13
60.52207505  -4.047620697e-13  -3.476886235e-13
60.83472104  -3.884169007e-13  -3.336482039e-13
61.16527896  -3.719380415e-13  -3.19492945e-13
61.47792495  -3.570727289e-13  -3.067237147e-13
61.73877387  -3.451805251e-13  -2.965083702e-13
61.91953391  -3.372010027e-13  -2.896539998e-13
62  -3.337158007e-13  -2.866602285e-13
62.08046609  -3.302710711e-13  -2.837012228e-13
62.26122613  -3.226776852e-13  -2.771785416e-13
62.52207505  -3.12063675e-13  -2.680611592e-13
62.83472104  -2.998560082e-13  -2.575748336e-13
63.16527896  -2.875298504e-13  -2.469867247e-13
63.47792495  -2.763939381e-13  -2.37421031e-13
63.73877387  -2.674734307e-13  -2.29758359e-13
63.91953391  -2.614818145e-13  -2.246115903e-13
64  -2.588633065e-13  -2.223623048e-13
64.08046609  -2.562742614e-13  -2.201383278e-13
64.26122613  -2.505637403e-13  -2.152330183e-13
64.52207505  -2.425736808e-13  -2.083695965e-13
64.83472104  -2.333721962e-13  -2.004655667e-13
65.16527896  -2.240681953e-13  -1.924734757e-13
65.47792495  -2.156507752e-13  -1.852429533e-13
65.73877387  -2.08899543e-13  -1.794436781e-13
65.91953391  -2.043606439e-13  -1.755447861e-13
66  -2.02375904e-13  -1.738399044e-13
66.08046609  -2.00412823e-13  -1.721536274e-13
66.26122613  -1.960805614e-13  -1.684322361e-13
66.52207505  -1.900132923e-13  -1.632204819e-13
66.83472104  -1.830177316e-13  -1.572113297e-13
67.16527896  -1.759347804e-13  -1.511271095e-13
67.47792495  -1.695182791e-13  -1.456153665e-13
67.73877387  -1.643658674e-13  -1.411894703e-13
67.91953391  -1.60898765e-13  -1.382112463e-13
68  -1.593818944e-13  -1.369082619e-13
68.08046609  -1.578810926e-13  -1.356190806e-13
68.26122613  -1.545672948e-13  -1.327725447e-13
68.52207505  -1.499223001e-13  -1.28782517e-13
68.83472104  -1.445605634e-13  -1.241768117e-13
69.16527896  -1.391250146e-13  -1.195077021e-13
69.47792495  -1.341947645e-13  -1.152726415e-13
69.73877387  -1.302314352e-13  -1.118681612e-13
69.91953391  -1.275622261e-13  -1.095753237e-13
70  -1.263938567e-13  -1.085717002e-13
70.08046609  -1.252375126e-13  -1.075784063e-13
70.26122613  -1.226830292e-13  -1.053841176e-13
70.52207505  -1.190994143e-13  -1.0230581e-13
70.83472104  -1.149584191e-13  -9.874871554e-14
71.16527896  -1.107554325e-13  -9.513837083e-14
71.47792495  -1.069386745e-13  -9.185979447e-14
71.73877387  -1.038672634e-13  -8.922146747e-14
71.91953391  -1.017970922e-13  -8.744320059e-14
72  -1.008905094e-13  -8.666445041e-14
72.08046609  -9.999299948e-14  -8.589349386e-14
72.26122613  -9.800938736e-14  -8.418958082e-14
72.52207505  -9.522445827e-14  -8.179734045e-14
72.83472104  -9.200312869e-14  -7.903023421e-14
73.16527896  -8.87299065e-14  -7.621855248e-14
73.47792495  -8.57541647e-14  -7.366240494e-14
73.73877387  -8.335717567e-14  -7.160340317e-14
73.91953391  -8.174035649e-14  -7.021456347e-14
74  -8.103199442e-14  -6.960608393e-14
74.08046609  -8.033053086e-14  -6.90035302e-14
74.26122613  -7.877952556e-14  -6.767122429e-14
74.52207505  -7.660035322e-14  -6.579932598e-14
74.83472104  -7.407729806e-14  -6.363203403e-14
75.16527896  -7.151087588e-14  -6.142749003e-14
75.47792495  -6.917523932e-14  -5.942118973e-14
75.73877387  -6.729210682e-14  -5.780358819e-14
75.91953391  -6.602098822e-14  -5.671170358e-14
76  -6.546385072e-14  -5.62331252e-14
76.08046609  -6.49119969e-14  -5.575908549e-14
76.26122613  -6.369128588e-14  -5.471050075e-14
76.52207505  -6.197497779e-14  -5.323620055e-14
76.83472104  -5.998603205e-14  -5.152770596e-14
77.16527896  -5.796086281e-14  -4.978809557e-14
77.47792495  -5.611596559e-14  -4.820333794e-14
77.73877387  -5.462718162e-14  -4.692447985e-14
77.91953391  -5.362156901e-14  -4.606066357e-14
78  -5.318062837e-14  -4.568189773e-14
78.08046609  -5.274376272e-14  -4.530663229e-14
78.26122613  -5.177702625e-14  -4.447621043e-14
78.52207505  -5.041690051e-14  -4.330786912e-14
78.83472104  -4.883936452e-14  -4.195277347e-14
79.16527896  -4.723156266e-14  -4.05716796e-14
79.47792495  -4.576549116e-14  -3.931233141e-14
79.73877387  -4.458141614e-14  -3.82952168e-14
79.91953391  -4.378110784e-14  -3.760775591e-14
80  -4.343005608e-14  -3.730620418e-14
80.08046609  -4.308216785e-14  -3.700736991e-14
80.26122613  -4.231204008e-14  -3.634583395e-14
80.52207505  -4.122784372e-14  -3.541451462e-14
80.83472104  -3.99693177e-14  -3.433344697e-14
81.16527896  -3.8685481e-14  -3.323063756e-14
81.47792495  -3.751376089e-14  -3.222413576e-14
81.73877387  -3.656666359e-14  -3.141058384e-14
81.91953391  -3.59261356e-14  -3.086037346e-14
82  -3.564506959e-14  -3.061893915e-14
82.08046609  -3.536647494e-14  -3.037962771e-14
82.26122613  -3.474952382e-14  -2.984966974e-14
82.52207505  -3.388044973e-14  -2.910313938e-14
82.83472104  -3.287085297e-14  -2.823590073e-14
83.16527896  -3.184006145e-14  -2.73504559e-14
83.47792495  -3.089848071e-14  -2.654164268e-14
83.73877387  -3.013682568e-14  -2.588738477e-14
83.91953391  -2.962141367e-14  -2.544464839e-14
84  -2.939517145e-14  -2.525030743e-14
84.08046609  -2.917087136e-14  -2.505763476e-14
84.26122613  -2.867398739e-14  -2.463081388e-14
84.52207505  -2.797364642e-14  -2.402922444e-14
84.83472104  -2.715946415e-14  -2.332984588e-14
85.16527896  -2.632750475e-14  -2.261519686e-14
85.47792495  -2.556692633e-14  -2.196186374e-14
85.73877387  -2.495124028e-14  -2.143299246e-14
85.91953391  -2.45343743e-14  -2.107490664e-14
86  -2.435132944e-14  -2.0917672e-14
86.08046609  -2.41698195e-14  -2.076175586e-14
86.26122613  -2.376759673e-14  -2.041624848e-14
86.52207505  -2.320036801e-14  -1.99290018e-14
86.83472104  -2.254047057e-14  -1.936215316e-14
87.16527896  -2.186563484e-14  -1.878247259e-14
87.47792495  -2.124821758e-14  -1.82521142e-14
87.73877387  -2.07480745e-14  -1.782249376e-14
87.91953391  -2.040926052e-14  -1.753145423e-14
88  -2.026044168e-14  -1.740361958e-14
88.08046609  -2.011284252e-14  -1.727683262e-14
88.26122613  -1.978566423e-14  -1.699578808e-14
88.52207505  -1.932402544e-14  -1.659924264e-14
88.83472104  -1.878660667e-14  -1.613760256e-14
89.16527896  -1.823660977e-14  -1.566515793e-14
89.47792495  -1.773303431e-14  -1.523258909e-14
89.73877387  -1.732484012e-14  -1.48819523e-14
89.91953391  -1.704817557e-14  -1.464429881e-14
90  -1.692661868e-14  -1.453988204e-14
90.08046609  -1.680603598e-14  -1.44363021e-14
90.26122613  -1.65386652e-14  -1.420663191e-14
90.52207505  -1.616122511e-14  -1.388241274e-14
90.83472104  -1.572154386e-14  -1.350472871e-14
91.16527896  -1.527124921e-14  -1.311792782e-14
91.47792495  -1.485866696e-14  -1.276352171e-14
91.73877387  -1.452401992e-14  -1.247606155e-14
91.91953391  -1.429709417e-14  -1.228113345e-14
92  -1.419736237e-14  -1.219546432e-14
92.08046609  -1.409841254e-14  -1.211046691e-14
92.26122613  -1.387894677e-14  -1.192194689e-14
92.52207505  -1.356898526e-14  -1.165569148e-14
92.83472104  -1.320768772e-14  -1.134533868e-14
93.16527896  -1.283741487e-14  -1.102727612e-14
93.47792495  -1.249792115e-14  -1.073565268e-14
93.73877387  -1.222239002e-14  -1.04989728e-14
93.91953391  -1.203546452e-14  -1.033840472e-14
94  -1.195329003e-14  -1.026781724e-14
94.08046609  -1.18717462e-14  -1.019777149e-14
94.26122613  -1.169083708e-14  -1.004237145e-14
94.52207505  -1.143521432e-14  -9.822792759e-15
94.83472104  -1.113707944e-14  -9.566696366e-15
95.16527896  -1.083133744e-14  -9.304065494e-15
95.47792495  -1.055082724e-14  -9.063108609e-15
95.73877387  -1.032303493e-14  -8.867436142e-15
95.91953391  -1.016842777e-14  -8.734629348e-15
96  -1.010044299e-14  -8.676230761e-15
96.08046609  -1.003296914e-14  -8.618271058e-15
96.26122613  -9.883236142e-15  -8.489651148e-15
96.52207505  -9.671572394e-15  -8.307833032e-15
96.83472104  -9.424567727e-15  -8.095657239e-15
97.16527896  -9.171100893e-15  -7.877930479e-15
97.47792495  -8.938406079e-15  -7.678046779e-15
97.73877387  -8.749337996e-15  -7.515638228e-15
97.91953391  -8.620959113e-15  -7.4053614e-15
98  -8.564493429e-15  -7.356857656e-15
98.08046609  -8.508443475e-15  -7.308711021e-15
98.26122613  -8.384030572e-15  -7.201840951e-15
98.52207505  -8.20808573e-15  -7.050705199e-15
98.83472104  -8.002652511e-15  -6.874239075e-15
99.16527896  -7.791717223e-15  -6.693046702e-15
99.47792495  -7.597951999e-15  -6.526603329e-15
99.73877387  -7.440430881e-15  -6.391293465e-15
99.91953391  -7.333428969e-15  -6.299379351e-15
100  -7.286354317e-15  -6.258942456e-15
100.0804661  -7.239619345e-15  -6.218797346e-15
100.2612261  -7.135857919e-15  -6.129666792e-15
100.5220751  -6.989059307e-15  -6.003567507e-15
100.834721  -6.817567974e-15  -5.856257298e-15
101.165279  -6.641381358e-15  -5.704913862e-15
101.4779249  -6.479442819e-15  -5.565809455e-15
101.7387739  -6.347727747e-15  -5.452666857e-15
101.9195339  -6.258220412e-15  -5.375780498e-15
102  -6.21883325e-15  -5.34194712e-15
102.0804661  -6.179724745e-15  -5.308353107e-15
102.2612261  -6.09287573e-15  -5.233750231e-15
102.5220751  -5.969956741e-15  -5.128163424e-15
102.834721  -5.82628992e-15  -5.004754334e-15
103.165279  -5.678607233e-15  -4.877895633e-15
103.4779249  -5.542792192e-15  -4.761231182e-15
103.7387739  -5.432270675e-15  -4.666293743e-15
103.9195339  -5.357137142e-15  -4.601754409e-15
104  -5.324067729e-15  -4.573347946e-15
104.0804661  -5.291227793e-15  -4.545138603e-15
104.2612261  -5.218283404e-15  -4.482479732e-15
104.5220751  -5.115005457e-15  -4.393764485e-15
104.834721  -4.99423685e-15  -4.290024846e-15
105.165279  -4.870025786e-15  -4.183328154e-15
105.4779249  -4.75573522e-15  -4.085153121e-15
105.7387739  -4.662685526e-15  -4.005223892e-15
105.9195339  -4.599406535e-15  -3.950867551e-15
106  -4.57154884e-15  -3.926937928e-15
106.0804661  -4.543880822e-15  -3.903171237e-15
106.2612261  -4.482411287e-15  -3.85036921e-15
106.5220751  -4.395348779e-15  -3.775582944e-15
106.834721  -4.293494622e-15  -3.688090725e-15
107.165279  -4.188683015e-15  -3.598058071e-15
107.4779249  -4.092192941e-15  -3.515173573e-15
107.7387739  -4.013599709e-15  -3.447662374e-15
107.9195339  -3.960133239e-15  -3.40173494e-15
108  -3.936590519e-15  -3.381511859e-15
108.0804661  -3.913205137e-15  -3.361423931e-15
108.2612261  -3.861239624e-15  -3.316785811e-15
108.5220751  -3.787612765e-15  -3.253540703e-15
108.834721  -3.701438505e-15  -3.179517438e-15
109.165279  -3.612717933e-15  -3.103306904e-15
109.4779249  -3.531000903e-15  -3.033112377e-15
109.7387739  -3.464411397e-15  -2.97591232e-15
109.9195339  -3.41909573e-15  -2.936986385e-15
110  -3.399138064e-15  -2.919842848e-15
110.0804661  -3.379311359e-15  -2.902811806e-15
110.2612261  -3.335245024e-15  -2.864959042e-15
110.5220751  -3.272789284e-15  -2.811309869e-15
110.834721  -3.199658479e-15  -2.748490868e-15
111.165279  -3.124330647e-15  -2.683784631e-15
111.4779249  -3.054916026e-15  -2.624157814e-15
111.7387739  -2.998327545e-15  -2.575548587e-15
111.9195339  -2.959805298e-15  -2.542458167e-15
112  -2.942836302e-15  -2.527881883e-15
112.0804661  -2.925976674e-15  -2.513399545e-15
112.2612261  -2.888497761e-15  -2.481205345e-15
112.5220751  -2.835361422e-15  -2.43556149e-15
112.834721  -2.773117105e-15  -2.382093929e-15
113.165279  -2.708973144e-15  -2.326994582e-15
113.4779249  -2.649837247e-15  -2.276197138e-15
113.7387739  -2.601608537e-15  -2.234768914e-15
113.9195339  -2.568766866e-15  -2.206558081e-15
114  -2.554297483e-15  -2.194128952e-15
114.0804661  -2.539919726e-15  -2.18177853e-15
114.2612261  -2.507952142e-15  -2.154318533e-15
114.5220751  -2.462615553e-15  -2.115374626e-15
114.834721  -2.409486671e-15  -2.069737178e-15
115.165279  -2.35471188e-15  -2.022685902e-15
115.4779249  -2.304191209e-15  -1.979288895e-15
115.7387739  -2.262972461e-15  -1.943882194e-15
115.9195339  -2.234895783e-15  -1.919764466e-15
116  -2.222523554e-15  -1.909136782e-15
116.0804661  -2.210228325e-15  -1.89857524e-15
116.2612261  -2.182886199e-15  -1.875088489e-15
116.5220751  -2.144097872e-15  -1.841769507e-15
116.834721  -2.098625175e-15  -1.802708685e-15
117.165279  -2.05172353e-15  -1.762420403e-15
117.4779249  -2.008445962e-15  -1.725245185e-15
117.7387739  -1.973123259e-15  -1.694903158e-15
117.9195339  -1.949055719e-15  -1.674229259e-15
118  -1.938448323e-15  -1.665117558e-15
118.0804661  -1.927905827e-15  -1.656061606e-15
118.2612261  -1.904457417e-15  -1.635919537e-15
118.5220751  -1.871183223e-15  -1.607337169e-15
118.834721  -1.832160339e-15  -1.573816704e-15
119.165279  -1.791894408e-15  -1.539228467e-15
119.4779249  -1.754724401e-15  -1.507299615e-15
119.7387739  -1.724375458e-15  -1.481230022e-15
119.9195339  -1.703691008e-15  -1.463462181e-15
120  -1.694573138e-15  -1.455629975e-15
120.0804661  -1.685510128e-15  -1.447844895e-15
120.2612261  -1.665349023e-15  -1.430526605e-15
120.5220751  -1.636731659e-15  -1.40594443e-15
120.834721  -1.603158033e-15  -1.377104851e-15
121.165279  -1.568500978e-15  -1.347334612e-15
121.4779249  -1.536495765e-15  -1.319842291e-15
121.7387739  -1.51035452e-15  -1.297387091e-15
121.9195339  -1.49253298e-15  -1.282078476e-15
122  -1.484675838e-15  -1.275329229e-15
122.0804661  -1.476865197e-15  -1.268619928e-15
122.2612261  -1.459487268e-15  -1.253692371e-15
122.5220751  -1.434813778e-15  -1.232497965e-15
122.834721  -1.405856959e-15  -1.207624201e-15
123.165279  -1.375954039e-15  -1.18193774e-15
123.4779249  -1.348328473e-15  -1.158207515e-15
123.7387739  -1.325756668e-15  -1.138818445e-15
123.9195339  -1.310364491e-15  -1.125596641e-15
124  -1.303577347e-15  -1.119766518e-15
124.0804661  -1.296829725e-15  -1.113970344e-15
124.2612261  -1.281814585e-15  -1.101072413e-15
124.5220751  -1.260490255e-15  -1.082754918e-15
124.834721  -1.235455551e-15  -1.061250231e-15
125.165279  -1.209593134e-15  -1.039034542e-15
125.4779249  -1.185691377e-15  -1.01850305e-15
125.7387739  -1.166155642e-15  -1.00172195e-15
125.9195339  -1.152830416e-15  -9.902756469e-16
126  -1.146953801e-15  -9.852276639e-16
126.0804661  -1.141110866e-15  -9.802086114e-16
126.2612261  -1.128106927e-15  -9.690382922e-16
126.5220751  -1.109634211e-15  -9.531703194e-16
126.834721  -1.087940193e-15  -9.345352649e-16
127.165279  -1.065520721e-15  -9.15277049e-16
127.4779249  -1.044793355e-15  -8.974723439e-16
127.7387739  -1.027846688e-15  -8.829152406e-16
127.9195339  -1.016284588e-15  -8.729834533e-16
128  -1.011184791e-15  -8.686027531e-16
128.0804661  -1.006113766e-15  -8.642467679e-16
128.2612261  -9.948261384e-16  -8.545507511e-16
128.5220751  -9.787875925e-16  -8.407737192e-16
128.834721  -9.599462457e-16  -8.245890952e-16
129.165279  -9.40467942e-16  -8.078573282e-16
129.4779249  -9.224534103e-16  -7.923829342e-16
129.7387739  -9.077201424e-16  -7.797271297e-16
129.9195339  -8.976657501e-16  -7.710904563e-16
130  -8.93230343e-16  -7.672804634e-16
130.0804661  -8.888195756e-16  -7.634916359e-16
130.2612261  -8.790002355e-16  -7.550568712e-16
130.5220751  -8.650446591e-16  -7.430690999e-16
130.834721  -8.486452484e-16  -7.289820868e-16
131.165279  -8.316856118e-16  -7.144138425e-16
131.4779249  -8.159951103e-16  -7.009357791e-16
131.7387739  -8.031586665e-16  -6.899093371e-16
131.9195339  -7.943966798e-16  -6.823828337e-16
132  -7.90530875e-16  -6.790621264e-16
132.0804661  -7.866862211e-16  -6.757595877e-16
132.2612261  -7.781260051e-16  -6.684064043e-16
132.5220751  -7.659571349e-16  -6.579534048e-16
132.834721  -7.516530457e-16  -6.456662626e-16
133.165279  -7.368553829e-16  -6.329551432e-16
133.4779249  -7.231605296e-16  -6.211913317e-16
133.7387739  -7.119534327e-16  -6.115644907e-16
133.9195339  -7.043018886e-16  -6.04991852e-16
134  -7.00925563e-16  -6.020916049e-16
134.0804661  -6.975674353e-16  -5.992069898e-16
134.2612261  -6.900894908e-16  -5.927834723e-16
134.5220751  -6.794567592e-16  -5.836500083e-16
134.834721  -6.66954732e-16  -5.729108285e-16
135.165279  -6.540171332e-16  -5.617974949e-16
135.4779249  -6.420398682e-16  -5.515090832e-16
135.7387739  -6.322355484e-16  -5.430872209e-16
135.9195339  -6.255402701e-16  -5.373360098e-16
136  -6.225855248e-16  -5.347978982e-16
136.0804661  -6.196464717e-16  -5.32273266e-16
136.2612261  -6.131008883e-16  -5.266506421e-16
136.5220751  -6.037918419e-16  -5.186542171e-16
136.834721  -5.928431372e-16  -5.092493337e-16
137.165279  -5.815094242e-16  -4.995137301e-16
137.4779249  -5.71013714e-16  -4.904979668e-16
137.7387739  -5.624197785e-16  -4.831158185e-16
137.9195339  -5.56549811e-16  -4.780735453e-16
138  -5.539589646e-16  -4.75848021e-16
138.0804661  -5.513816788e-16  -4.736341452e-16
138.2612261  -5.456410727e-16  -4.68702993e-16
138.5220751  -5.374751345e-16  -4.616884922e-16
138.834721  -5.27868261e-16  -4.534362353e-16
139.165279  -5.179205344e-16  -4.448911871e-16
139.4779249  -5.087055373e-16  -4.3697555e-16
139.7387739  -5.011582225e-16  -4.304924438e-16
139.9195339  -4.960020687e-16  -4.260633331e-16
140  -4.937260029e-16  -4.241082037e-16
140.0804661  -4.914616803e-16  -4.221631618e-16
140.2612261  -4.864175515e-16  -4.1783028e-16
140.5220751  -4.792408744e-16  -4.116655497e-16
140.834721  -4.707955866e-16  -4.044110891e-16
141.165279  -4.620480701e-16  -3.968970155e-16
141.4779249  -4.539424892e-16  -3.899343615e-16
141.7387739  -4.473020762e-16  -3.842302795e-16
141.9195339  -4.427645855e-16  -3.803325973e-16
142  -4.407613768e-16  -3.786118509e-16
142.0804661  -4.387683583e-16  -3.768998579e-16
142.2612261  -4.343280778e-16  -3.730856788e-16
142.5220751  -4.280092859e-16  -3.676578676e-16
142.834721  -4.205716153e-16  -3.612689453e-16
143.165279  -4.128655587e-16  -3.546494806e-16
143.4779249  -4.05722964e-16  -3.485140269e-16
143.7387739  -3.998699782e-16  -3.43486341e-16
143.9195339  -3.958697668e-16  -3.400501791e-16
144  -3.941035522e-16  -3.385330094e-16
144.0804661  -3.923461978e-16  -3.370234507e-16
144.2612261  -3.884305083e-16  -3.336598927e-16
144.5220751  -3.828571637e-16  -3.288724172e-16
144.834721  -3.762952952e-16  -3.232358045e-16
145.165279  -3.694947415e-16  -3.173941623e-16
145.4779249  -3.631896835e-16  -3.119781485e-16
145.7387739  -3.580217368e-16  -3.075389078e-16
145.9195339  -3.544890429e-16  -3.045043412e-16
146  -3.529290765e-16  -3.031643378e-16
146.0804661  -3.513768289e-16  -3.018309646e-16
146.2612261  -3.479177668e-16  -2.988596474e-16
146.5220751  -3.429934304e-16  -2.946296667e-16
146.834721  -3.371942701e-16  -2.896482166e-16
147.165279  -3.31182532e-16  -2.844841631e-16
147.4779249  -3.256073047e-16  -2.796950703e-16
147.7387739  -3.21036464e-16  -2.757687408e-16
147.9195339  -3.179113611e-16  -2.730842927e-16
148  -3.165312282e-16  -2.718987654e-16
148.0804661  -3.151578321e-16  -2.707190249e-16
148.2612261  -3.120969945e-16  -2.680897805e-16
148.5220751  -3.077387745e-16  -2.643460909e-16
148.834721  -3.026050863e-16  -2.599362781e-16
149.165279  -2.972818048e-16  -2.553636055e-16
149.4779249  -2.923437431e-16  -2.511218348e-16
149.7387739  -2.882943329e-16  -2.476434114e-16
149.9195339  -2.855252361e-16  -2.452647709e-16
150  -2.843021956e-16  -2.442141851e-16
150.0804661  -2.830850456e-16  -2.431686594e-16
150.2612261  -2.803721417e-16  -2.408382882e-16
150.5220751  -2.765086438e-16  -2.375195626e-16
150.834721  -2.719566548e-16  -2.336094265e-16
151.165279  -2.672353384e-16  -2.295538389e-16
151.4779249  -2.628545556e-16  -2.257907681e-16
151.7387739  -2.59261317e-16  -2.227041939e-16
151.9195339  -2.568037324e-16  -2.205931408e-16
152  -2.557181669e-16  -2.196606453e-16
152.0804661  -2.546377611e-16  -2.187325821e-16
152.2612261  -2.522293983e-16  -2.166638103e-16
152.5220751  -2.487990081e-16  -2.13717122e-16
152.834721  -2.447564002e-16  -2.102445418e-16
153.165279  -2.405623603e-16  -2.066418822e-16
153.4779249  -2.3666985e-16  -2.03298235e-16
153.7387739  -2.334763964e-16  -2.005550741e-16
153.9195339  -2.31291871e-16  -1.986785776e-16
154  -2.303268241e-16  -1.97849607e-16
154.0804661  -2.293663048e-16  -1.970245256e-16
154.2612261  -2.272249696e-16  -1.951851293e-16
154.5220751  -2.24174409e-16  -1.925647127e-16
154.834721  -2.205786315e-16  -1.894759576e-16
155.165279  -2.168472474e-16  -1.862707171e-16
155.4779249  -2.133832865e-16  -1.832951917e-16
155.7387739  -2.105408038e-16  -1.808535131e-16
155.9195339  -2.085960417e-16  -1.79182972e-16
156  -2.077368296e-16  -1.78444913e-16
156.0804661  -2.068815969e-16  -1.777102723e-16
156.2612261  -2.049747965e-16  -1.760723402e-16
156.5220751  -2.022579083e-16  -1.737385466e-16
156.834721  -1.990547565e-16  -1.70987055e-16
157.165279  -1.957300127e-16  -1.681311165e-16
157.4779249  -1.926428158e-16  -1.654792296e-16
157.7387739  -1.901089665e-16  -1.633026655e-16
157.9195339  -1.883750835e-16  -1.618132685e-16
158  -1.876089662e-16  -1.611551776e-16
158.0804661  -1.868463525e-16  -1.605000961e-16
158.2612261  -1.851458906e-16  -1.590394078e-16
158.5220751  -1.82722613e-16  -1.569578243e-16
158.834721  -1.798650278e-16  -1.545031726e-16
159.165279  -1.768982791e-16  -1.519547501e-16
159.4779249  -1.741428615e-16  -1.4958786e-16
159.7387739  -1.718808584e-16  -1.476448104e-16
159.9195339  -1.70332752e-16  -1.463149947e-16
160  -1.696486565e-16  -1.457273601e-16
160.0804661  -1.689676504e-16  -1.451423792e-16
160.2612261  -1.674490149e-16  -1.438378787e-16
160.5220751  -1.652845138e-16  -1.41978583e-16
160.834721  -1.627315664e-16  -1.397856137e-16
161.165279  -1.600804926e-16  -1.375083544e-16
161.4779249  -1.576177075e-16  -1.353928341e-16
161.7387739  -1.555955294e-16  -1.336557931e-16
161.9195339  -1.542113453e-16  -1.324667858e-16
162  -1.535996301e-16  -1.319413254e-16
162.0804661  -1.529906433e-16  -1.314182088e-16
162.2612261  -1.516324872e-16  -1.302515594e-16
162.5220751  -1.496964208e-16  -1.285884879e-16
162.834721  -1.47412452e-16  -1.266265699e-16
163.165279  -1.450401712e-16  -1.245887924e-16
163.4779249  -1.428358929e-16  -1.226953282e-16
163.7387739  -1.41025619e-16  -1.211403119e-16
163.9195339  -1.397862975e-16  -1.200757408e-16
164  -1.392385531e-16  -1.19605231e-16
164.0804661  -1.386932221e-16  -1.191367944e-16
164.2612261  -1.374769231e-16  -1.180919996e-16
164.5220751  -1.357428172e-16  -1.166024112e-16
164.834721  -1.336967057e-16  -1.148448114e-16
165.165279  -1.315710209e-16  -1.130188586e-16
165.4779249  -1.295954504e-16  -1.113218534e-16
165.7387739  -1.279726942e-16  -1.099279137e-16
165.9195339  -1.268615851e-16  -1.089734766e-16
166  -1.263704645e-16  -1.085516063e-16
166.0804661  -1.258814817e-16  -1.081315725e-16
166.2612261  -1.24790767e-16  -1.07194654e-16
166.5220751  -1.232354836e-16  -1.058586732e-16
166.834721  -1.214000233e-16  -1.042820218e-16
167.165279  -1.194927805e-16  -1.026437097e-16
167.4779249  -1.177198541e-16  -1.011207747e-16
167.7387739  -1.162632806e-16  -9.986958518e-17
167.9195339  -1.152658149e-16  -9.901276709e-17
168  -1.148248885e-16  -9.863401342e-17
168.0804661  -1.143858586e-16  -9.825688891e-17
168.2612261  -1.134064854e-16  -9.741561217e-17
168.5220751  -1.12009769e-16  -9.621583967e-17
168.834721  -1.103611378e-16  -9.479967357e-17
169.165279  -1.086476788e-16  -9.332782071e-17
169.4779249  -1.070545628e-16  -9.1959342e-17
169.7387739  -1.057454771e-16  -9.083484375e-17
169.9195339  -1.048488861e-16  -9.006467656e-17
170  -1.044525183e-16  -8.972419854e-17
170.0804661  -1.040578354e-16  -8.938516786e-17
170.2612261  -1.031773176e-16  -8.862880744e-17
170.5220751  -1.019214081e-16  -8.75499874e-17
170.834721  -1.00438714e-16  -8.627636041e-17
171.165279  -9.889740776e-17  -8.495238597e-17
171.4779249  -9.74640671e-17  -8.37211534e-17
171.7387739  -9.628606153e-17  -8.270925242e-17
171.9195339  -9.547913713e-17  -8.201610834e-17
172  -9.512238062e-17  -8.170965625e-17
172.0804661  -9.476712305e-17  -8.140449175e-17
172.2612261  -9.397449766e-17  -8.072363045e-17
172.5220751  -9.284379872e-17  -7.975236563e-17
172.834721  -9.150869078e-17  -7.860551449e-17
173.165279  -9.012053293e-17  -7.741309374e-17
173.4779249  -8.882936067e-17  -7.630398313e-17
173.7387739  -8.776801339e-17  -7.539229104e-17
173.9195339  -8.704090204e-17  -7.476770597e-17
174  -8.671940707e-17  -7.449154338e-17
174.0804661  -8.63992474e-17  -7.42165278e-17
174.2612261  -8.568487394e-17  -7.360288452e-17
174.5220751  -8.466566845e-17  -7.272739202e-17
174.834721  -8.346200367e-17  -7.169344991e-17
175.165279  -8.22102721e-17  -7.061821866e-17
175.4779249  -8.104577222e-17  -6.9617919e-17
175.7387739  -8.008838759e-17  -6.879553032e-17
175.9195339  -7.943241385e-17  -6.823205211e-17
176  -7.914235032e-17  -6.798288897e-17
176.0804661  -7.885347788e-17  -6.773474897e-17
176.2612261  -7.820886636e-17  -6.718103085e-17
176.5220751  -7.728907219e-17  -6.639093219e-17
176.834721  -7.620262865e-17  -6.545768254e-17
177.165279  -7.507258787e-17  -6.448698307e-17
177.4779249  -7.402110213e-17  -6.358376201e-17
177.7387739  -7.315648782e-17  -6.284106258e-17
177.9195339  -7.256400232e-17  -6.233212044e-17
178  -7.23019928e-17  -6.210705556e-17
178.0804661  -7.204104711e-17  -6.18829045e-17
178.2612261  -7.145870982e-17  -6.138267964e-17
178.5220751  -7.062766954e-17  -6.066882013e-17
178.834721  -6.964589973e-17  -5.98254847e-17
179.165279  -6.862454616e-17  -5.894814702e-17
179.4779249  -6.767401885e-17  -5.813164874e-17
179.7387739  -6.689229377e-17  -5.746015075e-17
179.9195339  -6.63565422e-17  -5.699994279e-17
180  -6.611960421e-17  -5.679641422e-17
180.0804661  -6.588361757e-17  -5.659370287e-17
180.2612261  -6.535694138e-17  -5.614129061e-17
180.5220751  -6.460524091e-17  -5.549558361e-17
180.834721  -6.371705898e-17  -5.473263971e-17
181.165279  -6.279290127e-17  -5.393879279e-17
181.4779249  -6.193267628e-17  -5.319986376e-17
181.7387739  -6.122510472e-17  -5.259206328e-17
181.9195339  -6.074011486e-17  -5.217545938e-17
182  -6.052561098e-17  -5.199120161e-17
182.0804661  -6.031195894e-17  -5.180767555e-17
182.2612261  -5.983509505e-17  -5.139805182e-17
182.5220751  -5.915440711e-17  -5.081334424e-17
182.834721  -5.835000508e-17  -5.012236685e-17
183.165279  -5.751287424e-17  -4.940327559e-17
183.4779249  -5.673351968e-17  -4.873381386e-17
183.7387739  -5.609236804e-17  -4.818306776e-17
183.9195339  -5.565285194e-17  -4.78055256e-17
184  -5.545844676e-17  -4.76385325e-17
184.0804661  -5.526480522e-17  -4.747219538e-17
184.2612261  -5.48325738e-17  -4.710091072e-17
184.5220751  -5.421552246e-17  -4.657086666e-17
184.834721  -5.34862112e-17  -4.594439188e-17
185.165279  -5.272709637e-17  -4.529231598e-17
185.4779249  -5.202025272e-17  -4.468514076e-17
185.7387739  -5.143866537e-17  -4.41855601e-17
185.9195339  -5.103993474e-17  -4.384305245e-17
186  -5.08635575e-17  -4.369154527e-17
186.0804661  -5.068786565e-17  -4.354062684e-17
186.2612261  -5.029567323e-17  -4.320373548e-17
186.5220751  -4.973571658e-17  -4.272273548e-17
186.834721  -4.907378802e-17  -4.215414211e-17
187.165279  -4.838469403e-17  -4.156221376e-17
187.4779249  -4.774294251e-17  -4.101095237e-17
187.7387739  -4.72148342e-17  -4.055730994e-17
187.9195339  -4.685272697e-17  -4.024626161e-17
188  -4.669253919e-17  -4.010866109e-17
188.0804661  -4.653296727e-17  -3.997158961e-17
188.2612261  -4.617673507e-17  -3.96655879e-17
188.5220751  -4.566806338e-17  -3.922864142e-17
188.834721  -4.506667091e-17  -3.871204825e-17
189.165279  -4.444049468e-17  -3.817416596e-17
189.4779249  -4.385724294e-17  -3.767315558e-17
189.7387739  -4.337720532e-17  -3.726080563e-17
189.9195339  -4.304802188e-17  -3.697803868e-17
190  -4.290238921e-17  -3.685294093e-17
190.0804661  -4.275731056e-17  -3.672831909e-17
190.2612261  -4.243341222e-17  -3.645009201e-17
190.5220751  -4.197085946e-17  -3.605276147e-17
190.834721  -4.142391394e-17  -3.558293797e-17
191.165279  -4.085433699e-17  -3.509367417e-17
191.4779249  -4.032371968e-17  -3.463787652e-17
191.7387739  -3.988693997e-17  -3.42626849e-17
191.9195339  -3.958738767e-17  -3.400537095e-17
192  -3.945485543e-17  -3.389152641e-17
192.0804661  -3.932282214e-17  -3.377811046e-17
192.2612261  -3.902802951e-17  -3.352488504e-17
192.5220751  -3.860699633e-17  -3.316321962e-17
192.834721  -3.810907563e-17  -3.273550819e-17
193.165279  -3.759047047e-17  -3.229002892e-17
193.4779249  -3.710726268e-17  -3.18749558e-17
193.7387739  -3.670945284e-17  -3.153323911e-17
193.9195339  -3.643659764e-17  -3.129885784e-17
194  -3.631586948e-17  -3.119515295e-17
194.0804661  -3.619559116e-17  -3.109183446e-17
194.2612261  -3.592702709e-17  -3.086113924e-17
194.5220751  -3.554341368e-17  -3.053161722e-17
194.834721  -3.508968371e-17  -3.014186541e-17
195.165279  -3.461703225e-17  -2.973586013e-17
195.4779249  -3.417657393e-17  -2.935750861e-17
195.7387739  -3.381390888e-17  -2.904598111e-17
195.9195339  -3.356513317e-17  -2.883228401e-17
196  -3.345505246e-17  -2.873772522e-17
196.0804661  -3.334537773e-17  -2.864351517e-17
196.2612261  -3.310047484e-17  -2.843314479e-17
196.5220751  -3.275062233e-17  -2.813262321e-17
196.834721  -3.23367682e-17  -2.777712455e-17
197.165279  -3.190559041e-17  -2.740674495e-17
197.4779249  -3.150372046e-17  -2.706154064e-17
197.7387739  -3.117278406e-17  -2.677726791e-17
197.9195339  -3.094574979e-17  -2.658224659e-17
198  -3.084528334e-17  -2.64959464e-17
198.0804661  -3.074518368e-17  -2.640996129e-17
198.2612261  -3.052164834e-17  -2.621794554e-17
198.5220751  -3.020228754e-17  -2.594361618e-17
198.834721  -2.982445329e-17  -2.561905842e-17
199.165279  -2.943074493e-17  -2.528086488e-17
199.4779249  -2.906374344e-17  -2.496561241e-17
199.7387739  -2.87614813e-17  -2.470597072e-17
199.9195339  -2.85540977e-17  -2.452782923e-17
200  -2.846232155e-17  -2.444899397e-17
200.0804661  -2.837087712e-17  -2.437044365e-17
200.2612261  -2.81666579e-17  -2.419502035e-17
200.5220751  -2.787486449e-17  -2.394437125e-17
200.834721  -2.752960036e-17  -2.364779107e-17
201.165279  -2.716977836e-17  -2.333870573e-17
201.4779249  -2.68343161e-17  -2.305054531e-17
201.7387739  -2.655799413e-17  -2.28131861e-17
201.9195339  -2.636838951e-17  -2.265031666e-17
202  -2.628447642e-17  -2.257823574e-17
202.0804661  -2.620086364e-17  -2.250641277e-17
202.2612261  -2.601412368e-17  -2.234600406e-17
202.5220751  -2.574727892e-17  -2.211678573e-17
202.834721  -2.543149512e-17  -2.1845529e-17
203.165279  -2.51023497e-17  -2.156279471e-17
203.4779249  -2.479544377e-17  -2.129916402e-17
203.7387739  -2.454261195e-17  -2.108198274e-17
203.9195339  -2.436910884e-17  -2.093294442e-17
204  -2.429231738e-17  -2.086698094e-17
204.0804661  -2.421579806e-17  -2.080125121e-17
204.2612261  -2.404489083e-17  -2.065444275e-17
204.5220751  -2.3800647e-17  -2.04446385e-17
204.834721  -2.351157312e-17  -2.019632546e-17
205.165279  -2.321022581e-17  -1.99374696e-17
205.4779249  -2.29292007e-17  -1.969607042e-17
205.7387739  -2.269766114e-17  -1.949717908e-17
205.9195339  -2.253875453e-17  -1.936067908e-17
206  -2.246841946e-17  -1.930026161e-17
206.0804661  -2.239833122e-17  -1.924005616e-17
206.2612261  -2.22417792e-17  -1.910557874e-17
206.5220751  -2.201802933e-17  -1.891337871e-17
206.834721  -2.175317866e-17  -1.868587328e-17
207.165279  -2.14770453e-17  -1.844867609e-17
207.4779249  -2.121949869e-17  -1.822744482e-17
207.7387739  -2.10072776e-17  -1.804514795e-17
207.9195339  -2.086161578e-17  -1.792002517e-17
208  -2.079713957e-17  -1.786464042e-17
208.0804661  -2.073288745e-17  -1.780944816e-17
208.2612261  -2.058936337e-17  -1.768616169e-17
208.5220751  -2.038421455e-17  -1.750993986e-17
208.834721  -2.014135267e-17  -1.73013227e-17
209.165279  -1.988811091e-17  -1.708378927e-17
209.4779249  -1.965188348e-17  -1.688087108e-17
209.7387739  -1.945720648e-17  -1.67136445e-17
209.9195339  -1.932357418e-17  -1.659885501e-17
210  -1.926441956e-17  -1.654804148e-17
210.0804661  -1.920546858e-17  -1.649740288e-17
210.2612261  -1.907377893e-17  -1.638428212e-17
210.5220751  -1.888552879e-17  -1.622257618e-17
210.834721  -1.866264594e-17  -1.60311209e-17
211.165279  -1.843020654e-17  -1.583145661e-17
211.4779249  -1.821335543e-17  -1.564518257e-17
211.7387739  -1.803462579e-17  -1.549165469e-17
211.9195339  -1.791192925e-17  -1.538625897e-17
212  -1.785761266e-17  -1.533960128e-17
212.0804661  -1.780348129e-17  -1.529310271e-17
212.2612261  -1.768255172e-17  -1.51892248e-17
212.5220751  -1.750966772e-17  -1.50407183e-17
212.834721  -1.730495434e-17  -1.486487051e-17
213.165279  -1.709143593e-17  -1.468145925e-17
213.4779249  -1.689221126e-17  -1.451032624e-17
213.7387739  -1.672799063e-17  -1.436926153e-17
213.9195339  -1.661524451e-17  -1.427241316e-17
214  -1.656533028e-17  -1.422953709e-17
214.0804661  -1.651558468e-17  -1.418680586e-17
214.2612261  -1.640444716e-17  -1.409133928e-17
214.5220751  -1.624554825e-17  -1.39548459e-17
214.834721  -1.605737345e-17  -1.379320467e-17
215.165279  -1.586108012e-17  -1.362458967e-17
215.4779249  -1.567790429e-17  -1.346724254e-17
215.7387739  -1.552689575e-17  -1.333752694e-17
215.9195339  -1.542321148e-17  -1.324846266e-17
216  -1.537730671e-17  -1.32090307e-17
216.0804661  -1.53315556e-17  -1.316973072e-17
216.2612261  -1.522933704e-17  -1.308192548e-17
216.5220751  -1.50831775e-17  -1.295637515e-17
216.834721  -1.491006996e-17  -1.280767663e-17
217.165279  -1.472947151e-17  -1.265254345e-17
217.4779249  -1.456092086e-17  -1.250775928e-17
217.7387739  -1.442195387e-17  -1.238838732e-17
217.9195339  -1.43265294e-17  -1.230641816e-17
218  -1.428427943e-17  -1.227012564e-17
218.0804661  -1.424216958e-17  -1.223395349e-17
218.2612261  -1.414808176e-17  -1.215313252e-17
218.5220751  -1.401353683e-17  -1.203755909e-17
218.834721  -1.385416795e-17  -1.190066201e-17
219.165279  -1.36878824e-17  -1.175782354e-17
219.4779249  -1.353267095e-17  -1.162449767e-17
219.7387739  -1.340468804e-17  -1.151456098e-17
219.9195339  -1.33167987e-17  -1.143906447e-17
220  -1.327788306e-17  -1.140563613e-17
220.0804661  -1.323909532e-17  -1.137231764e-17
220.2612261  -1.315242597e-17  -1.12978691e-17
220.5220751  -1.302847916e-17  -1.119139941e-17
220.834721  -1.288164808e-17  -1.106527223e-17
221.165279  -1.272842612e-17  -1.093365532e-17
221.4779249  -1.258539118e-17  -1.081078901e-17
221.7387739  -1.246743614e-17  -1.070946621e-17
221.9195339  -1.23864266e-17  -1.063987941e-17
222  -1.235055547e-17  -1.060906629e-17
222.0804661  -1.231480116e-17  -1.057835352e-17
222.2612261  -1.223490606e-17  -1.050972402e-17
222.5220751  -1.21206379e-17  -1.041156823e-17
222.834721  -1.198525819e-17  -1.029527773e-17
223.165279  -1.184396942e-17  -1.017391138e-17
223.4779249  -1.171205882e-17  -1.006060081e-17
223.7387739  -1.160326621e-17  -9.967148501e-18
223.9195339  -1.152854328e-17  -9.902961872e-18
224  -1.14954543e-17  -9.874538605e-18
224.0804661  -1.146247213e-17  -9.846207082e-18
224.2612261  -1.138876804e-17  -9.782895632e-18
224.5220751  -1.128334604e-17  -9.692338649e-18
224.834721  -1.115843396e-17  -9.585039792e-18
225.165279  -1.102805465e-17  -9.473044605e-18
225.4779249  -1.090631535e-17  -9.368471146e-18
225.7387739  -1.080590119e-17  -9.282215875e-18
225.9195339  -1.073692746e-17  -9.222967784e-18
226  -1.070638294e-17  -9.196730191e-18
226.0804661  -1.067593614e-17  -9.170576538e-18
226.2612261  -1.06078946e-17  -9.112129189e-18
226.5220751  -1.051056435e-17  -9.028522988e-18
226.834721  -1.039522831e-17  -8.929449901e-18
227.165279  -1.027483051e-17  -8.826028779e-18
227.4779249  -1.016239853e-17  -8.729450265e-18
227.7387739  -1.006965198e-17  -8.649781439e-18
227.9195339  -1.000594016e-17  -8.595053293e-18
228  -9.977724541e-18  -8.570816218e-18
228.0804661  -9.949598404e-18  -8.546656004e-18
228.2612261  -9.886740144e-18  -8.492661068e-18
228.5220751  -9.796817426e-18  -8.415417897e-18
228.834721  -9.690248666e-18  -8.323875857e-18
229.165279  -9.578990503e-18  -8.228305643e-18
229.4779249  -9.47508191e-18  -8.139048674e-18
229.7387739  -9.389357931e-18  -8.065412198e-18
229.9195339  -9.330465748e-18  -8.014824103e-18
230  -9.304383402e-18  -7.992419497e-18
230.0804661  -9.278383053e-18  -7.970085325e-18
230.2612261  -9.220273051e-18  -7.92016912e-18
230.5220751  -9.137136736e-18  -7.848755435e-18
230.834721  -9.038600995e-18  -7.764113719e-18
231.165279  -8.935718059e-18  -7.675737783e-18
231.4779249  -8.839620934e-18  -7.593190827e-18
231.7387739  -8.760333663e-18  -7.525083452e-18
231.9195339  -8.705859414e-18  -7.478290341e-18
232  -8.681732632e-18  -7.457565554e-18
232.0804661  -8.657681045e-18  -7.436905359e-18
232.2612261  -8.603924105e-18  -7.390728412e-18
232.5220751  -8.527009879e-18  -7.324659471e-18
232.834721  -8.435839976e-18  -7.246344973e-18
233.165279  -8.340637592e-18  -7.164566595e-18
233.4779249  -8.251704884e-18  -7.088173837e-18
233.7387739  -8.178321778e-18  -7.02513811e-18
233.9195339  -8.127900278e-18  -6.98182629e-18
234  -8.1055675e-18  -6.962642544e-18
234.0804661  -8.083303731e-18  -6.943518076e-18
234.2612261  -8.033540537e-18  -6.900771737e-18
234.5220751  -7.962335275e-18  -6.839606768e-18
234.834721  -7.877924479e-18  -6.767098311e-18
235.165279  -7.78977083e-18  -6.69137476e-18
235.4779249  -7.707413957e-18  -6.620630612e-18
235.7387739  -7.639450539e-18  -6.562250371e-18
235.9195339  -7.592749533e-18  -6.522134437e-18
236  -7.572063761e-18  -6.504365461e-18
236.0804661  -7.551441368e-18  -6.486650927e-18
236.2612261  -7.505344959e-18  -6.447054338e-18
236.5220751  -7.439381701e-18  -6.390392225e-18
236.834721  -7.361177805e-18  -6.323215464e-18
237.165279  -7.279497775e-18  -6.253052721e-18
237.4779249  -7.20318091e-18  -6.187496909e-18
237.7387739  -7.140196075e-18  -6.133393247e-18
237.9195339  -7.096913027e-18  -6.096213322e-18
238  -7.077740404e-18  -6.079744132e-18
238.0804661  -7.05862603e-18  -6.06332498e-18
238.2612261  -7.015898651e-18  -6.026622372e-18
238.5220751  -6.954752111e-18  -5.974097795e-18
238.834721  -6.882252128e-18  -5.911820667e-18
239.165279  -6.806521799e-18  -5.846768688e-18
239.4779249  -6.735756751e-18  -5.78598186e-18
239.7387739  -6.677348566e-18  -5.735809517e-18
239.9195339  -6.637207781e-18  -5.70132878e-18
240  -6.619426319e-18  -5.686054592e-18
240.0804661  -6.60169843e-18  -5.670826423e-18
240.2612261  -6.562068707e-18  -5.636784686e-18
240.5220751  -6.505351242e-18  -5.588064663e-18
240.834721  -6.43809666e-18  -5.530293309e-18
241.165279  -6.36783838e-18  -5.469941792e-18
241.4779249  -6.302180013e-18  -5.413541579e-18
241.7387739  -6.247981951e-18  -5.36698571e-18
241.9195339  -6.210731999e-18  -5.334988185e-18
242  -6.194230441e-18  -5.320813428e-18
242.0804661  -6.177778192e-18  -5.306681027e-18
242.2612261  -6.140998601e-18  -5.27508754e-18
242.5220751  -6.088356613e-18  -5.229868331e-18
242.834721  -6.025929138e-18  -5.176243438e-18
243.165279  -5.960707097e-18  -5.120218026e-18
243.4779249  -5.899749221e-18  -5.067855511e-18
243.7387739  -5.849426786e-18  -5.024628787e-18
243.9195339  -5.814838191e-18  -4.994917354e-18
244  -5.799514991e-18  -4.981754801e-18
244.0804661  -5.784237203e-18  -4.968631256e-18
244.2612261  -5.750081806e-18  -4.939291939e-18
244.5220751  -5.701192499e-18  -4.897296265e-18
244.834721  -5.643210239e-18  -4.847489789e-18
245.165279  -5.582626505e-18  -4.79544866e-18
245.4779249  -5.525998187e-18  -4.746805215e-18
245.7387739  -5.479245885e-18  -4.706645217e-18
245.9195339  -5.447109049e-18  -4.679039833e-18
246  -5.432871452e-18  -4.666809808e-18
246.0804661  -5.418675707e-18  -4.654615733e-18
246.2612261  -5.386938111e-18  -4.627353294e-18
246.5220751  -5.341506593e-18  -4.588327844e-18
246.834721  -5.287620626e-18  -4.542040064e-18
247.165279  -5.23131158e-18  -4.493670871e-18
247.4779249  -5.178673834e-18  -4.448455306e-18
247.7387739  -5.13521245e-18  -4.411122192e-18
247.9195339  -5.105335791e-18  -4.385458289e-18
248  -5.09209901e-18  -4.374087959e-18
248.0804661  -5.078900826e-18  -4.362750785e-18
248.2612261  -5.049392354e-18  -4.337403153e-18
248.5220751  -5.007149023e-18  -4.301116339e-18
248.834721  -4.957040319e-18  -4.25807321e-18
249.165279  -4.904673454e-18  -4.21309033e-18
249.4779249  -4.855716259e-18  -4.171036341e-18
249.7387739  -4.815290414e-18  -4.136310739e-18
249.9195339  -4.787498689e-18  -4.112437784e-18
250  -4.775185165e-18  -4.101860528e-18
250.0804661  -4.762907259e-18  -4.091313867e-18
250.2612261  -4.735455304e-18  -4.067732773e-18
250.5220751  -4.6961535e-18  -4.033972717e-18
250.834721  -4.64953015e-18  -3.993923489e-18
251.165279  -4.600801187e-18  -3.95206555e-18
251.4779249  -4.555240813e-18  -3.912929413e-18
251.7387739  -4.517616756e-18  -3.880610534e-18
251.9195339  -4.491749552e-18  -3.858390733e-18
252  -4.480288286e-18  -3.848545562e-18
252.0804661  -4.468859911e-18  -3.838728644e-18
252.2612261  -4.443306454e-18  -3.81677835e-18
252.5220751  -4.406720348e-18  -3.785351065e-18
252.834721  -4.363315064e-18  -3.74806614e-18
253.165279  -4.317945362e-18  -3.70909379e-18
253.4779249  -4.275521951e-18  -3.672652289e-18
253.7387739  -4.240485581e-18  -3.64255622e-18
253.9195339  -4.216395957e-18  -3.621863352e-18
254  -4.205721911e-18  -3.612694399e-18
254.0804661  -4.195078255e-18  -3.603551551e-18
254.2612261  -4.171278531e-18  -3.583107705e-18
254.5220751  -4.137201219e-18  -3.553835462e-18
254.834721  -4.09676909e-18  -3.519104462e-18
255.165279  -4.054503304e-18  -3.48279836e-18
255.4779249  -4.014978699e-18  -3.44884692e-18
255.7387739  -3.982333774e-18  -3.42080509e-18
255.9195339  -3.959887037e-18  -3.401523453e-18
256  -3.94994059e-18  -3.392979504e-18
256.0804661  -3.94002224e-18  -3.384459691e-18
256.2612261  -3.917843535e-18  -3.365408292e-18
256.5220751  -3.886085319e-18  -3.338128141e-18
256.834721  -3.848401781e-18  -3.305758168e-18
257.165279  -3.809005755e-18  -3.271917175e-18
257.4779249  -3.772161538e-18  -3.240268175e-18
257.7387739  -3.741728062e-18  -3.214125969e-18
257.9195339  -3.720800661e-18  -3.196149434e-18
258  -3.711527121e-18  -3.188183509e-18
258.0804661  -3.702279574e-18  -3.180239912e-18
258.2612261  -3.681600137e-18  -3.162476377e-18
258.5220751  -3.651986982e-18  -3.137038823e-18
258.834721  -3.616845987e-18  -3.106852881e-18
259.165279  -3.580104848e-18  -3.075292424e-18
259.4779249  -3.545740569e-18  -3.045773677e-18
259.7387739  -3.517353336e-18  -3.021389185e-18
259.9195339  -3.497831863e-18  -3.004620336e-18
260  -3.489181027e-18  -2.99718931e-18
260.0804661  -3.480554253e-18  -2.989778954e-18
260.2612261  -3.461262316e-18  -2.973207275e-18
260.5220751  -3.433634443e-18  -2.949475068e-18
260.834721  -3.400846808e-18  -2.921310651e-18
261.165279  -3.366563251e-18  -2.891861245e-18
261.4779249  -3.334494824e-18  -2.864314623e-18
261.7387739  -3.308002105e-18  -2.841557509e-18
261.9195339  -3.289782395e-18  -2.825906868e-18
262  -3.281708149e-18  -2.81897113e-18
262.0804661  -3.27365619e-18  -2.812054537e-18
262.2612261  -3.255649084e-18  -2.796586522e-18
262.5220751  -3.229859709e-18  -2.774433576e-18
262.834721  -3.199251621e-18  -2.748141378e-18
263.165279  -3.167244348e-18  -2.720647289e-18
263.4779249  -3.137302608e-18  -2.694927482e-18
263.7387739  -3.112564957e-18  -2.673677962e-18
263.9195339  -3.095551271e-18  -2.659063289e-18
264  -3.08801123e-18  -2.652586431e-18
264.0804661  -3.080491845e-18  -2.646127316e-18
264.2612261  -3.063675195e-18  -2.631681896e-18
264.5220751  -3.039589384e-18  -2.610992304e-18
264.834721  -3.011001044e-18  -2.586435061e-18
265.165279  -2.981103363e-18  -2.5607531e-18
265.4779249  -2.953132755e-18  -2.536726486e-18
265.7387739  -2.930021935e-18  -2.516874405e-18
265.9195339  -2.914126223e-18  -2.503220067e-18
266  -2.907081404e-18  -2.497168602e-18
266.0804661  -2.900055738e-18  -2.49113359e-18
266.2612261  -2.884342739e-18  -2.477636201e-18
266.5220751  -2.861836372e-18  -2.458303343e-18
266.834721  -2.835120778e-18  -2.435354779e-18
267.165279  -2.807179326e-18  -2.411353209e-18
267.4779249  -2.78103672e-18  -2.38889684e-18
267.7387739  -2.759434722e-18  -2.37034083e-18
267.9195339  -2.744575954e-18  -2.357577221e-18
268  -2.73799048e-18  -2.351920332e-18
268.0804661  -2.731422778e-18  -2.346278708e-18
268.2612261  -2.716733536e-18  -2.333660721e-18
268.5220751  -2.695692369e-18  -2.315586462e-18
268.834721  -2.6707142e-18  -2.294130338e-18
269.165279  -2.644587788e-18  -2.271687879e-18
269.4779249  -2.620141404e-18  -2.250688556e-18
269.7387739  -2.59993957e-18  -2.23333528e-18
269.9195339  -2.586043129e-18  -2.221398305e-18
270  -2.579883962e-18  -2.216107612e-18
270.0804661  -2.573741294e-18  -2.21083109e-18
270.2612261  -2.560002232e-18  -2.199029303e-18
270.5220751  -2.540321043e-18  -2.182123259e-18
270.834721  -2.516955658e-18  -2.162052509e-18
271.165279  -2.492514227e-18  -2.141057439e-18
271.4779249  -2.469642658e-18  -2.121410875e-18
271.7387739  -2.450740876e-18  -2.105174337e-18
271.9195339  -2.437738008e-18  -2.094004938e-18
272  -2.431974706e-18  -2.08905429e-18
272.0804661  -2.426226729e-18  -2.084116805e-18
272.2612261  -2.413370044e-18  -2.073072976e-18
272.5220751  -2.394951865e-18  -2.057251852e-18
272.834721  -2.373084388e-18  -2.038467797e-18
273.165279  -2.350208056e-18  -2.01881714e-18
273.4779249  -2.328799388e-18  -2.000427199e-18
273.7387739  -2.311105361e-18  -1.985228118e-18
273.9195339  -2.29893268e-18  -1.974771844e-18
274  -2.293537173e-18  -1.970137131e-18
274.0804661  -2.288155908e-18  -1.965514651e-18
274.2612261  -2.276119083e-18  -1.955175077e-18
274.5220751  -2.258874498e-18  -1.940362063e-18
274.834721  -2.238398989e-18  -1.922773702e-18
275.165279  -2.21697719e-18  -1.904372483e-18
275.4779249  -2.196928193e-18  -1.887150493e-18
275.7387739  -2.180356784e-18  -1.872915734e-18
275.9195339  -2.168955812e-18  -1.863122355e-18
276  -2.163902205e-18  -1.858781332e-18
276.0804661  -2.158861842e-18  -1.854451685e-18
276.2612261  -2.147587195e-18  -1.844766819e-18
276.5220751  -2.131433701e-18  -1.830891047e-18
276.834721  -2.112252405e-18  -1.814414408e-18
277.165279  -2.092183105e-18  -1.797174978e-18
277.4779249  -2.073398507e-18  -1.781039101e-18
277.7387739  -2.057871132e-18  -1.767701163e-18
277.9195339  -2.047187891e-18  -1.758524311e-18
278  -2.042452281e-18  -1.754456446e-18
278.0804661  -2.037728992e-18  -1.750399164e-18
278.2612261  -2.027163277e-18  -1.741323267e-18
278.5220751  -2.012024706e-18  -1.728319309e-18
278.834721  -1.994047366e-18  -1.712876862e-18
279.165279  -1.975236348e-18  -1.69671829e-18
279.4779249  -1.957628168e-18  -1.681592951e-18
279.7387739  -1.943072254e-18  -1.669089492e-18
279.9195339  -1.933056889e-18  -1.660486343e-18
280  -1.928617199e-18  -1.656672671e-18
280.0804661  -1.924188976e-18  -1.652868849e-18
280.2612261  -1.914283008e-18  -1.644359672e-18
280.5220751  -1.900089001e-18  -1.63216709e-18
280.834721  -1.883232235e-18  -1.617687211e-18
281.165279  -1.865592453e-18  -1.602534725e-18
281.4779249  -1.849079399e-18  -1.588350093e-18
281.7387739  -1.83542788e-18  -1.576623505e-18
281.9195339  -1.826034322e-18  -1.568554485e-18
282  -1.821870147e-18  -1.564977479e-18
282.0804661  -1.817716651e-18  -1.561409647e-18
282.2612261  -1.808424974e-18  -1.553428142e-18
282.5220751  -1.7951105e-18  -1.541991074e-18
282.834721  -1.779297235e-18  -1.528407558e-18
283.165279  -1.76274822e-18  -1.514192036e-18
283.4779249  -1.747255135e-18  -1.500883551e-18
283.7387739  -1.734446006e-18  -1.489880573e-18
283.9195339  -1.725631655e-18  -1.482309089e-18
284  -1.721724128e-18  -1.478952543e-18
284.0804661  -1.717826552e-18  -1.475604544e-18
284.2612261  -1.709107131e-18  -1.468114604e-18
284.5220751  -1.696612049e-18  -1.45738139e-18
284.834721  -1.681771004e-18  -1.444633006e-18
285.165279  -1.666238328e-18  -1.431290513e-18
285.4779249  -1.651695689e-18  -1.418798459e-18
285.7387739  -1.639671589e-18  -1.408469816e-18
285.9195339  -1.631397034e-18  -1.401362014e-18
286  -1.6277287e-18  -1.398210933e-18
286.0804661  -1.624069643e-18  -1.395067821e-18
286.2612261  -1.615883584e-18  -1.388036037e-18
286.5220751  -1.604152247e-18  -1.377958876e-18
286.834721  -1.59021746e-18  -1.365988963e-18
287.165279  -1.575632242e-18  -1.353460332e-18
287.4779249  -1.561975706e-18  -1.341729435e-18
287.7387739  -1.55068354e-18  -1.33202952e-18
287.9195339  -1.5429123e-18  -1.325354063e-18
288  -1.539467001e-18  -1.322394568e-18
288.0804661  -1.536030354e-18  -1.319442505e-18
288.2612261  -1.528341653e-18  -1.312837949e-18
288.5220751  -1.517322543e-18  -1.303372588e-18
288.834721  -1.50423294e-18  -1.292128684e-18
289.165279  -1.4905314e-18  -1.280359129e-18
289.4779249  -1.477701382e-18  -1.269338206e-18
289.7387739  -1.467091979e-18  -1.260224781e-18
289.9195339  -1.459790267e-18  -1.253952646e-18
290  -1.456553036e-18  -1.251171881e-18
290.0804661  -1.45332388e-18  -1.248398052e-18
290.2612261  -1.446099187e-18  -1.242192077e-18
290.5220751  -1.435744583e-18  -1.233297523e-18
290.834721  -1.42344359e-18  -1.22273103e-18
291.165279  -1.410566639e-18  -1.211669792e-18
291.4779249  -1.39850793e-18  -1.201311421e-18
291.7387739  -1.388535729e-18  -1.19274535e-18
291.9195339  -1.381672235e-18  -1.186849642e-18
292  -1.378629205e-18  -1.184235694e-18
292.0804661  -1.375593713e-18  -1.181628221e-18
292.2612261  -1.368802123e-18  -1.17579428e-18
292.5220751  -1.359067797e-18  -1.167432541e-18
292.834721  -1.347502975e-18  -1.157498416e-18
293.165279  -1.335395841e-18  -1.147098448e-18
293.4779249  -1.324057264e-18  -1.137358666e-18
293.7387739  -1.314680025e-18  -1.129303664e-18
293.9195339  -1.308225722e-18  -1.123759449e-18
294  -1.305364034e-18  -1.121301274e-18
294.0804661  -1.302509387e-18  -1.118849145e-18
294.2612261  -1.296122244e-18  -1.113362621e-18
294.5220751  -1.286967184e-18  -1.10549847e-18
294.834721  -1.276089905e-18  -1.09615494e-18
295.165279  -1.264701793e-18  -1.086372608e-18
295.4779249  -1.25403588e-18  -1.077210642e-18
295.7387739  -1.245214423e-18  -1.069633054e-18
295.9195339  -1.239142384e-18  -1.064417202e-18
296  -1.23645011e-18  -1.062104552e-18
296.0804661  -1.233764415e-18  -1.059797554e-18
296.2612261  -1.227755134e-18  -1.05463561e-18
296.5220751  -1.219141292e-18  -1.047236363e-18
296.834721  -1.208906439e-18  -1.038444674e-18
297.165279  -1.198190214e-18  -1.02923949e-18
297.4779249  -1.188152917e-18  -1.020617502e-18
297.7387739  -1.179850882e-18  -1.013486095e-18
297.9195339  -1.174136117e-18  -1.008577139e-18
298  -1.171602186e-18  -1.006400505e-18
298.0804661  -1.169074406e-18  -1.004229155e-18
298.2612261  -1.163418311e-18  -9.993705969e-19
298.5220751  -1.155310371e-18  -9.924059159e-19
298.834721  -1.145676061e-18  -9.841300914e-19
299.165279  -1.135587967e-18  -9.754644682e-19
299.4779249  -1.12613839e-18  -9.673473281e-19
299.7387739  -1.118322016e-18  -9.606331013e-19
299.9195339  -1.112941318e-18  -9.560111087e-19
300  -1.110555451e-18  -9.539616607e-19
300.0804661  -1.108175337e-18  -9.519171541e-19
300.2612261  -1.102849514e-18  -9.473422985e-19
300.5220751  -1.095214676e-18  -9.407840104e-19
300.834721  -1.086142012e-18  -9.329906363e-19
301.165279  -1.076641405e-18  -9.24829662e-19
301.4779249  -1.067741559e-18  -9.171847383e-19
301.7387739  -1.060379483e-18  -9.108607514e-19
301.9195339  -1.055311297e-18  -9.065072039e-19
302  -1.053063942e-18  -9.045767375e-19
302.0804661  -1.05082197e-18  -9.026508949e-19
302.2612261  -1.04580513e-18  -8.983414541e-19
302.5220751  -1.03861292e-18  -8.921633811e-19
302.834721  -1.030065757e-18  -8.848214094e-19
303.165279  -1.021114869e-18  -8.771326408e-19
303.4779249  -1.012729449e-18  -8.699296067e-19
303.7387739  -1.005792522e-18  -8.639708207e-19
303.9195339  -1.001016808e-18  -8.598685062e-19
304  -9.988990893e-19  -8.580493958e-19
304.0804661  -9.96786409e-19  -8.562346138e-19
304.2612261  -9.920587623e-19  -8.521735886e-19
304.5220751  -9.85280851e-19  -8.463513962e-19
304.834721  -9.77225585e-19  -8.394319625e-19
305.165279  -9.68789301e-19  -8.321852361e-19
305.4779249  -9.608854808e-19  -8.253958934e-19
305.7387739  -9.543465979e-19  -8.197790252e-19
305.9195339  -9.49844724e-19  -8.159119377e-19
306  -9.478483845e-19  -8.141970919e-19
306.0804661  -9.45856764e-19  -8.124862998e-19
306.2612261  -9.413999063e-19  -8.08657881e-19
306.5220751  -9.350099461e-19  -8.031689366e-19
306.834721  -9.274153242e-19  -7.966451939e-19
307.165279  -9.194609807e-19  -7.89812452e-19
307.4779249  -9.120082225e-19  -7.834105694e-19
307.7387739  -9.058421674e-19  -7.781139584e-19
307.9195339  -9.015967975e-19  -7.744672066e-19
308  -8.997141568e-19  -7.728500275e-19
308.0804661  -8.978359375e-19  -7.712366464e-19
308.2612261  -8.936327446e-19  -7.676261244e-19
308.5220751  -8.876062195e-19  -7.624493691e-19
308.834721  -8.804431582e-19  -7.562963347e-19
309.165279  -8.72940358e-19  -7.498514663e-19
309.4779249  -8.659102411e-19  -7.438126305e-19
309.7387739  -8.600935435e-19  -7.388161159e-19
309.9195339  -8.560885415e-19  -7.353758389e-19
310  -8.543124499e-19  -7.33850185e-19
310.0804661  -8.525405026e-19  -7.32328091e-19
310.2612261  -8.485750342e-19  -7.289217732e-19
310.5220751  -8.428891216e-19  -7.240376022e-19
310.834721  -8.361305444e-19  -7.182320178e-19
311.165279  -8.29050986e-19  -7.12150712e-19
311.4779249  -8.22417047e-19  -7.064521911e-19
311.7387739  -8.169278518e-19  -7.017369994e-19
311.9195339  -8.131481911e-19  -6.984902895e-19
312  -8.114719905e-19  -6.970504414e-19
312.0804661  -8.09799676e-19  -6.956139316e-19
312.2612261  -8.060570866e-19  -6.923990657e-19
312.5220751  -8.006905304e-19  -6.877892204e-19
312.834721  -7.943112181e-19  -6.823094225e-19
313.165279  -7.876285389e-19  -6.76569034e-19
313.4779249  -7.813661258e-19  -6.71189652e-19
313.7387739  -7.761840724e-19  -6.667382937e-19
313.9195339  -7.726157533e-19  -6.636731252e-19
314  -7.710332403e-19  -6.623137543e-19
314.0804661  -7.694543728e-19  -6.609575149e-19
314.2612261  -7.659208304e-19  -6.579222194e-19
314.5220751  -7.608538246e-19  -6.535696864e-19
314.834721  -7.548302767e-19  -6.483954884e-19
315.165279  -7.485199093e-19  -6.429749139e-19
315.4779249  -7.426060469e-19  -6.378949352e-19
315.7387739  -7.377121584e-19  -6.336911091e-19
315.9195339  -7.343421321e-19  -6.307962731e-19
316  -7.328475244e-19  -6.295124125e-19
316.0804661  -7.31356338e-19  -6.282314907e-19
316.2612261  -7.280189489e-19  -6.253646899e-19
316.5220751  -7.232330305e-19  -6.212536096e-19
316.834721  -7.175433383e-19  -6.16366192e-19
317.165279  -7.115823778e-19  -6.112457563e-19
317.4779249  -7.05995644e-19  -6.064467795e-19
317.7387739  -7.013722255e-19  -6.024752858e-19
317.9195339  -6.981883238e-19  -5.997403299e-19
318  -6.967762293e-19  -5.985273477e-19
318.0804661  -6.95367347e-19  -5.973171248e-19
318.2612261  -6.922140869e-19  -5.946084899e-19
318.5220751  -6.876920368e-19  -5.907240712e-19
318.834721  -6.823157667e-19  -5.861058817e-19
319.165279  -6.766828487e-19  -5.812672328e-19
319.4779249  -6.71403261e-19  -5.76732093e-19
319.7387739  -6.670338052e-19  -5.72978752e-19
319.9195339  -6.640246764e-19  -5.703939251e-19
320  -6.626900646e-19  -5.692475002e-19
320.0804661  -6.613584699e-19  -5.681036669e-19
320.2612261  -6.583781205e-19  -5.655435615e-19
320.5220751  -6.541038729e-19  -5.618720038e-19
320.834721  -6.490219586e-19  -5.575066645e-19
321.165279  -6.436971467e-19  -5.529326773e-19
321.4779249  -6.38706057e-19  -5.486453559e-19
321.7387739  -6.345751584e-19  -5.450969343e-19
321.9195339  -6.317302075e-19  -5.426531355e-19
322  -6.304683833e-19  -5.415692348e-19
322.0804661  -6.292093939e-19  -5.40487769e-19
322.2612261  -6.263914841e-19  -5.380671984e-19
322.5220751  -6.223500425e-19  -5.3459562e-19
322.834721  -6.175446858e-19  -5.304678422e-19
323.165279  -6.125093685e-19  -5.261425295e-19
323.4779249  -6.077893667e-19  -5.220880712e-19
323.7387739  -6.038826412e-19  -5.187322132e-19
323.9195339  -6.011919757e-19  -5.164209448e-19
324  -5.999985549e-19  -5.153958023e-19
324.0804661  -5.988077987e-19  -5.143729486e-19
324.2612261  -5.961425507e-19  -5.120835137e-19
324.5220751  -5.923199111e-19  -5.087998851e-19
324.834721  -5.877744903e-19  -5.04895391e-19
325.165279  -5.830112853e-19  -5.008038214e-19
325.4779249  -5.785461099e-19  -4.969682577e-19
325.7387739  -5.748501219e-19  -4.937934222e-19
325.9195339  -5.723045009e-19  -4.916067463e-19
326  -5.711753882e-19  -4.906368441e-19
326.0804661  -5.70048781e-19  -4.89669094e-19
326.2612261  -5.675270605e-19  -4.875029486e-19
326.5220751  -5.639101398e-19  -4.843960315e-19
326.834721  -5.596091256e-19  -4.807014815e-19
327.165279  -5.551017918e-19  -4.76829704e-19
327.4779249  -5.508762479e-19  -4.731999826e-19
327.7387739  -5.473784422e-19  -4.701953847e-19
327.9195339  -5.4496923e-19  -4.681258834e-19
328  -5.439005981e-19  -4.672079338e-19
328.0804661  -5.428343229e-19  -4.662920087e-19
328.2612261  -5.404475933e-19  -4.642418197e-19
328.5220751  -5.370241639e-19  -4.613011107e-19
328.834721  -5.329530415e-19  -4.578040366e-19
329.165279  -5.286863976e-19  -4.541390105e-19
329.4779249  -5.246862812e-19  -4.507029302e-19
329.7387739  -5.213749205e-19  -4.478584877e-19
329.9195339  -5.190940437e-19  -4.458992258e-19
330  -5.180823142e-19  -4.450301552e-19
330.0804661  -5.170728026e-19  -4.441629897e-19
330.2612261  -5.148130823e-19  -4.42221901e-19
330.5220751  -5.115717112e-19  -4.394375793e-19
330.834721  -5.077169084e-19  -4.361263226e-19
331.165279  -5.036767582e-19  -4.326558535e-19
331.4779249  -4.998887857e-19  -4.294020038e-19
331.7387739  -4.967528929e-19  -4.267082874e-19
331.9195339  -4.945928005e-19  -4.248527786e-19
332  -4.936346268e-19  -4.240297122e-19
332.0804661  -4.92678541e-19  -4.232084391e-19
332.2612261  -4.905383646e-19  -4.213700381e-19
332.5220751  -4.874683576e-19  -4.187329173e-19
332.834721  -4.838171783e-19  -4.155965723e-19
333.165279  -4.799902411e-19  -4.12309252e-19
333.4779249  -4.76401985e-19  -4.092269578e-19
333.7387739  -4.734312898e-19  -4.066751452e-19
333.9195339  -4.713849166e-19  -4.049173207e-19
334  -4.704771673e-19  -4.041375685e-19
334.0804661  -4.695713841e-19  -4.033595052e-19
334.2612261  -4.67543766e-19  -4.016177912e-19
334.5220751  -4.646351159e-19  -3.991192752e-19
334.834721  -4.611756789e-19  -3.961476358e-19
335.165279  -4.575495256e-19  -3.93032788e-19
335.4779249  -4.541493546e-19  -3.901120579e-19
335.7387739  -4.513342439e-19  -3.876938916e-19
335.9195339  -4.493949768e-19  -3.860280708e-19
336  -4.485347206e-19  -3.852891149e-19
336.0804661  -4.476763165e-19  -3.8455175e-19
336.2612261  -4.457547175e-19  -3.82901106e-19
336.5220751  -4.429980562e-19  -3.805331475e-19
336.834721  -4.397192384e-19  -3.777166592e-19
337.165279  -4.362822324e-19  -3.74764288e-19
337.4779249  -4.330592558e-19  -3.719957669e-19
337.7387739  -4.303907284e-19  -3.69703515e-19
337.9195339  -4.285523748e-19  -3.681243784e-19
338  -4.277368668e-19  -3.67423861e-19
338.0804661  -4.269231041e-19  -3.667248429e-19
338.2612261  -4.251014006e-19  -3.651600085e-19
338.5220751  -4.224879546e-19  -3.629150713e-19
338.834721  -4.193793388e-19  -3.602447856e-19
339.165279  -4.161205809e-19  -3.574455286e-19
339.4779249  -4.130645978e-19  -3.548204542e-19
339.7387739  -4.105342219e-19  -3.526468738e-19
339.9195339  -4.087909808e-19  -3.511494383e-19
340  -4.080176496e-19  -3.504851505e-19
340.0804661  -4.072459637e-19  -3.498222762e-19
340.2612261  -4.055184188e-19  -3.483383236e-19
340.5220751  -4.030399687e-19  -3.462093472e-19
340.834721  -4.000917945e-19  -3.436768801e-19
341.165279  -3.970010724e-19  -3.410219651e-19
341.4779249  -3.941025242e-19  -3.385321264e-19
341.7387739  -3.917023986e-19  -3.364704304e-19
341.9195339  -3.900488337e-19  -3.350500262e-19
342  -3.893152694e-19  -3.344198981e-19
342.0804661  -3.885832569e-19  -3.33791103e-19
342.2612261  -3.869444939e-19  -3.323834137e-19
342.5220751  -3.845933362e-19  -3.303637808e-19
342.834721  -3.817964555e-19  -3.279612741e-19
343.165279  -3.788641969e-19  -3.254424784e-19
343.4779249  -3.761141233e-19  -3.230801787e-19
343.7387739  -3.73836841e-19  -3.211240044e-19
343.9195339  -3.722678557e-19  -3.197762538e-19
344  -3.715717993e-19  -3.191783447e-19
344.0804661  -3.708772067e-19  -3.185816931e-19
344.2612261  -3.69322185e-19  -3.172459371e-19
344.5220751  -3.670910969e-19  -3.153294435e-19
344.834721  -3.644369321e-19  -3.13049529e-19
345.165279  -3.616541611e-19  -3.106591424e-19
345.4779249  -3.590441596e-19  -3.08417164e-19
345.7387739  -3.568827743e-19  -3.065605446e-19
345.9195339  -3.55393589e-19  -3.052813418e-19
346  -3.547329215e-19  -3.047138317e-19
346.0804661  -3.540736355e-19  -3.041475082e-19
346.2612261  -3.525976273e-19  -3.028796245e-19
346.5220751  -3.504798344e-19  -3.010604508e-19
346.834721  -3.479603398e-19  -2.988962174e-19
347.165279  -3.453186365e-19  -2.966270073e-19
347.4779249  -3.428408248e-19  -2.944985792e-19
347.7387739  -3.407888197e-19  -2.92735917e-19
347.9195339  -3.393749502e-19  -2.9152141e-19
348  -3.387476839e-19  -2.909825913e-19
348.0804661  -3.381217215e-19  -2.904448928e-19
348.2612261  -3.367202912e-19  -2.89241071e-19
348.5220751  -3.34709437e-19  -2.875137572e-19
348.834721  -3.32317063e-19  -2.854587197e-19
349.165279  -3.298085263e-19  -2.833038991e-19
349.4779249  -3.274555072e-19  -2.812826672e-19
349.7387739  -3.255067666e-19  -2.796087086e-19
349.9195339  -3.241640042e-19  -2.784552824e-19
350  -3.235682732e-19  -2.779435524e-19
350.0804661  -3.229737736e-19  -2.774328801e-19
350.2612261  -3.216427576e-19  -2.76289544e-19
350.5220751  -3.197328759e-19  -2.74648965e-19
350.834721  -3.174605359e-19  -2.726970361e-19
351.165279  -3.150777489e-19  -2.706502338e-19
351.4779249  -3.12842578e-19  -2.68730233e-19
351.7387739  -3.109913599e-19  -2.671400458e-19
351.9195339  -3.097157533e-19  -2.660443061e-19
352  -3.091498059e-19  -2.6555816e-19
352.0804661  -3.085850217e-19  -2.650730132e-19
352.2612261  -3.073205109e-19  -2.639868046e-19
352.5220751  -3.055059995e-19  -2.624281482e-19
352.834721  -3.033470391e-19  -2.605736119e-19
353.165279  -3.010830365e-19  -2.586288448e-19
353.4779249  -2.989591921e-19  -2.568044729e-19
353.7387739  -2.97200104e-19  -2.552934249e-19
353.9195339  -2.959879421e-19  -2.542521839e-19
354  -2.95450133e-19  -2.537902085e-19
354.0804661  -2.94913423e-19  -2.533291772e-19
354.2612261  -2.937117457e-19  -2.522969424e-19
354.5220751  -2.919873424e-19  -2.508156884e-19
354.834721  -2.899355105e-19  -2.49053175e-19
355.165279  -2.877837494e-19  -2.472048227e-19
355.4779249  -2.857651046e-19  -2.454708168e-19
355.7387739  -2.840930801e-19  -2.44034556e-19
355.9195339  -2.829408761e-19  -2.430448184e-19
356  -2.824296594e-19  -2.426056858e-19
356.0804661  -2.819194816e-19  -2.421674456e-19
356.2612261  -2.807771878e-19  -2.411862208e-19
356.5220751  -2.79137948e-19  -2.397781219e-19
356.834721  -2.771873709e-19  -2.381025858e-19
357.165279  -2.751417022e-19  -2.363453665e-19
357.4779249  -2.732224991e-19  -2.346967805e-19
357.7387739  -2.716327766e-19  -2.333312167e-19
357.9195339  -2.705372533e-19  -2.323901676e-19
358  -2.70051176e-19  -2.319726296e-19
358.0804661  -2.69566081e-19  -2.315559354e-19
358.2612261  -2.68479928e-19  -2.306229353e-19
358.5220751  -2.66921204e-19  -2.29283999e-19
358.834721  -2.6506636e-19  -2.276906972e-19
359.165279  -2.631210036e-19  -2.260196456e-19
359.4779249  -2.61295829e-19  -2.244518296e-19
359.7387739  -2.597839318e-19  -2.231531174e-19
359.9195339  -2.587420079e-19  -2.222581099e-19
360  -2.582797039e-19  -2.218609931e-19
360.0804661  -2.57818329e-19  -2.214646743e-19
360.2612261  -2.567852677e-19  -2.205772797e-19
360.5220751  -2.553026893e-19  -2.193037521e-19
360.834721  -2.535383863e-19  -2.177882245e-19
361.165279  -2.516879063e-19  -2.161986714e-19
361.4779249  -2.499516693e-19  -2.147072523e-19
361.7387739  -2.485133871e-19  -2.13471775e-19
361.9195339  -2.475221647e-19  -2.126203199e-19
362  -2.470823492e-19  -2.122425205e-19
362.0804661  -2.466434126e-19  -2.118654762e-19
362.2612261  -2.456605751e-19  -2.110212236e-19
362.5220751  -2.442500315e-19  -2.098095736e-19
362.834721  -2.425713854e-19  -2.083676249e-19
363.165279  -2.408106684e-19  -2.068551776e-19
363.4779249  -2.391585797e-19  -2.054360416e-19
363.7387739  -2.377899514e-19  -2.042603966e-19
363.9195339  -2.368467039e-19  -2.034501517e-19
364  -2.364281679e-19  -2.030906313e-19
364.0804661  -2.360104637e-19  -2.027318255e-19
364.2612261  -2.350751517e-19  -2.01928397e-19
364.5220751  -2.33732775e-19  -2.007753021e-19
364.834721  -2.3213519e-19  -1.994029844e-19
365.165279  -2.304594239e-19  -1.979635096e-19
365.4779249  -2.288869764e-19  -1.96612785e-19
365.7387739  -2.275842741e-19  -1.954937701e-19
365.9195339  -2.266864354e-19  -1.947225311e-19
366  -2.262880411e-19  -1.943803123e-19
366.0804661  -2.258904342e-19  -1.9403877e-19
366.2612261  -2.250001079e-19  -1.93273984e-19
366.5220751  -2.237222575e-19  -1.921763168e-19
366.834721  -2.222014074e-19  -1.908699141e-19
367.165279  -2.206060626e-19  -1.894995207e-19
367.4779249  -2.191090133e-19  -1.882135628e-19
367.7387739  -2.178687273e-19  -1.871481633e-19
367.9195339  -2.170138816e-19  -1.86413855e-19
368  -2.166345576e-19  -1.860880176e-19
368.0804661  -2.162559795e-19  -1.857628208e-19
368.2612261  -2.154082475e-19  -1.850346232e-19
368.5220751  -2.141914954e-19  -1.839894392e-19
368.834721  -2.127433069e-19  -1.827454524e-19
369.165279  -2.112241178e-19  -1.814404764e-19
369.4779249  -2.097984711e-19  -1.802158529e-19
369.7387739  -2.086172963e-19  -1.792012296e-19
369.9195339  -2.078031681e-19  -1.785018975e-19
370  -2.074419057e-19  -1.781915749e-19
370.0804661  -2.070813497e-19  -1.77881859e-19
370.2612261  -2.0627396e-19  -1.771883153e-19
370.5220751  -2.051150775e-19  -1.761928409e-19
370.834721  -2.037357137e-19  -1.750079742e-19
371.165279  -2.022886624e-19  -1.737649643e-19
371.4779249  -2.009306543e-19  -1.72598442e-19
371.7387739  -1.998054771e-19  -1.716319203e-19
371.9195339  -1.990299229e-19  -1.709657231e-19
372  -1.986857715e-19  -1.706700987e-19
372.0804661  -1.983422894e-19  -1.703750493e-19
372.2612261  -1.975731201e-19  -1.697143366e-19
372.5220751  -1.964690651e-19  -1.687659589e-19
372.834721  -1.95154911e-19  -1.67637107e-19
373.165279  -1.937762115e-19  -1.664528109e-19
373.4779249  -1.924822951e-19  -1.653413431e-19
373.7387739  -1.914101812e-19  -1.644204025e-19
373.9195339  -1.90671181e-19  -1.637856049e-19
374  -1.903432448e-19  -1.635039094e-19
374.0804661  -1.90015943e-19  -1.632227588e-19
374.2612261  -1.892829943e-19  -1.625931594e-19
374.5220751  -1.882308999e-19  -1.616894155e-19
374.834721  -1.86978548e-19  -1.606136514e-19
375.165279  -1.856646317e-19  -1.594850038e-19
375.4779249  -1.844314638e-19  -1.584257187e-19
375.7387739  -1.834096472e-19  -1.575479832e-19
375.9195339  -1.827052966e-19  -1.569429495e-19
376  -1.823927312e-19  -1.566744574e-19
376.0804661  -1.820807672e-19  -1.564064819e-19
376.2612261  -1.813821539e-19  -1.558063765e-19
376.5220751  -1.803793171e-19  -1.549449446e-19
376.834721  -1.791855549e-19  -1.539195087e-19
377.165279  -1.779330572e-19  -1.528436194e-19
377.4779249  -1.767574852e-19  -1.518338088e-19
377.7387739  -1.757833577e-19  -1.509970381e-19
377.9195339  -1.75111861e-19  -1.504202258e-19
378  -1.7481387e-19  -1.50164253e-19
378.0804661  -1.745164494e-19  -1.499087702e-19
378.2612261  -1.738503935e-19  -1.493366314e-19
378.5220751  -1.728942652e-19  -1.485153219e-19
378.834721  -1.717560629e-19  -1.475376117e-19
379.165279  -1.705618103e-19  -1.465117547e-19
379.4779249  -1.694408608e-19  -1.455488645e-19
379.7387739  -1.685119623e-19  -1.447509453e-19
379.9195339  -1.678716256e-19  -1.442008992e-19
380  -1.675874578e-19  -1.439568005e-19
380.0804661  -1.673038312e-19  -1.437131666e-19
380.2612261  -1.666686556e-19  -1.431675539e-19
380.5220751  -1.65756831e-19  -1.423843011e-19
380.834721  -1.646713302e-19  -1.414518613e-19
381.165279  -1.635323288e-19  -1.404734646e-19
381.4779249  -1.624631962e-19  -1.39555085e-19
381.7387739  -1.615772053e-19  -1.387940232e-19
381.9195339  -1.609664303e-19  -1.382693705e-19
382  -1.60695377e-19  -1.38036537e-19
382.0804661  -1.604248371e-19  -1.378041446e-19
382.2612261  -1.598189592e-19  -1.372836985e-19
382.5220751  -1.589491691e-19  -1.365365531e-19
382.834721  -1.579136724e-19  -1.356470665e-19
383.165279  -1.568270965e-19  -1.347137032e-19
383.4779249  -1.558071331e-19  -1.338375597e-19
383.7387739  -1.54961859e-19  -1.331114733e-19
383.9195339  -1.543791369e-19  -1.32610918e-19
384  -1.54120529e-19  -1.32388775e-19
384.0804661  -1.538624084e-19  -1.321670507e-19
384.2612261  -1.532843344e-19  -1.31670488e-19
384.5220751  -1.524544367e-19  -1.3095761e-19
384.834721  -1.514663979e-19  -1.301088895e-19
385.165279  -1.5042958e-19  -1.29218268e-19
385.4779249  -1.494562861e-19  -1.283822134e-19
385.7387739  -1.486496602e-19  -1.276893256e-19
385.9195339  -1.480935668e-19  -1.272116442e-19
386  -1.478467726e-19  -1.269996492e-19
386.0804661  -1.47600441e-19  -1.267880516e-19
386.2612261  -1.470487604e-19  -1.263141607e-19
386.5220751  -1.462567326e-19  -1.256338126e-19
386.834721  -1.453137471e-19  -1.248237928e-19
387.165279  -1.443241684e-19  -1.239737495e-19
387.4779249  -1.433951833e-19  -1.231757559e-19
387.7387739  -1.426252521e-19  -1.225143888e-19
387.9195339  -1.420944423e-19  -1.220584258e-19
388  -1.418588652e-19  -1.218560662e-19
388.0804661  -1.416237274e-19  -1.21654084e-19
388.2612261  -1.41097108e-19  -1.212017205e-19
388.5220751  -1.403410396e-19  -1.205522615e-19
388.834721  -1.394408364e-19  -1.197789914e-19
389.165279  -1.384961175e-19  -1.189674825e-19
389.4779249  -1.376092114e-19  -1.182056345e-19
389.7387739  -1.368741294e-19  -1.175742028e-19
389.9195339  -1.363673322e-19  -1.171388665e-19
390  -1.361424086e-19  -1.169456582e-19
390.0804661  -1.359179023e-19  -1.167528084e-19
390.2612261  -1.354150856e-19  -1.163208913e-19
390.5220751  -1.346931718e-19  -1.157007709e-19
390.834721  -1.33833605e-19  -1.149624073e-19
391.165279  -1.329314978e-19  -1.141875016e-19
391.4779249  -1.320845634e-19  -1.134599891e-19
391.7387739  -1.313825869e-19  -1.128569948e-19
391.9195339  -1.308986014e-19  -1.124412536e-19
392  -1.306837987e-19  -1.122567391e-19
392.0804661  -1.304693924e-19  -1.120725652e-19
392.2612261  -1.299891889e-19  -1.116600728e-19
392.5220751  -1.292997239e-19  -1.110678258e-19
392.834721  -1.284787657e-19  -1.103626267e-19
393.165279  -1.276171451e-19  -1.096224989e-19
393.4779249  -1.268081909e-19  -1.089276111e-19
393.7387739  -1.261376715e-19  -1.083516383e-19
393.9195339  -1.256753626e-19  -1.079545172e-19
394  -1.254701772e-19  -1.07778264e-19
394.0804661  -1.252653687e-19  -1.076023345e-19
394.2612261  -1.248066541e-19  -1.072083009e-19
394.5220751  -1.241480254e-19  -1.066425421e-19
394.834721  -1.233637584e-19  -1.059688606e-19
395.165279  -1.225406157e-19  -1.052617851e-19
395.4779249  -1.217677586e-19  -1.045979046e-19
395.7387739  -1.211271379e-19  -1.040476146e-19
395.9195339  -1.206854321e-19  -1.036681915e-19
396  -1.20489388e-19  -1.034997906e-19
396.0804661  -1.202937022e-19  -1.033316974e-19
396.2612261  -1.198554133e-19  -1.029552095e-19
396.5220751  -1.192260962e-19  -1.024146292e-19
396.834721  -1.184767074e-19  -1.017709079e-19
397.165279  -1.176901428e-19  -1.010952528e-19
397.4779249  -1.169516019e-19  -1.004608498e-19
397.7387739  -1.163394058e-19  -9.993497637e-20
397.9195339  -1.159172881e-19  -9.957237932e-20
398  -1.157299351e-19  -9.941144399e-20
398.0804661  -1.155429226e-19  -9.925080122e-20
398.2612261  -1.151240539e-19  -9.889099506e-20
398.5220751  -1.145226061e-19  -9.837435435e-20
398.834721  -1.138063806e-19  -9.775912014e-20
399.165279  -1.130545969e-19  -9.711334167e-20
399.4779249  -1.123486876e-19  -9.650696907e-20
399.7387739  -1.117635217e-19  -9.600431444e-20
399.9195339  -1.113600316e-19  -9.56577184e-20
