#L=5 M=5
#R     Re(V)   Im(V)

0.08046609183  4.124427084e-08  -2.782559217e-08
0.2612261349  1.48764836e-05  -1.003456538e-05
0.5220750502  0.0004747511526  -0.0003200337056
0.8347210423  0.004969033887  -0.003345553484
1.165278958  0.02641266308  -0.01775179358
1.47792495  0.08692244389  -0.05830700425
1.738773865  0.1963887355  -0.1315189972
1.919533908  0.3225138493  -0.215752912
2  0.3959374785  -0.2649781295
2.080466092  0.3124382725  -0.2091365461
2.261226135  0.1890236316  -0.1269322201
2.52207505  0.09786258834  -0.06622283976
2.834721042  0.04876160161  -0.03358284764
3.165278958  0.02622112175  -0.01876520647
3.47792495  0.01694932112  -0.01296304495
3.738773865  0.01378174742  -0.01135595311
3.919533908  0.01314363461  -0.0114060698
4  0.01318304115  -0.01168194355
4.080466092  0.01155147663  -0.01025312564
4.261226135  0.008628008021  -0.007687410705
4.52207505  0.005722666149  -0.005128234876
4.834721042  0.00354410923  -0.003199902758
5.165278958  0.002159242878  -0.001967124249
5.47792495  0.001360107517  -0.001251430971
5.738773865  0.0009267965377  -0.000861080133
5.919533908  0.0007103006658  -0.0006650848072
6  0.0006307639225  -0.0005928542069
6.080466092  0.000559955749  -0.0005284236037
6.261226135  0.0004278362142  -0.0004078090023
6.52207505  0.0002884102399  -0.0002797526661
6.834721042  0.0001770716505  -0.0001765682521
7.165278958  0.0001025725497  -0.0001066801225
7.47792495  5.823297231e-05  -6.444668459e-05
7.738773865  3.396651824e-05  -4.092993603e-05
7.919533908  2.191612342e-05  -2.905518857e-05
8  1.753251983e-05  -2.468444896e-05
8.080466092  1.366367003e-05  -2.079619397e-05
8.261226135  6.577082993e-06  -1.357199002e-05
8.52207505  -5.658874188e-07  -6.070686074e-06
8.834721042  -5.744278526e-06  -3.267649103e-07
9.165278958  -8.609459919e-06  3.195269447e-06
9.47792495  -9.780388396e-06  4.98328401e-06
9.738773865  -1.004318314e-05  5.734616924e-06
9.919533908  -9.975341467e-06  5.98574548e-06
10  -9.897045682e-06  6.043734626e-06
10.08046609  -9.794866799e-06  6.074199118e-06
10.26122613  -9.495620827e-06  6.059416995e-06
10.52207505  -8.945994362e-06  5.887232753e-06
10.83472104  -8.190730857e-06  5.534328489e-06
11.16527896  -7.359487203e-06  5.073095661e-06
11.47792495  -6.591935357e-06  4.608103482e-06
11.73877387  -5.985321124e-06  4.22242381e-06
11.91953391  -5.587872109e-06  3.962925149e-06
12  -5.417481541e-06  3.85024577e-06
12.08046609  -5.251234279e-06  3.739544698e-06
12.26122613  -4.893099825e-06  3.498692649e-06
12.52207505  -4.41378894e-06  3.171746681e-06
12.83472104  -3.896338604e-06  2.813574486e-06
13.16527896  -3.413071308e-06  2.474771715e-06
13.47792495  -3.011386156e-06  2.190357718e-06
13.73877387  -2.713620445e-06  1.978031202e-06
13.91953391  -2.525493843e-06  1.843274966e-06
14  -2.446237027e-06  1.786367912e-06
14.08046609  -2.369624479e-06  1.73128559e-06
14.26122613  -2.20673486e-06  1.61393749e-06
14.52207505  -1.99261744e-06  1.459216734e-06
14.83472104  -1.765340609e-06  1.294437117e-06
15.16527896  -1.555652604e-06  1.141938292e-06
15.47792495  -1.382525003e-06  1.015709211e-06
15.73877387  -1.254487464e-06  9.221810102e-07
15.91953391  -1.173588514e-06  8.63013611e-07
16  -1.139482581e-06  8.380531292e-07
16.08046609  -1.106492964e-06  8.139006479e-07
16.26122613  -1.036254765e-06  7.624488633e-07
16.52207505  -9.436390735e-07  6.945471293e-07
16.83472104  -8.448108299e-07  6.220219212e-07
17.16527896  -7.529649511e-07  5.545611057e-07
17.47792495  -6.76492854e-07  4.983515135e-07
17.73877387  -6.194697159e-07  4.564150559e-07
17.91953391  -5.831974808e-07  4.297299914e-07
18  -5.678427508e-07  4.18431581e-07
18.08046609  -5.529526611e-07  4.074738984e-07
18.26122613  -5.211176796e-07  3.840426502e-07
18.52207505  -4.788375867e-07  3.529160168e-07
18.83472104  -4.332895526e-07  3.193744877e-07
19.16527896  -3.90497144e-07  2.878543242e-07
19.47792495  -3.544745349e-07  2.613152715e-07
19.73877387  -3.273485348e-07  2.413276578e-07
19.91953391  -3.099630084e-07  2.285159965e-07
20  -3.025705197e-07  2.230680775e-07
20.08046609  -2.953822058e-07  2.17770471e-07
20.26122613  -2.799462541e-07  2.063940645e-07
20.52207505  -2.592943765e-07  1.911724764e-07
20.83472104  -2.368345605e-07  1.746171291e-07
21.16527896  -2.155110638e-07  1.588983198e-07
21.47792495  -1.973746277e-07  1.455281564e-07
21.73877387  -1.835931254e-07  1.353680456e-07
21.91953391  -1.746994026e-07  1.288111756e-07
22  -1.70902466e-07  1.260118581e-07
22.08046609  -1.672013596e-07  1.232831714e-07
22.26122613  -1.592225426e-07  1.174006227e-07
22.52207505  -1.484775113e-07  1.094784898e-07
22.83472104  -1.366937008e-07  1.007903201e-07
23.16527896  -1.254028119e-07  9.246543848e-08
23.47792495  -1.157128106e-07  8.532080925e-08
23.73877387  -1.082916211e-07  7.984896595e-08
23.91953391  -1.034739726e-07  7.629676117e-08
24  -1.014100732e-07  7.477497771e-08
24.08046609  -9.939402842e-08  7.328847638e-08
24.26122613  -9.503319837e-08  7.007307269e-08
24.52207505  -8.9127392e-08  6.571848182e-08
24.83472104  -8.260405552e-08  6.090853909e-08
25.16527896  -7.630425034e-08  5.626339674e-08
25.47792495  -7.085597489e-08  5.224611414e-08
25.73877387  -6.665530664e-08  4.914874672e-08
25.91953391  -6.391449268e-08  4.712780145e-08
26  -6.273683883e-08  4.625945509e-08
26.08046609  -6.158442076e-08  4.540971603e-08
26.26122613  -5.908448141e-08  4.356637675e-08
26.52207505  -5.568253531e-08  4.105793709e-08
26.83472104  -5.190175463e-08  3.827015918e-08
27.16527896  -4.822586082e-08  3.555971757e-08
27.47792495  -4.50258311e-08  3.320015534e-08
27.73877387  -4.25443602e-08  3.137042604e-08
27.91953391  -4.091821718e-08  3.017137811e-08
28  -4.02177296e-08  2.96548686e-08
28.08046609  -3.953119233e-08  2.91486454e-08
28.26122613  -3.803819355e-08  2.804777185e-08
28.52207505  -3.599807636e-08  2.654347621e-08
28.83472104  -3.371875976e-08  2.48628047e-08
29.16527896  -3.148976376e-08  2.321923712e-08
29.47792495  -2.953825435e-08  2.178027621e-08
29.73877387  -2.801740917e-08  2.065886884e-08
29.91953391  -2.701701772e-08  1.992122214e-08
30  -2.658513268e-08  1.960276822e-08
30.08046609  -2.616128081e-08  1.929023761e-08
30.26122613  -2.523755419e-08  1.860912028e-08
30.52207505  -2.397077518e-08  1.767505044e-08
30.83472104  -2.254894848e-08  1.662665486e-08
31.16527896  -2.11514597e-08  1.5596205e-08
31.47792495  -1.992186054e-08  1.468954991e-08
31.73877387  -1.895944447e-08  1.397990445e-08
31.91953391  -1.832429339e-08  1.351157053e-08
32  -1.804955983e-08  1.330899347e-08
32.08046609  -1.777961983e-08  1.310995097e-08
32.26122613  -1.719021368e-08  1.267534745e-08
32.52207505  -1.637936307e-08  1.207746002e-08
32.83472104  -1.546559078e-08  1.140368242e-08
33.16527896  -1.456346031e-08  1.0738489e-08
33.47792495  -1.376623941e-08  1.015065153e-08
33.73877387  -1.313985994e-08  9.688785406e-09
33.91953391  -1.272527727e-08  9.383089415e-09
34  -1.254564538e-08  9.250636349e-09
34.08046609  -1.236896488e-08  9.120359505e-09
34.26122613  -1.198254594e-08  8.835430279e-09
34.52207505  -1.144946405e-08  8.442357897e-09
34.83472104  -1.084657168e-08  7.997810178e-09
35.16527896  -1.02490146e-08  7.557196484e-09
35.47792495  -9.718903049e-09  7.166314306e-09
35.73877387  -9.300978125e-09  6.858153875e-09
35.91953391  -9.023652424e-09  6.653665454e-09
36  -8.903310302e-09  6.564930186e-09
36.08046609  -8.78483643e-09  6.477572487e-09
36.26122613  -8.525337944e-09  6.286229112e-09
36.52207505  -8.166460154e-09  6.021607578e-09
36.83472104  -7.759293933e-09  5.721380166e-09
37.16527896  -7.35431341e-09  5.422764396e-09
37.47792495  -6.993801343e-09  5.156937814e-09
37.73877387  -6.708722074e-09  4.946732235e-09
37.91953391  -6.519113949e-09  4.806923101e-09
38  -6.436724715e-09  4.746172711e-09
38.08046609  -6.35554771e-09  4.686316169e-09
38.26122613  -6.177506549e-09  4.555036032e-09
38.52207505  -5.93073443e-09  4.37307655e-09
38.83472104  -5.64996004e-09  4.166045209e-09
39.16527896  -5.369813104e-09  3.959476527e-09
39.47792495  -5.119654022e-09  3.775019639e-09
39.73877387  -4.921298845e-09  3.628760793e-09
39.91953391  -4.789098219e-09  3.531281558e-09
40  -4.731584142e-09  3.488873073e-09
40.08046609  -4.67487428e-09  3.447057583e-09
40.26122613  -4.550347183e-09  3.355236488e-09
40.52207505  -4.377402244e-09  3.227714093e-09
40.83472104  -4.180121998e-09  3.082247857e-09
41.16527896  -3.982723338e-09  2.936694307e-09
41.47792495  -3.805961466e-09  2.806357464e-09
41.73877387  -3.665459237e-09  2.702756973e-09
41.91953391  -3.571641367e-09  2.633579583e-09
42  -3.530780937e-09  2.603450804e-09
42.08046609  -3.490464831e-09  2.573723387e-09
42.26122613  -3.401840572e-09  2.508375549e-09
42.52207505  -3.278534949e-09  2.417455119e-09
42.83472104  -3.137551463e-09  2.313499768e-09
43.16527896  -2.996120003e-09  2.2092141e-09
43.47792495  -2.869152711e-09  2.115593708e-09
43.73877387  -2.768005127e-09  2.041011692e-09
43.91953391  -2.70035076e-09  1.99112618e-09
44  -2.670855896e-09  1.969377895e-09
44.08046609  -2.641736203e-09  1.947906246e-09
44.26122613  -2.57766142e-09  1.90066017e-09
44.52207505  -2.48836527e-09  1.834816908e-09
44.83472104  -2.386050789e-09  1.759374472e-09
45.16527896  -2.283170445e-09  1.683514791e-09
45.47792495  -2.190597924e-09  1.61525567e-09
45.73877387  -2.116700472e-09  1.560766767e-09
45.91953391  -2.067196153e-09  1.524264343e-09
46  -2.045594397e-09  1.508336108e-09
46.08046609  -2.024255539e-09  1.492601723e-09
46.26122613  -1.977259538e-09  1.45794883e-09
46.52207505  -1.91166615e-09  1.409582997e-09
46.83472104  -1.8363645e-09  1.354058697e-09
47.16527896  -1.760483954e-09  1.298107543e-09
47.47792495  -1.692061477e-09  1.247655658e-09
47.73877387  -1.63734031e-09  1.207306548e-09
47.91953391  -1.600630191e-09  1.180238036e-09
48  -1.584597956e-09  1.168416533e-09
48.08046609  -1.568752754e-09  1.156732941e-09
48.26122613  -1.5338271e-09  1.130980219e-09
48.52207505  -1.485013235e-09  1.094986908e-09
48.83472104  -1.428875034e-09  1.053592937e-09
49.16527896  -1.372193854e-09  1.011798595e-09
49.47792495  -1.320984283e-09  9.740387909e-10
49.73877387  -1.27995902e-09  9.437884704e-10
49.91953391  -1.252400941e-09  9.234682904e-10
50  -1.240356393e-09  9.14587143e-10
50.08046609  -1.22844677e-09  9.058054827e-10
50.26122613  -1.202175965e-09  8.864344854e-10
50.52207505  -1.165411871e-09  8.593261738e-10
50.83472104  -1.123062297e-09  8.280993615e-10
51.16527896  -1.080225532e-09  7.965133152e-10
51.47792495  -1.041454549e-09  7.679252072e-10
51.73877387  -1.010345058e-09  7.449863644e-10
51.91953391  -9.894225523e-10  7.295589801e-10
52  -9.802716748e-10  7.228115041e-10
52.08046609  -9.712193846e-10  7.161367224e-10
52.26122613  -9.512374651e-10  7.014028872e-10
52.52207505  -9.232413768e-10  6.807597378e-10
52.83472104  -8.909431702e-10  6.569443854e-10
53.16527896  -8.58218622e-10  6.328146666e-10
53.47792495  -8.285509718e-10  6.10938977e-10
53.73877387  -8.047111094e-10  5.933604554e-10
53.91953391  -7.886598632e-10  5.81524935e-10
54  -7.816349256e-10  5.763450386e-10
54.08046609  -7.74682883e-10  5.712188919e-10
54.26122613  -7.593270934e-10  5.598961723e-10
54.52207505  -7.377891397e-10  5.440149823e-10
54.83472104  -7.129066812e-10  5.256676938e-10
55.16527896  -6.876565811e-10  5.070493217e-10
55.47792495  -6.647299753e-10  4.901441974e-10
55.73877387  -6.462819847e-10  4.765414175e-10
55.91953391  -6.338481954e-10  4.673732592e-10
56  -6.284031502e-10  4.633583097e-10
56.08046609  -6.230125983e-10  4.593835412e-10
56.26122613  -6.110986987e-10  4.505987278e-10
56.52207505  -5.943714376e-10  4.382647422e-10
56.83472104  -5.750215477e-10  4.239969393e-10
57.16527896  -5.553573869e-10  4.094974061e-10
57.47792495  -5.374771798e-10  3.963132862e-10
57.73877387  -5.230716394e-10  3.856912407e-10
57.91953391  -5.133530723e-10  3.785251741e-10
58  -5.090946747e-10  3.753852091e-10
58.08046609  -5.04877432e-10  3.7227559e-10
58.26122613  -4.955514984e-10  3.653990349e-10
58.52207505  -4.824454502e-10  3.557351809e-10
58.83472104  -4.672661532e-10  3.445425995e-10
59.16527896  -4.518195477e-10  3.33152916e-10
59.47792495  -4.377555533e-10  3.227827123e-10
59.73877387  -4.264112838e-10  3.144179205e-10
59.91953391  -4.187510959e-10  3.087696169e-10
60  -4.153928465e-10  3.062933837e-10
60.08046609  -4.120659759e-10  3.038402879e-10
60.26122613  -4.047051505e-10  2.984127218e-10
60.52207505  -3.943516452e-10  2.907784782e-10
60.83472104  -3.823467385e-10  2.819265601e-10
61.16527896  -3.701150549e-10  2.72907426e-10
61.47792495  -3.589643447e-10  2.646853567e-10
61.73877387  -3.499600862e-10  2.580459915e-10
61.91953391  -3.438748738e-10  2.535590094e-10
62  -3.412057793e-10  2.515909303e-10
62.08046609  -3.385608234e-10  2.496406499e-10
62.26122613  -3.327058986e-10  2.453234722e-10
62.52207505  -3.244637738e-10  2.392460727e-10
62.83472104  -3.148968871e-10  2.321918489e-10
63.16527896  -3.051377959e-10  2.249959015e-10
63.47792495  -2.962307829e-10  2.184282412e-10
63.73877387  -2.890309079e-10  2.131193532e-10
63.91953391  -2.841612919e-10  2.095287012e-10
64  -2.82024392e-10  2.079530402e-10
64.08046609  -2.799062165e-10  2.063911858e-10
64.26122613  -2.752152332e-10  2.029322501e-10
64.52207505  -2.686065258e-10  1.980592645e-10
64.83472104  -2.609279703e-10  1.923974175e-10
65.16527896  -2.530864903e-10  1.866154368e-10
65.47792495  -2.459218225e-10  1.813325092e-10
65.73877387  -2.40124746e-10  1.770579864e-10
65.91953391  -2.362010086e-10  1.741647858e-10
66  -2.344784326e-10  1.7289463e-10
66.08046609  -2.32770495e-10  1.71635268e-10
66.26122613  -2.289864094e-10  1.688450409e-10
66.52207505  -2.236514861e-10  1.649112906e-10
66.83472104  -2.174471287e-10  1.603364559e-10
67.16527896  -2.111045425e-10  1.55659697e-10
67.47792495  -2.053034286e-10  1.513821972e-10
67.73877387  -2.006053578e-10  1.479180355e-10
67.91953391  -1.974232668e-10  1.455716941e-10
68  -1.960257117e-10  1.445411952e-10
68.08046609  -1.946396852e-10  1.43519197e-10
68.26122613  -1.915675768e-10  1.412539522e-10
68.52207505  -1.872334666e-10  1.380581599e-10
68.83472104  -1.821885901e-10  1.343382781e-10
69.16527896  -1.770262698e-10  1.305317981e-10
69.47792495  -1.723000805e-10  1.27046903e-10
69.73877387  -1.684692611e-10  1.242222163e-10
69.91953391  -1.658728735e-10  1.223077482e-10
70  -1.647321154e-10  1.214666007e-10
70.08046609  -1.636004998e-10  1.206321945e-10
70.26122613  -1.610913307e-10  1.187820377e-10
70.52207505  -1.57549134e-10  1.161701694e-10
70.83472104  -1.534226176e-10  1.131274481e-10
71.16527896  -1.491961372e-10  1.100110175e-10
71.47792495  -1.45323182e-10  1.071552616e-10
71.73877387  -1.421814104e-10  1.048386501e-10
71.91953391  -1.40050715e-10  1.032675641e-10
72  -1.391142238e-10  1.025770345e-10
72.08046609  -1.381850303e-10  1.018918859e-10
72.26122613  -1.361239544e-10  1.003721344e-10
72.52207505  -1.332125629e-10  9.822539555e-11
72.83472104  -1.298182494e-10  9.572257009e-11
73.16527896  -1.263386753e-10  9.315687711e-11
73.47792495  -1.231473914e-10  9.080375727e-11
73.73877387  -1.205566148e-10  8.889342649e-11
73.91953391  -1.187985655e-10  8.759711419e-11
74  -1.180255946e-10  8.702715766e-11
74.08046609  -1.17258485e-10  8.646152297e-11
74.26122613  -1.155563516e-10  8.520644071e-11
74.52207505  -1.13150605e-10  8.343254331e-11
74.83472104  -1.103437276e-10  8.136286884e-11
75.16527896  -1.074639684e-10  7.923945438e-11
75.47792495  -1.048206392e-10  7.729037352e-11
75.73877387  -1.026731521e-10  7.570690598e-11
75.91953391  -1.012151019e-10  7.463180046e-11
76  -1.005738237e-10  7.415894865e-11
76.08046609  -9.993728073e-11  7.368958837e-11
76.26122613  -9.852440342e-11  7.264779149e-11
76.52207505  -9.65263948e-11  7.117454315e-11
76.83472104  -9.419360149e-11  6.945443852e-11
77.16527896  -9.179836209e-11  6.768828876e-11
77.47792495  -8.959806514e-11  6.606588143e-11
77.73877387  -8.780927612e-11  6.474690291e-11
77.91953391  -8.65941272e-11  6.385090271e-11
78  -8.605951603e-11  6.34567027e-11
78.08046609  -8.552875155e-11  6.306533908e-11
78.26122613  -8.435029946e-11  6.219639759e-11
78.52207505  -8.268293954e-11  6.096695583e-11
78.83472104  -8.073489863e-11  5.95305516e-11
79.16527896  -7.873322426e-11  5.805460029e-11
79.47792495  -7.689310471e-11  5.669777277e-11
79.73877387  -7.539615453e-11  5.559398406e-11
79.91953391  -7.437874755e-11  5.484379053e-11
80  -7.393100222e-11  5.451364177e-11
80.08046609  -7.34863983e-11  5.418580936e-11
80.26122613  -7.249895974e-11  5.345771329e-11
80.52207505  -7.110117321e-11  5.242704372e-11
80.83472104  -6.94670493e-11  5.122210881e-11
81.16527896  -6.778674835e-11  4.998312488e-11
81.47792495  -6.624098099e-11  4.884334041e-11
81.73877387  -6.498270765e-11  4.791554206e-11
81.91953391  -6.412711169e-11  4.728466123e-11
82  -6.375047151e-11  4.700694245e-11
82.08046609  -6.337640963e-11  4.67311248e-11
82.26122613  -6.254541007e-11  4.611838034e-11
82.52207505  -6.13685237e-11  4.525059335e-11
82.83472104  -5.999181915e-11  4.423546875e-11
83.16527896  -5.857525987e-11  4.319095694e-11
83.47792495  -5.727124777e-11  4.222943273e-11
83.73877387  -5.62091387e-11  4.144627774e-11
83.91953391  -5.548660296e-11  4.091350997e-11
84  -5.516845215e-11  4.067891882e-11
84.08046609  -5.485242756e-11  4.044589545e-11
84.26122613  -5.41501755e-11  3.992808403e-11
84.52207505  -5.315518229e-11  3.919441748e-11
84.83472104  -5.199058437e-11  3.833569148e-11
85.16527896  -5.079150433e-11  3.74515398e-11
85.47792495  -4.968699032e-11  3.663711717e-11
85.73877387  -4.878686424e-11  3.597340169e-11
85.91953391  -4.817425876e-11  3.552169192e-11
86  -4.790444446e-11  3.53227421e-11
86.08046609  -4.763639156e-11  3.512509105e-11
86.26122613  -4.704058928e-11  3.468577127e-11
86.52207505  -4.619606209e-11  3.406305209e-11
86.83472104  -4.520703615e-11  3.333378556e-11
87.16527896  -4.418810418e-11  3.258246757e-11
87.47792495  -4.324896111e-11  3.188998258e-11
87.73877387  -4.248319296e-11  3.132533704e-11
87.91953391  -4.196181388e-11  3.094089382e-11
88  -4.173212338e-11  3.077152961e-11
88.08046609  -4.150389837e-11  3.0603246e-11
88.26122613  -4.099649961e-11  3.022911128e-11
88.52207505  -4.027698946e-11  2.969857447e-11
88.83472104  -3.943392972e-11  2.907693733e-11
89.16527896  -3.856487072e-11  2.843612942e-11
89.47792495  -3.776340026e-11  2.784515848e-11
89.73877387  -3.710955339e-11  2.736303904e-11
89.91953391  -3.666420166e-11  2.703465522e-11
90  -3.646795909e-11  2.688995412e-11
90.08046609  -3.627294086e-11  2.67461558e-11
90.26122613  -3.583926898e-11  2.642638422e-11
90.52207505  -3.5224068e-11  2.597276064e-11
90.83472104  -3.450286785e-11  2.544097769e-11
91.16527896  -3.375901171e-11  2.489248916e-11
91.47792495  -3.307262659e-11  2.438637736e-11
91.73877387  -3.25123924e-11  2.3973284e-11
91.91953391  -3.21306591e-11  2.369180976e-11
92  -3.196241245e-11  2.356775169e-11
92.08046609  -3.179519274e-11  2.344445084e-11
92.26122613  -3.1423256e-11  2.317020018e-11
92.52207505  -3.089543605e-11  2.278100773e-11
92.83472104  -3.027637635e-11  2.232453889e-11
93.16527896  -2.963752842e-11  2.185347904e-11
93.47792495  -2.904772579e-11  2.141858314e-11
93.73877387  -2.856609687e-11  2.106345004e-11
93.91953391  -2.823780558e-11  2.082138171e-11
94  -2.809308246e-11  2.071466892e-11
94.08046609  -2.794922396e-11  2.060859365e-11
94.26122613  -2.762918074e-11  2.037260711e-11
94.52207505  -2.717484231e-11  2.003759687e-11
94.83472104  -2.664172182e-11  1.964449603e-11
95.16527896  -2.609127881e-11  1.923862228e-11
95.47792495  -2.558283589e-11  1.886371764e-11
95.73877387  -2.516745778e-11  1.855743513e-11
95.91953391  -2.488422714e-11  1.834859265e-11
96  -2.475934306e-11  1.825650833e-11
96.08046609  -2.463518956e-11  1.816496272e-11
96.26122613  -2.435892847e-11  1.796125929e-11
96.52207505  -2.396661041e-11  1.767198029e-11
96.83472104  -2.350606219e-11  1.733239122e-11
97.16527896  -2.30303164e-11  1.698159609e-11
97.47792495  -2.259065701e-11  1.665740957e-11
97.73877387  -2.223131727e-11  1.639244741e-11
97.91953391  -2.198621599e-11  1.621171993e-11
98  -2.187812309e-11  1.613201673e-11
98.08046609  -2.177064968e-11  1.605277032e-11
98.26122613  -2.15314581e-11  1.58764004e-11
98.52207505  -2.119167153e-11  1.562585595e-11
98.83472104  -2.079262259e-11  1.533161387e-11
99.16527896  -2.038021157e-11  1.502751916e-11
99.47792495  -1.999890467e-11  1.474635934e-11
99.73877387  -1.968712805e-11  1.451646824e-11
99.91953391  -1.947440145e-11  1.435961251e-11
100  -1.938056865e-11  1.429042411e-11
100.0804661  -1.928726288e-11  1.422162433e-11
100.2612261  -1.907956403e-11  1.406847584e-11
100.5220751  -1.878442239e-11  1.385085069e-11
100.834721  -1.843766452e-11  1.359516588e-11
101.165279  -1.807913364e-11  1.333080014e-11
101.4779249  -1.774749438e-11  1.308626316e-11
101.7387739  -1.747622067e-11  1.288623723e-11
101.9195339  -1.729107291e-11  1.274971698e-11
102  -1.720939033e-11  1.268948765e-11
102.0804661  -1.712815757e-11  1.262958999e-11
102.2612261  -1.694730093e-11  1.249623384e-11
102.5220751  -1.669022491e-11  1.230667669e-11
102.834721  -1.638807224e-11  1.20838819e-11
103.165279  -1.607552535e-11  1.185342284e-11
103.4779249  -1.578629624e-11  1.164015734e-11
103.7387739  -1.554962257e-11  1.146564404e-11
103.9195339  -1.53880424e-11  1.134650155e-11
104  -1.531674492e-11  1.129392975e-11
104.0804661  -1.524583254e-11  1.124164192e-11
104.2612261  -1.508792607e-11  1.112520827e-11
104.5220751  -1.486340724e-11  1.095965743e-11
104.834721  -1.459942166e-11  1.076500546e-11
105.165279  -1.43262408e-11  1.056357327e-11
105.4779249  -1.407333583e-11  1.037709168e-11
105.7387739  -1.386630968e-11  1.022443922e-11
105.9195339  -1.372493036e-11  1.0120192e-11
106  -1.366253615e-11  1.00741851e-11
106.0804661  -1.360047261e-11  1.002842203e-11
106.2612261  -1.346224774e-11  9.926500772e-12
106.5220751  -1.326565835e-11  9.781543947e-12
106.834721  -1.303442848e-11  9.61104467e-12
107.165279  -1.27950481e-11  9.434535547e-12
107.4779249  -1.257334631e-11  9.271061879e-12
107.7387739  -1.239179852e-11  9.1371961e-12
107.9195339  -1.226778481e-11  9.045753563e-12
108  -1.221304571e-11  9.005391229e-12
108.0804661  -1.215859135e-11  8.965238853e-12
108.2612261  -1.203729397e-11  8.875799212e-12
108.5220751  -1.186473328e-11  8.748560148e-12
108.834721  -1.16616957e-11  8.598848696e-12
109.165279  -1.145141997e-11  8.443800127e-12
109.4779249  -1.125659841e-11  8.300146825e-12
109.7387739  -1.10970079e-11  8.182471426e-12
109.9195339  -1.098796447e-11  8.102067346e-12
110  -1.093982575e-11  8.066571859e-12
110.0804661  -1.08919329e-11  8.031257664e-12
110.2612261  -1.078523493e-11  7.952583029e-12
110.5220751  -1.063340449e-11  7.840629581e-12
110.834721  -1.045469868e-11  7.708859362e-12
111.165279  -1.026955305e-11  7.572340687e-12
111.4779249  -1.009795099e-11  7.445808476e-12
111.7387739  -9.957334733e-12  7.342123904e-12
111.9195339  -9.861231593e-12  7.271261451e-12
112  -9.818799222e-12  7.239973588e-12
112.0804661  -9.776579714e-12  7.208842681e-12
112.2612261  -9.682507176e-12  7.13947751e-12
112.5220751  -9.54860923e-12  7.040746741e-12
112.834721  -9.390959299e-12  6.924502248e-12
113.165279  -9.227569516e-12  6.804025428e-12
113.4779249  -9.076077618e-12  6.692321612e-12
113.7387739  -8.951900838e-12  6.600758827e-12
113.9195339  -8.867012466e-12  6.538165677e-12
114  -8.829526362e-12  6.510524985e-12
114.0804661  -8.792225016e-12  6.483020526e-12
114.2612261  -8.709099145e-12  6.421726971e-12
114.5220751  -8.590753636e-12  6.334463922e-12
114.834721  -8.451371588e-12  6.231689405e-12
115.165279  -8.306864611e-12  6.125135979e-12
115.4779249  -8.17283418e-12  6.026307521e-12
115.7387739  -8.062936745e-12  5.94527373e-12
115.9195339  -7.987792196e-12  5.88986527e-12
116  -7.954604292e-12  5.865393891e-12
116.0804661  -7.921577148e-12  5.841041051e-12
116.2612261  -7.84796617e-12  5.786763382e-12
116.5220751  -7.743142563e-12  5.70947082e-12
116.834721  -7.619648891e-12  5.61841173e-12
117.165279  -7.491571527e-12  5.523972816e-12
117.4779249  -7.372739929e-12  5.436351345e-12
117.7387739  -7.275275823e-12  5.364485373e-12
117.9195339  -7.20861767e-12  5.315334427e-12
118  -7.179173874e-12  5.293623798e-12
118.0804661  -7.14987029e-12  5.272016556e-12
118.2612261  -7.084549691e-12  5.223851867e-12
118.5220751  -6.991510872e-12  5.155248917e-12
118.834721  -6.881869127e-12  5.074403661e-12
119.165279  -6.768120958e-12  4.990530498e-12
119.4779249  -6.662550097e-12  4.912686943e-12
119.7387739  -6.575937484e-12  4.84882241e-12
119.9195339  -6.516687934e-12  4.805134259e-12
120  -6.490513227e-12  4.78583412e-12
120.0804661  -6.464461092e-12  4.766624361e-12
120.2612261  -6.406380817e-12  4.723798385e-12
120.5220751  -6.323636728e-12  4.662786341e-12
120.834721  -6.22609944e-12  4.590866407e-12
121.165279  -6.12487735e-12  4.516229454e-12
121.4779249  -6.030902767e-12  4.44693651e-12
121.7387739  -5.953782645e-12  4.390071345e-12
121.9195339  -5.901015471e-12  4.351163028e-12
122  -5.877701567e-12  4.333972326e-12
122.0804661  -5.854495052e-12  4.316860809e-12
122.2612261  -5.802752321e-12  4.278707874e-12
122.5220751  -5.729021535e-12  4.224341863e-12
122.834721  -5.642085358e-12  4.160238747e-12
123.165279  -5.551837508e-12  4.093693741e-12
123.4779249  -5.468026118e-12  4.031894713e-12
123.7387739  -5.399227984e-12  3.981165834e-12
123.9195339  -5.352145212e-12  3.946448959e-12
124  -5.331340301e-12  3.931108285e-12
124.0804661  -5.310629682e-12  3.915837137e-12
124.2612261  -5.264446392e-12  3.881783503e-12
124.5220751  -5.198624155e-12  3.833248926e-12
124.834721  -5.12099256e-12  3.776006621e-12
125.165279  -5.040380072e-12  3.716566331e-12
125.4779249  -4.965494979e-12  3.661349182e-12
125.7387739  -4.904008219e-12  3.616011406e-12
125.9195339  -4.861920696e-12  3.58497782e-12
126  -4.843320902e-12  3.571263106e-12
126.0804661  -4.824804069e-12  3.557609565e-12
126.2612261  -4.783507956e-12  3.527159531e-12
126.5220751  -4.724639531e-12  3.483752406e-12
126.834721  -4.655191671e-12  3.432544447e-12
127.165279  -4.583056653e-12  3.379355089e-12
127.4779249  -4.516027755e-12  3.329930771e-12
127.7387739  -4.460977745e-12  3.289339187e-12
127.9195339  -4.4232889e-12  3.261549003e-12
128  -4.406631125e-12  3.249266253e-12
128.0804661  -4.390046492e-12  3.237037435e-12
128.2612261  -4.353055374e-12  3.209761725e-12
128.5220751  -4.300313748e-12  3.170872248e-12
128.834721  -4.238078404e-12  3.124982497e-12
129.165279  -4.173417167e-12  3.077303994e-12
129.4779249  -4.113316537e-12  3.032988293e-12
129.7387739  -4.063944614e-12  2.996583493e-12
129.9195339  -4.03013684e-12  2.971655048e-12
130  -4.01519278e-12  2.960635921e-12
130.0804661  -4.00031333e-12  2.949664434e-12
130.2612261  -3.967121892e-12  2.92519045e-12
130.5220751  -3.919789072e-12  2.890289201e-12
130.834721  -3.863922784e-12  2.849095727e-12
131.165279  -3.805863362e-12  2.806285127e-12
131.4779249  -3.751884569e-12  2.766483413e-12
131.7387739  -3.707531192e-12  2.733779081e-12
131.9195339  -3.677154404e-12  2.711380502e-12
132  -3.663725509e-12  2.701478594e-12
132.0804661  -3.650353795e-12  2.691618849e-12
132.2612261  -3.62052248e-12  2.66962248e-12
132.5220751  -3.577973754e-12  2.638248822e-12
132.834721  -3.527742419e-12  2.601210327e-12
133.165279  -3.475525637e-12  2.562707847e-12
133.4779249  -3.426966323e-12  2.526902232e-12
133.7387739  -3.387056898e-12  2.497474684e-12
133.9195339  -3.359718886e-12  2.477316773e-12
134  -3.347632114e-12  2.46840449e-12
134.0804661  -3.335596041e-12  2.459529591e-12
134.2612261  -3.308741673e-12  2.439728299e-12
134.5220751  -3.270432339e-12  2.411480591e-12
134.834721  -3.225195682e-12  2.378124965e-12
135.165279  -3.178159179e-12  2.343442207e-12
135.4779249  -3.134406352e-12  2.311180694e-12
135.7387739  -3.098439242e-12  2.284660045e-12
135.9195339  -3.073797521e-12  2.266490267e-12
136  -3.062901745e-12  2.258456176e-12
136.0804661  -3.052051003e-12  2.25045529e-12
136.2612261  -3.027838871e-12  2.232602272e-12
136.5220751  -2.993293011e-12  2.207129594e-12
136.834721  -2.95249145e-12  2.177044222e-12
137.165279  -2.910056152e-12  2.145754201e-12
137.4779249  -2.870573724e-12  2.116641503e-12
137.7387739  -2.838110104e-12  2.092704182e-12
137.9195339  -2.815865006e-12  2.076301573e-12
138  -2.80602798e-12  2.06904816e-12
138.0804661  -2.796231022e-12  2.061824291e-12
138.2612261  -2.77436816e-12  2.045703527e-12
138.5220751  -2.743169124e-12  2.022698657e-12
138.834721  -2.706312625e-12  1.995522211e-12
139.165279  -2.667971271e-12  1.967250892e-12
139.4779249  -2.63228949e-12  1.940940634e-12
139.7387739  -2.602944728e-12  1.919303028e-12
139.9195339  -2.582833537e-12  1.904473874e-12
140  -2.573939303e-12  1.897915636e-12
140.0804661  -2.565080782e-12  1.891383732e-12
140.2612261  -2.545310265e-12  1.876805776e-12
140.5220751  -2.517092583e-12  1.855999232e-12
140.834721  -2.48375119e-12  1.831414678e-12
141.165279  -2.449058569e-12  1.805833785e-12
141.4779249  -2.416765024e-12  1.782021869e-12
141.7387739  -2.390201345e-12  1.762434919e-12
141.9195339  -2.371993303e-12  1.749009067e-12
142  -2.363939999e-12  1.743070896e-12
142.0804661  -2.355918577e-12  1.737156234e-12
142.2612261  -2.338014663e-12  1.723954633e-12
142.5220751  -2.312457153e-12  1.70510959e-12
142.834721  -2.282252912e-12  1.68283824e-12
143.165279  -2.250817549e-12  1.659659113e-12
143.4779249  -2.221549493e-12  1.638078068e-12
143.7387739  -2.197469724e-12  1.620322649e-12
143.9195339  -2.180961768e-12  1.608150369e-12
144  -2.173659747e-12  1.602766164e-12
144.0804661  -2.166386233e-12  1.597402977e-12
144.2612261  -2.15015021e-12  1.58543121e-12
144.5220751  -2.126970097e-12  1.56833916e-12
144.834721  -2.099570163e-12  1.54813559e-12
145.165279  -2.071047204e-12  1.527103948e-12
145.4779249  -2.044485001e-12  1.507518086e-12
145.7387739  -2.022627219e-12  1.491401068e-12
145.9195339  -2.007640337e-12  1.480350365e-12
146  -2.001010561e-12  1.475461845e-12
146.0804661  -1.994406314e-12  1.470592148e-12
146.2612261  -1.979662955e-12  1.459721009e-12
146.5220751  -1.958610834e-12  1.444198052e-12
146.834721  -1.933721565e-12  1.425845742e-12
147.165279  -1.907806691e-12  1.406737193e-12
147.4779249  -1.883668197e-12  1.388938473e-12
147.7387739  -1.863801142e-12  1.374289334e-12
147.9195339  -1.850177254e-12  1.364243646e-12
148  -1.844149916e-12  1.359799338e-12
148.0804661  -1.838145474e-12  1.355371913e-12
148.2612261  -1.824739994e-12  1.34548727e-12
148.5220751  -1.805595509e-12  1.331370925e-12
148.834721  -1.782957408e-12  1.314678532e-12
149.165279  -1.759381608e-12  1.297294719e-12
149.4779249  -1.737417347e-12  1.281099188e-12
149.7387739  -1.719336488e-12  1.267767115e-12
149.9195339  -1.706935754e-12  1.258623331e-12
150  -1.701449099e-12  1.2545777e-12
150.0804661  -1.695983008e-12  1.250547232e-12
150.2612261  -1.683778444e-12  1.241548094e-12
150.5220751  -1.666346583e-12  1.228694566e-12
150.834721  -1.645729936e-12  1.213492709e-12
151.165279  -1.624255016e-12  1.197657997e-12
151.4779249  -1.604244032e-12  1.182902731e-12
151.7387739  -1.587768177e-12  1.170754122e-12
151.9195339  -1.576466694e-12  1.162420879e-12
152  -1.571465996e-12  1.158733573e-12
152.0804661  -1.566483794e-12  1.155059905e-12
152.2612261  -1.555358758e-12  1.146856766e-12
152.5220751  -1.539466648e-12  1.135138587e-12
152.834721  -1.520667779e-12  1.121277084e-12
153.165279  -1.501082487e-12  1.106835705e-12
153.4779249  -1.482828766e-12  1.093376172e-12
153.7387739  -1.46779714e-12  1.082292477e-12
153.9195339  -1.457484947e-12  1.074688695e-12
154  -1.452921634e-12  1.071323898e-12
154.0804661  -1.448374982e-12  1.067971386e-12
154.2612261  -1.438221715e-12  1.06048479e-12
154.5220751  -1.42371587e-12  1.049788784e-12
154.834721  -1.406553901e-12  1.037134263e-12
155.165279  -1.388670585e-12  1.023947851e-12
155.4779249  -1.371999967e-12  1.011655631e-12
155.7387739  -1.358269687e-12  1.001531495e-12
155.9195339  -1.348849044e-12  9.945851045e-13
156  -1.344679938e-12  9.915109796e-13
156.0804661  -1.340525858e-12  9.884479344e-13
156.2612261  -1.331248554e-12  9.816072363e-13
156.5220751  -1.317992487e-12  9.71832765e-13
156.834721  -1.302306538e-12  9.602665992e-13
157.165279  -1.285958251e-12  9.482120533e-13
157.4779249  -1.270715754e-12  9.36972871e-13
157.7387739  -1.258159646e-12  9.277145202e-13
157.9195339  -1.249543542e-12  9.213613639e-13
158  -1.245730202e-12  9.185495657e-13
158.0804661  -1.241930432e-12  9.157477736e-13
158.2612261  -1.233443779e-12  9.094900689e-13
158.5220751  -1.221315936e-12  9.005475028e-13
158.834721  -1.206962697e-12  8.899640223e-13
159.165279  -1.192000691e-12  8.789316619e-13
159.4779249  -1.178048196e-12  8.686436731e-13
159.7387739  -1.166552897e-12  8.601675185e-13
159.9195339  -1.15866376e-12  8.543503975e-13
160  -1.15517191e-12  8.517756527e-13
160.0804661  -1.151692331e-12  8.492099561e-13
160.2612261  -1.143920252e-12  8.434791487e-13
160.5220751  -1.132812218e-12  8.352885474e-13
160.834721  -1.119663845e-12  8.255934848e-13
161.165279  -1.105955392e-12  8.154854421e-13
161.4779249  -1.093169625e-12  8.060577507e-13
161.7387739  -1.082633938e-12  7.982891736e-13
161.9195339  -1.075402509e-12  7.929570191e-13
162  -1.072201544e-12  7.905967608e-13
162.0804661  -1.069011689e-12  7.882446948e-13
162.2612261  -1.061886244e-12  7.829906885e-13
162.5220751  -1.051701186e-12  7.754806503e-13
162.834721  -1.039643466e-12  7.665897904e-13
163.165279  -1.027069964e-12  7.573186136e-13
163.4779249  -1.01534075e-12  7.486699793e-13
163.7387739  -1.005674208e-12  7.41542274e-13
163.9195339  -9.990385633e-13  7.366494261e-13
164  -9.961011174e-13  7.344834758e-13
164.0804661  -9.93173743e-13  7.323249519e-13
164.2612261  -9.866341732e-13  7.275029455e-13
164.5220751  -9.772854768e-13  7.206096061e-13
164.834721  -9.662162356e-13  7.124476087e-13
165.165279  -9.546715587e-13  7.039350448e-13
165.4779249  -9.43900286e-13  6.959927569e-13
165.7387739  -9.350219063e-13  6.894462095e-13
165.9195339  -9.289266045e-13  6.849517879e-13
166  -9.262281742e-13  6.829620778e-13
166.0804661  -9.235388846e-13  6.809791076e-13
166.2612261  -9.175307787e-13  6.765489805e-13
166.5220751  -9.089408693e-13  6.702151391e-13
166.834721  -8.987685737e-13  6.62714512e-13
167.165279  -8.881576302e-13  6.548904443e-13
167.4779249  -8.782559232e-13  6.47589338e-13
167.7387739  -8.700931128e-13  6.415704215e-13
167.9195339  -8.644884493e-13  6.374377761e-13
168  -8.620070648e-13  6.356081065e-13
168.0804661  -8.595339858e-13  6.337845611e-13
168.2612261  -8.540085517e-13  6.297103361e-13
168.5220751  -8.461078556e-13  6.238846919e-13
168.834721  -8.367503987e-13  6.169848929e-13
169.165279  -8.269878711e-13  6.097864117e-13
169.4779249  -8.178764209e-13  6.030680078e-13
169.7387739  -8.103640227e-13  5.975286782e-13
169.9195339  -8.052053778e-13  5.937249084e-13
170  -8.029213152e-13  5.920407357e-13
170.0804661  -8.006448078e-13  5.90362134e-13
170.2612261  -7.955582353e-13  5.866115073e-13
170.5220751  -7.882842737e-13  5.81247991e-13
170.834721  -7.796679079e-13  5.748946417e-13
171.165279  -7.706771492e-13  5.682652307e-13
171.4779249  -7.622846923e-13  5.620769826e-13
171.7387739  -7.553641482e-13  5.569740616e-13
171.9195339  -7.506114158e-13  5.534695946e-13
172  -7.485069447e-13  5.519178453e-13
172.0804661  -7.46409354e-13  5.503711693e-13
172.2612261  -7.417222562e-13  5.469150986e-13
172.5220751  -7.350188501e-13  5.419722862e-13
172.834721  -7.270772526e-13  5.361164829e-13
173.165279  -7.187893182e-13  5.300053053e-13
173.4779249  -7.110517397e-13  5.242999371e-13
173.7387739  -7.046703563e-13  5.195945709e-13
173.9195339  -7.00287442e-13  5.163627924e-13
174  -6.983466045e-13  5.149316997e-13
174.0804661  -6.964120396e-13  5.135052321e-13
174.2612261  -6.920889617e-13  5.103175745e-13
174.5220751  -6.859055346e-13  5.057581729e-13
174.834721  -6.785789853e-13  5.003558806e-13
175.165279  -6.709317826e-13  4.947171518e-13
175.4779249  -6.637913283e-13  4.894520782e-13
175.7387739  -6.579016319e-13  4.851092614e-13
175.9195339  -6.53856012e-13  4.821261898e-13
176  -6.520644278e-13  4.808051502e-13
176.0804661  -6.50278568e-13  4.794883316e-13
176.2612261  -6.462875565e-13  4.765455259e-13
176.5220751  -6.405785196e-13  4.723359199e-13
176.834721  -6.338131795e-13  4.673474399e-13
177.165279  -6.267507195e-13  4.621398761e-13
177.4779249  -6.201553026e-13  4.572766903e-13
177.7387739  -6.147144703e-13  4.532648472e-13
177.9195339  -6.109768041e-13  4.505088478e-13
178  -6.093214988e-13  4.492882947e-13
178.0804661  -6.076714234e-13  4.480715978e-13
178.2612261  -6.039836456e-13  4.45352384e-13
178.5220751  -5.98707858e-13  4.41462238e-13
178.834721  -5.924551322e-13  4.368517384e-13
179.165279  -5.859268703e-13  4.3203807e-13
179.4779249  -5.798294597e-13  4.275420934e-13
179.7387739  -5.747988192e-13  4.238327086e-13
179.9195339  -5.71342606e-13  4.21284241e-13
180  -5.698118608e-13  4.201555332e-13
180.0804661  -5.682858981e-13  4.190303518e-13
180.2612261  -5.648753075e-13  4.165155244e-13
180.5220751  -5.599955988e-13  4.129174304e-13
180.834721  -5.542115753e-13  4.086525324e-13
181.165279  -5.481718292e-13  4.041990752e-13
181.4779249  -5.425299107e-13  4.000389595e-13
181.7387739  -5.378744977e-13  3.966062518e-13
181.9195339  -5.346757751e-13  3.94247647e-13
182  -5.332589923e-13  3.932029704e-13
182.0804661  -5.318465875e-13  3.921615219e-13
182.2612261  -5.286896275e-13  3.898337111e-13
182.5220751  -5.241723768e-13  3.865028786e-13
182.834721  -5.188173304e-13  3.825542904e-13
183.165279  -5.132247658e-13  3.784305662e-13
183.4779249  -5.079998647e-13  3.745779418e-13
183.7387739  -5.036880324e-13  3.713985763e-13
183.9195339  -5.007251088e-13  3.692138397e-13
184  -4.994126946e-13  3.682461202e-13
184.0804661  -4.981042918e-13  3.672813585e-13
184.2612261  -4.951796345e-13  3.65124838e-13
184.5220751  -4.909943974e-13  3.620388185e-13
184.834721  -4.860323507e-13  3.583800119e-13
185.165279  -4.808495267e-13  3.545584133e-13
185.4779249  -4.760067862e-13  3.509875782e-13
185.7387739  -4.72009859e-13  3.480404105e-13
185.9195339  -4.692630768e-13  3.460150478e-13
186  -4.680463365e-13  3.451178741e-13
186.0804661  -4.668332752e-13  3.442234133e-13
186.2612261  -4.641215889e-13  3.422239287e-13
186.5220751  -4.602407679e-13  3.39362373e-13
186.834721  -4.556391028e-13  3.359692968e-13
187.165279  -4.508320682e-13  3.324247897e-13
187.4779249  -4.463398751e-13  3.291124336e-13
187.7387739  -4.426318418e-13  3.263782843e-13
187.9195339  -4.400833683e-13  3.244991461e-13
188  -4.389544135e-13  3.236667018e-13
188.0804661  -4.37828836e-13  3.228367478e-13
188.2612261  -4.353125803e-13  3.209813657e-13
188.5220751  -4.31711132e-13  3.183258077e-13
188.834721  -4.274402443e-13  3.15176633e-13
189.165279  -4.229781802e-13  3.118864928e-13
189.4779249  -4.188078332e-13  3.088114526e-13
189.7387739  -4.15365075e-13  3.062729061e-13
189.9195339  -4.129987154e-13  3.045280511e-13
190  -4.119503819e-13  3.037550537e-13
190.0804661  -4.109051517e-13  3.029843444e-13
190.2612261  -4.085683947e-13  3.012613172e-13
190.5220751  -4.052235696e-13  2.987949825e-13
190.834721  -4.012565633e-13  2.958698772e-13
191.165279  -3.971114654e-13  2.928134547e-13
191.4779249  -3.932368797e-13  2.899564965e-13
191.7387739  -3.90037928e-13  2.875977228e-13
191.9195339  -3.878389605e-13  2.859762958e-13
192  -3.868647353e-13  2.852579427e-13
192.0804661  -3.85893364e-13  2.845416939e-13
192.2612261  -3.837216202e-13  2.829403405e-13
192.5220751  -3.806127319e-13  2.806479758e-13
192.834721  -3.769251463e-13  2.779289037e-13
193.165279  -3.730715418e-13  2.750874163e-13
193.4779249  -3.694689871e-13  2.724310425e-13
193.7387739  -3.664943084e-13  2.702376383e-13
193.9195339  -3.644493363e-13  2.687297611e-13
194  -3.635432923e-13  2.68061682e-13
194.0804661  -3.626398752e-13  2.673955398e-13
194.2612261  -3.60619961e-13  2.659061392e-13
194.5220751  -3.577281802e-13  2.637738605e-13
194.834721  -3.542977475e-13  2.612444023e-13
195.165279  -3.507124437e-13  2.586007487e-13
195.4779249  -3.473603104e-13  2.561290251e-13
195.7387739  -3.445921141e-13  2.540878725e-13
195.9195339  -3.426889351e-13  2.526845476e-13
196  -3.418456733e-13  2.520627614e-13
196.0804661  -3.410048313e-13  2.514427596e-13
196.2612261  -3.391247363e-13  2.500564558e-13
196.5220751  -3.364329074e-13  2.480716133e-13
196.834721  -3.332393365e-13  2.457168072e-13
197.165279  -3.299011962e-13  2.432554015e-13
197.4779249  -3.267797867e-13  2.409538041e-13
197.7387739  -3.242018542e-13  2.390529441e-13
197.9195339  -3.22429343e-13  2.377459682e-13
198  -3.216439404e-13  2.37166845e-13
198.0804661  -3.20860769e-13  2.36589367e-13
198.2612261  -3.19109541e-13  2.352980844e-13
198.5220751  -3.166020186e-13  2.334491419e-13
198.834721  -3.13626802e-13  2.31255341e-13
199.165279  -3.105165427e-13  2.289619654e-13
199.4779249  -3.076078855e-13  2.268172427e-13
199.7387739  -3.052054175e-13  2.250457629e-13
199.9195339  -3.035534212e-13  2.238276496e-13
200  -3.028213851e-13  2.232878767e-13
200.0804661  -3.020914078e-13  2.227496218e-13
200.2612261  -3.004590504e-13  2.215459895e-13
200.5220751  -2.981215528e-13  2.198224161e-13
200.834721  -2.953477939e-13  2.177771618e-13
201.165279  -2.924478095e-13  2.156388341e-13
201.4779249  -2.897354926e-13  2.136388846e-13
201.7387739  -2.874949722e-13  2.119868182e-13
201.9195339  -2.859542167e-13  2.108507293e-13
202  -2.85271443e-13  2.103472803e-13
202.0804661  -2.845905704e-13  2.098452333e-13
202.2612261  -2.830679512e-13  2.087225173e-13
202.5220751  -2.808874299e-13  2.071146917e-13
202.834721  -2.782996889e-13  2.052065993e-13
203.165279  -2.755938886e-13  2.032114548e-13
203.4779249  -2.730629106e-13  2.01345217e-13
203.7387739  -2.709719811e-13  1.998034527e-13
203.9195339  -2.695339877e-13  1.987431363e-13
204  -2.688967239e-13  1.982732445e-13
204.0804661  -2.682612172e-13  1.978046483e-13
204.2612261  -2.668399854e-13  1.967566912e-13
204.5220751  -2.648045075e-13  1.952558146e-13
204.834721  -2.623886632e-13  1.934744717e-13
205.165279  -2.598623283e-13  1.916116575e-13
205.4779249  -2.574989651e-13  1.898690119e-13
205.7387739  -2.555463204e-13  1.884292131e-13
205.9195339  -2.542033305e-13  1.874389482e-13
206  -2.536081426e-13  1.870000814e-13
206.0804661  -2.530145799e-13  1.86562413e-13
206.2612261  -2.516870931e-13  1.855835796e-13
206.5220751  -2.497857366e-13  1.841815985e-13
206.834721  -2.475288625e-13  1.825174735e-13
207.165279  -2.451685174e-13  1.807770534e-13
207.4779249  -2.429602023e-13  1.791487338e-13
207.7387739  -2.411354888e-13  1.77803266e-13
207.9195339  -2.398803965e-13  1.768778132e-13
208  -2.393241393e-13  1.764676524e-13
208.0804661  -2.387693865e-13  1.760586008e-13
208.2612261  -2.375286442e-13  1.75143729e-13
208.5220751  -2.357514037e-13  1.738332659e-13
208.834721  -2.336416564e-13  1.722776261e-13
209.165279  -2.314349535e-13  1.706504953e-13
209.4779249  -2.293701699e-13  1.691280099e-13
209.7387739  -2.276638977e-13  1.678698758e-13
209.9195339  -2.264901895e-13  1.670044323e-13
210  -2.2596998e-13  1.666208515e-13
210.0804661  -2.25451164e-13  1.662382982e-13
210.2612261  -2.242907481e-13  1.653826559e-13
210.5220751  -2.226284503e-13  1.641569466e-13
210.834721  -2.206549699e-13  1.627017844e-13
211.165279  -2.185905852e-13  1.611795931e-13
211.4779249  -2.1665877e-13  1.59755153e-13
211.7387739  -2.150622339e-13  1.585779338e-13
211.9195339  -2.139639343e-13  1.577680934e-13
212  -2.134771273e-13  1.574091422e-13
212.0804661  -2.12991612e-13  1.570511435e-13
212.2612261  -2.119056341e-13  1.562503886e-13
212.5220751  -2.103498611e-13  1.551032264e-13
212.834721  -2.085026813e-13  1.53741193e-13
213.165279  -2.065702212e-13  1.523162773e-13
213.4779249  -2.047616777e-13  1.509827327e-13
213.7387739  -2.032668858e-13  1.498805354e-13
213.9195339  -2.022385084e-13  1.491222528e-13
214  -2.017826752e-13  1.487861403e-13
214.0804661  -2.013280401e-13  1.484509114e-13
214.2612261  -2.003110928e-13  1.477010568e-13
214.5220751  -1.98854114e-13  1.466267413e-13
214.834721  -1.971240811e-13  1.453510871e-13
215.165279  -1.953139981e-13  1.440164073e-13
215.4779249  -1.936198181e-13  1.427671895e-13
215.7387739  -1.922194272e-13  1.417345996e-13
215.9195339  -1.912559307e-13  1.410241574e-13
216  -1.908288393e-13  1.40709238e-13
216.0804661  -1.904028601e-13  1.403951387e-13
216.2612261  -1.894499739e-13  1.3969252e-13
216.5220751  -1.880846843e-13  1.386858124e-13
216.834721  -1.864633841e-13  1.374903331e-13
217.165279  -1.84766901e-13  1.362394172e-13
217.4779249  -1.831788939e-13  1.350684868e-13
217.7387739  -1.818661519e-13  1.341005256e-13
217.9195339  -1.809629e-13  1.334345053e-13
218  -1.805624978e-13  1.331392654e-13
218.0804661  -1.801631288e-13  1.328447873e-13
218.2612261  -1.792697331e-13  1.321860345e-13
218.5220751  -1.779895973e-13  1.312421157e-13
218.834721  -1.764692895e-13  1.301211041e-13
219.165279  -1.748783311e-13  1.289479976e-13
219.4779249  -1.733889603e-13  1.278497976e-13
219.7387739  -1.721576535e-13  1.269418832e-13
219.9195339  -1.713103795e-13  1.263171387e-13
220  -1.709347774e-13  1.260401853e-13
220.0804661  -1.705601356e-13  1.257639401e-13
220.2612261  -1.697220234e-13  1.25145951e-13
220.5220751  -1.685210254e-13  1.242603852e-13
220.834721  -1.670945841e-13  1.232085867e-13
221.165279  -1.656017152e-13  1.221078074e-13
221.4779249  -1.642040408e-13  1.210772205e-13
221.7387739  -1.630484465e-13  1.202251334e-13
221.9195339  -1.622532206e-13  1.19638767e-13
222  -1.619006785e-13  1.193788171e-13
222.0804661  -1.615490298e-13  1.191195259e-13
222.2612261  -1.607623257e-13  1.185394431e-13
222.5220751  -1.596349236e-13  1.177081438e-13
222.834721  -1.582957835e-13  1.167207176e-13
223.165279  -1.568941531e-13  1.156872138e-13
223.4779249  -1.555817795e-13  1.147195241e-13
223.7387739  -1.544966238e-13  1.139193755e-13
223.9195339  -1.537498238e-13  1.133687163e-13
224  -1.534187379e-13  1.131245873e-13
224.0804661  -1.530884834e-13  1.128810714e-13
224.2612261  -1.523496152e-13  1.123362608e-13
224.5220751  -1.512906997e-13  1.115554606e-13
224.834721  -1.500328077e-13  1.106279434e-13
225.165279  -1.487160984e-13  1.096570569e-13
225.4779249  -1.474831277e-13  1.087479156e-13
225.7387739  -1.464635461e-13  1.079961186e-13
225.9195339  -1.457618311e-13  1.074787032e-13
226  -1.454507218e-13  1.072493041e-13
226.0804661  -1.451403869e-13  1.070204761e-13
226.2612261  -1.444460592e-13  1.065085078e-13
226.5220751  -1.434509166e-13  1.057747311e-13
226.834721  -1.422686876e-13  1.049030047e-13
227.165279  -1.4103107e-13  1.03990437e-13
227.4779249  -1.398720589e-13  1.031358305e-13
227.7387739  -1.389135618e-13  1.024290747e-13
227.9195339  -1.382538477e-13  1.01942629e-13
228  -1.379613494e-13  1.017269529e-13
228.0804661  -1.376695728e-13  1.01511809e-13
228.2612261  -1.370167433e-13  1.010304397e-13
228.5220751  -1.360810219e-13  1.003404777e-13
228.834721  -1.34969299e-13  9.952073957e-14
229.165279  -1.338053899e-13  9.866252148e-14
229.4779249  -1.327153115e-13  9.785874305e-14
229.7387739  -1.318137521e-13  9.719397066e-14
229.9195339  -1.311931903e-13  9.673639427e-14
230  -1.309180414e-13  9.653351093e-14
230.0804661  -1.306435655e-13  9.633112384e-14
230.2612261  -1.300294238e-13  9.587828129e-14
230.5220751  -1.29149103e-13  9.522916942e-14
230.834721  -1.281031215e-13  9.445790622e-14
231.165279  -1.270079464e-13  9.365036975e-14
231.4779249  -1.259821548e-13  9.289399374e-14
231.7387739  -1.251337002e-13  9.226837866e-14
231.9195339  -1.245496577e-13  9.183773003e-14
232  -1.242906921e-13  9.164677955e-14
232.0804661  -1.240323544e-13  9.145629211e-14
232.2612261  -1.234543022e-13  9.103006053e-14
232.5220751  -1.22625665e-13  9.041905796e-14
232.834721  -1.216410193e-13  8.96930212e-14
233.165279  -1.206099783e-13  8.893277454e-14
233.4779249  -1.19644177e-13  8.822063286e-14
233.7387739  -1.188452823e-13  8.763156118e-14
233.9195339  -1.182953234e-13  8.722604443e-14
234  -1.180514623e-13  8.704623141e-14
234.0804661  -1.178081875e-13  8.68668507e-14
234.2612261  -1.172638215e-13  8.646545785e-14
234.5220751  -1.164834289e-13  8.589002891e-14
234.834721  -1.155560428e-13  8.520621296e-14
235.165279  -1.145848794e-13  8.449011753e-14
235.4779249  -1.136750921e-13  8.381927831e-14
235.7387739  -1.129224764e-13  8.32643308e-14
235.9195339  -1.124043468e-13  8.288228366e-14
236  -1.121745918e-13  8.271287185e-14
236.0804661  -1.119453844e-13  8.254386389e-14
236.2612261  -1.114324796e-13  8.216566922e-14
236.5220751  -1.106971482e-13  8.162346649e-14
236.834721  -1.098232476e-13  8.097908856e-14
237.165279  -1.089080205e-13  8.030423821e-14
237.4779249  -1.080505652e-13  7.967198638e-14
237.7387739  -1.073411897e-13  7.914892249e-14
237.9195339  -1.068528015e-13  7.878880538e-14
238  -1.066362277e-13  7.862911283e-14
238.0804661  -1.064201658e-13  7.846979777e-14
238.2612261  -1.059366612e-13  7.811328164e-14
238.5220751  -1.052434417e-13  7.76021305e-14
238.834721  -1.044195302e-13  7.699461247e-14
239.165279  -1.035565875e-13  7.635831446e-14
239.4779249  -1.027480521e-13  7.576213412e-14
239.7387739  -1.02079101e-13  7.526887744e-14
239.9195339  -1.01618519e-13  7.492926347e-14
240  -1.014142692e-13  7.477865813e-14
240.0804661  -1.012104981e-13  7.462840583e-14
240.2612261  -1.007544835e-13  7.429215965e-14
240.5220751  -1.001006422e-13  7.381004432e-14
240.834721  -9.932347842e-14  7.323699611e-14
241.165279  -9.850943432e-14  7.263675389e-14
241.4779249  -9.774665495e-14  7.207431216e-14
241.7387739  -9.711551683e-14  7.16089372e-14
241.9195339  -9.66809464e-14  7.128850306e-14
242  -9.648822556e-14  7.114639874e-14
242.0804661  -9.629595276e-14  7.100462479e-14
242.2612261  -9.586565632e-14  7.068734211e-14
242.5220751  -9.524865743e-14  7.023239283e-14
242.834721  -9.451523451e-14  6.969159732e-14
243.165279  -9.374694786e-14  6.912509474e-14
243.4779249  -9.302698907e-14  6.859422712e-14
243.7387739  -9.243124082e-14  6.815494717e-14
243.9195339  -9.202101656e-14  6.785246489e-14
244  -9.183908698e-14  6.771831759e-14
244.0804661  -9.165757689e-14  6.758447961e-14
244.2612261  -9.125135428e-14  6.728494798e-14
244.5220751  -9.066884425e-14  6.685542935e-14
244.834721  -8.997637118e-14  6.634482855e-14
245.165279  -8.925092603e-14  6.580991551e-14
245.4779249  -8.857106252e-14  6.530861247e-14
245.7387739  -8.800845432e-14  6.489376862e-14
245.9195339  -8.762102985e-14  6.460809795e-14
246  -8.744920647e-14  6.448140254e-14
246.0804661  -8.727777605e-14  6.435499689e-14
246.2612261  -8.689410024e-14  6.407209033e-14
246.5220751  -8.634389335e-14  6.366639068e-14
246.834721  -8.568977787e-14  6.318407318e-14
247.165279  -8.500446566e-14  6.26787525e-14
247.4779249  -8.43621657e-14  6.220514726e-14
247.7387739  -8.383060737e-14  6.181319829e-14
247.9195339  -8.346454593e-14  6.154327983e-14
248  -8.330219221e-14  6.142356696e-14
248.0804661  -8.314020681e-14  6.130412567e-14
248.2612261  -8.27776589e-14  6.103679794e-14
248.5220751  -8.225772401e-14  6.06534196e-14
248.834721  -8.163955702e-14  6.019760902e-14
249.165279  -8.099186032e-14  5.972002445e-14
249.4779249  -8.038477062e-14  5.927238179e-14
249.7387739  -7.988231912e-14  5.890189498e-14
249.9195339  -7.953628501e-14  5.864674384e-14
250  -7.938280918e-14  5.853357715e-14
250.0804661  -7.922967874e-14  5.842066515e-14
250.2612261  -7.888693949e-14  5.816794349e-14
250.5220751  -7.839538802e-14  5.780549391e-14
250.834721  -7.781092931e-14  5.737453841e-14
251.165279  -7.719850696e-14  5.692296367e-14
251.4779249  -7.662443879e-14  5.649966971e-14
251.7387739  -7.61492868e-14  5.614931243e-14
251.9195339  -7.582203754e-14  5.590801245e-14
252  -7.567688909e-14  5.580098603e-14
252.0804661  -7.553206471e-14  5.569419857e-14
252.2612261  -7.520790683e-14  5.545517804e-14
252.5220751  -7.474298172e-14  5.511236164e-14
252.834721  -7.419014691e-14  5.470472428e-14
253.165279  -7.36108204e-14  5.427755303e-14
253.4779249  -7.306773691e-14  5.387710589e-14
253.7387739  -7.26182024e-14  5.354563786e-14
253.9195339  -7.230858155e-14  5.331733634e-14
254  -7.21712481e-14  5.321607237e-14
254.0804661  -7.203421885e-14  5.311503272e-14
254.2612261  -7.172749993e-14  5.288887096e-14
254.5220751  -7.128756556e-14  5.256448168e-14
254.834721  -7.076441416e-14  5.217873162e-14
255.165279  -7.021615516e-14  5.177446827e-14
255.4779249  -6.970215977e-14  5.139546948e-14
255.7387739  -6.927667638e-14  5.108173575e-14
255.9195339  -6.898360699e-14  5.086563859e-14
256  -6.885361133e-14  5.076978521e-14
256.0804661  -6.872390139e-14  5.06741425e-14
256.2612261  -6.843355743e-14  5.046005496e-14
256.5220751  -6.801709033e-14  5.015296946e-14
256.834721  -6.752181477e-14  4.97877739e-14
257.165279  -6.700273377e-14  4.940502518e-14
257.4779249  -6.651605948e-14  4.904617183e-14
257.7387739  -6.61131678e-14  4.874909629e-14
257.9195339  -6.583564636e-14  4.854446354e-14
258  -6.571254384e-14  4.845369287e-14
258.0804661  -6.558970979e-14  4.836312015e-14
258.2612261  -6.531474928e-14  4.816037573e-14
258.5220751  -6.492032967e-14  4.786954714e-14
258.834721  -6.445124529e-14  4.752366385e-14
259.165279  -6.395958104e-14  4.716113111e-14
259.4779249  -6.349858072e-14  4.682120867e-14
259.7387739  -6.31169202e-14  4.65397881e-14
259.9195339  -6.285401115e-14  4.634592992e-14
260  -6.273738719e-14  4.625993627e-14
260.0804661  -6.26210156e-14  4.617412871e-14
260.2612261  -6.236051407e-14  4.598204572e-14
260.5220751  -6.198681808e-14  4.570649787e-14
260.834721  -6.154235388e-14  4.537876848e-14
261.165279  -6.107646387e-14  4.503524059e-14
261.4779249  -6.063960123e-14  4.471311628e-14
261.7387739  -6.027790282e-14  4.444641493e-14
261.9195339  -6.002873344e-14  4.426268781e-14
262  -5.991820129e-14  4.418118601e-14
262.0804661  -5.980790652e-14  4.409985924e-14
262.2612261  -5.95610015e-14  4.391780176e-14
262.5220751  -5.920679403e-14  4.365662392e-14
262.834721  -5.878548424e-14  4.334596763e-14
263.165279  -5.834383581e-14  4.302031447e-14
263.4779249  -5.792967725e-14  4.27149312e-14
263.7387739  -5.758675658e-14  4.246207579e-14
263.9195339  -5.735051237e-14  4.228787914e-14
264  -5.724571108e-14  4.221060304e-14
264.0804661  -5.714113316e-14  4.213349163e-14
264.2612261  -5.690701965e-14  4.196086608e-14
264.5220751  -5.657114778e-14  4.171320815e-14
264.834721  -5.617162406e-14  4.141861601e-14
265.165279  -5.575278634e-14  4.110978252e-14
265.4779249  -5.535999332e-14  4.08201533e-14
265.7387739  -5.503474451e-14  4.058032838e-14
265.9195339  -5.481066487e-14  4.041510138e-14
266  -5.471125737e-14  4.034180243e-14
266.0804661  -5.461206014e-14  4.026865853e-14
266.2612261  -5.438998636e-14  4.010491057e-14
266.5220751  -5.407137335e-14  3.986997861e-14
266.834721  -5.369235768e-14  3.959050824e-14
267.165279  -5.329499411e-14  3.929750889e-14
267.4779249  -5.292231622e-14  3.902271174e-14
267.7387739  -5.261370611e-14  3.87951555e-14
267.9195339  -5.240108043e-14  3.863837418e-14
268  -5.230675178e-14  3.856882016e-14
268.0804661  -5.221262117e-14  3.849941217e-14
268.2612261  -5.200188469e-14  3.834402386e-14
268.5220751  -5.16995244e-14  3.812107598e-14
268.834721  -5.133982248e-14  3.785584677e-14
269.165279  -5.096268396e-14  3.757776053e-14
269.4779249  -5.060895251e-14  3.731693369e-14
269.7387739  -5.03160154e-14  3.710093407e-14
269.9195339  -5.011417944e-14  3.695210864e-14
270  -5.002463524e-14  3.688608247e-14
270.0804661  -4.993527765e-14  3.682019391e-14
270.2612261  -4.973522179e-14  3.667268105e-14
270.5220751  -4.944817361e-14  3.646102367e-14
270.834721  -4.910666881e-14  3.620921227e-14
271.165279  -4.874858738e-14  3.594517793e-14
271.4779249  -4.841270953e-14  3.569751559e-14
271.7387739  -4.813454233e-14  3.549240668e-14
271.9195339  -4.794287486e-14  3.535107907e-14
272  -4.785783977e-14  3.528837774e-14
272.0804661  -4.77729806e-14  3.522580612e-14
272.2612261  -4.758299118e-14  3.508571584e-14
272.5220751  -4.731037527e-14  3.488470022e-14
272.834721  -4.698602309e-14  3.464553643e-14
273.165279  -4.664590613e-14  3.439474835e-14
273.4779249  -4.632685943e-14  3.415949661e-14
273.7387739  -4.606261716e-14  3.396465536e-14
273.9195339  -4.58805369e-14  3.383039696e-14
274  -4.57997533e-14  3.37708305e-14
274.0804661  -4.571913558e-14  3.371138635e-14
274.2612261  -4.553863786e-14  3.357829485e-14
274.5220751  -4.527963088e-14  3.338731389e-14
274.834721  -4.497145375e-14  3.316007691e-14
275.165279  -4.464827862e-14  3.292178103e-14
275.4779249  -4.434510603e-14  3.269823419e-14
275.7387739  -4.40939977e-14  3.251307737e-14
275.9195339  -4.392096051e-14  3.238548695e-14
276  -4.384418718e-14  3.232887749e-14
276.0804661  -4.376757037e-14  3.227238345e-14
276.2612261  -4.359602626e-14  3.214589396e-14
276.5220751  -4.334985731e-14  3.196437924e-14
276.834721  -4.305693992e-14  3.174839415e-14
277.165279  -4.274974899e-14  3.152188435e-14
277.4779249  -4.246155427e-14  3.130938157e-14
277.7387739  -4.222283909e-14  3.113336295e-14
277.9195339  -4.20583353e-14  3.10120647e-14
278  -4.198534634e-14  3.095824568e-14
278.0804661  -4.191250511e-14  3.090453559e-14
278.2612261  -4.17494106e-14  3.078427649e-14
278.5220751  -4.151535758e-14  3.061169554e-14
278.834721  -4.123684246e-14  3.04063301e-14
279.165279  -4.094473858e-14  3.019094486e-14
279.4779249  -4.067068201e-14  2.998886696e-14
279.7387739  -4.044366587e-14  2.982147471e-14
279.9195339  -4.02872179e-14  2.97061165e-14
280  -4.021780162e-14  2.965493182e-14
280.0804661  -4.014852483e-14  2.960385e-14
280.2612261  -3.99934076e-14  2.948947302e-14
280.5220751  -3.977079377e-14  2.932532685e-14
280.834721  -3.95058773e-14  2.912998848e-14
281.165279  -3.922801956e-14  2.892510776e-14
281.4779249  -3.896731399e-14  2.873287433e-14
281.7387739  -3.875134621e-14  2.857362868e-14
281.9195339  -3.860250636e-14  2.846388038e-14
282  -3.853646428e-14  2.84151837e-14
282.0804661  -3.847055398e-14  2.836658419e-14
282.2612261  -3.832297122e-14  2.82577628e-14
282.5220751  -3.811116207e-14  2.810158356e-14
282.834721  -3.78590907e-14  2.791571663e-14
283.165279  -3.759469058e-14  2.772075899e-14
283.4779249  -3.734659784e-14  2.753782574e-14
283.7387739  -3.714106815e-14  2.738627671e-14
283.9195339  -3.699941651e-14  2.728182869e-14
284  -3.693656249e-14  2.723548275e-14
284.0804661  -3.6873833e-14  2.718922864e-14
284.2612261  -3.673336935e-14  2.708565659e-14
284.5220751  -3.65317697e-14  2.693700541e-14
284.834721  -3.629183655e-14  2.67600887e-14
285.165279  -3.604015425e-14  2.657450866e-14
285.4779249  -3.580398178e-14  2.640036491e-14
285.7387739  -3.560831759e-14  2.625609029e-14
285.9195339  -3.547346014e-14  2.615665202e-14
286  -3.541361951e-14  2.611252803e-14
286.0804661  -3.535389661e-14  2.606849085e-14
286.2612261  -3.522016228e-14  2.596988073e-14
286.5220751  -3.502821358e-14  2.582834575e-14
286.834721  -3.479975522e-14  2.565989007e-14
287.165279  -3.456009641e-14  2.548317565e-14
287.4779249  -3.433519412e-14  2.531734207e-14
287.7387739  -3.414885793e-14  2.517994552e-14
287.9195339  -3.402042478e-14  2.508524427e-14
288  -3.396343355e-14  2.504322131e-14
288.0804661  -3.390655367e-14  2.500128045e-14
288.2612261  -3.377918274e-14  2.490736243e-14
288.5220751  -3.359636058e-14  2.477255698e-14
288.834721  -3.33787541e-14  2.461210303e-14
289.165279  -3.31504668e-14  2.444377348e-14
289.4779249  -3.293622422e-14  2.428579993e-14
289.7387739  -3.275871126e-14  2.415490926e-14
289.9195339  -3.263635502e-14  2.406468887e-14
290  -3.258205918e-14  2.402465338e-14
290.0804661  -3.25278687e-14  2.398469557e-14
290.2612261  -3.240651747e-14  2.389521623e-14
290.5220751  -3.223232927e-14  2.376677711e-14
290.834721  -3.202498955e-14  2.361389344e-14
291.165279  -3.180746128e-14  2.345349715e-14
291.4779249  -3.160330489e-14  2.330296073e-14
291.7387739  -3.14341409e-14  2.317822625e-14
291.9195339  -3.131753518e-14  2.309224605e-14
292  -3.126579002e-14  2.305409133e-14
292.0804661  -3.121414459e-14  2.301601013e-14
292.2612261  -3.109849011e-14  2.293073134e-14
292.5220751  -3.0932473e-14  2.280831724e-14
292.834721  -3.073485018e-14  2.26625984e-14
293.165279  -3.052750532e-14  2.250971094e-14
293.4779249  -3.033289608e-14  2.236621419e-14
293.7387739  -3.017163529e-14  2.22473072e-14
293.9195339  -3.006047328e-14  2.216534096e-14
294  -3.001114278e-14  2.212896671e-14
294.0804661  -2.996190671e-14  2.209266208e-14
294.2612261  -2.985164539e-14  2.201135997e-14
294.5220751  -2.969336425e-14  2.189465005e-14
294.834721  -2.950494135e-14  2.175571486e-14
295.165279  -2.93072387e-14  2.160993716e-14
295.4779249  -2.912166978e-14  2.147310636e-14
295.7387739  -2.896789301e-14  2.135971778e-14
295.9195339  -2.88618862e-14  2.128155277e-14
296  -2.881484244e-14  2.124686466e-14
296.0804661  -2.876788812e-14  2.12122425e-14
296.2612261  -2.866273445e-14  2.113470656e-14
296.5220751  -2.851178003e-14  2.102339906e-14
296.834721  -2.833207084e-14  2.089088899e-14
297.165279  -2.814350135e-14  2.07518457e-14
297.4779249  -2.796649595e-14  2.06213293e-14
297.7387739  -2.781980889e-14  2.051316837e-14
297.9195339  -2.771868585e-14  2.043860445e-14
298  -2.767380849e-14  2.040551375e-14
298.0804661  -2.762901586e-14  2.037248553e-14
298.2612261  -2.752870122e-14  2.029851769e-14
298.5220751  -2.738468848e-14  2.01923287e-14
298.834721  -2.72132355e-14  2.006590641e-14
299.165279  -2.703332014e-14  1.993324432e-14
299.4779249  -2.68644296e-14  1.980871147e-14
299.7387739  -2.672446114e-14  1.970550456e-14
299.9195339  -2.662796642e-14  1.963435337e-14
300  -2.658514218e-14  1.960277656e-14
300.0804661  -2.654239826e-14  1.957125897e-14
300.2612261  -2.644666982e-14  1.950067281e-14
300.5220751  -2.630923633e-14  1.939933508e-14
300.834721  -2.614560889e-14  1.927868302e-14
301.165279  -2.597389672e-14  1.915206962e-14
301.4779249  -2.581269865e-14  1.903320887e-14
301.7387739  -2.567909939e-14  1.893469834e-14
301.9195339  -2.558699247e-14  1.886678254e-14
302  -2.55461147e-14  1.883664097e-14
302.0804661  -2.55053131e-14  1.880655557e-14
302.2612261  -2.541393279e-14  1.873917554e-14
302.5220751  -2.528273728e-14  1.864243743e-14
302.834721  -2.512652983e-14  1.852725657e-14
303.165279  -2.496259617e-14  1.840637871e-14
303.4779249  -2.480869274e-14  1.829289673e-14
303.7387739  -2.46811336e-14  1.819883993e-14
303.9195339  -2.459318793e-14  1.813399246e-14
304  -2.455415618e-14  1.810521207e-14
304.0804661  -2.451519668e-14  1.807648496e-14
304.2612261  -2.442794025e-14  1.80121457e-14
304.5220751  -2.430266122e-14  1.791977016e-14
304.834721  -2.415349171e-14  1.780977878e-14
305.165279  -2.399693646e-14  1.769434146e-14
305.4779249  -2.384995283e-14  1.758596185e-14
305.7387739  -2.372812373e-14  1.749613015e-14
305.9195339  -2.364412584e-14  1.74341936e-14
306  -2.360684544e-14  1.740670459e-14
306.0804661  -2.356963361e-14  1.737926614e-14
306.2612261  -2.348628973e-14  1.731781183e-14
306.5220751  -2.33666242e-14  1.722957546e-14
306.834721  -2.322413257e-14  1.712450806e-14
307.165279  -2.307457862e-14  1.701423321e-14
307.4779249  -2.29341615e-14  1.691069547e-14
307.7387739  -2.281777015e-14  1.682487334e-14
307.9195339  -2.273751881e-14  1.676569934e-14
308  -2.270190054e-14  1.673943591e-14
308.0804661  -2.266634734e-14  1.671322046e-14
308.2612261  -2.258671679e-14  1.665450422e-14
308.5220751  -2.247237915e-14  1.65701964e-14
308.834721  -2.23362259e-14  1.646980266e-14
309.165279  -2.219331771e-14  1.636442811e-14
309.4779249  -2.205913396e-14  1.626548661e-14
309.7387739  -2.194790474e-14  1.618347082e-14
309.9195339  -2.187121018e-14  1.612691944e-14
310  -2.183716987e-14  1.610181954e-14
310.0804661  -2.180319136e-14  1.60767652e-14
310.2612261  -2.172708627e-14  1.602064847e-14
310.5220751  -2.161780712e-14  1.594007058e-14
310.834721  -2.148767208e-14  1.584411442e-14
311.165279  -2.135107426e-14  1.574339288e-14
311.4779249  -2.122280965e-14  1.564881589e-14
311.7387739  -2.111648256e-14  1.557041473e-14
311.9195339  -2.104316576e-14  1.551635397e-14
312  -2.101062403e-14  1.549235906e-14
312.0804661  -2.0978141e-14  1.546840742e-14
312.2612261  -2.09053841e-14  1.541475952e-14
312.5220751  -2.080090929e-14  1.533772414e-14
312.834721  -2.067649035e-14  1.52459828e-14
313.165279  -2.054588647e-14  1.514968094e-14
313.4779249  -2.042324446e-14  1.505924982e-14
313.7387739  -2.032157414e-14  1.498428236e-14
313.9195339  -2.025146614e-14  1.493258765e-14
314  -2.022034807e-14  1.490964248e-14
314.0804661  -2.018928576e-14  1.488673842e-14
314.2612261  -2.011970977e-14  1.483543599e-14
314.5220751  -2.001979943e-14  1.476176626e-14
314.834721  -1.990081144e-14  1.467402948e-14
315.165279  -1.977590277e-14  1.458192703e-14
315.4779249  -1.965860344e-14  1.449543538e-14
315.7387739  -1.956135825e-14  1.442373083e-14
315.9195339  -1.949429957e-14  1.437428456e-14
316  -1.946453441e-14  1.435233696e-14
316.0804661  -1.943482226e-14  1.433042846e-14
316.2612261  -1.936826923e-14  1.428135503e-14
316.5220751  -1.927269685e-14  1.421088394e-14
316.834721  -1.915887057e-14  1.412695318e-14
317.165279  -1.903937506e-14  1.403884217e-14
317.4779249  -1.892715406e-14  1.395609508e-14
317.7387739  -1.883411526e-14  1.388749214e-14
317.9195339  -1.876995525e-14  1.384018322e-14
318  -1.87414762e-14  1.381918395e-14
318.0804661  -1.871304754e-14  1.379822185e-14
318.2612261  -1.864936831e-14  1.375126743e-14
318.5220751  -1.855791997e-14  1.368383724e-14
318.834721  -1.844900108e-14  1.360352498e-14
319.165279  -1.833465227e-14  1.351920894e-14
319.4779249  -1.822725988e-14  1.344002226e-14
319.7387739  -1.81382208e-14  1.337436855e-14
319.9195339  -1.807681715e-14  1.332909206e-14
320  -1.804956109e-14  1.330899457e-14
320.0804661  -1.802235296e-14  1.328893243e-14
320.2612261  -1.796140656e-14  1.32439931e-14
320.5220751  -1.787388015e-14  1.317945476e-14
320.834721  -1.776962832e-14  1.310258381e-14
321.165279  -1.766017444e-14  1.302187708e-14
321.4779249  -1.755737467e-14  1.294607681e-14
321.7387739  -1.747214001e-14  1.288322832e-14
321.9195339  -1.741335821e-14  1.283988507e-14
322  -1.738726549e-14  1.282064538e-14
322.0804661  -1.736121836e-14  1.280143931e-14
322.2612261  -1.730287158e-14  1.275841683e-14
322.5220751  -1.721907603e-14  1.269662948e-14
322.834721  -1.711926413e-14  1.262303234e-14
323.165279  -1.701446716e-14  1.254575942e-14
323.4779249  -1.691603692e-14  1.247318106e-14
323.7387739  -1.683442203e-14  1.241300164e-14
323.9195339  -1.677813492e-14  1.237149787e-14
324  -1.675314913e-14  1.235307439e-14
324.0804661  -1.672820673e-14  1.23346829e-14
324.2612261  -1.667233362e-14  1.22934844e-14
324.5220751  -1.659208829e-14  1.223431483e-14
324.834721  -1.649650151e-14  1.216383313e-14
325.165279  -1.639613638e-14  1.208982806e-14
325.4779249  -1.63018647e-14  1.202031605e-14
325.7387739  -1.622369495e-14  1.196267693e-14
325.9195339  -1.616978227e-14  1.192292397e-14
326  -1.614585006e-14  1.190527735e-14
326.0804661  -1.612195917e-14  1.188766121e-14
326.2612261  -1.60684406e-14  1.184819884e-14
326.5220751  -1.599157462e-14  1.179152107e-14
326.834721  -1.59000098e-14  1.172400498e-14
327.165279  -1.580386361e-14  1.165311078e-14
327.4779249  -1.57135509e-14  1.158651795e-14
327.7387739  -1.563866109e-14  1.153129733e-14
327.9195339  -1.558700905e-14  1.149321126e-14
328  -1.556407996e-14  1.147630431e-14
328.0804661  -1.554119021e-14  1.145942637e-14
328.2612261  -1.548991346e-14  1.142161702e-14
328.5220751  -1.541626517e-14  1.136731184e-14
328.834721  -1.532853006e-14  1.130261962e-14
329.165279  -1.523640133e-14  1.123468774e-14
329.4779249  -1.514985872e-14  1.117087482e-14
329.7387739  -1.507809251e-14  1.11179574e-14
329.9195339  -1.502859342e-14  1.108145884e-14
330  -1.500661969e-14  1.106525632e-14
330.0804661  -1.498468343e-14  1.104908144e-14
330.2612261  -1.493554181e-14  1.101284646e-14
330.5220751  -1.486495818e-14  1.096080103e-14
330.834721  -1.478087081e-14  1.089879851e-14
331.165279  -1.469256884e-14  1.083368831e-14
331.4779249  -1.460961753e-14  1.077252347e-14
331.7387739  -1.454082691e-14  1.072180013e-14
331.9195339  -1.449337882e-14  1.068681389e-14
332  -1.447231522e-14  1.067128247e-14
332.0804661  -1.445128733e-14  1.065577737e-14
332.2612261  -1.440417984e-14  1.062104228e-14
332.5220751  -1.4336516e-14  1.057114977e-14
332.834721  -1.425590407e-14  1.051170989e-14
333.165279  -1.417124827e-14  1.044928824e-14
333.4779249  -1.409171895e-14  1.039064662e-14
333.7387739  -1.402576375e-14  1.034201401e-14
333.9195339  -1.398027011e-14  1.030846889e-14
334  -1.396007382e-14  1.029357699e-14
334.0804661  -1.393991155e-14  1.027871017e-14
334.2612261  -1.389474254e-14  1.024540443e-14
334.5220751  -1.382986126e-14  1.019756367e-14
334.834721  -1.375256157e-14  1.01405661e-14
335.165279  -1.367138089e-14  1.008070685e-14
335.4779249  -1.359511317e-14  1.002447021e-14
335.7387739  -1.353186061e-14  9.977830401e-15
335.9195339  -1.348822995e-14  9.945658974e-15
336  -1.346886039e-14  9.931376665e-15
336.0804661  -1.344952327e-14  9.917118278e-15
336.2612261  -1.34062021e-14  9.885175052e-15
336.5220751  -1.334397337e-14  9.839290177e-15
336.834721  -1.326983129e-14  9.784620898e-15
337.165279  -1.319196365e-14  9.727204546e-15
337.4779249  -1.311880555e-14  9.673260809e-15
337.7387739  -1.30581298e-14  9.628521038e-15
337.9195339  -1.301627545e-14  9.597659383e-15
338  -1.299769417e-14  9.583958318e-15
338.0804661  -1.297914382e-14  9.570280066e-15
338.2612261  -1.293758461e-14  9.539636032e-15
338.5220751  -1.287788521e-14  9.495616184e-15
338.834721  -1.280675419e-14  9.443167135e-15
339.165279  -1.273204597e-14  9.388080404e-15
339.4779249  -1.266185344e-14  9.336323351e-15
339.7387739  -1.260363522e-14  9.293395664e-15
339.9195339  -1.2563475e-14  9.263783193e-15
340  -1.254564555e-14  9.250636496e-15
340.0804661  -1.252784561e-14  9.237511559e-15
340.2612261  -1.248796692e-14  9.208106676e-15
340.5220751  -1.243068005e-14  9.165865723e-15
340.834721  -1.236242114e-14  9.115534451e-15
341.165279  -1.229072668e-14  9.062669938e-15
341.4779249  -1.222336312e-14  9.012998852e-15
341.7387739  -1.216748934e-14  8.971799854e-15
341.9195339  -1.212894534e-14  8.943379114e-15
342  -1.211183314e-14  8.930761296e-15
342.0804661  -1.209474911e-14  8.918164242e-15
342.2612261  -1.205647374e-14  8.889941575e-15
342.5220751  -1.200148861e-14  8.849397833e-15
342.834721  -1.193597004e-14  8.801087171e-15
343.165279  -1.186715119e-14  8.750343016e-15
343.4779249  -1.180248704e-14  8.702662366e-15
343.7387739  -1.174885042e-14  8.663112954e-15
343.9195339  -1.171184873e-14  8.635829447e-15
344  -1.169542101e-14  8.623716333e-15
344.0804661  -1.167902017e-14  8.611623037e-15
344.2612261  -1.164227486e-14  8.584528575e-15
344.5220751  -1.158948639e-14  8.545604555e-15
344.834721  -1.152658315e-14  8.499222327e-15
345.165279  -1.146050885e-14  8.450501888e-15
345.4779249  -1.13984212e-14  8.404721039e-15
345.7387739  -1.134691994e-14  8.36674616e-15
345.9195339  -1.131139043e-14  8.340548177e-15
346  -1.129561608e-14  8.328916826e-15
346.0804661  -1.127986738e-14  8.317304394e-15
346.2612261  -1.124458263e-14  8.291286889e-15
346.5220751  -1.119389109e-14  8.25390906e-15
346.834721  -1.113348455e-14  8.209367791e-15
347.165279  -1.107003041e-14  8.162579355e-15
347.4779249  -1.10104026e-14  8.118612289e-15
347.7387739  -1.096094011e-14  8.082140709e-15
347.9195339  -1.092681621e-14  8.056979169e-15
348  -1.09116657e-14  8.045807807e-15
348.0804661  -1.089653968e-14  8.034654513e-15
348.2612261  -1.086264952e-14  8.009665318e-15
348.5220751  -1.081396025e-14  7.973763884e-15
348.834721  -1.075593779e-14  7.930980537e-15
349.165279  -1.069498575e-14  7.886037041e-15
349.4779249  -1.063770703e-14  7.843802095e-15
349.7387739  -1.059019158e-14  7.808766185e-15
349.9195339  -1.055741011e-14  7.784594492e-15
350  -1.054285539e-14  7.773862447e-15
350.0804661  -1.052832407e-14  7.763147659e-15
350.2612261  -1.049576586e-14  7.739140588e-15
350.5220751  -1.044898899e-14  7.704649275e-15
350.834721  -1.039324368e-14  7.663545005e-15
351.165279  -1.033468161e-14  7.620363775e-15
351.4779249  -1.02796468e-14  7.5797834e-15
351.7387739  -1.02339913e-14  7.546118935e-15
351.9195339  -1.020249223e-14  7.522892835e-15
352  -1.018850668e-14  7.512580472e-15
352.0804661  -1.017454349e-14  7.502284598e-15
352.2612261  -1.014325774e-14  7.479215784e-15
352.5220751  -1.00983079e-14  7.446071649e-15
352.834721  -1.004473818e-14  7.406571565e-15
353.165279  -9.988459581e-15  7.36507407e-15
353.4779249  -9.935568787e-15  7.326074602e-15
353.7387739  -9.891690488e-15  7.293720572e-15
353.9195339  -9.861416812e-15  7.271398024e-15
354  -9.847975136e-15  7.261486692e-15
354.0804661  -9.83455483e-15  7.251591117e-15
354.2612261  -9.804485012e-15  7.229418886e-15
354.5220751  -9.761281109e-15  7.197562127e-15
354.834721  -9.709790474e-15  7.159595077e-15
355.165279  -9.655694152e-15  7.119706703e-15
355.4779249  -9.604852444e-15  7.082218145e-15
355.7387739  -9.562672723e-15  7.051116576e-15
355.9195339  -9.533570258e-15  7.02965763e-15
356  -9.520648419e-15  7.020129604e-15
356.0804661  -9.507747009e-15  7.010616642e-15
356.2612261  -9.478839419e-15  6.989301389e-15
356.5220751  -9.437304373e-15  6.958675176e-15
356.834721  -9.387801118e-15  6.922173537e-15
357.165279  -9.335790898e-15  6.883823368e-15
357.4779249  -9.28690805e-15  6.847779192e-15
357.7387739  -9.246352174e-15  6.817874978e-15
357.9195339  -9.218369423e-15  6.797241663e-15
358  -9.205944571e-15  6.788080095e-15
358.0804661  -9.193539253e-15  6.77893293e-15
358.2612261  -9.165742836e-15  6.758437009e-15
358.5220751  -9.125803379e-15  6.728987317e-15
358.834721  -9.078200321e-15  6.693886805e-15
359.165279  -9.028184771e-15  6.657007422e-15
359.4779249  -8.981175003e-15  6.622344377e-15
359.7387739  -8.942171917e-15  6.593585126e-15
359.9195339  -8.915259914e-15  6.573741335e-15
360  -8.903310325e-15  6.564930206e-15
360.0804661  -8.891379417e-15  6.556132851e-15
360.2612261  -8.864645625e-15  6.536420467e-15
360.5220751  -8.826232089e-15  6.508095925e-15
360.834721  -8.780446325e-15  6.47433541e-15
361.165279  -8.732338495e-15  6.4388627e-15
361.4779249  -8.687120229e-15  6.405520634e-15
361.7387739  -8.649602359e-15  6.377856519e-15
361.9195339  -8.623714534e-15  6.358767915e-15
362  -8.612219543e-15  6.350291988e-15
362.0804661  -8.600742425e-15  6.341829239e-15
362.2612261  -8.575025085e-15  6.322866343e-15
362.5220751  -8.538071205e-15  6.295618091e-15
362.834721  -8.494023878e-15  6.263139427e-15
363.165279  -8.44774106e-15  6.229012405e-15
363.4779249  -8.404236694e-15  6.196934097e-15
363.7387739  -8.368139754e-15  6.170317717e-15
363.9195339  -8.343231804e-15  6.151951633e-15
364  -8.332171755e-15  6.143796413e-15
364.0804661  -8.321128806e-15  6.135653802e-15
364.2612261  -8.296383991e-15  6.117408006e-15
364.5220751  -8.260826721e-15  6.091189557e-15
364.834721  -8.218442803e-15  6.05993742e-15
365.165279  -8.1739063e-15  6.027098058e-15
365.4779249  -8.132041994e-15  5.996229063e-15
365.7387739  -8.097304812e-15  5.970615312e-15
365.9195339  -8.073334579e-15  5.95294066e-15
366  -8.062690764e-15  5.945092354e-15
366.0804661  -8.052063316e-15  5.937256117e-15
366.2612261  -8.02824922e-15  5.919696594e-15
366.5220751  -7.994028564e-15  5.894463707e-15
366.834721  -7.953236649e-15  5.864385448e-15
367.165279  -7.910371563e-15  5.832778519e-15
367.4779249  -7.870077035e-15  5.803067012e-15
367.7387739  -7.836641387e-15  5.778412958e-15
367.9195339  -7.81356874e-15  5.76140015e-15
368  -7.803323353e-15  5.753845628e-15
368.0804661  -7.793093635e-15  5.74630266e-15
368.2612261  -7.770170465e-15  5.729400069e-15
368.5220751  -7.737229308e-15  5.705110632e-15
368.834721  -7.697961422e-15  5.676156128e-15
369.165279  -7.656696448e-15  5.645729055e-15
369.4779249  -7.617904786e-15  5.6171257e-15
369.7387739  -7.585715237e-15  5.593390467e-15
369.9195339  -7.56350197e-15  5.577011329e-15
370  -7.553638057e-15  5.56973809e-15
370.0804661  -7.543789148e-15  5.562475915e-15
370.2612261  -7.521719015e-15  5.546202318e-15
370.5220751  -7.490002973e-15  5.522816229e-15
370.834721  -7.452194389e-15  5.494937755e-15
371.165279  -7.412461626e-15  5.46564047e-15
371.4779249  -7.375109112e-15  5.438098282e-15
371.7387739  -7.344112869e-15  5.415242943e-15
371.9195339  -7.322722593e-15  5.399470645e-15
372  -7.313224008e-15  5.392466784e-15
372.0804661  -7.303739793e-15  5.385473519e-15
372.2612261  -7.282486609e-15  5.369802306e-15
372.5220751  -7.251943887e-15  5.347281375e-15
372.834721  -7.215532954e-15  5.320433469e-15
373.165279  -7.177267726e-15  5.292218284e-15
373.4779249  -7.141293663e-15  5.265692508e-15
373.7387739  -7.111440436e-15  5.243679982e-15
373.9195339  -7.090838489e-15  5.228488965e-15
374  -7.081689848e-15  5.221743138e-15
374.0804661  -7.072554976e-15  5.215007464e-15
374.2612261  -7.052084364e-15  5.199913287e-15
374.5220751  -7.022665615e-15  5.178221127e-15
374.834721  -6.987593597e-15  5.152360481e-15
375.165279  -6.950734284e-15  5.125181959e-15
375.4779249  -6.916080839e-15  5.099629953e-15
375.7387739  -6.887322711e-15  5.078424906e-15
375.9195339  -6.867476062e-15  5.063790814e-15
376  -6.85866271e-15  5.057292216e-15
376.0804661  -6.849862551e-15  5.050803345e-15
376.2612261  -6.830141752e-15  5.036262049e-15
376.5220751  -6.801799953e-15  5.015363987e-15
376.834721  -6.768010876e-15  4.990449329e-15
377.165279  -6.732498752e-15  4.964264167e-15
377.4779249  -6.69911081e-15  4.93964529e-15
377.7387739  -6.671402109e-15  4.919214048e-15
377.9195339  -6.652279279e-15  4.905113669e-15
378  -6.643787245e-15  4.898851997e-15
378.0804661  -6.635307856e-15  4.892599649e-15
378.2612261  -6.616305646e-15  4.878588211e-15
378.5220751  -6.588995975e-15  4.858451197e-15
378.834721  -6.556436484e-15  4.834443184e-15
379.165279  -6.522215568e-15  4.809210106e-15
379.4779249  -6.490040588e-15  4.785485616e-15
379.7387739  -6.463337777e-15  4.765796075e-15
379.9195339  -6.444908752e-15  4.75220728e-15
380  -6.436724718e-15  4.746172714e-15
380.0804661  -6.428552806e-15  4.740147086e-15
380.2612261  -6.410239415e-15  4.726643555e-15
380.5220751  -6.383919138e-15  4.707236079e-15
380.834721  -6.352538362e-15  4.684097201e-15
381.165279  -6.319555278e-15  4.659776849e-15
381.4779249  -6.288543158e-15  4.636909804e-15
381.7387739  -6.26280472e-15  4.617931351e-15
381.9195339  -6.245040881e-15  4.604833036e-15
382  -6.237152145e-15  4.599016211e-15
382.0804661  -6.229275033e-15  4.593207957e-15
382.2612261  -6.211622073e-15  4.580191399e-15
382.5220751  -6.186250437e-15  4.561483412e-15
382.834721  -6.155999859e-15  4.539177896e-15
383.165279  -6.1242037e-15  4.515732732e-15
383.4779249  -6.094306656e-15  4.493687897e-15
383.7387739  -6.069492992e-15  4.475391334e-15
383.9195339  -6.05236704e-15  4.462763371e-15
384  -6.044761489e-15  4.457155354e-15
384.0804661  -6.037167086e-15  4.451555558e-15
384.2612261  -6.020147476e-15  4.439006006e-15
384.5220751  -5.995685606e-15  4.420968843e-15
384.834721  -5.966518946e-15  4.399462562e-15
385.165279  -5.935861147e-15  4.376856778e-15
385.4779249  -5.907033593e-15  4.35560054e-15
385.7387739  -5.883106923e-15  4.33795801e-15
385.9195339  -5.866592814e-15  4.325781194e-15
386  -5.859258889e-15  4.320373463e-15
386.0804661  -5.851935658e-15  4.314973618e-15
386.2612261  -5.835523562e-15  4.302872022e-15
386.5220751  -5.811934367e-15  4.285478332e-15
386.834721  -5.783807463e-15  4.264738725e-15
387.165279  -5.754241685e-15  4.242938152e-15
387.4779249  -5.72644012e-15  4.222438435e-15
387.7387739  -5.703364392e-15  4.205423355e-15
387.9195339  -5.687437272e-15  4.19367936e-15
388  -5.680363943e-15  4.188463781e-15
388.0804661  -5.673300874e-15  4.183255769e-15
388.2612261  -5.657471636e-15  4.171583948e-15
388.5220751  -5.634719715e-15  4.154807629e-15
388.834721  -5.607590423e-15  4.134803619e-15
389.165279  -5.579072438e-15  4.113775644e-15
389.4779249  -5.55225534e-15  4.094001833e-15
389.7387739  -5.529996144e-15  4.077588829e-15
389.9195339  -5.514632289e-15  4.066260162e-15
390  -5.507809026e-15  4.061228973e-15
390.0804661  -5.50099561e-15  4.056205044e-15
390.2612261  -5.485725692e-15  4.044945642e-15
390.5220751  -5.463777255e-15  4.028761778e-15
390.834721  -5.43760534e-15  4.009463699e-15
391.165279  -5.410092923e-15  3.989177188e-15
391.4779249  -5.384220654e-15  3.970100055e-15
391.7387739  -5.362745136e-15  3.954264902e-15
391.9195339  -5.347921894e-15  3.943334861e-15
392  -5.341338645e-15  3.938480647e-15
392.0804661  -5.334764849e-15  3.933633404e-15
392.2612261  -5.320031778e-15  3.922769851e-15
392.5220751  -5.298854558e-15  3.907154651e-15
392.834721  -5.273601603e-15  3.888534174e-15
393.165279  -5.247054435e-15  3.868959398e-15
393.4779249  -5.222089142e-15  3.850551031e-15
393.7387739  -5.201365927e-15  3.835270595e-15
393.9195339  -5.187061668e-15  3.82472323e-15
394  -5.180708832e-15  3.820038914e-15
394.0804661  -5.174365072e-15  3.815361289e-15
394.2612261  -5.160147386e-15  3.80487776e-15
394.5220751  -5.139710569e-15  3.789808502e-15
394.834721  -5.115339882e-15  3.771838572e-15
395.165279  -5.089719455e-15  3.752947137e-15
395.4779249  -5.065624981e-15  3.735180875e-15
395.7387739  -5.045624102e-15  3.72043306e-15
395.9195339  -5.031818162e-15  3.710253135e-15
396  -5.025686569e-15  3.705731954e-15
396.0804661  -5.019563692e-15  3.701217199e-15
396.2612261  -5.005840889e-15  3.691098576e-15
396.5220751  -4.986115038e-15  3.676553555e-15
396.834721  -4.962591567e-15  3.659208327e-15
397.165279  -4.937861091e-15  3.640973104e-15
397.4779249  -4.914602895e-15  3.623823479e-15
397.7387739  -4.895295719e-15  3.609587171e-15
397.9195339  -4.881968357e-15  3.59976013e-15
398  -4.876049246e-15  3.595395624e-15
398.0804661  -4.870138505e-15  3.59103729e-15
398.2612261  -4.856890996e-15  3.581269129e-15
398.5220751  -4.837847984e-15  3.567227605e-15
398.834721  -4.815138236e-15  3.550482382e-15
399.165279  -4.791262556e-15  3.53287745e-15
399.4779249  -4.76880763e-15  3.516320123e-15
399.7387739  -4.750166796e-15  3.502575148e-15
399.9195339  -4.737299147e-15  3.49308708e-15
