#L=4 M=3
#R     Re(V)   Im(V)

0.08046609183  -1.839218254e-09  -1.839220021e-09
0.2612261349  -2.050221139e-07  -2.050221143e-07
0.5220750502  -3.309470736e-06  -3.309470736e-06
0.8347210423  -2.214924677e-05  -2.214924677e-05
1.165278958  -8.720399548e-05  -8.720399548e-05
1.47792495  -0.0002355537109  -0.0002355537109
1.738773865  -0.0004704127629  -0.0004704127629
1.919533908  -0.0007209044964  -0.0007209044964
2  -0.0008620077871  -0.0008620077871
2.080466092  -0.00102439231  -0.00102439231
2.261226135  -0.001479391692  -0.001479391692
2.52207505  -0.002410120411  -0.002410120411
2.834721042  -0.004097466111  -0.004097466111
3.165278958  -0.006811617762  -0.006811617762
3.47792495  -0.0105604294  -0.0105604294
3.738773865  -0.01480731201  -0.01480731201
3.919533908  -0.01845859565  -0.01845859565
4  -0.02028985127  -0.02028985127
4.080466092  -0.01794177758  -0.01794177758
4.261226135  -0.0136109825  -0.0136109825
4.52207505  -0.009115032739  -0.009115032739
4.834721042  -0.00558192341  -0.00558192341
5.165278958  -0.003246302904  -0.003246302904
5.47792495  -0.001865757174  -0.001865757174
5.738773865  -0.001111875797  -0.001111875797
5.919533908  -0.0007372240755  -0.0007372240755
6  -0.0006007293663  -0.0006007293663
6.080466092  -0.0004800993327  -0.0004800993327
6.261226135  -0.0002584982496  -0.0002584982496
6.52207505  -3.35114691e-05  -3.35114691e-05
6.834721042  0.0001321493317  0.0001321493317
7.165278958  0.0002268638851  0.0002268638851
7.47792495  0.0002687229403  0.0002687229403
7.738773865  0.0002812787523  0.0002812787523
7.919533908  0.0002820480348  0.0002820480348
8  0.0002808445787  0.0002808445787
8.080466092  0.0002788651905  0.0002788651905
8.261226135  0.0002721243412  0.0002721243412
8.52207505  0.0002584151367  0.0002584151367
8.834721042  0.0002384880731  0.0002384880731
9.165278958  0.0002158458756  0.0002158458756
9.47792495  0.0001945328288  0.0001945328288
9.738773865  0.0001774851991  0.0001774851991
9.919533908  0.0001662337317  0.0001662337317
10  0.0001613918663  0.0001613918663
10.08046609  0.0001566576271  0.0001566576271
10.26122613  0.0001464261529  0.0001464261529
10.52207505  0.0001326650307  0.0001326650307
10.83472104  0.0001177240912  0.0001177240912
11.16527896  0.0001036905656  0.0001036905656
11.47792495  9.196563386e-05  9.196563386e-05
11.73877387  8.323656596e-05  8.323656596e-05
11.91953391  7.770407535e-05  7.770407535e-05
12  7.536899089e-05  7.536899089e-05
12.08046609  7.310931609e-05  7.310931609e-05
12.26122613  6.829644336e-05  6.829644336e-05
12.52207505  6.195132578e-05  6.195132578e-05
12.83472104  5.519080238e-05  5.519080238e-05
13.16527896  4.892721612e-05  4.892721612e-05
13.47792495  4.373393163e-05  4.373393163e-05
13.73877387  3.987867444e-05  3.987867444e-05
13.91953391  3.743561336e-05  3.743561336e-05
14  3.640384513e-05  3.640384513e-05
14.08046609  3.540477159e-05  3.540477159e-05
14.26122613  3.327392441e-05  3.327392441e-05
14.52207505  3.045580003e-05  3.045580003e-05
14.83472104  2.743676067e-05  2.743676067e-05
15.16527896  2.461832178e-05  2.461832178e-05
15.47792495  2.22607809e-05  2.22607809e-05
15.73877387  2.049540426e-05  2.049540426e-05
15.91953391  1.936873581e-05  1.936873581e-05
16  1.889085008e-05  1.889085008e-05
16.08046609  1.842685893e-05  1.842685893e-05
16.26122613  1.743287567e-05  1.743287567e-05
16.52207505  1.610827198e-05  1.610827198e-05
16.83472104  1.467486478e-05  1.467486478e-05
17.16527896  1.33212409e-05  1.33212409e-05
17.47792495  1.217577174e-05  1.217577174e-05
17.73877387  1.130908669e-05  1.130908669e-05
17.91953391  1.075154382e-05  1.075154382e-05
18  1.051394433e-05  1.051394433e-05
18.08046609  1.028259099e-05  1.028259099e-05
18.26122613  9.78468684e-06  9.78468684e-06
18.52207505  9.116011602e-06  9.116011602e-06
18.83472104  8.385172175e-06  8.385172175e-06
19.16527896  7.687373908e-06  7.687373908e-06
19.47792495  7.090459705e-06  7.090459705e-06
19.73877387  6.634526542e-06  6.634526542e-06
19.91953391  6.339111738e-06  6.339111738e-06
20  6.212690581e-06  6.212690581e-06
20.08046609  6.089278988e-06  6.089278988e-06
20.26122613  5.822595472e-06  5.822595472e-06
20.52207505  5.461998973e-06  5.461998973e-06
20.83472104  5.064444414e-06  5.064444414e-06
21.16527896  4.681235006e-06  4.681235006e-06
21.47792495  4.350371466e-06  4.350371466e-06
21.73877387  4.095601994e-06  4.095601994e-06
21.91953391  3.929518418e-06  3.929518418e-06
22  3.858190617e-06  3.858190617e-06
22.08046609  3.788410314e-06  3.788410314e-06
22.26122613  3.637098296e-06  3.637098296e-06
22.52207505  3.431319652e-06  3.431319652e-06
22.83472104  3.202781114e-06  3.202781114e-06
23.16527896  2.980713944e-06  2.980713944e-06
23.47792495  2.787475167e-06  2.787475167e-06
23.73877387  2.637662316e-06  2.637662316e-06
23.91953391  2.539496746e-06  2.539496746e-06
24  2.497211131e-06  2.497211131e-06
24.08046609  2.455767558e-06  2.455767558e-06
24.26122613  2.365638827e-06  2.365638827e-06
24.52207505  2.242470037e-06  2.242470037e-06
24.83472104  2.104829127e-06  2.104829127e-06
25.16527896  1.970175766e-06  1.970175766e-06
25.47792495  1.852225122e-06  1.852225122e-06
25.73877387  1.76025255e-06  1.76025255e-06
25.91953391  1.699724127e-06  1.699724127e-06
26  1.673584662e-06  1.673584662e-06
26.08046609  1.647926094e-06  1.647926094e-06
26.26122613  1.591987195e-06  1.591987195e-06
26.52207505  1.515225191e-06  1.515225191e-06
26.83472104  1.428990571e-06  1.428990571e-06
27.16527896  1.344138529e-06  1.344138529e-06
27.47792495  1.269390589e-06  1.269390589e-06
27.73877387  1.210817477e-06  1.210817477e-06
27.91953391  1.172125694e-06  1.172125694e-06
28  1.155380034e-06  1.155380034e-06
28.08046609  1.13892064e-06  1.13892064e-06
28.26122613  1.102960709e-06  1.102960709e-06
28.52207505  1.053439195e-06  1.053439195e-06
28.83472104  9.975537697e-07  9.975537697e-07
29.16527896  9.422896671e-07  9.422896671e-07
29.47792495  8.933683665e-07  8.933683665e-07
29.73877387  8.548695144e-07  8.548695144e-07
29.91953391  8.293560335e-07  8.293560335e-07
30  8.182930364e-07  8.182930364e-07
30.08046609  8.074066541e-07  8.074066541e-07
30.26122613  7.835785329e-07  7.835785329e-07
30.52207505  7.506627386e-07  7.506627386e-07
30.83472104  7.133702986e-07  7.133702986e-07
31.16527896  6.763321813e-07  6.763321813e-07
31.47792495  6.43405353e-07  6.43405353e-07
31.73877387  6.173968709e-07  6.173968709e-07
31.91953391  6.001121844e-07  6.001121844e-07
32  5.926049283e-07  5.926049283e-07
32.08046609  5.852100874e-07  5.852100874e-07
32.26122613  5.689980849e-07  5.689980849e-07
32.52207505  5.465424682e-07  5.465424682e-07
32.83472104  5.210129262e-07  5.210129262e-07
33.16527896  4.955607263e-07  4.955607263e-07
33.47792495  4.728490238e-07  4.728490238e-07
33.73877387  4.548505008e-07  4.548505008e-07
33.91953391  4.428593056e-07  4.428593056e-07
34  4.376435873e-07  4.376435873e-07
34.08046609  4.325014087e-07  4.325014087e-07
34.26122613  4.212119151e-07  4.212119151e-07
34.52207505  4.05537195e-07  4.05537195e-07
34.83472104  3.876622122e-07  3.876622122e-07
35.16527896  3.69781194e-07  3.69781194e-07
35.47792495  3.537725253e-07  3.537725253e-07
35.73877387  3.410491036e-07  3.410491036e-07
35.91953391  3.325536295e-07  3.325536295e-07
36  3.288536385e-07  3.288536385e-07
36.08046609  3.252029371e-07  3.252029371e-07
36.26122613  3.171777611e-07  3.171777611e-07
36.52207505  3.060116301e-07  3.060116301e-07
36.83472104  2.932433885e-07  2.932433885e-07
37.16527896  2.804323884e-07  2.804323884e-07
37.47792495  2.689288962e-07  2.689288962e-07
37.73877387  2.59762363e-07  2.59762363e-07
37.91953391  2.536297553e-07  2.536297553e-07
38  2.509557623e-07  2.509557623e-07
38.08046609  2.483155281e-07  2.483155281e-07
38.26122613  2.425050226e-07  2.425050226e-07
38.52207505  2.344049563e-07  2.344049563e-07
38.83472104  2.251200652e-07  2.251200652e-07
39.16527896  2.157789296e-07  2.157789296e-07
39.47792495  2.073688742e-07  2.073688742e-07
39.73877387  2.006516988e-07  2.006516988e-07
39.91953391  1.961497892e-07  1.961497892e-07
40  1.941847851e-07  1.941847851e-07
40.08046609  1.922433559e-07  1.922433559e-07
40.26122613  1.87966377e-07  1.87966377e-07
40.52207505  1.819938752e-07  1.819938752e-07
40.83472104  1.751326785e-07  1.751326785e-07
41.16527896  1.682131105e-07  1.682131105e-07
41.47792495  1.61968309e-07  1.61968309e-07
41.73877387  1.569700226e-07  1.569700226e-07
41.91953391  1.536147539e-07  1.536147539e-07
42  1.521488602e-07  1.521488602e-07
42.08046609  1.506997208e-07  1.506997208e-07
42.26122613  1.475043029e-07  1.475043029e-07
42.52207505  1.430351932e-07  1.430351932e-07
42.83472104  1.378908474e-07  1.378908474e-07
43.16527896  1.326912838e-07  1.326912838e-07
43.47792495  1.279885481e-07  1.279885481e-07
43.73877387  1.24217314e-07  1.24217314e-07
43.91953391  1.216820569e-07  1.216820569e-07
44  1.205734737e-07  1.205734737e-07
44.08046609  1.19476988e-07  1.19476988e-07
44.26122613  1.170571516e-07  1.170571516e-07
44.52207505  1.136679869e-07  1.136679869e-07
44.83472104  1.097596707e-07  1.097596707e-07
45.16527896  1.058014624e-07  1.058014624e-07
45.47792495  1.02214369e-07  1.02214369e-07
45.73877387  9.933277416e-08  9.933277416e-08
45.91953391  9.739301245e-08  9.739301245e-08
46  9.654415749e-08  9.654415749e-08
46.08046609  9.570416518e-08  9.570416518e-08
46.26122613  9.384895873e-08  9.384895873e-08
46.52207505  9.124724641e-08  9.124724641e-08
46.83472104  8.824202508e-08  8.824202508e-08
47.16527896  8.519284434e-08  8.519284434e-08
47.47792495  8.24245353e-08  8.24245353e-08
47.73877387  8.019713506e-08  8.019713506e-08
47.91953391  7.869592224e-08  7.869592224e-08
48  7.803850995e-08  7.803850995e-08
48.08046609  7.738767694e-08  7.738767694e-08
48.26122613  7.594923397e-08  7.594923397e-08
48.52207505  7.392959536e-08  7.392959536e-08
48.83472104  7.159317108e-08  7.159317108e-08
49.16527896  6.921856909e-08  6.921856909e-08
49.47792495  6.705910731e-08  6.705910731e-08
49.73877387  6.531903801e-08  6.531903801e-08
49.91953391  6.414496118e-08  6.414496118e-08
50  6.363047037e-08  6.363047037e-08
50.08046609  6.312092356e-08  6.312092356e-08
50.26122613  6.19940144e-08  6.19940144e-08
50.52207505  6.041005861e-08  6.041005861e-08
50.83472104  5.857508559e-08  5.857508559e-08
51.16527896  5.670722873e-08  5.670722873e-08
51.47792495  5.5005991e-08  5.5005991e-08
51.73877387  5.363329681e-08  5.363329681e-08
51.91953391  5.270614227e-08  5.270614227e-08
52  5.229960841e-08  5.229960841e-08
52.08046609  5.189683158e-08  5.189683158e-08
52.26122613  5.100552022e-08  5.100552022e-08
52.52207505  4.975145378e-08  4.975145378e-08
52.83472104  4.829676717e-08  4.829676717e-08
53.16527896  4.681388356e-08  4.681388356e-08
53.47792495  4.546135942e-08  4.546135942e-08
53.73877387  4.43686679e-08  4.43686679e-08
53.91953391  4.36299292e-08  4.36299292e-08
54  4.330582895e-08  4.330582895e-08
54.08046609  4.298461347e-08  4.298461347e-08
54.26122613  4.227339612e-08  4.227339612e-08
54.52207505  4.127178706e-08  4.127178706e-08
54.83472104  4.010855013e-08  4.010855013e-08
55.16527896  3.892118569e-08  3.892118569e-08
55.47792495  3.783677494e-08  3.783677494e-08
55.73877387  3.695967135e-08  3.695967135e-08
55.91953391  3.636615964e-08  3.636615964e-08
56  3.610563773e-08  3.610563773e-08
56.08046609  3.584735222e-08  3.584735222e-08
56.26122613  3.527517618e-08  3.527517618e-08
56.52207505  3.446868129e-08  3.446868129e-08
56.83472104  3.353099893e-08  3.353099893e-08
57.16527896  3.257268203e-08  3.257268203e-08
57.47792495  3.169638624e-08  3.169638624e-08
57.73877387  3.098684575e-08  3.098684575e-08
57.91953391  3.050632296e-08  3.050632296e-08
58  3.029529512e-08  3.029529512e-08
58.08046609  3.008601661e-08  3.008601661e-08
58.26122613  2.962218253e-08  2.962218253e-08
58.52207505  2.896787058e-08  2.896787058e-08
58.83472104  2.820633516e-08  2.820633516e-08
59.16527896  2.742714312e-08  2.742714312e-08
59.47792495  2.671382721e-08  2.671382721e-08
59.73877387  2.61356697e-08  2.61356697e-08
59.91953391  2.574382194e-08  2.574382194e-08
60  2.557165894e-08  2.557165894e-08
60.08046609  2.540087571e-08  2.540087571e-08
60.26122613  2.502219102e-08  2.502219102e-08
60.52207505  2.448759346e-08  2.448759346e-08
60.83472104  2.386478635e-08  2.386478635e-08
61.16527896  2.322685194e-08  2.322685194e-08
61.47792495  2.264222768e-08  2.264222768e-08
61.73877387  2.216793068e-08  2.216793068e-08
61.91953391  2.184624312e-08  2.184624312e-08
62  2.170484595e-08  2.170484595e-08
62.08046609  2.156454558e-08  2.156454558e-08
62.26122613  2.125332139e-08  2.125332139e-08
62.52207505  2.081364957e-08  2.081364957e-08
62.83472104  2.030096575e-08  2.030096575e-08
63.16527896  1.97752992e-08  1.97752992e-08
63.47792495  1.929307923e-08  1.929307923e-08
63.73877387  1.890151571e-08  1.890151571e-08
63.91953391  1.86357621e-08  1.86357621e-08
64  1.851890422e-08  1.851890422e-08
64.08046609  1.840292455e-08  1.840292455e-08
64.26122613  1.814554915e-08  1.814554915e-08
64.52207505  1.778171009e-08  1.778171009e-08
64.83472104  1.735709028e-08  1.735709028e-08
65.16527896  1.692130532e-08  1.692130532e-08
65.47792495  1.652116301e-08  1.652116301e-08
65.73877387  1.619597724e-08  1.619597724e-08
65.91953391  1.597513421e-08  1.597513421e-08
66  1.58779883e-08  1.58779883e-08
66.08046609  1.578155043e-08  1.578155043e-08
66.26122613  1.556746203e-08  1.556746203e-08
66.52207505  1.526462768e-08  1.526462768e-08
66.83472104  1.491092057e-08  1.491092057e-08
67.16527896  1.454758961e-08  1.454758961e-08
67.47792495  1.421368089e-08  1.421368089e-08
67.73877387  1.394210981e-08  1.394210981e-08
67.91953391  1.375756808e-08  1.375756808e-08
68  1.367636213e-08  1.367636213e-08
68.08046609  1.35957307e-08  1.35957307e-08
68.26122613  1.341666977e-08  1.341666977e-08
68.52207505  1.316323468e-08  1.316323468e-08
68.83472104  1.286700209e-08  1.286700209e-08
69.16527896  1.256245419e-08  1.256245419e-08
69.47792495  1.228233559e-08  1.228233559e-08
69.73877387  1.205434504e-08  1.205434504e-08
69.91953391  1.189933065e-08  1.189933065e-08
70  1.183109537e-08  1.183109537e-08
70.08046609  1.17633291e-08  1.17633291e-08
70.26122613  1.161278895e-08  1.161278895e-08
70.52207505  1.139960341e-08  1.139960341e-08
70.83472104  1.115024001e-08  1.115024001e-08
71.16527896  1.089367401e-08  1.089367401e-08
71.47792495  1.065750327e-08  1.065750327e-08
71.73877387  1.046514879e-08  1.046514879e-08
71.91953391  1.033429452e-08  1.033429452e-08
72  1.027667621e-08  1.027667621e-08
72.08046609  1.021944296e-08  1.021944296e-08
72.26122613  1.009226215e-08  1.009226215e-08
72.52207505  9.912062818e-09  9.912062818e-09
72.83472104  9.701141725e-09  9.701141725e-09
73.16527896  9.483966068e-09  9.483966068e-09
73.47792495  9.28390611e-09  9.28390611e-09
73.73877387  9.120855937e-09  9.120855937e-09
73.91953391  9.009881026e-09  9.009881026e-09
74  8.961001637e-09  8.961001637e-09
74.08046609  8.912440114e-09  8.912440114e-09
74.26122613  8.804497555e-09  8.804497555e-09
74.52207505  8.651481018e-09  8.651481018e-09
74.83472104  8.472263116e-09  8.472263116e-09
75.16527896  8.287600109e-09  8.287600109e-09
75.47792495  8.117370998e-09  8.117370998e-09
75.73877387  7.978546952e-09  7.978546952e-09
75.91953391  7.884015864e-09  7.884015864e-09
76  7.842367574e-09  7.842367574e-09
76.08046609  7.800983019e-09  7.800983019e-09
76.26122613  7.708967899e-09  7.708967899e-09
76.52207505  7.578468746e-09  7.578468746e-09
76.83472104  7.425531779e-09  7.425531779e-09
77.16527896  7.267842424e-09  7.267842424e-09
77.47792495  7.122381818e-09  7.122381818e-09
77.73877387  7.003686907e-09  7.003686907e-09
77.91953391  6.922826143e-09  6.922826143e-09
78  6.887191232e-09  6.887191232e-09
78.08046609  6.851776208e-09  6.851776208e-09
78.26122613  6.773013112e-09  6.773013112e-09
78.52207505  6.661258937e-09  6.661258937e-09
78.83472104  6.530214987e-09  6.530214987e-09
79.16527896  6.395012874e-09  6.395012874e-09
79.47792495  6.270216785e-09  6.270216785e-09
79.73877387  6.168327002e-09  6.168327002e-09
79.91953391  6.098884984e-09  6.098884984e-09
80  6.068274533e-09  6.068274533e-09
80.08046609  6.03784826e-09  6.03784826e-09
80.26122613  5.970163225e-09  5.970163225e-09
80.52207505  5.874086869e-09  5.874086869e-09
80.83472104  5.761365607e-09  5.761365607e-09
81.16527896  5.644997153e-09  5.644997153e-09
81.47792495  5.537520605e-09  5.537520605e-09
81.73877387  5.449724673e-09  5.449724673e-09
81.91953391  5.389863814e-09  5.389863814e-09
82  5.363470465e-09  5.363470465e-09
82.08046609  5.337232056e-09  5.337232056e-09
82.26122613  5.278849283e-09  5.278849283e-09
82.52207505  5.195943927e-09  5.195943927e-09
82.83472104  5.098625165e-09  5.098625165e-09
83.16527896  4.99809967e-09  4.99809967e-09
83.47792495  4.905202377e-09  4.905202377e-09
83.73877387  4.82927757e-09  4.82927757e-09
83.91953391  4.777490584e-09  4.777490584e-09
84  4.754651882e-09  4.754651882e-09
84.08046609  4.731944071e-09  4.731944071e-09
84.26122613  4.681405734e-09  4.681405734e-09
84.52207505  4.609612327e-09  4.609612327e-09
84.83472104  4.525295824e-09  4.525295824e-09
85.16527896  4.438153194e-09  4.438153194e-09
85.47792495  4.357579324e-09  4.357579324e-09
85.73877387  4.291694633e-09  4.291694633e-09
85.91953391  4.246739222e-09  4.246739222e-09
86  4.22690901e-09  4.22690901e-09
86.08046609  4.207189811e-09  4.207189811e-09
86.26122613  4.163293422e-09  4.163293422e-09
86.52207505  4.100912686e-09  4.100912686e-09
86.83472104  4.027616284e-09  4.027616284e-09
87.16527896  3.951823445e-09  3.951823445e-09
87.47792495  3.881707369e-09  3.881707369e-09
87.73877387  3.824347527e-09  3.824347527e-09
87.91953391  3.785195106e-09  3.785195106e-09
88  3.767921052e-09  3.767921052e-09
88.08046609  3.750741509e-09  3.750741509e-09
88.26122613  3.71249069e-09  3.71249069e-09
88.52207505  3.658113927e-09  3.658113927e-09
88.83472104  3.594193387e-09  3.594193387e-09
89.16527896  3.52806268e-09  3.52806268e-09
89.47792495  3.466854662e-09  3.466854662e-09
89.73877387  3.416760194e-09  3.416760194e-09
89.91953391  3.382555412e-09  3.382555412e-09
90  3.36746126e-09  3.36746126e-09
90.08046609  3.352447861e-09  3.352447861e-09
90.26122613  3.319013442e-09  3.319013442e-09
90.52207505  3.27146781e-09  3.27146781e-09
90.83472104  3.215553364e-09  3.215553364e-09
91.16527896  3.157677912e-09  3.157677912e-09
91.47792495  3.104085192e-09  3.104085192e-09
91.73877387  3.060204849e-09  3.060204849e-09
91.91953391  3.030233448e-09  3.030233448e-09
92  3.017004921e-09  3.017004921e-09
92.08046609  3.003845633e-09  3.003845633e-09
92.26122613  2.974534739e-09  2.974534739e-09
92.52207505  2.932839747e-09  2.932839747e-09
92.83472104  2.883785618e-09  2.883785618e-09
93.16527896  2.83298785e-09  2.83298785e-09
93.47792495  2.785927685e-09  2.785927685e-09
93.73877387  2.747380509e-09  2.747380509e-09
93.91953391  2.721043672e-09  2.721043672e-09
94  2.709417224e-09  2.709417224e-09
94.08046609  2.697850338e-09  2.697850338e-09
94.26122613  2.672081695e-09  2.672081695e-09
94.52207505  2.63541443e-09  2.63541443e-09
94.83472104  2.592258457e-09  2.592258457e-09
95.16527896  2.547548908e-09  2.547548908e-09
95.47792495  2.506110963e-09  2.506110963e-09
95.73877387  2.47215587e-09  2.47215587e-09
95.91953391  2.448949652e-09  2.448949652e-09
96  2.438703436e-09  2.438703436e-09
96.08046609  2.42850862e-09  2.42850862e-09
96.26122613  2.405792735e-09  2.405792735e-09
96.52207505  2.37345994e-09  2.37345994e-09
96.83472104  2.33539113e-09  2.33539113e-09
97.16527896  2.295935304e-09  2.295935304e-09
97.47792495  2.259351372e-09  2.259351372e-09
97.73877387  2.22936266e-09  2.22936266e-09
97.91953391  2.208861407e-09  2.208861407e-09
98  2.199807999e-09  2.199807999e-09
98.08046609  2.190799082e-09  2.190799082e-09
98.26122613  2.17072226e-09  2.17072226e-09
98.52207505  2.142137796e-09  2.142137796e-09
98.83472104  2.108470122e-09  2.108470122e-09
99.16527896  2.073561715e-09  2.073561715e-09
99.47792495  2.041181237e-09  2.041181237e-09
99.73877387  2.014628766e-09  2.014628766e-09
99.91953391  1.996471697e-09  1.996471697e-09
100  1.988452199e-09  1.988452199e-09
100.0804661  1.980471326e-09  1.980471326e-09
100.2612261  1.962682716e-09  1.962682716e-09
100.5220751  1.9373493e-09  1.9373493e-09
100.834721  1.907500452e-09  1.907500452e-09
101.165279  1.87653962e-09  1.87653962e-09
101.4779249  1.847809796e-09  1.847809796e-09
101.7387739  1.824242876e-09  1.824242876e-09
101.9195339  1.808123167e-09  1.808123167e-09
102  1.801002421e-09  1.801002421e-09
102.0804661  1.793915299e-09  1.793915299e-09
102.2612261  1.778116356e-09  1.778116356e-09
102.5220751  1.75561069e-09  1.75561069e-09
102.834721  1.729084763e-09  1.729084763e-09
103.165279  1.701560405e-09  1.701560405e-09
103.4779249  1.676009976e-09  1.676009976e-09
103.7387739  1.655044222e-09  1.655044222e-09
103.9195339  1.640700099e-09  1.640700099e-09
104  1.634362763e-09  1.634362763e-09
104.0804661  1.628054778e-09  1.628054778e-09
104.2612261  1.613990653e-09  1.613990653e-09
104.5220751  1.593951269e-09  1.593951269e-09
104.834721  1.570324606e-09  1.570324606e-09
105.165279  1.545799863e-09  1.545799863e-09
105.4779249  1.523025828e-09  1.523025828e-09
105.7387739  1.504332385e-09  1.504332385e-09
105.9195339  1.491539813e-09  1.491539813e-09
106  1.485887157e-09  1.485887157e-09
106.0804661  1.480260189e-09  1.480260189e-09
106.2612261  1.467712662e-09  1.467712662e-09
106.5220751  1.449829946e-09  1.449829946e-09
106.834721  1.428739506e-09  1.428739506e-09
107.165279  1.406839849e-09  1.406839849e-09
107.4779249  1.38649654e-09  1.38649654e-09
107.7387739  1.369793219e-09  1.369793219e-09
107.9195339  1.358359894e-09  1.358359894e-09
108  1.353307155e-09  1.353307155e-09
108.0804661  1.348276953e-09  1.348276953e-09
108.2612261  1.337058619e-09  1.337058619e-09
108.5220751  1.321066588e-09  1.321066588e-09
108.834721  1.302200366e-09  1.302200366e-09
109.165279  1.282603766e-09  1.282603766e-09
109.4779249  1.264393835e-09  1.264393835e-09
109.7387739  1.249437793e-09  1.249437793e-09
109.9195339  1.239198173e-09  1.239198173e-09
110  1.23467237e-09  1.23467237e-09
110.0804661  1.230166388e-09  1.230166388e-09
110.2612261  1.220115845e-09  1.220115845e-09
110.5220751  1.205785354e-09  1.205785354e-09
110.834721  1.188874447e-09  1.188874447e-09
111.165279  1.17130324e-09  1.17130324e-09
111.4779249  1.154970188e-09  1.154970188e-09
111.7387739  1.141551866e-09  1.141551866e-09
111.9195339  1.132363054e-09  1.132363054e-09
112  1.128301179e-09  1.128301179e-09
112.0804661  1.124256776e-09  1.124256776e-09
112.2612261  1.115234635e-09  1.115234635e-09
112.5220751  1.102367733e-09  1.102367733e-09
112.834721  1.087179758e-09  1.087179758e-09
113.165279  1.071393886e-09  1.071393886e-09
113.4779249  1.056715863e-09  1.056715863e-09
113.7387739  1.044653935e-09  1.044653935e-09
113.9195339  1.036392254e-09  1.036392254e-09
114  1.032739763e-09  1.032739763e-09
114.0804661  1.029102708e-09  1.029102708e-09
114.2612261  1.020988275e-09  1.020988275e-09
114.5220751  1.00941351e-09  1.00941351e-09
114.834721  9.957471146e-10  9.957471146e-10
115.165279  9.815384927e-10  9.815384927e-10
115.4779249  9.68323114e-10  9.68323114e-10
115.7387739  9.574602871e-10  9.574602871e-10
115.9195339  9.50018416e-10  9.50018416e-10
116  9.467279725e-10  9.467279725e-10
116.0804661  9.434511956e-10  9.434511956e-10
116.2612261  9.36139695e-10  9.36139695e-10
116.5220751  9.257081881e-10  9.257081881e-10
116.834721  9.13388471e-10  9.13388471e-10
117.165279  9.005762737e-10  9.005762737e-10
117.4779249  8.88656294e-10  8.88656294e-10
117.7387739  8.788557766e-10  8.788557766e-10
117.9195339  8.72140362e-10  8.72140362e-10
118  8.691707823e-10  8.691707823e-10
118.0804661  8.662133278e-10  8.662133278e-10
118.2612261  8.596135805e-10  8.596135805e-10
118.5220751  8.501957378e-10  8.501957378e-10
118.834721  8.39070399e-10  8.39070399e-10
119.165279  8.274971095e-10  8.274971095e-10
119.4779249  8.167267849e-10  8.167267849e-10
119.7387739  8.078693325e-10  8.078693325e-10
119.9195339  8.017989737e-10  8.017989737e-10
120  7.991143419e-10  7.991143419e-10
120.0804661  7.964404895e-10  7.964404895e-10
120.2612261  7.904729596e-10  7.904729596e-10
120.5220751  7.819557065e-10  7.819557065e-10
120.834721  7.718918159e-10  7.718918159e-10
121.165279  7.614198994e-10  7.614198994e-10
121.4779249  7.516719278e-10  7.516719278e-10
121.7387739  7.436533504e-10  7.436533504e-10
121.9195339  7.381569052e-10  7.381569052e-10
122  7.357258272e-10  7.357258272e-10
122.0804661  7.333043509e-10  7.333043509e-10
122.2612261  7.278994993e-10  7.278994993e-10
122.5220751  7.201839492e-10  7.201839492e-10
122.834721  7.110652187e-10  7.110652187e-10
123.165279  7.015743155e-10  7.015743155e-10
123.4779249  6.927372522e-10  6.927372522e-10
123.7387739  6.854663093e-10  6.854663093e-10
123.9195339  6.804814629e-10  6.804814629e-10
124  6.78276436e-10  6.78276436e-10
124.0804661  6.760799778e-10  6.760799778e-10
124.2612261  6.711768709e-10  6.711768709e-10
124.5220751  6.641763533e-10  6.641763533e-10
124.834721  6.559008289e-10  6.559008289e-10
125.165279  6.472853791e-10  6.472853791e-10
125.4779249  6.392614491e-10  6.392614491e-10
125.7387739  6.326580671e-10  6.326580671e-10
125.9195339  6.281301183e-10  6.281301183e-10
126  6.261269968e-10  6.261269968e-10
126.0804661  6.241315361e-10  6.241315361e-10
126.2612261  6.196766658e-10  6.196766658e-10
126.5220751  6.133150547e-10  6.133150547e-10
126.834721  6.057931594e-10  6.057931594e-10
127.165279  5.979603864e-10  5.979603864e-10
127.4779249  5.906636267e-10  5.906636267e-10
127.7387739  5.846573848e-10  5.846573848e-10
127.9195339  5.805382156e-10  5.805382156e-10
128  5.787157567e-10  5.787157567e-10
128.0804661  5.76900159e-10  5.76900159e-10
128.2612261  5.728464404e-10  5.728464404e-10
128.5220751  5.670567327e-10  5.670567327e-10
128.834721  5.602096017e-10  5.602096017e-10
129.165279  5.530777968e-10  5.530777968e-10
129.4779249  5.464324751e-10  5.464324751e-10
129.7387739  5.409613154e-10  5.409613154e-10
129.9195339  5.372085129e-10  5.372085129e-10
130  5.355479902e-10  5.355479902e-10
130.0804661  5.338936229e-10  5.338936229e-10
130.2612261  5.301995395e-10  5.301995395e-10
130.5220751  5.249226435e-10  5.249226435e-10
130.834721  5.186807039e-10  5.186807039e-10
131.165279  5.121777633e-10  5.121777633e-10
131.4779249  5.061170282e-10  5.061170282e-10
131.7387739  5.011261551e-10  5.011261551e-10
131.9195339  4.977022617e-10  4.977022617e-10
132  4.961871344e-10  4.961871344e-10
132.0804661  4.946775387e-10  4.946775387e-10
132.2612261  4.913064126e-10  4.913064126e-10
132.5220751  4.864901122e-10  4.864901122e-10
132.834721  4.807918697e-10  4.807918697e-10
133.165279  4.748540423e-10  4.748540423e-10
133.4779249  4.69318769e-10  4.69318769e-10
133.7387739  4.64759707e-10  4.64759707e-10
133.9195339  4.616315785e-10  4.616315785e-10
134  4.602472089e-10  4.602472089e-10
134.0804661  4.588678182e-10  4.588678182e-10
134.2612261  4.557871848e-10  4.557871848e-10
134.5220751  4.513852528e-10  4.513852528e-10
134.834721  4.461762515e-10  4.461762515e-10
135.165279  4.407470661e-10  4.407470661e-10
135.4779249  4.356848661e-10  4.356848661e-10
135.7387739  4.315146513e-10  4.315146513e-10
135.9195339  4.286529061e-10  4.286529061e-10
136  4.273863166e-10  4.273863166e-10
136.0804661  4.261242156e-10  4.261242156e-10
136.2612261  4.233052867e-10  4.233052867e-10
136.5220751  4.192767227e-10  4.192767227e-10
136.834721  4.145086516e-10  4.145086516e-10
137.165279  4.095379952e-10  4.095379952e-10
137.4779249  4.049023649e-10  4.049023649e-10
137.7387739  4.010828499e-10  4.010828499e-10
137.9195339  3.984613952e-10  3.984613952e-10
138  3.973010596e-10  3.973010596e-10
138.0804661  3.961447764e-10  3.961447764e-10
138.2612261  3.935619787e-10  3.935619787e-10
138.5220751  3.898703538e-10  3.898703538e-10
138.834721  3.855002778e-10  3.855002778e-10
139.165279  3.809436011e-10  3.809436011e-10
139.4779249  3.766931885e-10  3.766931885e-10
139.7387739  3.731904437e-10  3.731904437e-10
139.9195339  3.707860671e-10  3.707860671e-10
140  3.697217304e-10  3.697217304e-10
140.0804661  3.686610577e-10  3.686610577e-10
140.2612261  3.662916342e-10  3.662916342e-10
140.5220751  3.629045255e-10  3.629045255e-10
140.834721  3.588942215e-10  3.588942215e-10
141.165279  3.547118537e-10  3.547118537e-10
141.4779249  3.508098252e-10  3.508098252e-10
141.7387739  3.475936211e-10  3.475936211e-10
141.9195339  3.453856379e-10  3.453856379e-10
142  3.444081607e-10  3.444081607e-10
142.0804661  3.434340012e-10  3.434340012e-10
142.2612261  3.412576673e-10  3.412576673e-10
142.5220751  3.381461687e-10  3.381461687e-10
142.834721  3.34461552e-10  3.34461552e-10
143.165279  3.30618108e-10  3.30618108e-10
143.4779249  3.270316007e-10  3.270316007e-10
143.7387739  3.240749599e-10  3.240749599e-10
143.9195339  3.220449075e-10  3.220449075e-10
144  3.211461315e-10  3.211461315e-10
144.0804661  3.202503637e-10  3.202503637e-10
144.2612261  3.182490088e-10  3.182490088e-10
144.5220751  3.153873083e-10  3.153873083e-10
144.834721  3.119979348e-10  3.119979348e-10
145.165279  3.084618013e-10  3.084618013e-10
145.4779249  3.051614476e-10  3.051614476e-10
145.7387739  3.02440257e-10  3.02440257e-10
145.9195339  3.0057163e-10  3.0057163e-10
146  2.997442608e-10  2.997442608e-10
146.0804661  2.989196231e-10  2.989196231e-10
146.2612261  2.970770522e-10  2.970770522e-10
146.5220751  2.944420635e-10  2.944420635e-10
146.834721  2.913206987e-10  2.913206987e-10
147.165279  2.880635877e-10  2.880635877e-10
147.4779249  2.850231028e-10  2.850231028e-10
147.7387739  2.825157756e-10  2.825157756e-10
147.9195339  2.807937952e-10  2.807937952e-10
148  2.800313012e-10  2.800313012e-10
148.0804661  2.792712904e-10  2.792712904e-10
148.2612261  2.775729992e-10  2.775729992e-10
148.5220751  2.751440426e-10  2.751440426e-10
148.834721  2.722662855e-10  2.722662855e-10
149.165279  2.692628462e-10  2.692628462e-10
149.4779249  2.664586686e-10  2.664586686e-10
149.7387739  2.641458503e-10  2.641458503e-10
149.9195339  2.625572643e-10  2.625572643e-10
150  2.618537875e-10  2.618537875e-10
150.0804661  2.611525714e-10  2.611525714e-10
150.2612261  2.5958555e-10  2.5958555e-10
150.5220751  2.573440738e-10  2.573440738e-10
150.834721  2.546880294e-10  2.546880294e-10
151.165279  2.519155095e-10  2.519155095e-10
151.4779249  2.493264878e-10  2.493264878e-10
151.7387739  2.471908002e-10  2.471908002e-10
151.9195339  2.457237072e-10  2.457237072e-10
152  2.450739867e-10  2.450739867e-10
152.0804661  2.444263266e-10  2.444263266e-10
152.2612261  2.429788887e-10  2.429788887e-10
152.5220751  2.409082259e-10  2.409082259e-10
152.834721  2.384542198e-10  2.384542198e-10
153.165279  2.358921693e-10  2.358921693e-10
153.4779249  2.334992883e-10  2.334992883e-10
153.7387739  2.315251051e-10  2.315251051e-10
153.9195339  2.301688021e-10  2.301688021e-10
154  2.29568106e-10  2.29568106e-10
154.0804661  2.289692902e-10  2.289692902e-10
154.2612261  2.276309235e-10  2.276309235e-10
154.5220751  2.25716079e-10  2.25716079e-10
154.834721  2.234464068e-10  2.234464068e-10
155.165279  2.210764197e-10  2.210764197e-10
155.4779249  2.188625608e-10  2.188625608e-10
155.7387739  2.170358115e-10  2.170358115e-10
155.9195339  2.157806594e-10  2.157806594e-10
156  2.15224726e-10  2.15224726e-10
156.0804661  2.146705104e-10  2.146705104e-10
156.2612261  2.134317457e-10  2.134317457e-10
156.5220751  2.116592102e-10  2.116592102e-10
156.834721  2.095579187e-10  2.095579187e-10
157.165279  2.073634056e-10  2.073634056e-10
157.4779249  2.053131365e-10  2.053131365e-10
157.7387739  2.036211342e-10  2.036211342e-10
157.9195339  2.024584407e-10  2.024584407e-10
158  2.019434263e-10  2.019434263e-10
158.0804661  2.014299833e-10  2.014299833e-10
158.2612261  2.002822791e-10  2.002822791e-10
158.5220751  1.986398654e-10  1.986398654e-10
158.834721  1.966925597e-10  1.966925597e-10
159.165279  1.946585489e-10  1.946585489e-10
159.4779249  1.927579391e-10  1.927579391e-10
159.7387739  1.911892294e-10  1.911892294e-10
159.9195339  1.901111455e-10  1.901111455e-10
160  1.896335792e-10  1.896335792e-10
160.0804661  1.891574517e-10  1.891574517e-10
160.2612261  1.880930937e-10  1.880930937e-10
160.5220751  1.865697929e-10  1.865697929e-10
160.834721  1.847634677e-10  1.847634677e-10
161.165279  1.828764296e-10  1.828764296e-10
161.4779249  1.811128879e-10  1.811128879e-10
161.7387739  1.796571158e-10  1.796571158e-10
161.9195339  1.786565447e-10  1.786565447e-10
162  1.782132879e-10  1.782132879e-10
162.0804661  1.777713501e-10  1.777713501e-10
162.2612261  1.767833617e-10  1.767833617e-10
162.5220751  1.753692166e-10  1.753692166e-10
162.834721  1.736921068e-10  1.736921068e-10
163.165279  1.719397997e-10  1.719397997e-10
163.4779249  1.703019312e-10  1.703019312e-10
163.7387739  1.689497237e-10  1.689497237e-10
163.9195339  1.680202408e-10  1.680202408e-10
164  1.67608452e-10  1.67608452e-10
164.0804661  1.671978737e-10  1.671978737e-10
164.2612261  1.66279938e-10  1.66279938e-10
164.5220751  1.649659313e-10  1.649659313e-10
164.834721  1.634073805e-10  1.634073805e-10
165.165279  1.617787142e-10  1.617787142e-10
165.4779249  1.602561938e-10  1.602561938e-10
165.7387739  1.589990565e-10  1.589990565e-10
165.9195339  1.581348388e-10  1.581348388e-10
166  1.577519423e-10  1.577519423e-10
166.0804661  1.573701578e-10  1.573701578e-10
166.2612261  1.565165478e-10  1.565165478e-10
166.5220751  1.552945037e-10  1.552945037e-10
166.834721  1.538448483e-10  1.538448483e-10
167.165279  1.523297637e-10  1.523297637e-10
167.4779249  1.509132245e-10  1.509132245e-10
167.7387739  1.4974345e-10  1.4974345e-10
167.9195339  1.48939213e-10  1.48939213e-10
168  1.485828713e-10  1.485828713e-10
168.0804661  1.482275522e-10  1.482275522e-10
168.2612261  1.474330699e-10  1.474330699e-10
168.5220751  1.462955665e-10  1.462955665e-10
168.834721  1.449460325e-10  1.449460325e-10
169.165279  1.435353951e-10  1.435353951e-10
169.4779249  1.422163295e-10  1.422163295e-10
169.7387739  1.411269163e-10  1.411269163e-10
169.9195339  1.403778591e-10  1.403778591e-10
170  1.400459482e-10  1.400459482e-10
170.0804661  1.397149786e-10  1.397149786e-10
170.2612261  1.389749006e-10  1.389749006e-10
170.5220751  1.379151929e-10  1.379151929e-10
170.834721  1.366578051e-10  1.366578051e-10
171.165279  1.353433102e-10  1.353433102e-10
171.4779249  1.341139822e-10  1.341139822e-10
171.7387739  1.330985627e-10  1.330985627e-10
171.9195339  1.324003186e-10  1.324003186e-10
172  1.320909066e-10  1.320909066e-10
172.0804661  1.317823618e-10  1.317823618e-10
172.2612261  1.31092391e-10  1.31092391e-10
172.5220751  1.301043418e-10  1.301043418e-10
172.834721  1.289318429e-10  1.289318429e-10
173.165279  1.277059321e-10  1.277059321e-10
173.4779249  1.265592993e-10  1.265592993e-10
173.7387739  1.256120763e-10  1.256120763e-10
173.9195339  1.249606688e-10  1.249606688e-10
174  1.246719964e-10  1.246719964e-10
174.0804661  1.243841238e-10  1.243841238e-10
174.2612261  1.237403465e-10  1.237403465e-10
174.5220751  1.22818366e-10  1.22818366e-10
174.834721  1.217241444e-10  1.217241444e-10
175.165279  1.205799307e-10  1.205799307e-10
175.4779249  1.195095757e-10  1.195095757e-10
175.7387739  1.186252649e-10  1.186252649e-10
175.9195339  1.180170696e-10  1.180170696e-10
176  1.177475329e-10  1.177475329e-10
176.0804661  1.174787345e-10  1.174787345e-10
176.2612261  1.168775827e-10  1.168775827e-10
176.5220751  1.160165737e-10  1.160165737e-10
176.834721  1.149946e-10  1.149946e-10
177.165279  1.139258017e-10  1.139258017e-10
177.4779249  1.129258696e-10  1.129258696e-10
177.7387739  1.120996499e-10  1.120996499e-10
177.9195339  1.115313591e-10  1.115313591e-10
178  1.112794944e-10  1.112794944e-10
178.0804661  1.11028312e-10  1.11028312e-10
178.2612261  1.10466529e-10  1.10466529e-10
178.5220751  1.096618389e-10  1.096618389e-10
178.834721  1.087066087e-10  1.087066087e-10
179.165279  1.077074899e-10  1.077074899e-10
179.4779249  1.06772634e-10  1.06772634e-10
179.7387739  1.060001017e-10  1.060001017e-10
179.9195339  1.054686941e-10  1.054686941e-10
180  1.052331644e-10  1.052331644e-10
180.0804661  1.049982655e-10  1.049982655e-10
180.2612261  1.044728762e-10  1.044728762e-10
180.5220751  1.037202537e-10  1.037202537e-10
180.834721  1.028267365e-10  1.028267365e-10
181.165279  1.018920547e-10  1.018920547e-10
181.4779249  1.010173872e-10  1.010173872e-10
181.7387739  1.00294516e-10  1.00294516e-10
181.9195339  9.979722886e-11  9.979722886e-11
182  9.95768114e-11  9.95768114e-11
182.0804661  9.935697788e-11  9.935697788e-11
182.2612261  9.886526103e-11  9.886526103e-11
182.5220751  9.816081776e-11  9.816081776e-11
182.834721  9.732441186e-11  9.732441186e-11
183.165279  9.644937034e-11  9.644937034e-11
183.4779249  9.563041848e-11  9.563041848e-11
183.7387739  9.495352369e-11  9.495352369e-11
183.9195339  9.448782823e-11  9.448782823e-11
184  9.428140379e-11  9.428140379e-11
184.0804661  9.407552028e-11  9.407552028e-11
184.2612261  9.361498487e-11  9.361498487e-11
184.5220751  9.295516073e-11  9.295516073e-11
184.834721  9.217165241e-11  9.217165241e-11
185.165279  9.135185833e-11  9.135185833e-11
185.4779249  9.058452526e-11  9.058452526e-11
185.7387739  8.99502312e-11  8.99502312e-11
185.9195339  8.951381063e-11  8.951381063e-11
186  8.932035372e-11  8.932035372e-11
186.0804661  8.912739831e-11  8.912739831e-11
186.2612261  8.869576169e-11  8.869576169e-11
186.5220751  8.807729409e-11  8.807729409e-11
186.834721  8.73428212e-11  8.73428212e-11
187.165279  8.657424762e-11  8.657424762e-11
187.4779249  8.585477716e-11  8.585477716e-11
187.7387739  8.525998849e-11  8.525998849e-11
187.9195339  8.485071814e-11  8.485071814e-11
188  8.466928825e-11  8.466928825e-11
188.0804661  8.44883237e-11  8.44883237e-11
188.2612261  8.408349222e-11  8.408349222e-11
188.5220751  8.350338838e-11  8.350338838e-11
188.834721  8.281440772e-11  8.281440772e-11
189.165279  8.209335964e-11  8.209335964e-11
189.4779249  8.141830477e-11  8.141830477e-11
189.7387739  8.086018053e-11  8.086018053e-11
189.9195339  8.047611015e-11  8.047611015e-11
190  8.030584396e-11  8.030584396e-11
190.0804661  8.013600986e-11  8.013600986e-11
190.2612261  7.975606144e-11  7.975606144e-11
190.5220751  7.921157354e-11  7.921157354e-11
190.834721  7.856483149e-11  7.856483149e-11
191.165279  7.788791547e-11  7.788791547e-11
191.4779249  7.725410997e-11  7.725410997e-11
191.7387739  7.67300403e-11  7.67300403e-11
191.9195339  7.636937812e-11  7.636937812e-11
192  7.620948237e-11  7.620948237e-11
192.0804661  7.604998818e-11  7.604998818e-11
192.2612261  7.569315663e-11  7.569315663e-11
192.5220751  7.518175952e-11  7.518175952e-11
192.834721  7.45742657e-11  7.45742657e-11
193.165279  7.393836237e-11  7.393836237e-11
193.4779249  7.334289537e-11  7.334289537e-11
193.7387739  7.285048059e-11  7.285048059e-11
193.9195339  7.251157896e-11  7.251157896e-11
194  7.236132419e-11  7.236132419e-11
194.0804661  7.221144288e-11  7.221144288e-11
194.2612261  7.187610384e-11  7.187610384e-11
194.5220751  7.13954749e-11  7.13954749e-11
194.834721  7.082447845e-11  7.082447845e-11
195.165279  7.022671792e-11  7.022671792e-11
195.4779249  6.966691094e-11  6.966691094e-11
195.7387739  6.920394269e-11  6.920394269e-11
195.9195339  6.888528518e-11  6.888528518e-11
196  6.874399996e-11  6.874399996e-11
196.0804661  6.860306234e-11  6.860306234e-11
196.2612261  6.828772061e-11  6.828772061e-11
196.5220751  6.783572167e-11  6.783572167e-11
196.834721  6.729868991e-11  6.729868991e-11
197.165279  6.67364295e-11  6.67364295e-11
197.4779249  6.620981582e-11  6.620981582e-11
197.7387739  6.577426005e-11  6.577426005e-11
197.9195339  6.54744498e-11  6.54744498e-11
198  6.534151564e-11  6.534151564e-11
198.0804661  6.520890523e-11  6.520890523e-11
198.2612261  6.49121833e-11  6.49121833e-11
198.5220751  6.448684434e-11  6.448684434e-11
198.834721  6.398144344e-11  6.398144344e-11
199.165279  6.345224768e-11  6.345224768e-11
199.4779249  6.295655366e-11  6.295655366e-11
199.7387739  6.254653533e-11  6.254653533e-11
199.9195339  6.226428457e-11  6.226428457e-11
200  6.213913122e-11  6.213913122e-11
200.0804661  6.201427963e-11  6.201427963e-11
200.2612261  6.173490738e-11  6.173490738e-11
200.5220751  6.133441178e-11  6.133441178e-11
200.834721  6.085848941e-11  6.085848941e-11
201.165279  6.036011191e-11  6.036011191e-11
201.4779249  5.989324016e-11  5.989324016e-11
201.7387739  5.950702939e-11  5.950702939e-11
201.9195339  5.924114992e-11  5.924114992e-11
202  5.912325122e-11  5.912325122e-11
202.0804661  5.900563397e-11  5.900563397e-11
202.2612261  5.874243933e-11  5.874243933e-11
202.5220751  5.836511057e-11  5.836511057e-11
202.834721  5.791668017e-11  5.791668017e-11
203.165279  5.744704727e-11  5.744704727e-11
203.4779249  5.700706145e-11  5.700706145e-11
203.7387739  5.664306098e-11  5.664306098e-11
203.9195339  5.63924556e-11  5.63924556e-11
204  5.628132564e-11  5.628132564e-11
204.0804661  5.617045838e-11  5.617045838e-11
204.2612261  5.592235892e-11  5.592235892e-11
204.5220751  5.556664855e-11  5.556664855e-11
204.834721  5.514387506e-11  5.514387506e-11
205.165279  5.470107107e-11  5.470107107e-11
205.4779249  5.428618207e-11  5.428618207e-11
205.7387739  5.394291595e-11  5.394291595e-11
205.9195339  5.370657072e-11  5.370657072e-11
206  5.360176045e-11  5.360176045e-11
206.0804661  5.349719553e-11  5.349719553e-11
206.2612261  5.326319079e-11  5.326319079e-11
206.5220751  5.29276675e-11  5.29276675e-11
206.834721  5.252885456e-11  5.252885456e-11
207.165279  5.211110829e-11  5.211110829e-11
207.4779249  5.171966178e-11  5.171966178e-11
207.7387739  5.13957651e-11  5.13957651e-11
207.9195339  5.117274225e-11  5.117274225e-11
208  5.107383634e-11  5.107383634e-11
208.0804661  5.097515974e-11  5.097515974e-11
208.2612261  5.075432432e-11  5.075432432e-11
208.5220751  5.043766411e-11  5.043766411e-11
208.834721  5.006124231e-11  5.006124231e-11
209.165279  4.966691496e-11  4.966691496e-11
209.4779249  4.929738009e-11  4.929738009e-11
209.7387739  4.899158965e-11  4.899158965e-11
209.9195339  4.878102126e-11  4.878102126e-11
210  4.868763527e-11  4.868763527e-11
210.0804661  4.859446374e-11  4.859446374e-11
210.2612261  4.838594105e-11  4.838594105e-11
210.5220751  4.808691821e-11  4.808691821e-11
210.834721  4.773143455e-11  4.773143455e-11
211.165279  4.735900866e-11  4.735900866e-11
211.4779249  4.700996776e-11  4.700996776e-11
211.7387739  4.672111365e-11  4.672111365e-11
211.9195339  4.65221958e-11  4.65221958e-11
212  4.643397366e-11  4.643397366e-11
212.0804661  4.634595221e-11  4.634595221e-11
212.2612261  4.614894873e-11  4.614894873e-11
212.5220751  4.586642775e-11  4.586642775e-11
212.834721  4.553053596e-11  4.553053596e-11
213.165279  4.517860544e-11  4.517860544e-11
213.4779249  4.484874469e-11  4.484874469e-11
213.7387739  4.45757426e-11  4.45757426e-11
213.9195339  4.438773014e-11  4.438773014e-11
214  4.430434177e-11  4.430434177e-11
214.0804661  4.422114132e-11  4.422114132e-11
214.2612261  4.403492144e-11  4.403492144e-11
214.5220751  4.376784959e-11  4.376784959e-11
214.834721  4.345030146e-11  4.345030146e-11
215.165279  4.311756242e-11  4.311756242e-11
215.4779249  4.28056634e-11  4.28056634e-11
215.7387739  4.254750762e-11  4.254750762e-11
215.9195339  4.236970937e-11  4.236970937e-11
216  4.229084859e-11  4.229084859e-11
216.0804661  4.221216388e-11  4.221216388e-11
216.2612261  4.203604521e-11  4.203604521e-11
216.5220751  4.178344582e-11  4.178344582e-11
216.834721  4.148308318e-11  4.148308318e-11
217.165279  4.116832568e-11  4.116832568e-11
217.4779249  4.087325762e-11  4.087325762e-11
217.7387739  4.062901471e-11  4.062901471e-11
217.9195339  4.046078911e-11  4.046078911e-11
218  4.03861717e-11  4.03861717e-11
218.0804661  4.031171936e-11  4.031171936e-11
218.2612261  4.01450684e-11  4.01450684e-11
218.5220751  3.990603472e-11  3.990603472e-11
218.834721  3.962178223e-11  3.962178223e-11
219.165279  3.932388274e-11  3.932388274e-11
219.4779249  3.904459549e-11  3.904459549e-11
219.7387739  3.881339849e-11  3.881339849e-11
219.9195339  3.865414962e-11  3.865414962e-11
220  3.858351157e-11  3.858351157e-11
220.0804661  3.851302838e-11  3.851302838e-11
220.2612261  3.835525663e-11  3.835525663e-11
220.5220751  3.812894627e-11  3.812894627e-11
220.834721  3.78598048e-11  3.78598048e-11
221.165279  3.757771929e-11  3.757771929e-11
221.4779249  3.731323693e-11  3.731323693e-11
221.7387739  3.709428008e-11  3.709428008e-11
221.9195339  3.694345403e-11  3.694345403e-11
222  3.687654995e-11  3.687654995e-11
222.0804661  3.680979121e-11  3.680979121e-11
222.2612261  3.666035161e-11  3.666035161e-11
222.5220751  3.644598143e-11  3.644598143e-11
222.834721  3.619102206e-11  3.619102206e-11
223.165279  3.592377975e-11  3.592377975e-11
223.4779249  3.567319473e-11  3.567319473e-11
223.7387739  3.546572863e-11  3.546572863e-11
223.9195339  3.532281022e-11  3.532281022e-11
224  3.525941185e-11  3.525941185e-11
224.0804661  3.519614997e-11  3.519614997e-11
224.2612261  3.505453365e-11  3.505453365e-11
224.5220751  3.485137512e-11  3.485137512e-11
224.834721  3.460973359e-11  3.460973359e-11
225.165279  3.435643122e-11  3.435643122e-11
225.4779249  3.411889901e-11  3.411889901e-11
225.7387739  3.392222625e-11  3.392222625e-11
225.9195339  3.3786736e-11  3.3786736e-11
226  3.372663089e-11  3.372663089e-11
226.0804661  3.366665403e-11  3.366665403e-11
226.2612261  3.353238732e-11  3.353238732e-11
226.5220751  3.333976227e-11  3.333976227e-11
226.834721  3.311063401e-11  3.311063401e-11
227.165279  3.287043059e-11  3.287043059e-11
227.4779249  3.264516481e-11  3.264516481e-11
227.7387739  3.245863594e-11  3.245863594e-11
227.9195339  3.233012731e-11  3.233012731e-11
228  3.227311759e-11  3.227311759e-11
228.0804661  3.221622846e-11  3.221622846e-11
228.2612261  3.208887018e-11  3.208887018e-11
228.5220751  3.190614692e-11  3.190614692e-11
228.834721  3.168878243e-11  3.168878243e-11
229.165279  3.146089445e-11  3.146089445e-11
229.4779249  3.124716241e-11  3.124716241e-11
229.7387739  3.107017225e-11  3.107017225e-11
229.9195339  3.094822912e-11  3.094822912e-11
230  3.08941304e-11  3.08941304e-11
230.0804661  3.084014511e-11  3.084014511e-11
230.2612261  3.071928412e-11  3.071928412e-11
230.5220751  3.054587387e-11  3.054587387e-11
230.834721  3.033957452e-11  3.033957452e-11
231.165279  3.012327159e-11  3.012327159e-11
231.4779249  2.992039018e-11  2.992039018e-11
231.7387739  2.975237447e-11  2.975237447e-11
231.9195339  2.963660881e-11  2.963660881e-11
232  2.958524914e-11  2.958524914e-11
232.0804661  2.953399625e-11  2.953399625e-11
232.2612261  2.941924908e-11  2.941924908e-11
232.5220751  2.925460276e-11  2.925460276e-11
232.834721  2.905871694e-11  2.905871694e-11
233.165279  2.885331775e-11  2.885331775e-11
233.4779249  2.866064971e-11  2.866064971e-11
233.7387739  2.850108201e-11  2.850108201e-11
233.9195339  2.839113179e-11  2.839113179e-11
234  2.834235075e-11  2.834235075e-11
234.0804661  2.829367025e-11  2.829367025e-11
234.2612261  2.818467913e-11  2.818467913e-11
234.5220751  2.802828433e-11  2.802828433e-11
234.834721  2.784220391e-11  2.784220391e-11
235.165279  2.764707256e-11  2.764707256e-11
235.4779249  2.746402304e-11  2.746402304e-11
235.7387739  2.731241192e-11  2.731241192e-11
235.9195339  2.720793915e-11  2.720793915e-11
236  2.716158695e-11  2.716158695e-11
236.0804661  2.711532947e-11  2.711532947e-11
236.2612261  2.701176034e-11  2.701176034e-11
236.5220751  2.686313861e-11  2.686313861e-11
236.834721  2.668629571e-11  2.668629571e-11
237.165279  2.650083833e-11  2.650083833e-11
237.4779249  2.632685176e-11  2.632685176e-11
237.7387739  2.618273817e-11  2.618273817e-11
237.9195339  2.608342714e-11  2.608342714e-11
238  2.603936385e-11  2.603936385e-11
238.0804661  2.599538985e-11  2.599538985e-11
238.2612261  2.589693062e-11  2.589693062e-11
238.5220751  2.575563495e-11  2.575563495e-11
238.834721  2.558749897e-11  2.558749897e-11
239.165279  2.541116063e-11  2.541116063e-11
239.4779249  2.524571781e-11  2.524571781e-11
239.7387739  2.510867274e-11  2.510867274e-11
239.9195339  2.501422835e-11  2.501422835e-11
240  2.497232318e-11  2.497232318e-11
240.0804661  2.493050223e-11  2.493050223e-11
240.2612261  2.483686118e-11  2.483686118e-11
240.5220751  2.47024737e-11  2.47024737e-11
240.834721  2.454254859e-11  2.454254859e-11
241.165279  2.437481043e-11  2.437481043e-11
241.4779249  2.421742587e-11  2.421742587e-11
241.7387739  2.408704813e-11  2.408704813e-11
241.9195339  2.399719441e-11  2.399719441e-11
242  2.395732505e-11  2.395732505e-11
242.0804661  2.391753516e-11  2.391753516e-11
242.2612261  2.382843944e-11  2.382843944e-11
242.5220751  2.37005693e-11  2.37005693e-11
242.834721  2.354839105e-11  2.354839105e-11
243.165279  2.338876768e-11  2.338876768e-11
243.4779249  2.323898718e-11  2.323898718e-11
243.7387739  2.311490139e-11  2.311490139e-11
243.9195339  2.30293801e-11  2.30293801e-11
244  2.29914321e-11  2.29914321e-11
244.0804661  2.295355911e-11  2.295355911e-11
244.2612261  2.286875339e-11  2.286875339e-11
244.5220751  2.274703481e-11  2.274703481e-11
244.834721  2.260216914e-11  2.260216914e-11
245.165279  2.245020623e-11  2.245020623e-11
245.4779249  2.230760459e-11  2.230760459e-11
245.7387739  2.218945933e-11  2.218945933e-11
245.9195339  2.210802872e-11  2.210802872e-11
246  2.207189492e-11  2.207189492e-11
246.0804661  2.203583196e-11  2.203583196e-11
246.2612261  2.195507717e-11  2.195507717e-11
246.5220751  2.183916764e-11  2.183916764e-11
246.834721  2.170120785e-11  2.170120785e-11
247.165279  2.155647992e-11  2.155647992e-11
247.4779249  2.142065891e-11  2.142065891e-11
247.7387739  2.130812502e-11  2.130812502e-11
247.9195339  2.123055862e-11  2.123055862e-11
248  2.119613863e-11  2.119613863e-11
248.0804661  2.116178557e-11  2.116178557e-11
248.2612261  2.108485775e-11  2.108485775e-11
248.5220751  2.09744364e-11  2.09744364e-11
248.834721  2.084300145e-11  2.084300145e-11
249.165279  2.070510979e-11  2.070510979e-11
249.4779249  2.057569624e-11  2.057569624e-11
249.7387739  2.046846523e-11  2.046846523e-11
249.9195339  2.039455079e-11  2.039455079e-11
250  2.036175052e-11  2.036175052e-11
250.0804661  2.032901353e-11  2.032901353e-11
250.2612261  2.025570275e-11  2.025570275e-11
250.5220751  2.015046878e-11  2.015046878e-11
250.834721  2.002520147e-11  2.002520147e-11
251.165279  1.989377232e-11  1.989377232e-11
251.4779249  1.977041632e-11  1.977041632e-11
251.7387739  1.966819894e-11  1.966819894e-11
251.9195339  1.959773743e-11  1.959773743e-11
252  1.956646865e-11  1.956646865e-11
252.0804661  1.953525972e-11  1.953525972e-11
252.2612261  1.946536912e-11  1.946536912e-11
252.5220751  1.936504044e-11  1.936504044e-11
252.834721  1.924560575e-11  1.924560575e-11
253.165279  1.912028849e-11  1.912028849e-11
253.4779249  1.900266181e-11  1.900266181e-11
253.7387739  1.890518671e-11  1.890518671e-11
253.9195339  1.88379914e-11  1.88379914e-11
254  1.880817133e-11  1.880817133e-11
254.0804661  1.877840789e-11  1.877840789e-11
254.2612261  1.871175276e-11  1.871175276e-11
254.5220751  1.861606467e-11  1.861606467e-11
254.834721  1.85021482e-11  1.85021482e-11
255.165279  1.83826138e-11  1.83826138e-11
255.4779249  1.827040839e-11  1.827040839e-11
255.7387739  1.817742085e-11  1.817742085e-11
255.9195339  1.811331646e-11  1.811331646e-11
256  1.80848674e-11  1.80848674e-11
256.0804661  1.805647194e-11  1.805647194e-11
256.2612261  1.799287888e-11  1.799287888e-11
256.5220751  1.790158288e-11  1.790158288e-11
256.834721  1.779288947e-11  1.779288947e-11
257.165279  1.767882898e-11  1.767882898e-11
257.4779249  1.757175556e-11  1.757175556e-11
257.7387739  1.748301639e-11  1.748301639e-11
257.9195339  1.742183831e-11  1.742183831e-11
258  1.739468728e-11  1.739468728e-11
258.0804661  1.736758701e-11  1.736758701e-11
258.2612261  1.730689315e-11  1.730689315e-11
258.5220751  1.721975585e-11  1.721975585e-11
258.834721  1.711600823e-11  1.711600823e-11
259.165279  1.700713142e-11  1.700713142e-11
259.4779249  1.690491823e-11  1.690491823e-11
259.7387739  1.68202027e-11  1.68202027e-11
259.9195339  1.676179626e-11  1.676179626e-11
260  1.673587469e-11  1.673587469e-11
260.0804661  1.671000121e-11  1.671000121e-11
260.2612261  1.665205351e-11  1.665205351e-11
260.5220751  1.656885556e-11  1.656885556e-11
260.834721  1.646979316e-11  1.646979316e-11
261.165279  1.636582727e-11  1.636582727e-11
261.4779249  1.626821885e-11  1.626821885e-11
261.7387739  1.618731572e-11  1.618731572e-11
261.9195339  1.613153554e-11  1.613153554e-11
262  1.610677896e-11  1.610677896e-11
262.0804661  1.608206796e-11  1.608206796e-11
262.2612261  1.602672256e-11  1.602672256e-11
262.5220751  1.594725774e-11  1.594725774e-11
262.834721  1.585263556e-11  1.585263556e-11
263.165279  1.575332409e-11  1.575332409e-11
263.4779249  1.566008024e-11  1.566008024e-11
263.7387739  1.558279084e-11  1.558279084e-11
263.9195339  1.552950016e-11  1.552950016e-11
264  1.550584795e-11  1.550584795e-11
264.0804661  1.548223896e-11  1.548223896e-11
264.2612261  1.542936052e-11  1.542936052e-11
264.5220751  1.535343487e-11  1.535343487e-11
264.834721  1.526302245e-11  1.526302245e-11
265.165279  1.51681241e-11  1.51681241e-11
265.4779249  1.507901882e-11  1.507901882e-11
265.7387739  1.500515622e-11  1.500515622e-11
265.9195339  1.495422638e-11  1.495422638e-11
266  1.493162149e-11  1.493162149e-11
266.0804661  1.490905759e-11  1.490905759e-11
266.2612261  1.485851877e-11  1.485851877e-11
266.5220751  1.478594975e-11  1.478594975e-11
266.834721  1.469953019e-11  1.469953019e-11
267.165279  1.460881786e-11  1.460881786e-11
267.4779249  1.452363843e-11  1.452363843e-11
267.7387739  1.445302668e-11  1.445302668e-11
267.9195339  1.440433656e-11  1.440433656e-11
268  1.438272528e-11  1.438272528e-11
268.0804661  1.436115289e-11  1.436115289e-11
268.2612261  1.431283382e-11  1.431283382e-11
268.5220751  1.424344957e-11  1.424344957e-11
268.834721  1.416081866e-11  1.416081866e-11
269.165279  1.40740785e-11  1.40740785e-11
269.4779249  1.39926246e-11  1.39926246e-11
269.7387739  1.3925098e-11  1.3925098e-11
269.9195339  1.387853352e-11  1.387853352e-11
270  1.385786527e-11  1.385786527e-11
270.0804661  1.383723393e-11  1.383723393e-11
270.2612261  1.379102169e-11  1.379102169e-11
270.5220751  1.372466034e-11  1.372466034e-11
270.834721  1.36456257e-11  1.36456257e-11
271.165279  1.356265627e-11  1.356265627e-11
271.4779249  1.348473917e-11  1.348473917e-11
271.7387739  1.342014159e-11  1.342014159e-11
271.9195339  1.337559529e-11  1.337559529e-11
272  1.335582239e-11  1.335582239e-11
272.0804661  1.333608457e-11  1.333608457e-11
272.2612261  1.329187276e-11  1.329187276e-11
272.5220751  1.322838176e-11  1.322838176e-11
272.834721  1.315276212e-11  1.315276212e-11
273.165279  1.307337355e-11  1.307337355e-11
273.4779249  1.299881538e-11  1.299881538e-11
273.7387739  1.293699967e-11  1.293699967e-11
273.9195339  1.289437022e-11  1.289437022e-11
274  1.287544776e-11  1.287544776e-11
274.0804661  1.285655862e-11  1.285655862e-11
274.2612261  1.281424694e-11  1.281424694e-11
274.5220751  1.27534825e-11  1.27534825e-11
274.834721  1.268110693e-11  1.268110693e-11
275.165279  1.260512022e-11  1.260512022e-11
275.4779249  1.253375325e-11  1.253375325e-11
275.7387739  1.247458065e-11  1.247458065e-11
275.9195339  1.243377249e-11  1.243377249e-11
276  1.241565811e-11  1.241565811e-11
276.0804661  1.239757539e-11  1.239757539e-11
276.2612261  1.235706924e-11  1.235706924e-11
276.5220751  1.229889572e-11  1.229889572e-11
276.834721  1.222960302e-11  1.222960302e-11
277.165279  1.21568493e-11  1.21568493e-11
277.4779249  1.208851531e-11  1.208851531e-11
277.7387739  1.20318549e-11  1.20318549e-11
277.9195339  1.199277792e-11  1.199277792e-11
278  1.197543163e-11  1.197543163e-11
278.0804661  1.195811545e-11  1.195811545e-11
278.2612261  1.191932558e-11  1.191932558e-11
278.5220751  1.186361501e-11  1.186361501e-11
278.834721  1.179725306e-11  1.179725306e-11
279.165279  1.172757299e-11  1.172757299e-11
279.4779249  1.166212266e-11  1.166212266e-11
279.7387739  1.160785088e-11  1.160785088e-11
279.9195339  1.157041999e-11  1.157041999e-11
280  1.155380407e-11  1.155380407e-11
280.0804661  1.153721678e-11  1.153721678e-11
280.2612261  1.150005896e-11  1.150005896e-11
280.5220751  1.144669053e-11  1.144669053e-11
280.834721  1.138311573e-11  1.138311573e-11
281.165279  1.131635887e-11  1.131635887e-11
281.4779249  1.125365123e-11  1.125365123e-11
281.7387739  1.120165143e-11  1.120165143e-11
281.9195339  1.11657863e-11  1.11657863e-11
282  1.114986512e-11  1.114986512e-11
282.0804661  1.113397117e-11  1.113397117e-11
282.2612261  1.109836584e-11  1.109836584e-11
282.5220751  1.104722549e-11  1.104722549e-11
282.834721  1.098630221e-11  1.098630221e-11
283.165279  1.09223265e-11  1.09223265e-11
283.4779249  1.086222839e-11  1.086222839e-11
283.7387739  1.081239037e-11  1.081239037e-11
283.9195339  1.077801512e-11  1.077801512e-11
284  1.076275502e-11  1.076275502e-11
284.0804661  1.074752085e-11  1.074752085e-11
284.2612261  1.071339285e-11  1.071339285e-11
284.5220751  1.06643728e-11  1.06643728e-11
284.834721  1.060597293e-11  1.060597293e-11
285.165279  1.054464411e-11  1.054464411e-11
285.4779249  1.048702972e-11  1.048702972e-11
285.7387739  1.043924935e-11  1.043924935e-11
285.9195339  1.040629227e-11  1.040629227e-11
286  1.039166146e-11  1.039166146e-11
286.0804661  1.037705532e-11  1.037705532e-11
286.2612261  1.034433364e-11  1.034433364e-11
286.5220751  1.029733203e-11  1.029733203e-11
286.834721  1.024133447e-11  1.024133447e-11
287.165279  1.018252567e-11  1.018252567e-11
287.4779249  1.012727605e-11  1.012727605e-11
287.7387739  1.008145491e-11  1.008145491e-11
287.9195339  1.004984821e-11  1.004984821e-11
288  1.003581661e-11  1.003581661e-11
288.0804661  1.002180851e-11  1.002180851e-11
288.2612261  9.990426002e-12  9.990426002e-12
288.5220751  9.94534654e-12  9.94534654e-12
288.834721  9.891636782e-12  9.891636782e-12
289.165279  9.835228008e-12  9.835228008e-12
289.4779249  9.782230708e-12  9.782230708e-12
289.7387739  9.738275702e-12  9.738275702e-12
289.9195339  9.707955264e-12  9.707955264e-12
290  9.694494439e-12  9.694494439e-12
290.0804661  9.681056005e-12  9.681056005e-12
290.2612261  9.650949161e-12  9.650949161e-12
290.5220751  9.60770076e-12  9.60770076e-12
290.834721  9.556170497e-12  9.556170497e-12
291.165279  9.502048257e-12  9.502048257e-12
291.4779249  9.451196874e-12  9.451196874e-12
291.7387739  9.409019933e-12  9.409019933e-12
291.9195339  9.379925103e-12  9.379925103e-12
292  9.36700815e-12  9.36700815e-12
292.0804661  9.354112536e-12  9.354112536e-12
292.2612261  9.325221268e-12  9.325221268e-12
292.5220751  9.283717741e-12  9.283717741e-12
292.834721  9.234264487e-12  9.234264487e-12
293.165279  9.182321375e-12  9.182321375e-12
293.4779249  9.133515219e-12  9.133515219e-12
293.7387739  9.093032993e-12  9.093032993e-12
293.9195339  9.06510636e-12  9.06510636e-12
294  9.052707814e-12  9.052707814e-12
294.0804661  9.040329612e-12  9.040329612e-12
294.2612261  9.012597043e-12  9.012597043e-12
294.5220751  8.972756811e-12  8.972756811e-12
294.834721  8.925283548e-12  8.925283548e-12
295.165279  8.875417887e-12  8.875417887e-12
295.4779249  8.828561631e-12  8.828561631e-12
295.7387739  8.789695205e-12  8.789695205e-12
295.9195339  8.762882412e-12  8.762882412e-12
296  8.750978162e-12  8.750978162e-12
296.0804661  8.739093312e-12  8.739093312e-12
296.2612261  8.712465588e-12  8.712465588e-12
296.5220751  8.6742114e-12  8.6742114e-12
296.834721  8.628626257e-12  8.628626257e-12
297.165279  8.580741756e-12  8.580741756e-12
297.4779249  8.535745116e-12  8.535745116e-12
297.7387739  8.498419747e-12  8.498419747e-12
297.9195339  8.472669309e-12  8.472669309e-12
298  8.461236515e-12  8.461236515e-12
298.0804661  8.449822229e-12  8.449822229e-12
298.2612261  8.424248338e-12  8.424248338e-12
298.5220751  8.387507016e-12  8.387507016e-12
298.834721  8.343722962e-12  8.343722962e-12
299.165279  8.297728396e-12  8.297728396e-12
299.4779249  8.254505836e-12  8.254505836e-12
299.7387739  8.218650706e-12  8.218650706e-12
299.9195339  8.193913838e-12  8.193913838e-12
300  8.182930861e-12  8.182930861e-12
300.0804661  8.171965544e-12  8.171965544e-12
300.2612261  8.147397148e-12  8.147397148e-12
300.5220751  8.112099349e-12  8.112099349e-12
300.834721  8.070033905e-12  8.070033905e-12
301.165279  8.02584282e-12  8.02584282e-12
301.4779249  7.984313268e-12  7.984313268e-12
301.7387739  7.949861255e-12  7.949861255e-12
301.9195339  7.926091717e-12  7.926091717e-12
302  7.915538044e-12  7.915538044e-12
302.0804661  7.905001229e-12  7.905001229e-12
302.2612261  7.881392506e-12  7.881392506e-12
302.5220751  7.847472495e-12  7.847472495e-12
302.834721  7.807047472e-12  7.807047472e-12
303.165279  7.764577903e-12  7.764577903e-12
303.4779249  7.724664497e-12  7.724664497e-12
303.7387739  7.691551957e-12  7.691551957e-12
303.9195339  7.668705903e-12  7.668705903e-12
304  7.658562084e-12  7.658562084e-12
304.0804661  7.648434362e-12  7.648434362e-12
304.2612261  7.625741861e-12  7.625741861e-12
304.5220751  7.593137302e-12  7.593137302e-12
304.834721  7.55427855e-12  7.55427855e-12
305.165279  7.513452762e-12  7.513452762e-12
305.4779249  7.4750826e-12  7.4750826e-12
305.7387739  7.443249169e-12  7.443249169e-12
305.9195339  7.421285011e-12  7.421285011e-12
306  7.411532595e-12  7.411532595e-12
306.0804661  7.401795555e-12  7.401795555e-12
306.2612261  7.379978061e-12  7.379978061e-12
306.5220751  7.348629819e-12  7.348629819e-12
306.834721  7.311266995e-12  7.311266995e-12
307.165279  7.272011239e-12  7.272011239e-12
307.4779249  7.235115154e-12  7.235115154e-12
307.7387739  7.204503554e-12  7.204503554e-12
307.9195339  7.18338183e-12  7.18338183e-12
308  7.174003312e-12  7.174003312e-12
308.0804661  7.164639483e-12  7.164639483e-12
308.2612261  7.143657886e-12  7.143657886e-12
308.5220751  7.113509847e-12  7.113509847e-12
308.834721  7.077576193e-12  7.077576193e-12
309.165279  7.039820477e-12  7.039820477e-12
309.4779249  7.004332822e-12  7.004332822e-12
309.7387739  6.97488869e-12  6.97488869e-12
309.9195339  6.954571944e-12  6.954571944e-12
310  6.945550705e-12  6.945550705e-12
310.0804661  6.936543505e-12  6.936543505e-12
310.2612261  6.916360678e-12  6.916360678e-12
310.5220751  6.887359573e-12  6.887359573e-12
310.834721  6.852791716e-12  6.852791716e-12
311.165279  6.816469591e-12  6.816469591e-12
311.4779249  6.78232804e-12  6.78232804e-12
311.7387739  6.75399976e-12  6.75399976e-12
311.9195339  6.734452425e-12  6.734452425e-12
312  6.725772687e-12  6.725772687e-12
312.0804661  6.71710637e-12  6.71710637e-12
312.2612261  6.69768706e-12  6.69768706e-12
312.5220751  6.669782305e-12  6.669782305e-12
312.834721  6.636520063e-12  6.636520063e-12
313.165279  6.601568424e-12  6.601568424e-12
313.4779249  6.568713781e-12  6.568713781e-12
313.7387739  6.541452327e-12  6.541452327e-12
313.9195339  6.522640623e-12  6.522640623e-12
314  6.514287399e-12  6.514287399e-12
314.0804661  6.505947009e-12  6.505947009e-12
314.2612261  6.487257729e-12  6.487257729e-12
314.5220751  6.460401274e-12  6.460401274e-12
314.834721  6.428387476e-12  6.428387476e-12
315.165279  6.394746373e-12  6.394746373e-12
315.4779249  6.3631224e-12  6.3631224e-12
315.7387739  6.336881193e-12  6.336881193e-12
315.9195339  6.318773024e-12  6.318773024e-12
316  6.310732073e-12  6.310732073e-12
316.0804661  6.302703398e-12  6.302703398e-12
316.2612261  6.284712331e-12  6.284712331e-12
316.5220751  6.258858517e-12  6.258858517e-12
316.834721  6.228038836e-12  6.228038836e-12
317.165279  6.195651295e-12  6.195651295e-12
317.4779249  6.165204546e-12  6.165204546e-12
317.7387739  6.139939317e-12  6.139939317e-12
317.9195339  6.122504176e-12  6.122504176e-12
318  6.114761964e-12  6.114761964e-12
318.0804661  6.107031496e-12  6.107031496e-12
318.2612261  6.089708399e-12  6.089708399e-12
318.5220751  6.064813826e-12  6.064813826e-12
318.834721  6.035136621e-12  6.035136621e-12
319.165279  6.003948483e-12  6.003948483e-12
319.4779249  5.974628146e-12  5.974628146e-12
319.7387739  5.950296808e-12  5.950296808e-12
319.9195339  5.933505692e-12  5.933505692e-12
320  5.926049349e-12  5.926049349e-12
320.0804661  5.918604247e-12  5.918604247e-12
320.2612261  5.901920364e-12  5.901920364e-12
320.5220751  5.877943766e-12  5.877943766e-12
320.834721  5.84935993e-12  5.84935993e-12
321.165279  5.819319695e-12  5.819319695e-12
321.4779249  5.79107745e-12  5.79107745e-12
321.7387739  5.767639976e-12  5.767639976e-12
321.9195339  5.751465302e-12  5.751465302e-12
322  5.74428259e-12  5.74428259e-12
322.0804661  5.737110639e-12  5.737110639e-12
322.2612261  5.721038621e-12  5.721038621e-12
322.5220751  5.697940748e-12  5.697940748e-12
322.834721  5.670403573e-12  5.670403573e-12
323.165279  5.64146225e-12  5.64146225e-12
323.4779249  5.614252133e-12  5.614252133e-12
323.7387739  5.591670447e-12  5.591670447e-12
323.9195339  5.576085972e-12  5.576085972e-12
324  5.569165246e-12  5.569165246e-12
324.0804661  5.562254825e-12  5.562254825e-12
324.2612261  5.546768652e-12  5.546768652e-12
324.5220751  5.524512162e-12  5.524512162e-12
324.834721  5.497977207e-12  5.497977207e-12
325.165279  5.470088181e-12  5.470088181e-12
325.4779249  5.443866453e-12  5.443866453e-12
325.7387739  5.422104318e-12  5.422104318e-12
325.9195339  5.40708507e-12  5.40708507e-12
326  5.40041525e-12  5.40041525e-12
326.0804661  5.393755301e-12  5.393755301e-12
326.2612261  5.37883021e-12  5.37883021e-12
326.5220751  5.357379561e-12  5.357379561e-12
326.834721  5.331804527e-12  5.331804527e-12
327.165279  5.30492343e-12  5.30492343e-12
327.4779249  5.279648456e-12  5.279648456e-12
327.7387739  5.258671383e-12  5.258671383e-12
327.9195339  5.244193589e-12  5.244193589e-12
328  5.237764126e-12  5.237764126e-12
328.0804661  5.23134412e-12  5.23134412e-12
328.2612261  5.216956537e-12  5.216956537e-12
328.5220751  5.196277894e-12  5.196277894e-12
328.834721  5.171622511e-12  5.171622511e-12
329.165279  5.1457071e-12  5.1457071e-12
329.4779249  5.12133924e-12  5.12133924e-12
329.7387739  5.101114384e-12  5.101114384e-12
329.9195339  5.087155407e-12  5.087155407e-12
330  5.080956256e-12  5.080956256e-12
330.0804661  5.074766169e-12  5.074766169e-12
330.2612261  5.060893645e-12  5.060893645e-12
330.5220751  5.040954786e-12  5.040954786e-12
330.834721  5.017180704e-12  5.017180704e-12
331.165279  4.992190747e-12  4.992190747e-12
331.4779249  4.968692245e-12  4.968692245e-12
331.7387739  4.949188324e-12  4.949188324e-12
331.9195339  4.935726603e-12  4.935726603e-12
332  4.929748197e-12  4.929748197e-12
332.0804661  4.923778478e-12  4.923778478e-12
332.2612261  4.91039963e-12  4.91039963e-12
332.5220751  4.891169862e-12  4.891169862e-12
332.834721  4.868240547e-12  4.868240547e-12
333.165279  4.844137715e-12  4.844137715e-12
333.4779249  4.8214726e-12  4.8214726e-12
333.7387739  4.802659811e-12  4.802659811e-12
333.9195339  4.789674802e-12  4.789674802e-12
334  4.783908024e-12  4.783908024e-12
334.0804661  4.778149576e-12  4.778149576e-12
334.2612261  4.765244028e-12  4.765244028e-12
334.5220751  4.746694105e-12  4.746694105e-12
334.834721  4.724574743e-12  4.724574743e-12
335.165279  4.701322512e-12  4.701322512e-12
335.4779249  4.679456505e-12  4.679456505e-12
335.7387739  4.661306443e-12  4.661306443e-12
335.9195339  4.648778567e-12  4.648778567e-12
336  4.643214729e-12  4.643214729e-12
336.0804661  4.63765888e-12  4.63765888e-12
336.2612261  4.625207212e-12  4.625207212e-12
336.5220751  4.607309257e-12  4.607309257e-12
336.834721  4.585966665e-12  4.585966665e-12
337.165279  4.56353022e-12  4.56353022e-12
337.4779249  4.542430642e-12  4.542430642e-12
337.7387739  4.52491623e-12  4.52491623e-12
337.9195339  4.512826821e-12  4.512826821e-12
338  4.507457639e-12  4.507457639e-12
338.0804661  4.502096121e-12  4.502096121e-12
338.2612261  4.49007982e-12  4.49007982e-12
338.5220751  4.472807255e-12  4.472807255e-12
338.834721  4.452209794e-12  4.452209794e-12
339.165279  4.430555938e-12  4.430555938e-12
339.4779249  4.410191632e-12  4.410191632e-12
339.7387739  4.393287048e-12  4.393287048e-12
339.9195339  4.381618306e-12  4.381618306e-12
340  4.376435882e-12  4.376435882e-12
340.0804661  4.371260811e-12  4.371260811e-12
340.2612261  4.35966222e-12  4.35966222e-12
340.5220751  4.3429897e-12  4.3429897e-12
340.834721  4.323107195e-12  4.323107195e-12
341.165279  4.302204265e-12  4.302204265e-12
341.4779249  4.28254551e-12  4.28254551e-12
341.7387739  4.266226126e-12  4.266226126e-12
341.9195339  4.254961074e-12  4.254961074e-12
342  4.249957872e-12  4.249957872e-12
342.0804661  4.244961728e-12  4.244961728e-12
342.2612261  4.233764003e-12  4.233764003e-12
342.5220751  4.217667348e-12  4.217667348e-12
342.834721  4.198471014e-12  4.198471014e-12
343.165279  4.178288805e-12  4.178288805e-12
343.4779249  4.159307246e-12  4.159307246e-12
343.7387739  4.143549562e-12  4.143549562e-12
343.9195339  4.132671999e-12  4.132671999e-12
344  4.12784083e-12  4.12784083e-12
344.0804661  4.123016436e-12  4.123016436e-12
344.2612261  4.112203508e-12  4.112203508e-12
344.5220751  4.096659645e-12  4.096659645e-12
344.834721  4.078122014e-12  4.078122014e-12
345.165279  4.058631699e-12  4.058631699e-12
345.4779249  4.040300276e-12  4.040300276e-12
345.7387739  4.025081867e-12  4.025081867e-12
345.9195339  4.014576331e-12  4.014576331e-12
346  4.009910334e-12  4.009910334e-12
346.0804661  4.005250842e-12  4.005250842e-12
346.2612261  3.994807371e-12  3.994807371e-12
346.5220751  3.979794279e-12  3.979794279e-12
346.834721  3.96188913e-12  3.96188913e-12
347.165279  3.943063194e-12  3.943063194e-12
347.4779249  3.925356077e-12  3.925356077e-12
347.7387739  3.910655532e-12  3.910655532e-12
347.9195339  3.900507264e-12  3.900507264e-12
348  3.895999887e-12  3.895999887e-12
348.0804661  3.891498759e-12  3.891498759e-12
348.2612261  3.881410101e-12  3.881410101e-12
348.5220751  3.866906755e-12  3.866906755e-12
348.834721  3.849609055e-12  3.849609055e-12
349.165279  3.831421226e-12  3.831421226e-12
349.4779249  3.814313749e-12  3.814313749e-12
349.7387739  3.800110626e-12  3.800110626e-12
349.9195339  3.790305531e-12  3.790305531e-12
350  3.785950519e-12  3.785950519e-12
350.0804661  3.78160151e-12  3.78160151e-12
350.2612261  3.771853681e-12  3.771853681e-12
350.5220751  3.757840004e-12  3.757840004e-12
350.834721  3.741125844e-12  3.741125844e-12
351.165279  3.723551032e-12  3.723551032e-12
351.4779249  3.707019637e-12  3.707019637e-12
351.7387739  3.69329441e-12  3.69329441e-12
351.9195339  3.683819025e-12  3.683819025e-12
352  3.679610402e-12  3.679610402e-12
352.0804661  3.675407548e-12  3.675407548e-12
352.2612261  3.665987191e-12  3.665987191e-12
352.5220751  3.652444001e-12  3.652444001e-12
352.834721  3.636290545e-12  3.636290545e-12
353.165279  3.619304778e-12  3.619304778e-12
353.4779249  3.60332696e-12  3.60332696e-12
353.7387739  3.590060974e-12  3.590060974e-12
353.9195339  3.580902436e-12  3.580902436e-12
354  3.576834495e-12  3.576834495e-12
354.0804661  3.572772098e-12  3.572772098e-12
354.2612261  3.563666448e-12  3.563666448e-12
354.5220751  3.550575421e-12  3.550575421e-12
354.834721  3.534960845e-12  3.534960845e-12
355.165279  3.518541219e-12  3.518541219e-12
355.4779249  3.503095471e-12  3.503095471e-12
355.7387739  3.490270898e-12  3.490270898e-12
355.9195339  3.481416917e-12  3.481416917e-12
356  3.4774842e-12  3.4774842e-12
356.0804661  3.473556814e-12  3.473556814e-12
356.2612261  3.464753674e-12  3.464753674e-12
356.5220751  3.452097295e-12  3.452097295e-12
356.834721  3.437000743e-12  3.437000743e-12
357.165279  3.421125365e-12  3.421125365e-12
357.4779249  3.40619113e-12  3.40619113e-12
357.7387739  3.39379093e-12  3.39379093e-12
357.9195339  3.385229753e-12  3.385229753e-12
358  3.381427047e-12  3.381427047e-12
358.0804661  3.377629465e-12  3.377629465e-12
358.2612261  3.369117176e-12  3.369117176e-12
358.5220751  3.356878701e-12  3.356878701e-12
358.834721  3.342280233e-12  3.342280233e-12
359.165279  3.326928173e-12  3.326928173e-12
359.4779249  3.312485797e-12  3.312485797e-12
359.7387739  3.300493676e-12  3.300493676e-12
359.9195339  3.29221407e-12  3.29221407e-12
360  3.288536386e-12  3.288536386e-12
360.0804661  3.284863632e-12  3.284863632e-12
360.2612261  3.276631042e-12  3.276631042e-12
360.5220751  3.264794462e-12  3.264794462e-12
360.834721  3.250675011e-12  3.250675011e-12
361.165279  3.235826252e-12  3.235826252e-12
361.4779249  3.22185694e-12  3.22185694e-12
361.7387739  3.210257316e-12  3.210257316e-12
361.9195339  3.202248535e-12  3.202248535e-12
362  3.198691105e-12  3.198691105e-12
362.0804661  3.195138417e-12  3.195138417e-12
362.2612261  3.187174864e-12  3.187174864e-12
362.5220751  3.175724864e-12  3.175724864e-12
362.834721  3.162066193e-12  3.162066193e-12
363.165279  3.147701591e-12  3.147701591e-12
363.4779249  3.134187362e-12  3.134187362e-12
363.7387739  3.12296533e-12  3.12296533e-12
363.9195339  3.115217095e-12  3.115217095e-12
364  3.111775356e-12  3.111775356e-12
364.0804661  3.10833818e-12  3.10833818e-12
364.2612261  3.100633462e-12  3.100633462e-12
364.5220751  3.089555393e-12  3.089555393e-12
364.834721  3.076340053e-12  3.076340053e-12
365.165279  3.062441289e-12  3.062441289e-12
365.4779249  3.049364942e-12  3.049364942e-12
365.7387739  3.038506239e-12  3.038506239e-12
365.9195339  3.031008714e-12  3.031008714e-12
366  3.027678301e-12  3.027678301e-12
366.0804661  3.024352279e-12  3.024352279e-12
366.2612261  3.016896634e-12  3.016896634e-12
366.5220751  3.006176477e-12  3.006176477e-12
366.834721  2.99338777e-12  2.99338777e-12
367.165279  2.979937316e-12  2.979937316e-12
367.4779249  2.967282386e-12  2.967282386e-12
367.7387739  2.956773362e-12  2.956773362e-12
367.9195339  2.949517134e-12  2.949517134e-12
368  2.946293869e-12  2.946293869e-12
368.0804661  2.943074829e-12  2.943074829e-12
368.2612261  2.935858914e-12  2.935858914e-12
368.5220751  2.92548325e-12  2.92548325e-12
368.834721  2.913105195e-12  2.913105195e-12
369.165279  2.900086269e-12  2.900086269e-12
369.4779249  2.887836996e-12  2.887836996e-12
369.7387739  2.877664585e-12  2.877664585e-12
369.9195339  2.870640643e-12  2.870640643e-12
370  2.867520524e-12  2.867520524e-12
370.0804661  2.864404474e-12  2.864404474e-12
370.2612261  2.857419344e-12  2.857419344e-12
370.5220751  2.847375327e-12  2.847375327e-12
370.834721  2.835392621e-12  2.835392621e-12
371.165279  2.822789158e-12  2.822789158e-12
371.4779249  2.810930453e-12  2.810930453e-12
371.7387739  2.801082141e-12  2.801082141e-12
371.9195339  2.794281856e-12  2.794281856e-12
372  2.791261054e-12  2.791261054e-12
372.0804661  2.788244169e-12  2.788244169e-12
372.2612261  2.781481258e-12  2.781481258e-12
372.5220751  2.771756586e-12  2.771756586e-12
372.834721  2.760154576e-12  2.760154576e-12
373.165279  2.747951191e-12  2.747951191e-12
373.4779249  2.736468602e-12  2.736468602e-12
373.7387739  2.726932406e-12  2.726932406e-12
373.9195339  2.720347513e-12  2.720347513e-12
374  2.717422358e-12  2.717422358e-12
374.0804661  2.714500977e-12  2.714500977e-12
374.2612261  2.707952081e-12  2.707952081e-12
374.5220751  2.698534971e-12  2.698534971e-12
374.834721  2.687299621e-12  2.687299621e-12
375.165279  2.675481574e-12  2.675481574e-12
375.4779249  2.664361257e-12  2.664361257e-12
375.7387739  2.655125699e-12  2.655125699e-12
375.9195339  2.648748279e-12  2.648748279e-12
376  2.645915258e-12  2.645915258e-12
376.0804661  2.643085872e-12  2.643085872e-12
376.2612261  2.636743131e-12  2.636743131e-12
376.5220751  2.627622294e-12  2.627622294e-12
376.834721  2.616740156e-12  2.616740156e-12
377.165279  2.605293326e-12  2.605293326e-12
377.4779249  2.594522016e-12  2.594522016e-12
377.7387739  2.585576096e-12  2.585576096e-12
377.9195339  2.579398564e-12  2.579398564e-12
378  2.576654308e-12  2.576654308e-12
378.0804661  2.573913555e-12  2.573913555e-12
378.2612261  2.567769437e-12  2.567769437e-12
378.5220751  2.558934056e-12  2.558934056e-12
378.834721  2.548392242e-12  2.548392242e-12
379.165279  2.537303098e-12  2.537303098e-12
379.4779249  2.526868082e-12  2.526868082e-12
379.7387739  2.518201258e-12  2.518201258e-12
379.9195339  2.512216343e-12  2.512216343e-12
380  2.509557624e-12  2.509557624e-12
380.0804661  2.50690228e-12  2.50690228e-12
380.2612261  2.500949568e-12  2.500949568e-12
380.5220751  2.492389274e-12  2.492389274e-12
380.834721  2.482175432e-12  2.482175432e-12
381.165279  2.471431e-12  2.471431e-12
381.4779249  2.461320094e-12  2.461320094e-12
381.7387739  2.452922259e-12  2.452922259e-12
381.9195339  2.44712299e-12  2.44712299e-12
382  2.444546714e-12  2.444546714e-12
382.0804661  2.441973692e-12  2.441973692e-12
382.2612261  2.436205463e-12  2.436205463e-12
382.5220751  2.427910315e-12  2.427910315e-12
382.834721  2.418012603e-12  2.418012603e-12
383.165279  2.407600447e-12  2.407600447e-12
383.4779249  2.397801966e-12  2.397801966e-12
383.7387739  2.389663431e-12  2.389663431e-12
383.9195339  2.384043124e-12  2.384043124e-12
384  2.381546324e-12  2.381546324e-12
384.0804661  2.379052661e-12  2.379052661e-12
384.2612261  2.373462281e-12  2.373462281e-12
384.5220751  2.365422747e-12  2.365422747e-12
384.834721  2.355829807e-12  2.355829807e-12
385.165279  2.345738001e-12  2.345738001e-12
385.4779249  2.336240739e-12  2.336240739e-12
385.7387739  2.328352212e-12  2.328352212e-12
385.9195339  2.322904457e-12  2.322904457e-12
386  2.320484287e-12  2.320484287e-12
386.0804661  2.318067142e-12  2.318067142e-12
386.2612261  2.312648246e-12  2.312648246e-12
386.5220751  2.304855183e-12  2.304855183e-12
386.834721  2.295556123e-12  2.295556123e-12
387.165279  2.285773226e-12  2.285773226e-12
387.4779249  2.276566437e-12  2.276566437e-12
387.7387739  2.268919002e-12  2.268919002e-12
387.9195339  2.263637651e-12  2.263637651e-12
388  2.261291381e-12  2.261291381e-12
388.0804661  2.258948029e-12  2.258948029e-12
388.2612261  2.25369451e-12  2.25369451e-12
388.5220751  2.246139149e-12  2.246139149e-12
388.834721  2.237123519e-12  2.237123519e-12
389.165279  2.227638555e-12  2.227638555e-12
389.4779249  2.218711926e-12  2.218711926e-12
389.7387739  2.211297031e-12  2.211297031e-12
389.9195339  2.206176183e-12  2.206176183e-12
390  2.203901194e-12  2.203901194e-12
390.0804661  2.20162902e-12  2.20162902e-12
390.2612261  2.196535021e-12  2.196535021e-12
390.5220751  2.189208945e-12  2.189208945e-12
390.834721  2.180466717e-12  2.180466717e-12
391.165279  2.171269155e-12  2.171269155e-12
391.4779249  2.16261279e-12  2.16261279e-12
391.7387739  2.155422227e-12  2.155422227e-12
391.9195339  2.150456221e-12  2.150456221e-12
392  2.148249999e-12  2.148249999e-12
392.0804661  2.146046493e-12  2.146046493e-12
392.2612261  2.141106391e-12  2.141106391e-12
392.5220751  2.134001523e-12  2.134001523e-12
392.834721  2.125523073e-12  2.125523073e-12
393.165279  2.116602804e-12  2.116602804e-12
393.4779249  2.108207205e-12  2.108207205e-12
393.7387739  2.101233096e-12  2.101233096e-12
393.9195339  2.096416496e-12  2.096416496e-12
394  2.094276629e-12  2.094276629e-12
394.0804661  2.092139382e-12  2.092139382e-12
394.2612261  2.08734778e-12  2.08734778e-12
394.5220751  2.080456367e-12  2.080456367e-12
394.834721  2.072232457e-12  2.072232457e-12
395.165279  2.063579776e-12  2.063579776e-12
395.4779249  2.055435824e-12  2.055435824e-12
395.7387739  2.048670605e-12  2.048670605e-12
395.9195339  2.043998194e-12  2.043998194e-12
396  2.041922364e-12  2.041922364e-12
396.0804661  2.039849063e-12  2.039849063e-12
396.2612261  2.035200779e-12  2.035200779e-12
396.5220751  2.028515377e-12  2.028515377e-12
396.834721  2.020537135e-12  2.020537135e-12
397.165279  2.012142725e-12  2.012142725e-12
397.4779249  2.004241663e-12  2.004241663e-12
397.7387739  1.997678072e-12  1.997678072e-12
397.9195339  1.993144838e-12  1.993144838e-12
398  1.991130821e-12  1.991130821e-12
398.0804661  1.989119246e-12  1.989119246e-12
398.2612261  1.984609304e-12  1.984609304e-12
398.5220751  1.978122763e-12  1.978122763e-12
398.834721  1.97038167e-12  1.97038167e-12
399.165279  1.96223658e-12  1.96223658e-12
399.4779249  1.954570001e-12  1.954570001e-12
399.7387739  1.94820106e-12  1.94820106e-12
399.9195339  1.943802191e-12  1.943802191e-12
