#L=4 M=-2
#R     Re(V)   Im(V)

0.08046609183  2.865231677e-07  -1.966207272e-09
0.2612261349  3.185563133e-05  -2.19177859e-07
0.5220750502  0.0005097889107  -3.537973036e-06
0.8347210423  0.003351904526  -2.36785408e-05
1.165278958  0.01284392595  -9.322499253e-05
1.47792495  0.03356363863  -0.0002518175093
1.738773865  0.06485686828  -0.0005028923969
1.919533908  0.09688262444  -0.0007706793102
2  0.1142110922  -0.0009217417156
2.080466092  0.09345572718  -0.001095121437
2.261226135  0.06067158521  -0.001581536243
2.52207505  0.0340837165  -0.002576527097
2.834721042  0.01804888147  -0.004380375526
3.165278958  0.009662431072  -0.00728192569
3.47792495  0.005518334359  -0.01128957391
3.738773865  0.003510195215  -0.01582968239
3.919533908  0.002577909987  -0.01973306879
4  0.002248503821  -0.02169076339
4.080466092  0.001961580954  -0.01918056703
4.261226135  0.001443279434  -0.01455075234
4.52207505  0.0009231596932  -0.00974437988
4.834721042  0.0005314223394  -0.005967327131
5.165278958  0.0002842953075  -0.003470443783
5.47792495  0.0001450532875  -0.001994578318
5.738773865  7.24377562e-05  -0.001188645225
5.919533908  3.775532242e-05  -0.0007881256879
6  2.544713098e-05  -0.0006422067059
6.080466092  1.475461748e-05  -0.0005132477756
6.261226135  -4.308235924e-06  -0.0002763462529
6.52207505  -2.251058487e-05  -3.58252674e-05
6.834721042  -3.445959268e-05  0.0001412735781
7.165278958  -3.980404776e-05  0.0002425276947
7.47792495  -4.078200995e-05  0.000287276907
7.738773865  -3.982289117e-05  0.0003006996347
7.919533908  -3.858112066e-05  0.0003015220322
8  -3.792501243e-05  0.0003002354835
8.080466092  -3.722069214e-05  0.0002981194286
8.261226135  -3.55085324e-05  0.0002909131576
8.52207505  -3.285550347e-05  0.0002762574015
8.834721042  -2.960819622e-05  0.0002549544744
9.165278958  -2.628678545e-05  0.0002307489471
9.47792495  -2.335696432e-05  0.0002079643417
9.738773865  -2.110559456e-05  0.0001897396589
9.919533908  -1.965451367e-05  0.0001777113344
10  -1.903744631e-05  0.0001725351624
10.08046609  -1.843805169e-05  0.0001674740479
10.26122613  -1.715510018e-05  0.0001565361419
10.52207505  -1.545390865e-05  0.0001418248835
10.83472104  -1.36348862e-05  0.0001258523473
11.16527896  -1.194985563e-05  0.0001108498774
11.47792495  -1.055769957e-05  9.831539807e-05
11.73877387  -9.52974919e-06  8.898363196e-05
11.91953391  -8.881751692e-06  8.306915072e-05
12  -8.609039072e-06  8.057284043e-05
12.08046609  -8.345566591e-06  7.815714646e-05
12.26122613  -7.785784038e-06  7.301196909e-05
12.52207505  -7.050572221e-06  6.622875306e-05
12.83472104  -6.270548e-06  5.900144955e-05
13.16527896  -5.550750404e-06  5.230539417e-05
13.47792495  -4.955937784e-06  4.675353953e-05
13.73877387  -4.515478841e-06  4.263209622e-05
13.91953391  -4.236825847e-06  4.002035407e-05
14  -4.119248045e-06  3.891734744e-05
14.08046609  -4.005453971e-06  3.78492929e-05
14.26122613  -3.762937668e-06  3.557132144e-05
14.52207505  -3.442577802e-06  3.255861975e-05
14.83472104  -3.099831548e-06  2.933113092e-05
15.16527896  -2.780256938e-06  2.631809301e-05
15.47792495  -2.51321766e-06  2.37977758e-05
15.73877387  -2.313406387e-06  2.191050878e-05
15.91953391  -2.185950937e-06  2.070604955e-05
16  -2.131904233e-06  2.019516821e-05
16.08046609  -2.079437019e-06  1.96991408e-05
16.26122613  -1.96706536e-06  1.863652801e-05
16.52207505  -1.817369229e-06  1.722046709e-05
16.83472104  -1.655440617e-06  1.568809035e-05
17.16527896  -1.502580851e-06  1.424100555e-05
17.47792495  -1.37326596e-06  1.301644751e-05
17.73877387  -1.27544526e-06  1.208992222e-05
17.91953391  -1.212525782e-06  1.149388381e-05
18  -1.185714396e-06  1.123987928e-05
18.08046609  -1.159608971e-06  1.099255215e-05
18.26122613  -1.10343016e-06  1.046027023e-05
18.52207505  -1.027990549e-06  9.745426328e-06
18.83472104  -9.455465296e-07  8.964126116e-06
19.16527896  -8.668376359e-07  8.21814839e-06
19.47792495  -7.995134924e-07  7.580020266e-06
19.73877387  -7.480931875e-07  7.092607213e-06
19.91953391  -7.147774668e-07  6.776795503e-06
20  -7.005204698e-07  6.641645601e-06
20.08046609  -6.866030301e-07  6.509713058e-06
20.26122613  -6.565289583e-07  6.224616388e-06
20.52207505  -6.158652903e-07  5.839122516e-06
20.83472104  -5.710351878e-07  5.414118815e-06
21.16527896  -5.278238038e-07  5.004450725e-06
21.47792495  -4.905157894e-07  4.650742724e-06
21.73877387  -4.617885245e-07  4.378382701e-06
21.91953391  -4.430614686e-07  4.200831891e-06
22  -4.350188119e-07  4.124579263e-06
22.08046609  -4.271506671e-07  4.049980981e-06
22.26122613  -4.10089406e-07  3.88822163e-06
22.52207505  -3.868868767e-07  3.668235007e-06
22.83472104  -3.611182324e-07  3.423917033e-06
23.16527896  -3.360794122e-07  3.186517242e-06
23.47792495  -3.142911948e-07  2.979936299e-06
23.73877387  -2.97399431e-07  2.819779625e-06
23.91953391  -2.863310481e-07  2.714836216e-06
24  -2.815632579e-07  2.669630993e-06
24.08046609  -2.768904126e-07  2.62532595e-06
24.26122613  -2.667282287e-07  2.528974283e-06
24.52207505  -2.528407356e-07  2.397301308e-06
24.83472104  -2.3732151e-07  2.250156986e-06
25.16527896  -2.221391559e-07  2.106206488e-06
25.47792495  -2.088400707e-07  1.980111945e-06
25.73877387  -1.984700543e-07  1.881789131e-06
25.91953391  -1.916454062e-07  1.817081524e-06
26  -1.886981527e-07  1.789137261e-06
26.08046609  -1.858051213e-07  1.761707098e-06
26.26122613  -1.79497951e-07  1.701905899e-06
26.52207505  -1.708429564e-07  1.619843866e-06
26.83472104  -1.611199177e-07  1.527655179e-06
27.16527896  -1.515527689e-07  1.43694453e-06
27.47792495  -1.431248693e-07  1.357035621e-06
27.73877387  -1.365206976e-07  1.29441833e-06
27.91953391  -1.321581644e-07  1.253055075e-06
28  -1.302700763e-07  1.235153211e-06
28.08046609  -1.28414265e-07  1.217557379e-06
28.26122613  -1.24359751e-07  1.179114596e-06
28.52207505  -1.187761569e-07  1.12617387e-06
28.83472104  -1.124750267e-07  1.066429837e-06
29.16527896  -1.062439515e-07  1.007350027e-06
29.47792495  -1.007280331e-07  9.550509565e-07
29.73877387  -9.638725471e-08  9.138939523e-07
29.91953391  -9.351058809e-08  8.86618894e-07
30  -9.226322578e-08  8.747920526e-07
30.08046609  -9.103577695e-08  8.631540204e-07
30.26122613  -8.834913614e-08  8.376806874e-07
30.52207505  -8.463785253e-08  8.024922231e-07
30.83472104  -8.04330985e-08  7.626249278e-07
31.16527896  -7.625701961e-08  7.230295149e-07
31.47792495  -7.254449205e-08  6.878292548e-07
31.73877387  -6.961201386e-08  6.600250179e-07
31.91953391  -6.766315096e-08  6.415469107e-07
32  -6.681670154e-08  6.335213164e-07
32.08046609  -6.598292702e-08  6.256158989e-07
32.26122613  -6.415501015e-08  6.082845392e-07
32.52207505  -6.162312056e-08  5.842784753e-07
32.83472104  -5.874464331e-08  5.569862468e-07
33.16527896  -5.587488645e-08  5.297767006e-07
33.47792495  -5.331412299e-08  5.054968694e-07
33.73877387  -5.128477445e-08  4.862556389e-07
33.91953391  -4.993275715e-08  4.73436512e-07
34  -4.934468056e-08  4.678606747e-07
34.08046609  -4.876489561e-08  4.623634544e-07
34.26122613  -4.749199576e-08  4.502944781e-07
34.52207505  -4.572465796e-08  4.335374975e-07
34.83472104  -4.370923869e-08  4.144283371e-07
35.16527896  -4.169313893e-08  3.953127246e-07
35.47792495  -3.988814814e-08  3.781987379e-07
35.73877387  -3.84535717e-08  3.64596828e-07
35.91953391  -3.749569988e-08  3.55514784e-07
36  -3.707852281e-08  3.515593273e-07
36.08046609  -3.666690317e-08  3.476565634e-07
36.26122613  -3.576205786e-08  3.390772893e-07
36.52207505  -3.450306725e-08  3.271401932e-07
36.83472104  -3.306343734e-08  3.134903688e-07
37.16527896  -3.161898635e-08  2.997948335e-07
37.47792495  -3.032195799e-08  2.874970832e-07
37.73877387  -2.92884237e-08  2.776976469e-07
37.91953391  -2.859696705e-08  2.711416135e-07
38  -2.829547211e-08  2.682829948e-07
38.08046609  -2.79977835e-08  2.654604657e-07
38.26122613  -2.734264414e-08  2.59248774e-07
38.52207505  -2.642935489e-08  2.505894389e-07
38.83472104  -2.538247565e-08  2.406634729e-07
39.16527896  -2.43292548e-08  2.306773788e-07
39.47792495  -2.338101402e-08  2.216866514e-07
39.73877387  -2.262364687e-08  2.145056888e-07
39.91953391  -2.21160528e-08  2.096929451e-07
40  -2.189449694e-08  2.075922673e-07
40.08046609  -2.167559917e-08  2.055167922e-07
40.26122613  -2.119336622e-08  2.009445094e-07
40.52207505  -2.051996165e-08  1.945596364e-07
40.83472104  -1.974635599e-08  1.872247086e-07
41.16527896  -1.89661689e-08  1.798273792e-07
41.47792495  -1.826206232e-08  1.731514057e-07
41.73877387  -1.769850134e-08  1.678080127e-07
41.91953391  -1.732019199e-08  1.642210796e-07
42  -1.715491125e-08  1.626539734e-07
42.08046609  -1.699151957e-08  1.611047782e-07
42.26122613  -1.663123353e-08  1.576887327e-07
42.52207505  -1.612733768e-08  1.529110535e-07
42.83472104  -1.554730838e-08  1.474115165e-07
43.16527896  -1.496105323e-08  1.418529492e-07
43.47792495  -1.443081586e-08  1.368255133e-07
43.73877387  -1.400560605e-08  1.327938944e-07
43.91953391  -1.37197537e-08  1.300835906e-07
44  -1.359476001e-08  1.288984653e-07
44.08046609  -1.347113033e-08  1.277262728e-07
44.26122613  -1.319829175e-08  1.251393588e-07
44.52207505  -1.281616059e-08  1.215161893e-07
44.83472104  -1.237549468e-08  1.173380236e-07
45.16527896  -1.192920338e-08  1.13106521e-07
45.47792495  -1.152475561e-08  1.092717569e-07
45.73877387  -1.119985337e-08  1.061912023e-07
45.91953391  -1.098114362e-08  1.041175098e-07
46  -1.088543451e-08  1.032100457e-07
46.08046609  -1.079072467e-08  1.023120562e-07
46.26122613  -1.05815486e-08  1.00328757e-07
46.52207505  -1.028820335e-08  9.754740958e-08
46.83472104  -9.949362136e-09  9.433469284e-08
47.16527896  -9.605564458e-09  9.107498152e-08
47.47792495  -9.293435297e-09  8.811553467e-08
47.73877387  -9.042294057e-09  8.573434365e-08
47.91953391  -8.873031057e-09  8.412947965e-08
48  -8.79890727e-09  8.342667634e-08
48.08046609  -8.725525305e-09  8.273090659e-08
48.26122613  -8.563339656e-09  8.119314637e-08
48.52207505  -8.335623714e-09  7.903406188e-08
48.83472104  -8.072189922e-09  7.653631926e-08
49.16527896  -7.804451561e-09  7.399776295e-08
49.47792495  -7.56097044e-09  7.168920121e-08
49.73877387  -7.364776171e-09  6.982898888e-08
49.91953391  -7.232398025e-09  6.857384795e-08
50  -7.174388757e-09  6.802383414e-08
50.08046609  -7.116936927e-09  6.747910568e-08
50.26122613  -6.989876977e-09  6.627438911e-08
50.52207505  -6.811284637e-09  6.458106915e-08
50.83472104  -6.604389895e-09  6.261940048e-08
51.16527896  -6.393787471e-09  6.06225775e-08
51.47792495  -6.201971494e-09  5.880387787e-08
51.73877387  -6.047199076e-09  5.733640605e-08
51.91953391  -5.942661627e-09  5.634523616e-08
52  -5.896824594e-09  5.591063319e-08
52.08046609  -5.851411168e-09  5.548004663e-08
52.26122613  -5.750915068e-09  5.452719472e-08
52.52207505  -5.609518027e-09  5.318654129e-08
52.83472104  -5.445500896e-09  5.16314159e-08
53.16527896  -5.278304528e-09  5.004614663e-08
53.47792495  -5.1258063e-09  4.860023751e-08
53.73877387  -5.002604417e-09  4.743210114e-08
53.91953391  -4.919311011e-09  4.664235626e-08
54  -4.882768437e-09  4.629587851e-08
54.08046609  -4.846551122e-09  4.595248472e-08
54.26122613  -4.766360771e-09  4.519216138e-08
54.52207505  -4.653428512e-09  4.412139626e-08
54.83472104  -4.522272575e-09  4.287784368e-08
55.16527896  -4.388396242e-09  4.16084977e-08
55.47792495  -4.266128023e-09  4.044921384e-08
55.73877387  -4.167233859e-09  3.951155066e-08
55.91953391  -4.100314918e-09  3.887705996e-08
56  -4.070940854e-09  3.859855032e-08
56.08046609  -4.041818947e-09  3.83224315e-08
56.26122613  -3.977305619e-09  3.771074958e-08
56.52207505  -3.886372647e-09  3.684857028e-08
56.83472104  -3.780648175e-09  3.584614566e-08
57.16527896  -3.672597143e-09  3.48216618e-08
57.47792495  -3.573794061e-09  3.388486221e-08
57.73877387  -3.493792777e-09  3.312633151e-08
57.91953391  -3.43961343e-09  3.261263104e-08
58  -3.415819865e-09  3.238703279e-08
58.08046609  -3.392223537e-09  3.216330465e-08
58.26122613  -3.339925857e-09  3.166744517e-08
58.52207505  -3.266151638e-09  3.096795627e-08
58.83472104  -3.180287882e-09  3.015384066e-08
59.16527896  -3.092433328e-09  2.932084933e-08
59.47792495  -3.012006362e-09  2.855828254e-08
59.73877387  -2.946818619e-09  2.794020617e-08
59.91953391  -2.902637457e-09  2.752130329e-08
60  -2.883225934e-09  2.73372533e-08
60.08046609  -2.863969983e-09  2.715467835e-08
60.26122613  -2.821272967e-09  2.674984739e-08
60.52207505  -2.760996645e-09  2.617833856e-08
60.83472104  -2.690774622e-09  2.551252975e-08
61.16527896  -2.618846984e-09  2.483054918e-08
61.47792495  -2.55293011e-09  2.420555956e-08
61.73877387  -2.499452726e-09  2.369851474e-08
61.91953391  -2.463182184e-09  2.335461627e-08
62  -2.447239536e-09  2.320345634e-08
62.08046609  -2.431420552e-09  2.305346893e-08
62.26122613  -2.396329763e-09  2.272075627e-08
62.52207505  -2.346756398e-09  2.225072733e-08
62.83472104  -2.288950869e-09  2.170264528e-08
63.16527896  -2.229681525e-09  2.114068409e-08
63.47792495  -2.17531082e-09  2.062516926e-08
63.73877387  -2.131161706e-09  2.020657025e-08
63.91953391  -2.101197765e-09  1.99224677e-08
64  -2.08802194e-09  1.979754136e-08
64.08046609  -2.074945136e-09  1.967355388e-08
64.26122613  -2.045925845e-09  1.939840801e-08
64.52207505  -2.004902686e-09  1.900944769e-08
64.83472104  -1.957026447e-09  1.855551002e-08
65.16527896  -1.907891328e-09  1.80896363e-08
65.47792495  -1.862774948e-09  1.766186618e-08
65.73877387  -1.82610998e-09  1.731422796e-08
65.91953391  -1.801209745e-09  1.707813684e-08
66  -1.790256462e-09  1.697428349e-08
66.08046609  -1.779383011e-09  1.687118707e-08
66.26122613  -1.755244365e-09  1.664231694e-08
66.52207505  -1.721099539e-09  1.631857341e-08
66.83472104  -1.681218766e-09  1.59404446e-08
67.16527896  -1.640252897e-09  1.555202747e-08
67.47792495  -1.602604409e-09  1.519506403e-08
67.73877387  -1.571984543e-09  1.490474234e-08
67.91953391  -1.551177308e-09  1.470745892e-08
68  -1.54202127e-09  1.462064611e-08
68.08046609  -1.532930008e-09  1.453444749e-08
68.26122613  -1.512740739e-09  1.43430233e-08
68.52207505  -1.484165721e-09  1.40720898e-08
68.83472104  -1.450765248e-09  1.375540384e-08
69.16527896  -1.416427217e-09  1.342982843e-08
69.47792495  -1.384843611e-09  1.313036905e-08
69.73877387  -1.359137485e-09  1.28866369e-08
69.91953391  -1.341659483e-09  1.272091955e-08
70  -1.333965899e-09  1.264797297e-08
70.08046609  -1.326325196e-09  1.257552778e-08
70.26122613  -1.309351667e-09  1.241459358e-08
70.52207505  -1.28531482e-09  1.218668866e-08
70.83472104  -1.257198888e-09  1.192010797e-08
71.16527896  -1.228270856e-09  1.164582738e-08
71.47792495  -1.201642408e-09  1.139335024e-08
71.73877387  -1.17995428e-09  1.118771465e-08
71.91953391  -1.165200351e-09  1.104782555e-08
72  -1.158703838e-09  1.098622898e-08
72.08046609  -1.152250742e-09  1.092504407e-08
72.26122613  -1.137910999e-09  1.078908207e-08
72.52207505  -1.117593373e-09  1.059644087e-08
72.83472104  -1.093811844e-09  1.037095674e-08
73.16527896  -1.069325107e-09  1.01387862e-08
73.47792495  -1.046768179e-09  9.924913107e-09
73.73877387  -1.028384136e-09  9.75060514e-09
73.91953391  -1.015871622e-09  9.63196797e-09
74  -1.01036043e-09  9.579713706e-09
74.08046609  -1.004885077e-09  9.527799253e-09
74.26122613  -9.927144637e-10  9.412403804e-09
74.52207505  -9.754617211e-10  9.248822245e-09
74.83472104  -9.552547528e-10  9.057230249e-09
75.16527896  -9.344338443e-10  8.85981719e-09
75.47792495  -9.152403696e-10  8.677834616e-09
75.73877387  -8.995878423e-10  8.529425468e-09
75.91953391  -8.889293831e-10  8.428367484e-09
76  -8.842335035e-10  8.383843589e-09
76.08046609  -8.795673604e-10  8.33960164e-09
76.26122613  -8.691925787e-10  8.241233339e-09
76.52207505  -8.5447869e-10  8.101723876e-09
76.83472104  -8.37234919e-10  7.93822738e-09
77.16527896  -8.194553124e-10  7.769650369e-09
77.47792495  -8.030545074e-10  7.61414644e-09
77.73877387  -7.896715569e-10  7.487256243e-09
77.91953391  -7.805544381e-10  7.40081245e-09
78  -7.76536572e-10  7.362717127e-09
78.08046609  -7.725434985e-10  7.324856875e-09
78.26122613  -7.636628935e-10  7.240655583e-09
78.52207505  -7.510625168e-10  7.121185345e-09
78.83472104  -7.362872019e-10  6.98109347e-09
79.16527896  -7.210430505e-10  6.836556331e-09
79.47792495  -7.069721872e-10  6.703143701e-09
79.73877387  -6.954840289e-10  6.594218941e-09
79.91953391  -6.876543832e-10  6.5199823e-09
80  -6.842030293e-10  6.487258352e-09
80.08046609  -6.807724415e-10  6.454731297e-09
80.26122613  -6.731408972e-10  6.382372952e-09
80.52207505  -6.623082077e-10  6.279663007e-09
80.83472104  -6.495987912e-10  6.159158909e-09
81.16527896  -6.364781507e-10  6.034755799e-09
81.47792495  -6.2436008e-10  5.919858536e-09
81.73877387  -6.144610152e-10  5.826000737e-09
81.91953391  -6.077116533e-10  5.762006787e-09
82  -6.047357811e-10  5.73379111e-09
82.08046609  -6.017773786e-10  5.705741071e-09
82.26122613  -5.951946721e-10  5.643327261e-09
82.52207505  -5.858470238e-10  5.554697707e-09
82.83472104  -5.74874252e-10  5.450659575e-09
83.16527896  -5.635399183e-10  5.3431933e-09
83.47792495  -5.530656708e-10  5.243881916e-09
83.73877387  -5.445050854e-10  5.162714884e-09
83.91953391  -5.386660594e-10  5.107352267e-09
84  -5.360909767e-10  5.082936668e-09
84.08046609  -5.33530652e-10  5.058660996e-09
84.26122613  -5.278324122e-10  5.004633242e-09
84.52207505  -5.197376454e-10  4.92788286e-09
84.83472104  -5.102308892e-10  4.837744727e-09
85.16527896  -5.004054848e-10  4.744585338e-09
85.47792495  -4.913207136e-10  4.658448247e-09
85.73877387  -4.838921596e-10  4.588014551e-09
85.91953391  -4.788233994e-10  4.539955194e-09
86  -4.765875264e-10  4.518755806e-09
86.08046609  -4.743641702e-10  4.497675095e-09
86.26122613  -4.694148156e-10  4.450747882e-09
86.52207505  -4.623813355e-10  4.38406007e-09
86.83472104  -4.541171049e-10  4.30570292e-09
87.16527896  -4.455713988e-10  4.224676967e-09
87.47792495  -4.376657526e-10  4.149719729e-09
87.73877387  -4.311983825e-10  4.088399479e-09
87.91953391  -4.267839143e-10  4.04654378e-09
88  -4.248362502e-10  4.028077039e-09
88.08046609  -4.228992424e-10  4.009711335e-09
88.26122613  -4.185864306e-10  3.96881949e-09
88.52207505  -4.12455405e-10  3.910688285e-09
88.83472104  -4.052483107e-10  3.842354353e-09
89.16527896  -3.977920181e-10  3.771657653e-09
89.47792495  -3.908907629e-10  3.70622353e-09
89.73877387  -3.852425697e-10  3.652670291e-09
89.91953391  -3.81385952e-10  3.616103841e-09
90  -3.796840737e-10  3.599967513e-09
90.08046609  -3.779913004e-10  3.583917515e-09
90.26122613  -3.742215417e-10  3.548174618e-09
90.52207505  -3.68860732e-10  3.497346199e-09
90.83472104  -3.625563314e-10  3.437571142e-09
91.16527896  -3.560308258e-10  3.375699682e-09
91.47792495  -3.499882017e-10  3.318406653e-09
91.73877387  -3.450406564e-10  3.271496594e-09
91.91953391  -3.416613559e-10  3.239455819e-09
92  -3.401698284e-10  3.225313929e-09
92.08046609  -3.386861077e-10  3.211246058e-09
92.26122613  -3.353812798e-10  3.179911394e-09
92.52207505  -3.306801346e-10  3.135337572e-09
92.83472104  -3.251492405e-10  3.082896503e-09
93.16527896  -3.194217497e-10  3.028591405e-09
93.47792495  -3.141156767e-10  2.978281972e-09
93.73877387  -3.097694504e-10  2.937073307e-09
93.91953391  -3.0679995e-10  2.908918044e-09
94  -3.054890583e-10  2.896488849e-09
94.08046609  -3.041848822e-10  2.884123328e-09
94.26122613  -3.012794461e-10  2.856575489e-09
94.52207505  -2.971451813e-10  2.817376534e-09
94.83472104  -2.922793093e-10  2.771240859e-09
95.16527896  -2.872382703e-10  2.72344434e-09
95.47792495  -2.825661073e-10  2.679145314e-09
95.73877387  -2.787376421e-10  2.642845792e-09
95.91953391  -2.761211216e-10  2.618037301e-09
96  -2.749658522e-10  2.607083636e-09
96.08046609  -2.738163782e-10  2.596184919e-09
96.26122613  -2.712551432e-10  2.571900617e-09
96.52207505  -2.676095934e-10  2.537335405e-09
96.83472104  -2.633173033e-10  2.496638135e-09
97.16527896  -2.588686259e-10  2.454458083e-09
97.47792495  -2.54743757e-10  2.415348215e-09
97.73877387  -2.513625047e-10  2.383288933e-09
97.91953391  -2.490509713e-10  2.361372172e-09
98  -2.480301919e-10  2.351693671e-09
98.08046609  -2.47014429e-10  2.342062734e-09
98.26122613  -2.447507505e-10  2.320599708e-09
98.52207505  -2.415278282e-10  2.290041631e-09
98.83472104  -2.377317698e-10  2.254049373e-09
99.16527896  -2.337958178e-10  2.216730717e-09
99.47792495  -2.301448918e-10  2.182114529e-09
99.73877387  -2.271510784e-10  2.153728744e-09
99.91953391  -2.251038537e-10  2.13431802e-09
100  -2.241996487e-10  2.125744817e-09
100.0804661  -2.232997986e-10  2.117212905e-09
100.2612261  -2.212941179e-10  2.098196081e-09
100.5220751  -2.18437754e-10  2.07111352e-09
100.834721  -2.150722714e-10  2.039203759e-09
101.165279  -2.115814118e-10  2.006105238e-09
101.4779249  -2.083421e-10  1.975391763e-09
101.7387739  -2.056849101e-10  1.950197666e-09
101.9195339  -2.038673995e-10  1.932964973e-09
102  -2.030645293e-10  1.925352574e-09
102.0804661  -2.022654504e-10  1.917776123e-09
102.2612261  -2.004841064e-10  1.900886342e-09
102.5220751  -1.979465738e-10  1.876826773e-09
102.834721  -1.949557533e-10  1.848469365e-09
103.165279  -1.918523589e-10  1.819044588e-09
103.4779249  -1.889715267e-10  1.791730031e-09
103.7387739  -1.866076204e-10  1.769316697e-09
103.9195339  -1.849903085e-10  1.753982184e-09
104  -1.842757686e-10  1.747207287e-09
104.0804661  -1.83564538e-10  1.740463768e-09
104.2612261  -1.819787961e-10  1.725428585e-09
104.5220751  -1.797193389e-10  1.704005583e-09
104.834721  -1.770554128e-10  1.678747617e-09
105.165279  -1.742902275e-10  1.652529565e-09
105.4779249  -1.71722436e-10  1.628183097e-09
105.7387739  -1.696147347e-10  1.608198966e-09
105.9195339  -1.681723615e-10  1.594523131e-09
106  -1.675350198e-10  1.588480188e-09
106.0804661  -1.669005744e-10  1.582464706e-09
106.2612261  -1.654858303e-10  1.569050835e-09
106.5220751  -1.634695391e-10  1.549933408e-09
106.834721  -1.610915743e-10  1.527386779e-09
107.165279  -1.586223697e-10  1.503975061e-09
107.4779249  -1.563286446e-10  1.482227149e-09
107.7387739  -1.544453311e-10  1.464370547e-09
107.9195339  -1.531562142e-10  1.452147809e-09
108  -1.525865137e-10  1.446746204e-09
108.0804661  -1.520193542e-10  1.441368692e-09
108.2612261  -1.507544777e-10  1.429375788e-09
108.5220751  -1.489513628e-10  1.412279588e-09
108.834721  -1.468241805e-10  1.392110748e-09
109.165279  -1.446146475e-10  1.371161102e-09
109.4779249  -1.425614624e-10  1.351693866e-09
109.7387739  -1.408751562e-10  1.335705185e-09
109.9195339  -1.397206305e-10  1.324758571e-09
110  -1.392103425e-10  1.319920284e-09
110.0804661  -1.387022892e-10  1.315103187e-09
110.2612261  -1.375690821e-10  1.304358704e-09
110.5220751  -1.359533072e-10  1.289038765e-09
110.834721  -1.340465883e-10  1.270960245e-09
111.165279  -1.3206542e-10  1.252175834e-09
111.4779249  -1.302238548e-10  1.234715068e-09
111.7387739  -1.287109277e-10  1.220370277e-09
111.9195339  -1.276748815e-10  1.210547024e-09
112  -1.272169017e-10  1.206204698e-09
112.0804661  -1.267608919e-10  1.201881049e-09
112.2612261  -1.257436379e-10  1.192235975e-09
112.5220751  -1.24292884e-10  1.178480678e-09
112.834721  -1.22580427e-10  1.162244049e-09
113.165279  -1.208005568e-10  1.145368242e-09
113.4779249  -1.191455974e-10  1.129676775e-09
113.7387739  -1.17785605e-10  1.116782033e-09
113.9195339  -1.168540935e-10  1.107949923e-09
114  -1.164422721e-10  1.104045246e-09
114.0804661  -1.160321911e-10  1.100157071e-09
114.2612261  -1.15117282e-10  1.091482377e-09
114.5220751  -1.138122175e-10  1.079108433e-09
114.834721  -1.1227132e-10  1.064498442e-09
115.165279  -1.10669286e-10  1.049308786e-09
115.4779249  -1.09179241e-10  1.035180952e-09
115.7387739  -1.079544482e-10  1.023568102e-09
115.9195339  -1.07115371e-10  1.015612407e-09
116  -1.067443708e-10  1.012094775e-09
116.0804661  -1.063749114e-10  1.008591753e-09
116.2612261  -1.055505336e-10  1.00077543e-09
116.5220751  -1.043743725e-10  9.8962368e-10
116.834721  -1.029853141e-10  9.764533484e-10
117.165279  -1.015407281e-10  9.627565334e-10
117.4779249  -1.001967404e-10  9.50013539e-10
117.7387739  -9.909172391e-11  9.395363452e-10
117.9195339  -9.83345553e-11  9.323572651e-10
118  -9.79997327e-11  9.291826508e-10
118.0804661  -9.766627723e-11  9.26020999e-10
118.2612261  -9.692215021e-11  9.189655724e-10
118.5220751  -9.586028057e-11  9.088974751e-10
118.834721  -9.460588931e-11  8.970039876e-10
119.165279  -9.330099124e-11  8.846316207e-10
119.4779249  -9.208662814e-11  8.731176594e-10
119.7387739  -9.108794297e-11  8.636486445e-10
119.9195339  -9.040350493e-11  8.571591579e-10
120  -9.010081045e-11  8.542891657e-10
120.0804661  -8.979933135e-11  8.514306973e-10
120.2612261  -8.912648737e-11  8.450511395e-10
120.5220751  -8.816615997e-11  8.35945813e-10
120.834721  -8.703144788e-11  8.251870614e-10
121.165279  -8.585073054e-11  8.139921117e-10
121.4779249  -8.475163858e-11  8.035710918e-10
121.7387739  -8.384753727e-11  7.949988719e-10
121.9195339  -8.322780848e-11  7.891229248e-10
122  -8.29537024e-11  7.865239932e-10
122.0804661  -8.268067892e-11  7.839353261e-10
122.2612261  -8.207127739e-11  7.781572967e-10
122.5220751  -8.120134266e-11  7.699090267e-10
122.834721  -8.017319816e-11  7.601606937e-10
123.165279  -7.910309089e-11  7.500144914e-10
123.4779249  -7.810670462e-11  7.405672734e-10
123.7387739  -7.728689972e-11  7.327943085e-10
123.9195339  -7.672485412e-11  7.274652835e-10
124  -7.64762355e-11  7.251080106e-10
124.0804661  -7.622858299e-11  7.22759898e-10
124.2612261  -7.567575359e-11  7.175182562e-10
124.5220751  -7.488643937e-11  7.100343881e-10
124.834721  -7.395336707e-11  7.011874804e-10
125.165279  -7.29819679e-11  6.919771771e-10
125.4779249  -7.207726308e-11  6.833992352e-10
125.7387739  -7.133272624e-11  6.763399229e-10
125.9195339  -7.082219623e-11  6.71499342e-10
126  -7.059634261e-11  6.693579151e-10
126.0804661  -7.037135274e-11  6.672246778e-10
126.2612261  -6.986906239e-11  6.624622211e-10
126.5220751  -6.915178541e-11  6.556613728e-10
126.834721  -6.830368543e-11  6.476201285e-10
127.165279  -6.742053372e-11  6.392465419e-10
127.4779249  -6.659781796e-11  6.314459777e-10
127.7387739  -6.592060916e-11  6.25025035e-10
127.9195339  -6.545616939e-11  6.206214579e-10
128  -6.525068563e-11  6.186731674e-10
128.0804661  -6.504597547e-11  6.167322118e-10
128.2612261  -6.45889153e-11  6.123986043e-10
128.5220751  -6.393612091e-11  6.062091464e-10
128.834721  -6.316410116e-11  5.988892555e-10
129.165279  -6.235998421e-11  5.912650354e-10
129.4779249  -6.161071862e-11  5.841608877e-10
129.7387739  -6.099384078e-11  5.783119719e-10
129.9195339  -6.057070916e-11  5.743000573e-10
130  -6.038348384e-11  5.725248838e-10
130.0804661  -6.019695255e-11  5.707562908e-10
130.2612261  -5.978044156e-11  5.668071496e-10
130.5220751  -5.918546711e-11  5.611659104e-10
130.834721  -5.84816832e-11  5.544929963e-10
131.165279  -5.774847121e-11  5.475410604e-10
131.4779249  -5.706511826e-11  5.41061862e-10
131.7387739  -5.650239314e-11  5.357263943e-10
131.9195339  -5.61163463e-11  5.320660982e-10
132  -5.594551443e-11  5.304463591e-10
132.0804661  -5.577530625e-11  5.288325334e-10
132.2612261  -5.539520897e-11  5.25228648e-10
132.5220751  -5.485216707e-11  5.200798063e-10
132.834721  -5.420968546e-11  5.139881288e-10
133.165279  -5.354019045e-11  5.076403243e-10
133.4779249  -5.291608376e-11  5.017228683e-10
133.7387739  -5.240204571e-11  4.96849026e-10
133.9195339  -5.20493466e-11  4.935049159e-10
134  -5.189325777e-11  4.920249626e-10
134.0804661  -5.173773032e-11  4.905503319e-10
134.2612261  -5.139038632e-11  4.872569962e-10
134.5220751  -5.089406481e-11  4.82551133e-10
134.834721  -5.030674555e-11  4.769824763e-10
135.165279  -4.969460036e-11  4.711784331e-10
135.4779249  -4.912383308e-11  4.657667136e-10
135.7387739  -4.865363787e-11  4.613085664e-10
135.9195339  -4.83309737e-11  4.582492321e-10
136  -4.818816468e-11  4.56895191e-10
136.0804661  -4.804586173e-11  4.555459482e-10
136.2612261  -4.772802514e-11  4.525323865e-10
136.5220751  -4.727380118e-11  4.482256705e-10
136.834721  -4.673619718e-11  4.431283881e-10
137.165279  -4.617575151e-11  4.378145329e-10
137.4779249  -4.565308031e-11  4.328588356e-10
137.7387739  -4.522242681e-11  4.287756023e-10
137.9195339  -4.49268556e-11  4.259731493e-10
138  -4.479602679e-11  4.247326984e-10
138.0804661  -4.466565489e-11  4.234965797e-10
138.2612261  -4.437444228e-11  4.207354528e-10
138.5220751  -4.395820849e-11  4.167889398e-10
138.834721  -4.346547877e-11  4.12117132e-10
139.165279  -4.295170966e-11  4.072458397e-10
139.4779249  -4.247247208e-11  4.027019575e-10
139.7387739  -4.207753467e-11  3.989573658e-10
139.9195339  -4.18064392e-11  3.963869791e-10
140  -4.168643435e-11  3.952491553e-10
140.0804661  -4.156684262e-11  3.941152485e-10
140.2612261  -4.129968814e-11  3.915822283e-10
140.5220751  -4.091778879e-11  3.879612567e-10
140.834721  -4.046562367e-11  3.836740614e-10
141.165279  -3.99940582e-11  3.792029222e-10
141.4779249  -3.955410122e-11  3.750314783e-10
141.7387739  -3.919147151e-11  3.715932114e-10
141.9195339  -3.894251957e-11  3.692327781e-10
142  -3.883230819e-11  3.68187811e-10
142.0804661  -3.87224709e-11  3.671463907e-10
142.2612261  -3.847708742e-11  3.648197919e-10
142.5220751  -3.812626336e-11  3.6149346e-10
142.834721  -3.771081974e-11  3.57554439e-10
143.165279  -3.727746821e-11  3.534456245e-10
143.4779249  -3.687308651e-11  3.496114869e-10
143.7387739  -3.65397228e-11  3.46450705e-10
143.9195339  -3.631083269e-11  3.442804878e-10
144  -3.620949494e-11  3.433196557e-10
144.0804661  -3.610849638e-11  3.423620397e-10
144.2612261  -3.588284194e-11  3.402225014e-10
144.5220751  -3.556018281e-11  3.371632148e-10
144.834721  -3.517802811e-11  3.335398221e-10
145.165279  -3.47793261e-11  3.297595364e-10
145.4779249  -3.440720846e-11  3.262313099e-10
145.7387739  -3.410039195e-11  3.233222348e-10
145.9195339  -3.388970269e-11  3.213245884e-10
146  -3.379641612e-11  3.204400936e-10
146.0804661  -3.370343753e-11  3.195585188e-10
146.2612261  -3.349568613e-11  3.175887277e-10
146.5220751  -3.319858894e-11  3.147718063e-10
146.834721  -3.284665245e-11  3.114349269e-10
147.165279  -3.247941046e-11  3.079529288e-10
147.4779249  -3.213659325e-11  3.047025137e-10
147.7387739  -3.185389e-11  3.020220681e-10
147.9195339  -3.165973528e-11  3.001811937e-10
148  -3.157376343e-11  2.993660533e-10
148.0804661  -3.148807159e-11  2.985535676e-10
148.2612261  -3.129658783e-11  2.96738018e-10
148.5220751  -3.102272095e-11  2.941413542e-10
148.834721  -3.069825142e-11  2.910649023e-10
149.165279  -3.035961113e-11  2.878540907e-10
149.4779249  -3.004343776e-11  2.848562988e-10
149.7387739  -2.978266556e-11  2.82383792e-10
149.9195339  -2.960355116e-11  2.806855221e-10
150  -2.952423357e-11  2.799334738e-10
150.0804661  -2.944517086e-11  2.791838422e-10
150.2612261  -2.926848789e-11  2.775086259e-10
150.5220751  -2.901575957e-11  2.751123871e-10
150.834721  -2.871628834e-11  2.722729562e-10
151.165279  -2.84036844e-11  2.693090077e-10
151.4779249  -2.811177004e-11  2.665412271e-10
151.7387739  -2.787096948e-11  2.64258081e-10
151.9195339  -2.770555352e-11  2.626896926e-10
152  -2.763229699e-11  2.619951122e-10
152.0804661  -2.755927277e-11  2.613027344e-10
152.2612261  -2.739607294e-11  2.597553582e-10
152.5220751  -2.716260398e-11  2.575417266e-10
152.834721  -2.688591273e-11  2.549182837e-10
153.165279  -2.65970394e-11  2.521793365e-10
153.4779249  -2.632724006e-11  2.496212391e-10
153.7387739  -2.610464926e-11  2.475107485e-10
153.9195339  -2.595172495e-11  2.460607996e-10
154  -2.588399597e-11  2.454186284e-10
154.0804661  -2.581647898e-11  2.447784674e-10
154.2612261  -2.566557702e-11  2.433476933e-10
154.5220751  -2.544967671e-11  2.413006384e-10
154.834721  -2.519376927e-11  2.388742568e-10
155.165279  -2.492655124e-11  2.36340634e-10
155.4779249  -2.46769368e-11  2.339739192e-10
155.7387739  -2.447096928e-11  2.320210421e-10
155.9195339  -2.432944984e-11  2.306792281e-10
156  -2.426676788e-11  2.300849102e-10
156.0804661  -2.420427961e-11  2.294924289e-10
156.2612261  -2.406460785e-11  2.281681336e-10
156.5220751  -2.386475299e-11  2.262732135e-10
156.834721  -2.362783061e-11  2.240268384e-10
157.165279  -2.338039742e-11  2.216808052e-10
157.4779249  -2.314922787e-11  2.194889753e-10
157.7387739  -2.295845319e-11  2.176801488e-10
157.9195339  -2.282735853e-11  2.164371772e-10
158  -2.276929023e-11  2.158866037e-10
158.0804661  -2.27113991e-11  2.153377099e-10
158.2612261  -2.258199449e-11  2.141107626e-10
158.5220751  -2.239681098e-11  2.123549485e-10
158.834721  -2.217725063e-11  2.102731912e-10
159.165279  -2.194791421e-11  2.080987421e-10
159.4779249  -2.173361886e-11  2.060669048e-10
159.7387739  -2.155674553e-11  2.043898836e-10
159.9195339  -2.143519067e-11  2.032373634e-10
160  -2.138134467e-11  2.027268235e-10
160.0804661  -2.13276609e-11  2.022178219e-10
160.2612261  -2.120765364e-11  2.010799753e-10
160.5220751  -2.10359002e-11  1.994514982e-10
160.834721  -2.083223553e-11  1.975204553e-10
161.165279  -2.06194704e-11  1.955031268e-10
161.4779249  -2.04206296e-11  1.936178214e-10
161.7387739  -2.025649008e-11  1.920615355e-10
161.9195339  -2.014367485e-11  1.9099188e-10
162  -2.009369727e-11  1.905180186e-10
162.0804661  -2.004386842e-11  1.900455672e-10
162.2612261  -1.99324719e-11  1.889893632e-10
162.5220751  -1.977302586e-11  1.874775785e-10
162.834721  -1.958393032e-11  1.856846727e-10
163.165279  -1.938635623e-11  1.838113776e-10
163.4779249  -1.920168519e-11  1.820604225e-10
163.7387739  -1.904922266e-11  1.806148519e-10
163.9195339  -1.894442269e-11  1.796211929e-10
164  -1.889799316e-11  1.791809722e-10
164.0804661  -1.885170011e-11  1.787420455e-10
164.2612261  -1.874820209e-11  1.777607309e-10
164.5220751  -1.860004673e-11  1.763559987e-10
164.834721  -1.842431883e-11  1.746898378e-10
165.165279  -1.824068534e-11  1.729487203e-10
165.4779249  -1.80690199e-11  1.713210775e-10
165.7387739  -1.792727661e-11  1.699771412e-10
165.9195339  -1.782983534e-11  1.690532536e-10
166  -1.778666344e-11  1.686439201e-10
166.0804661  -1.774361693e-11  1.682357753e-10
166.2612261  -1.764737168e-11  1.673232278e-10
166.5220751  -1.750958519e-11  1.660168077e-10
166.834721  -1.734613532e-11  1.644670608e-10
167.165279  -1.717530827e-11  1.628473673e-10
167.4779249  -1.701559229e-11  1.613330232e-10
167.7387739  -1.688369924e-11  1.600824817e-10
167.9195339  -1.679302085e-11  1.592227162e-10
168  -1.675284302e-11  1.588417709e-10
168.0804661  -1.671278049e-11  1.584619187e-10
168.2612261  -1.662320195e-11  1.576125814e-10
168.5220751  -1.649494749e-11  1.563965392e-10
168.834721  -1.634278641e-11  1.549538267e-10
169.165279  -1.618373586e-11  1.534457918e-10
169.4779249  -1.60350101e-11  1.520356513e-10
169.7387739  -1.591217786e-11  1.508710197e-10
169.9195339  -1.582772103e-11  1.500702438e-10
170  -1.57902978e-11  1.497154162e-10
170.0804661  -1.57529807e-11  1.493615948e-10
170.2612261  -1.566953629e-11  1.485704181e-10
170.5220751  -1.555005335e-11  1.474375429e-10
170.834721  -1.540828183e-11  1.460933388e-10
171.165279  -1.526007143e-11  1.446880847e-10
171.4779249  -1.512146367e-11  1.433738777e-10
171.7387739  -1.500697428e-11  1.422883487e-10
171.9195339  -1.492824666e-11  1.415418943e-10
172  -1.48933602e-11  1.412111189e-10
172.0804661  -1.485857153e-11  1.408812708e-10
172.2612261  -1.478077673e-11  1.401436609e-10
172.5220751  -1.466937336e-11  1.390873919e-10
172.834721  -1.453717313e-11  1.378339378e-10
173.165279  -1.439895066e-11  1.36523384e-10
173.4779249  -1.426966686e-11  1.352975821e-10
173.7387739  -1.416286667e-11  1.34284958e-10
173.9195339  -1.408941993e-11  1.335885742e-10
174  -1.405687187e-11  1.332799703e-10
174.0804661  -1.4024414e-11  1.329722216e-10
174.2612261  -1.395182757e-11  1.322839948e-10
174.5220751  -1.384787349e-11  1.312983561e-10
174.834721  -1.37244991e-11  1.30128584e-10
175.165279  -1.359548805e-11  1.289053682e-10
175.4779249  -1.347480462e-11  1.277611105e-10
175.7387739  -1.337509784e-11  1.268157425e-10
175.9195339  -1.330652331e-11  1.261655544e-10
176  -1.327613282e-11  1.258774075e-10
176.0804661  -1.324582558e-11  1.255900499e-10
176.2612261  -1.317804521e-11  1.249473916e-10
176.5220751  -1.308096572e-11  1.240269342e-10
176.834721  -1.296573734e-11  1.229343985e-10
177.165279  -1.284522943e-11  1.21791805e-10
177.4779249  -1.273248625e-11  1.207228326e-10
177.7387739  -1.263932929e-11  1.198395666e-10
177.9195339  -1.257525402e-11  1.192320382e-10
178  -1.254685607e-11  1.189627835e-10
178.0804661  -1.251853504e-11  1.186942582e-10
178.2612261  -1.245519355e-11  1.18093687e-10
178.5220751  -1.236446406e-11  1.17233437e-10
178.834721  -1.225676106e-11  1.16212253e-10
179.165279  -1.214410958e-11  1.151441501e-10
179.4779249  -1.203870379e-11  1.141447471e-10
179.7387739  -1.195160012e-11  1.133188753e-10
179.9195339  -1.189168347e-11  1.127507766e-10
180  -1.18651273e-11  1.124989848e-10
180.0804661  -1.183864226e-11  1.122478674e-10
180.2612261  -1.177940418e-11  1.116862026e-10
180.5220751  -1.169454536e-11  1.108816153e-10
180.834721  -1.159380055e-11  1.099264052e-10
181.165279  -1.148841439e-11  1.089271883e-10
181.4779249  -1.13897949e-11  1.079921294e-10
181.7387739  -1.130829057e-11  1.072193476e-10
181.9195339  -1.125222103e-11  1.066877253e-10
182  -1.122736878e-11  1.064520891e-10
182.0804661  -1.120258236e-11  1.062170772e-10
182.2612261  -1.114714088e-11  1.056914098e-10
182.5220751  -1.106771431e-11  1.049383282e-10
182.834721  -1.097340884e-11  1.040441727e-10
183.165279  -1.087474718e-11  1.03108714e-10
183.4779249  -1.078240967e-11  1.022332176e-10
183.7387739  -1.070608922e-11  1.015095867e-10
183.9195339  -1.065358167e-11  1.010117373e-10
184  -1.063030714e-11  1.007910603e-10
184.0804661  -1.06070936e-11  1.005709615e-10
184.2612261  -1.055516785e-11  1.000786285e-10
184.5220751  -1.048077212e-11  9.937324679e-11
184.834721  -1.03924309e-11  9.853564117e-11
185.165279  -1.029999844e-11  9.765924444e-11
185.4779249  -1.021348099e-11  9.683893088e-11
185.7387739  -1.014196381e-11  9.616084201e-11
185.9195339  -1.009275702e-11  9.569428879e-11
186  -1.007094459e-11  9.548747465e-11
186.0804661  -1.004918871e-11  9.528119664e-11
186.2612261  -1.000052132e-11  9.481975769e-11
186.5220751  -9.930788579e-12  9.415858801e-11
186.834721  -9.847976147e-12  9.337340347e-11
187.165279  -9.761318832e-12  9.255176374e-11
187.4779249  -9.680197937e-12  9.178261747e-11
187.7387739  -9.613135016e-12  9.114676164e-11
187.9195339  -9.566989442e-12  9.070923322e-11
188  -9.546533071e-12  9.051527652e-11
188.0804661  -9.526129166e-12  9.032181727e-11
188.2612261  -9.480484078e-12  8.988903422e-11
188.5220751  -9.415076884e-12  8.926887712e-11
188.834721  -9.337393739e-12  8.853232582e-11
189.165279  -9.256094965e-12  8.7761493e-11
189.4779249  -9.179981964e-12  8.703982899e-11
189.7387739  -9.117052989e-12  8.644316908e-11
189.9195339  -9.073748732e-12  8.603258057e-11
190  -9.054551076e-12  8.585055835e-11
190.0804661  -9.03540214e-12  8.566899807e-11
190.2612261  -8.992562637e-12  8.526281612e-11
190.5220751  -8.931171172e-12  8.468073408e-11
190.834721  -8.858250465e-12  8.398933774e-11
191.165279  -8.781927617e-12  8.326568407e-11
191.4779249  -8.710465517e-12  8.258811749e-11
191.7387739  -8.651376223e-12  8.202786345e-11
191.9195339  -8.610711261e-12  8.164229936e-11
192  -8.592682881e-12  8.147136361e-11
192.0804661  -8.574699778e-12  8.130085716e-11
192.2612261  -8.534466722e-12  8.091938818e-11
192.5220751  -8.47680627e-12  8.037268167e-11
192.834721  -8.408310834e-12  7.972324346e-11
193.165279  -8.336612202e-12  7.904343421e-11
193.4779249  -8.269472799e-12  7.840685321e-11
193.7387739  -8.213952621e-12  7.788043966e-11
193.9195339  -8.175741179e-12  7.751813858e-11
194  -8.158799827e-12  7.735750947e-11
194.0804661  -8.141900584e-12  7.719727962e-11
194.2612261  -8.104090827e-12  7.68387871e-11
194.5220751  -8.049899512e-12  7.632497315e-11
194.834721  -7.985519186e-12  7.571455228e-11
195.165279  -7.918121186e-12  7.507551939e-11
195.4779249  -7.855002481e-12  7.447706056e-11
195.7387739  -7.802802422e-12  7.398212667e-11
195.9195339  -7.766873522e-12  7.364146746e-11
196  -7.750943496e-12  7.349042722e-11
196.0804661  -7.735052661e-12  7.333975856e-11
196.2612261  -7.699497617e-12  7.300264407e-11
196.5220751  -7.648534359e-12  7.251943688e-11
196.834721  -7.587983578e-12  7.194532578e-11
197.165279  -7.524588247e-12  7.134424412e-11
197.4779249  -7.465212114e-12  7.078127041e-11
197.7387739  -7.416102836e-12  7.03156417e-11
197.9195339  -7.38229898e-12  6.999513107e-11
198  -7.367310543e-12  6.985301848e-11
198.0804661  -7.352358608e-12  6.971125198e-11
198.2612261  -7.318902962e-12  6.93940429e-11
198.5220751  -7.270945638e-12  6.893933642e-11
198.834721  -7.213961264e-12  6.839904014e-11
199.165279  -7.154293999e-12  6.783330607e-11
199.4779249  -7.098404084e-12  6.730338687e-11
199.7387739  -7.052174174e-12  6.686505884e-11
199.9195339  -7.020350165e-12  6.656332008e-11
200  -7.00623902e-12  6.642952553e-11
200.0804661  -6.992161899e-12  6.629605356e-11
200.2612261  -6.960662444e-12  6.599739206e-11
200.5220751  -6.915506231e-12  6.556924426e-11
200.834721  -6.861845585e-12  6.506046185e-11
201.165279  -6.805653105e-12  6.452767388e-11
201.4779249  -6.753012925e-12  6.402856699e-11
201.7387739  -6.709467337e-12  6.361569031e-11
201.9195339  -6.679489204e-12  6.33314532e-11
202  -6.666196027e-12  6.320541418e-11
202.0804661  -6.652934584e-12  6.307967605e-11
202.2612261  -6.623259169e-12  6.279830915e-11
202.5220751  -6.580715036e-12  6.239492775e-11
202.834721  -6.530154132e-12  6.191553547e-11
203.165279  -6.47720263e-12  6.141347679e-11
203.4779249  -6.427593861e-12  6.094311216e-11
203.7387739  -6.386552503e-12  6.055397929e-11
203.9195339  -6.358296537e-12  6.028607087e-11
204  -6.345766542e-12  6.016726795e-11
204.0804661  -6.333266165e-12  6.004874586e-11
204.2612261  -6.305292744e-12  5.978351638e-11
204.5220751  -6.265186102e-12  5.9403246e-11
204.834721  -6.217518038e-12  5.895128213e-11
205.165279  -6.167591517e-12  5.847790475e-11
205.4779249  -6.120812435e-12  5.803436975e-11
205.7387739  -6.082108893e-12  5.766740284e-11
205.9195339  -6.05546077e-12  5.741473915e-11
206  -6.043643325e-12  5.730269226e-11
206.0804661  -6.031853543e-12  5.719090767e-11
206.2612261  -6.005469312e-12  5.694074607e-11
206.5220751  -5.967638782e-12  5.65820566e-11
206.834721  -5.922672289e-12  5.615570763e-11
207.165279  -5.875571047e-12  5.570911807e-11
207.4779249  -5.831435126e-12  5.529064416e-11
207.7387739  -5.794915504e-12  5.494438404e-11
207.9195339  -5.769769492e-12  5.470596259e-11
208  -5.758617767e-12  5.460022772e-11
208.0804661  -5.747491898e-12  5.449473799e-11
208.2612261  -5.72259252e-12  5.4258655e-11
208.5220751  -5.686888816e-12  5.3920131e-11
208.834721  -5.644446943e-12  5.351771917e-11
209.165279  -5.599986204e-12  5.309616549e-11
209.4779249  -5.558320839e-12  5.27011161e-11
209.7387739  -5.523842711e-12  5.237421237e-11
209.9195339  -5.500100949e-12  5.214910529e-11
210  -5.489571601e-12  5.204927148e-11
210.0804661  -5.479066433e-12  5.194966692e-11
210.2612261  -5.455555325e-12  5.172674679e-11
210.5220751  -5.42184025e-12  5.140707793e-11
210.834721  -5.381759169e-12  5.10270499e-11
211.165279  -5.339767839e-12  5.062890988e-11
211.4779249  -5.300413186e-12  5.025576946e-11
211.7387739  -5.267844643e-12  4.994697143e-11
211.9195339  -5.245416489e-12  4.97343193e-11
212  -5.235469369e-12  4.964000587e-11
212.0804661  -5.225544877e-12  4.954590698e-11
212.2612261  -5.203332569e-12  4.93353014e-11
212.5220751  -5.171478093e-12  4.903327377e-11
212.834721  -5.133606013e-12  4.867419034e-11
213.165279  -5.093925552e-12  4.829796079e-11
213.4779249  -5.056733477e-12  4.794532482e-11
213.7387739  -5.025952262e-12  4.76534733e-11
213.9195339  -5.0047537e-12  4.745247953e-11
214  -4.995351592e-12  4.736333361e-11
214.0804661  -4.985970671e-12  4.727438859e-11
214.2612261  -4.964974225e-12  4.707531117e-11
214.5220751  -4.934861651e-12  4.678979935e-11
214.834721  -4.899057833e-12  4.645032612e-11
215.165279  -4.861541228e-12  4.609461313e-11
215.4779249  -4.826374353e-12  4.576117905e-11
215.7387739  -4.797267072e-12  4.548519891e-11
215.9195339  -4.777220171e-12  4.529512458e-11
216  -4.768328552e-12  4.521081886e-11
216.0804661  -4.759456785e-12  4.512670137e-11
216.2612261  -4.739599258e-12  4.493842259e-11
216.5220751  -4.711118465e-12  4.466838248e-11
216.834721  -4.677252326e-12  4.434728131e-11
217.165279  -4.641763155e-12  4.40107914e-11
217.4779249  -4.608493984e-12  4.369535037e-11
217.7387739  -4.580955392e-12  4.343424372e-11
217.9195339  -4.561987815e-12  4.325440298e-11
218  -4.553574639e-12  4.317463362e-11
218.0804661  -4.545180076e-12  4.309504072e-11
218.2612261  -4.526390041e-12  4.291688335e-11
218.5220751  -4.499438793e-12  4.26613456e-11
218.834721  -4.467389088e-12  4.23574669e-11
219.165279  -4.433800671e-12  4.203899895e-11
219.4779249  -4.402310799e-12  4.174042832e-11
219.7387739  -4.376243145e-12  4.149326834e-11
219.9195339  -4.358287701e-12  4.132302413e-11
220  -4.350323202e-12  4.124750888e-11
220.0804661  -4.342376163e-12  4.117215917e-11
220.2612261  -4.324587266e-12  4.100349408e-11
220.5220751  -4.299070584e-12  4.076155813e-11
220.834721  -4.268724658e-12  4.04738338e-11
221.165279  -4.236919281e-12  4.01722717e-11
221.4779249  -4.207098674e-12  3.988952817e-11
221.7387739  -4.182411106e-12  3.965545345e-11
221.9195339  -4.165405342e-12  3.949421362e-11
222  -4.157861851e-12  3.942269015e-11
222.0804661  -4.150334748e-12  3.935132205e-11
222.2612261  -4.133485308e-12  3.919156441e-11
222.5220751  -4.109314891e-12  3.896239304e-11
222.834721  -4.080568008e-12  3.868983e-11
223.165279  -4.050436214e-12  3.840413596e-11
223.4779249  -4.022182544e-12  3.81362493e-11
223.7387739  -3.998790568e-12  3.791445872e-11
223.9195339  -3.982676398e-12  3.776167251e-11
224  -3.975528178e-12  3.76938968e-11
224.0804661  -3.968395348e-12  3.762626701e-11
224.2612261  -3.95242799e-12  3.747487279e-11
224.5220751  -3.929521696e-12  3.725768719e-11
224.834721  -3.90227641e-12  3.699936152e-11
225.165279  -3.873716356e-12  3.67285699e-11
225.4779249  -3.846934401e-12  3.647463729e-11
225.7387739  -3.824759384e-12  3.626438527e-11
225.9195339  -3.809482745e-12  3.61195401e-11
226  -3.802705842e-12  3.605528502e-11
226.0804661  -3.795943402e-12  3.599116707e-11
226.2612261  -3.780804718e-12  3.584762992e-11
226.5220751  -3.759086082e-12  3.564170508e-11
226.834721  -3.733251679e-12  3.539675666e-11
227.165279  -3.706168542e-12  3.51399684e-11
227.4779249  -3.680769638e-12  3.489914916e-11
227.7387739  -3.659738352e-12  3.469974141e-11
227.9195339  -3.645248896e-12  3.456235991e-11
228  -3.638821002e-12  3.450141395e-11
228.0804661  -3.632406705e-12  3.444059691e-11
228.2612261  -3.618046953e-12  3.430444519e-11
228.5220751  -3.597444752e-12  3.41091058e-11
228.834721  -3.572936724e-12  3.387673339e-11
229.165279  -3.547242164e-12  3.363311089e-11
229.4779249  -3.523143698e-12  3.340462173e-11
229.7387739  -3.50318791e-12  3.321541129e-11
229.9195339  -3.489438719e-12  3.30850486e-11
230  -3.483339043e-12  3.302721463e-11
230.0804661  -3.477252157e-12  3.296950194e-11
230.2612261  -3.463624979e-12  3.284029609e-11
230.5220751  -3.444072828e-12  3.265491274e-11
230.834721  -3.420812404e-12  3.243436946e-11
231.165279  -3.396424068e-12  3.22031319e-11
231.4779249  -3.373549019e-12  3.198624255e-11
231.7387739  -3.354605107e-12  3.18066262e-11
231.9195339  -3.341552432e-12  3.16828675e-11
232  -3.335761587e-12  3.162796171e-11
232.0804661  -3.32998278e-12  3.157317006e-11
232.2612261  -3.317044942e-12  3.145050019e-11
232.5220751  -3.298480931e-12  3.127448587e-11
232.834721  -3.276394641e-12  3.106507511e-11
233.165279  -3.25323571e-12  3.084549414e-11
233.4779249  -3.231512227e-12  3.063952334e-11
233.7387739  -3.213520836e-12  3.046893829e-11
233.9195339  -3.201123857e-12  3.035139657e-11
234  -3.195623753e-12  3.029924744e-11
234.0804661  -3.190134986e-12  3.024720579e-11
234.2612261  -3.177846147e-12  3.013068939e-11
234.5220751  -3.160212502e-12  2.996349632e-11
234.834721  -3.139231779e-12  2.976456798e-11
235.165279  -3.117230556e-12  2.955596379e-11
235.4779249  -3.096591569e-12  2.936027562e-11
235.7387739  -3.079497288e-12  2.919819651e-11
235.9195339  -3.067717897e-12  2.908651043e-11
236  -3.062491647e-12  2.903695784e-11
236.0804661  -3.057276078e-12  2.898750651e-11
236.2612261  -3.045598572e-12  2.887678646e-11
236.5220751  -3.028841347e-12  2.871790314e-11
236.834721  -3.008902162e-12  2.852885013e-11
237.165279  -2.987991687e-12  2.833058785e-11
237.4779249  -2.968374556e-12  2.814458839e-11
237.7387739  -2.952125629e-12  2.799052448e-11
237.9195339  -2.940928227e-12  2.788435652e-11
238  -2.935960054e-12  2.783725088e-11
238.0804661  -2.931001949e-12  2.77902407e-11
238.2612261  -2.919900588e-12  2.768498336e-11
238.5220751  -2.903969383e-12  2.753393193e-11
238.834721  -2.885011912e-12  2.735418701e-11
239.165279  -2.865129615e-12  2.716567339e-11
239.4779249  -2.846475799e-12  2.698880758e-11
239.7387739  -2.831023853e-12  2.684230024e-11
239.9195339  -2.820375169e-12  2.674133494e-11
240  -2.815650327e-12  2.669653643e-11
240.0804661  -2.810934979e-12  2.665182795e-11
240.2612261  -2.800376872e-12  2.655172145e-11
240.5220751  -2.785224571e-12  2.640805519e-11
240.834721  -2.767192882e-12  2.623708807e-11
241.165279  -2.748280263e-12  2.605776842e-11
241.4779249  -2.730535023e-12  2.588951726e-11
241.7387739  -2.715834824e-12  2.575013759e-11
241.9195339  -2.705703742e-12  2.565407992e-11
242  -2.701208438e-12  2.561145779e-11
242.0804661  -2.696722095e-12  2.55689206e-11
242.2612261  -2.686676477e-12  2.547367327e-11
242.5220751  -2.672259012e-12  2.533697434e-11
242.834721  -2.655100788e-12  2.517428895e-11
243.165279  -2.637103119e-12  2.500364439e-11
243.4779249  -2.620215242e-12  2.48435223e-11
243.7387739  -2.606224465e-12  2.471086901e-11
243.9195339  -2.596581869e-12  2.46194429e-11
244  -2.5923032e-12  2.457887479e-11
244.0804661  -2.588032989e-12  2.453838686e-11
244.2612261  -2.578471073e-12  2.444772573e-11
244.5220751  -2.564747201e-12  2.431760309e-11
244.834721  -2.548413475e-12  2.416273517e-11
245.165279  -2.53127953e-12  2.400027999e-11
245.4779249  -2.515201076e-12  2.384783243e-11
245.7387739  -2.5018801e-12  2.372152984e-11
245.9195339  -2.49269873e-12  2.363447685e-11
246  -2.488624614e-12  2.359584819e-11
246.0804661  -2.484558485e-12  2.355729526e-11
246.2612261  -2.475453314e-12  2.347096476e-11
246.5220751  -2.462384419e-12  2.334705226e-11
246.834721  -2.446829337e-12  2.319956704e-11
247.165279  -2.430511141e-12  2.304484637e-11
247.4779249  -2.415197209e-12  2.289964761e-11
247.7387739  -2.402508919e-12  2.277934383e-11
247.9195339  -2.393763243e-12  2.269642186e-11
248  -2.389882359e-12  2.265962533e-11
248.0804661  -2.386009024e-12  2.262290037e-11
248.2612261  -2.377335347e-12  2.254066107e-11
248.5220751  -2.364885247e-12  2.242261568e-11
248.834721  -2.350065847e-12  2.228210581e-11
249.165279  -2.334518448e-12  2.213469343e-11
249.4779249  -2.319926961e-12  2.199634452e-11
249.7387739  -2.307836576e-12  2.188170975e-11
249.9195339  -2.299502661e-12  2.180269189e-11
250  -2.295804402e-12  2.176762692e-11
250.0804661  -2.292113279e-12  2.173262961e-11
250.2612261  -2.283847428e-12  2.165425709e-11
250.5220751  -2.271982209e-12  2.154175725e-11
250.834721  -2.257858216e-12  2.140784086e-11
251.165279  -2.243039469e-12  2.126733719e-11
251.4779249  -2.229130976e-12  2.113546407e-11
251.7387739  -2.217605882e-12  2.10261891e-11
251.9195339  -2.209661288e-12  2.095086258e-11
252  -2.206135706e-12  2.091743485e-11
252.0804661  -2.202616873e-12  2.088407109e-11
252.2612261  -2.19473665e-12  2.080935491e-11
252.5220751  -2.183424508e-12  2.070209903e-11
252.834721  -2.169958146e-12  2.057441798e-11
253.165279  -2.15582852e-12  2.044044819e-11
253.4779249  -2.142566014e-12  2.031469998e-11
253.7387739  -2.131575614e-12  2.021049471e-11
253.9195339  -2.123999287e-12  2.01386599e-11
254  -2.120637049e-12  2.010678091e-11
254.0804661  -2.117281196e-12  2.007496245e-11
254.2612261  -2.109765775e-12  2.000370512e-11
254.5220751  -2.098976863e-12  1.990141025e-11
254.834721  -2.086132686e-12  1.977962843e-11
255.165279  -2.072655082e-12  1.965184078e-11
255.4779249  -2.060003828e-12  1.953188815e-11
255.7387739  -2.049519405e-12  1.943248028e-11
255.9195339  -2.042291581e-12  1.936394981e-11
256  -2.039083926e-12  1.933353648e-11
256.0804661  -2.035882314e-12  1.930318046e-11
256.2612261  -2.028712143e-12  1.923519662e-11
256.5220751  -2.018418444e-12  1.91375971e-11
256.834721  -2.00616317e-12  1.902139895e-11
257.165279  -1.993302754e-12  1.889946315e-11
257.4779249  -1.981230137e-12  1.878499685e-11
257.7387739  -1.971224721e-12  1.869013069e-11
257.9195339  -1.964326842e-12  1.862472857e-11
258  -1.961265541e-12  1.85957029e-11
258.0804661  -1.958209963e-12  1.85667315e-11
258.2612261  -1.951366679e-12  1.850184703e-11
258.5220751  -1.941541875e-12  1.840869333e-11
258.834721  -1.929844244e-12  1.829778246e-11
259.165279  -1.917568293e-12  1.818138826e-11
259.4779249  -1.90604367e-12  1.807211776e-11
259.7387739  -1.896491923e-12  1.798155305e-11
259.9195339  -1.889906549e-12  1.791911394e-11
260  -1.88698387e-12  1.789140262e-11
260.0804661  -1.884066613e-12  1.78637427e-11
260.2612261  -1.877532962e-12  1.780179401e-11
260.5220751  -1.868152323e-12  1.771285166e-11
260.834721  -1.856982955e-12  1.76069495e-11
261.165279  -1.845260713e-12  1.749580528e-11
261.4779249  -1.834255283e-12  1.73914575e-11
261.7387739  -1.825133387e-12  1.730496841e-11
261.9195339  -1.818844125e-12  1.724533689e-11
262  -1.8160528e-12  1.721887099e-11
262.0804661  -1.813266614e-12  1.719245383e-11
262.2612261  -1.807026374e-12  1.71332871e-11
262.5220751  -1.798066649e-12  1.704833564e-11
262.834721  -1.787397919e-12  1.694718027e-11
263.165279  -1.776200467e-12  1.684101184e-11
263.4779249  -1.765687146e-12  1.674132998e-11
263.7387739  -1.756972701e-12  1.665870413e-11
263.9195339  -1.750964132e-12  1.6601734e-11
264  -1.748297326e-12  1.657644872e-11
264.0804661  -1.745635392e-12  1.655120964e-11
264.2612261  -1.739673304e-12  1.649468021e-11
264.5220751  -1.731112623e-12  1.641351228e-11
264.834721  -1.720918547e-12  1.631685734e-11
265.165279  -1.710218679e-12  1.621540673e-11
265.4779249  -1.700171985e-12  1.612014919e-11
265.7387739  -1.691843915e-12  1.604118675e-11
265.9195339  -1.686101533e-12  1.598674046e-11
266  -1.683552812e-12  1.596257481e-11
266.0804661  -1.681008713e-12  1.593845298e-11
266.2612261  -1.67531042e-12  1.588442472e-11
266.5220751  -1.667128202e-12  1.580684517e-11
266.834721  -1.657384324e-12  1.571445878e-11
267.165279  -1.647156433e-12  1.561748322e-11
267.4779249  -1.637552381e-12  1.552642258e-11
267.7387739  -1.629590848e-12  1.545093544e-11
267.9195339  -1.624100996e-12  1.539888352e-11
268  -1.621664305e-12  1.537578008e-11
268.0804661  -1.619232001e-12  1.535271823e-11
268.2612261  -1.613783985e-12  1.530106297e-11
268.5220751  -1.605960853e-12  1.522688809e-11
268.834721  -1.596644148e-12  1.513855192e-11
269.165279  -1.586864123e-12  1.50458228e-11
269.4779249  -1.577680127e-12  1.495874491e-11
269.7387739  -1.570066447e-12  1.488655594e-11
269.9195339  -1.564816263e-12  1.483677642e-11
270  -1.5624859e-12  1.481468112e-11
270.0804661  -1.5601597e-12  1.47926253e-11
270.2612261  -1.554949231e-12  1.474322234e-11
270.5220751  -1.547466933e-12  1.467227906e-11
270.834721  -1.538555711e-12  1.458778749e-11
271.165279  -1.529200839e-12  1.449908943e-11
271.4779249  -1.52041562e-12  1.441579255e-11
271.7387739  -1.51313219e-12  1.434673484e-11
271.9195339  -1.508109556e-12  1.429911283e-11
272  -1.505880146e-12  1.427797472e-11
272.0804661  -1.50365469e-12  1.42568741e-11
272.2612261  -1.498669771e-12  1.420960968e-11
272.5220751  -1.491511108e-12  1.414173495e-11
272.834721  -1.48298493e-12  1.406089415e-11
273.165279  -1.474033803e-12  1.397602421e-11
273.4779249  -1.465627306e-12  1.389631816e-11
273.7387739  -1.458657534e-12  1.38302344e-11
273.9195339  -1.453851027e-12  1.378466159e-11
274  -1.451717505e-12  1.376443264e-11
274.0804661  -1.449587739e-12  1.37442393e-11
274.2612261  -1.444817061e-12  1.369900621e-11
274.5220751  -1.437965819e-12  1.363404628e-11
274.834721  -1.429805413e-12  1.355667355e-11
275.165279  -1.421237848e-12  1.347544034e-11
275.4779249  -1.413191162e-12  1.339914583e-11
275.7387739  -1.406519402e-12  1.333588766e-11
275.9195339  -1.401918249e-12  1.329226191e-11
276  -1.399875837e-12  1.327289683e-11
276.0804661  -1.397836995e-12  1.325356558e-11
276.2612261  -1.393269893e-12  1.321026269e-11
276.5220751  -1.38671078e-12  1.314807258e-11
276.834721  -1.37889797e-12  1.307399557e-11
277.165279  -1.370694927e-12  1.299621857e-11
277.4779249  -1.362990213e-12  1.292316646e-11
277.7387739  -1.356601704e-12  1.286259393e-11
277.9195339  -1.352195742e-12  1.282081888e-11
278  -1.350239933e-12  1.280227492e-11
278.0804661  -1.348287519e-12  1.278376314e-11
278.2612261  -1.343913929e-12  1.274229503e-11
278.5220751  -1.337632515e-12  1.268273792e-11
278.834721  -1.33015015e-12  1.261179401e-11
279.165279  -1.322293664e-12  1.253730289e-11
279.4779249  -1.314914085e-12  1.246733354e-11
279.7387739  -1.308794896e-12  1.240931457e-11
279.9195339  -1.304574532e-12  1.236929927e-11
280  -1.302701073e-12  1.23515361e-11
280.0804661  -1.300830842e-12  1.233380354e-11
280.2612261  -1.296641266e-12  1.229408016e-11
280.5220751  -1.290623932e-12  1.223702691e-11
280.834721  -1.283455819e-12  1.216906258e-11
281.165279  -1.275928928e-12  1.209769651e-11
281.4779249  -1.268858589e-12  1.203065922e-11
281.7387739  -1.262995568e-12  1.197506909e-11
281.9195339  -1.258951745e-12  1.193672765e-11
282  -1.257156618e-12  1.19197072e-11
282.0804661  -1.255364563e-12  1.190271585e-11
282.2612261  -1.251350031e-12  1.186465215e-11
282.5220751  -1.245583914e-12  1.180998081e-11
282.834721  -1.238714764e-12  1.174485109e-11
283.165279  -1.231501448e-12  1.167645818e-11
283.4779249  -1.224725336e-12  1.161221059e-11
283.7387739  -1.219106058e-12  1.155893151e-11
283.9195339  -1.21523022e-12  1.152218282e-11
284  -1.213509631e-12  1.150586909e-11
284.0804661  -1.211791965e-12  1.148958307e-11
284.2612261  -1.207944005e-12  1.145309871e-11
284.5220751  -1.202416953e-12  1.140069407e-11
284.834721  -1.195832319e-12  1.133826199e-11
285.165279  -1.188917444e-12  1.127269872e-11
285.4779249  -1.182421372e-12  1.121110634e-11
285.7387739  -1.177034096e-12  1.116002699e-11
285.9195339  -1.173318158e-12  1.112479439e-11
286  -1.171668521e-12  1.110915339e-11
286.0804661  -1.170021667e-12  1.109353877e-11
286.2612261  -1.16633227e-12  1.105855782e-11
286.5220751  -1.1610328e-12  1.100831099e-11
286.834721  -1.154719028e-12  1.094844708e-11
287.165279  -1.148088286e-12  1.088557782e-11
287.4779249  -1.141858846e-12  1.08265135e-11
287.7387739  -1.136692474e-12  1.077752864e-11
287.9195339  -1.133128792e-12  1.074373965e-11
288  -1.131546717e-12  1.072873924e-11
288.0804661  -1.129967292e-12  1.071376395e-11
288.2612261  -1.126428888e-12  1.068021464e-11
288.5220751  -1.121346141e-12  1.063202267e-11
288.834721  -1.115290321e-12  1.057460452e-11
289.165279  -1.108930184e-12  1.051430101e-11
289.4779249  -1.102954694e-12  1.045764451e-11
289.7387739  -1.097998731e-12  1.041065463e-11
289.9195339  -1.094580076e-12  1.037824072e-11
290  -1.093062357e-12  1.036385049e-11
290.0804661  -1.091547162e-12  1.03494842e-11
290.2612261  -1.08815259e-12  1.031729863e-11
290.5220751  -1.083276297e-12  1.027106415e-11
290.834721  -1.077466217e-12  1.021597598e-11
291.165279  -1.071363889e-12  1.015811687e-11
291.4779249  -1.065630353e-12  1.010375446e-11
291.7387739  -1.060874867e-12  1.005866541e-11
291.9195339  -1.057594401e-12  1.002756173e-11
292  -1.056138004e-12  1.001375292e-11
292.0804661  -1.054684013e-12  9.999966934e-12
292.2612261  -1.051426498e-12  9.969080868e-12
292.5220751  -1.046746941e-12  9.924711732e-12
292.834721  -1.041171045e-12  9.87184398e-12
293.165279  -1.035314415e-12  9.816314457e-12
293.4779249  -1.029811481e-12  9.764138482e-12
293.7387739  -1.025247076e-12  9.720861162e-12
293.9195339  -1.022098324e-12  9.691006336e-12
294  -1.020700378e-12  9.677751732e-12
294.0804661  -1.019304725e-12  9.664518878e-12
294.2612261  -1.016177855e-12  9.634871514e-12
294.5220751  -1.011685835e-12  9.592280514e-12
294.834721  -1.006333185e-12  9.541529462e-12
295.165279  -1.00071079e-12  9.488220828e-12
295.4779249  -9.954277084e-13  9.438129383e-12
295.7387739  -9.910454863e-13  9.396579426e-12
295.9195339  -9.880223215e-13  9.367915345e-12
296  -9.866801073e-13  9.355189166e-12
296.0804661  -9.853400806e-13  9.342483727e-12
296.2612261  -9.823377824e-13  9.314017493e-12
296.5220751  -9.780245907e-13  9.273122045e-12
296.834721  -9.728848277e-13  9.224389478e-12
297.165279  -9.674858102e-13  9.173198793e-12
297.4779249  -9.624124015e-13  9.125095362e-12
297.7387739  -9.582039349e-13  9.085192864e-12
297.9195339  -9.553005514e-13  9.057664487e-12
298  -9.540114943e-13  9.045442317e-12
298.0804661  -9.52724524e-13  9.033239931e-12
298.2612261  -9.498410464e-13  9.005900292e-12
298.5220751  -9.456984317e-13  8.966622167e-12
298.834721  -9.407617429e-13  8.919815043e-12
299.165279  -9.355758171e-13  8.870644785e-12
299.4779249  -9.307024373e-13  8.824437924e-12
299.7387739  -9.266597414e-13  8.786107178e-12
299.9195339  -9.238706388e-13  8.759662354e-12
300  -9.22632299e-13  8.747921057e-12
300.0804661  -9.213959504e-13  8.736198641e-12
300.2612261  -9.186258432e-13  8.70993392e-12
300.5220751  -9.146459868e-13  8.672198986e-12
300.834721  -9.099030728e-13  8.627229134e-12
301.165279  -9.04920491e-13  8.579986878e-12
301.4779249  -9.002379994e-13  8.53558992e-12
301.7387739  -8.963535061e-13  8.498759169e-12
301.9195339  -8.936734707e-13  8.473348463e-12
302  -8.924835352e-13  8.462066112e-12
302.0804661  -8.912955006e-13  8.450801783e-12
302.2612261  -8.886335973e-13  8.425562996e-12
302.5220751  -8.848090876e-13  8.389300979e-12
302.834721  -8.802511325e-13  8.346084812e-12
303.165279  -8.75462653e-13  8.300682933e-12
303.4779249  -8.709623832e-13  8.258013707e-12
303.7387739  -8.672289166e-13  8.222614913e-12
303.9195339  -8.646530049e-13  8.198191454e-12
304  -8.635092808e-13  8.187347255e-12
304.0804661  -8.623673717e-13  8.176520265e-12
304.2612261  -8.598087733e-13  8.152260961e-12
304.5220751  -8.561325819e-13  8.117405221e-12
304.834721  -8.517512251e-13  8.075863468e-12
305.165279  -8.471480834e-13  8.032218865e-12
305.4779249  -8.428218156e-13  7.991199437e-12
305.7387739  -8.392325695e-13  7.957168067e-12
305.9195339  -8.367560923e-13  7.933687394e-12
306  -8.356564993e-13  7.923261623e-12
306.0804661  -8.345586399e-13  7.912852289e-12
306.2612261  -8.320986992e-13  7.889528408e-12
306.5220751  -8.285641588e-13  7.856015728e-12
306.834721  -8.243514691e-13  7.816073188e-12
307.165279  -8.199253497e-13  7.774107019e-12
307.4779249  -8.157652853e-13  7.734663446e-12
307.7387739  -8.123138018e-13  7.701938269e-12
307.9195339  -8.099323098e-13  7.679358196e-12
308  -8.08874874e-13  7.669332139e-12
308.0804661  -8.078190945e-13  7.659321785e-12
308.2612261  -8.054534018e-13  7.636891513e-12
308.5220751  -8.020541852e-13  7.604661904e-12
308.834721  -7.980026357e-13  7.566247212e-12
309.165279  -7.937456471e-13  7.525884654e-12
309.4779249  -7.897443843e-13  7.487946755e-12
309.7387739  -7.864245339e-13  7.456469654e-12
309.9195339  -7.841338037e-13  7.434750138e-12
310  -7.831166515e-13  7.425106029e-12
310.0804661  -7.821010822e-13  7.415476927e-12
310.2612261  -7.798254515e-13  7.393900577e-12
310.5220751  -7.765555526e-13  7.362897092e-12
310.834721  -7.726579979e-13  7.325942498e-12
311.165279  -7.685626479e-13  7.287112514e-12
311.4779249  -7.647131595e-13  7.25061366e-12
311.7387739  -7.615191221e-13  7.220329454e-12
311.9195339  -7.593151438e-13  7.199432474e-12
312  -7.583364961e-13  7.190153445e-12
312.0804661  -7.573593617e-13  7.180888762e-12
312.2612261  -7.551698182e-13  7.160128646e-12
312.5220751  -7.520235337e-13  7.130297208e-12
312.834721  -7.482731881e-13  7.094738376e-12
313.165279  -7.443323616e-13  7.057373503e-12
313.4779249  -7.406279731e-13  7.022250412e-12
313.7387739  -7.375542213e-13  6.993106691e-12
313.9195339  -7.35433186e-13  6.972996134e-12
314  -7.34491353e-13  6.964066162e-12
314.0804661  -7.33550967e-13  6.95514991e-12
314.2612261  -7.314437351e-13  6.935170229e-12
314.5220751  -7.284156473e-13  6.906459471e-12
314.834721  -7.248060649e-13  6.872235282e-12
315.165279  -7.210130023e-13  6.836271429e-12
315.4779249  -7.174473729e-13  6.80246398e-12
315.7387739  -7.144886549e-13  6.77441095e-12
315.9195339  -7.124469436e-13  6.755052503e-12
316  -7.115403197e-13  6.746456365e-12
316.0804661  -7.106350799e-13  6.73787335e-12
316.2612261  -7.086065721e-13  6.718640091e-12
316.5220751  -7.056915329e-13  6.691001201e-12
316.834721  -7.022165881e-13  6.658053576e-12
317.165279  -6.985648658e-13  6.623429839e-12
317.4779249  -6.951319693e-13  6.590880894e-12
317.7387739  -6.922832936e-13  6.563871228e-12
317.9195339  -6.903174669e-13  6.545232279e-12
318  -6.89444526e-13  6.536955506e-12
318.0804661  -6.885729093e-13  6.528691289e-12
318.2612261  -6.866197156e-13  6.510172119e-12
318.5220751  -6.838128317e-13  6.483558701e-12
318.834721  -6.804667019e-13  6.451832433e-12
319.165279  -6.769502134e-13  6.418490912e-12
319.4779249  -6.736443208e-13  6.387146153e-12
319.7387739  -6.709009421e-13  6.361134858e-12
319.9195339  -6.690077298e-13  6.343184401e-12
320  -6.681670208e-13  6.335213235e-12
320.0804661  -6.673275794e-13  6.327254086e-12
320.2612261  -6.654464576e-13  6.309418265e-12
320.5220751  -6.627430761e-13  6.283786203e-12
320.834721  -6.595202247e-13  6.253228797e-12
321.165279  -6.56133163e-13  6.221114435e-12
321.4779249  -6.529488264e-13  6.190922206e-12
321.7387739  -6.503062316e-13  6.165866492e-12
321.9195339  -6.484825235e-13  6.148575038e-12
322  -6.476726667e-13  6.140896395e-12
322.0804661  -6.468640232e-13  6.133229257e-12
322.2612261  -6.450518897e-13  6.116047547e-12
322.5220751  -6.424475853e-13  6.091354883e-12
322.834721  -6.393427458e-13  6.061916404e-12
323.165279  -6.360795874e-13  6.030976829e-12
323.4779249  -6.33011624e-13  6.00188799e-12
323.7387739  -6.304655199e-13  5.977747152e-12
323.9195339  -6.287083574e-13  5.961086648e-12
324  -6.279280397e-13  5.95368808e-12
324.0804661  -6.27148884e-13  5.94630053e-12
324.2612261  -6.25402805e-13  5.929745115e-12
324.5220751  -6.228933671e-13  5.905951926e-12
324.834721  -6.199015287e-13  5.877584865e-12
325.165279  -6.167570178e-13  5.847770242e-12
325.4779249  -6.13800496e-13  5.819738036e-12
325.7387739  -6.113467971e-13  5.796473336e-12
325.9195339  -6.096533643e-13  5.780417084e-12
326  -6.089013365e-13  5.773286746e-12
326.0804661  -6.081504217e-13  5.766166961e-12
326.2612261  -6.064676052e-13  5.750211367e-12
326.5220751  -6.040490265e-13  5.727279659e-12
326.834721  -6.011654201e-13  5.699938798e-12
327.165279  -5.981345539e-13  5.671201697e-12
327.4779249  -5.952847795e-13  5.644181613e-12
327.7387739  -5.929195969e-13  5.621756178e-12
327.9195339  -5.912872135e-13  5.606278765e-12
328  -5.905622862e-13  5.59940538e-12
328.0804661  -5.898384252e-13  5.592542105e-12
328.2612261  -5.882162131e-13  5.577161132e-12
328.5220751  -5.858846788e-13  5.555054733e-12
328.834721  -5.831047638e-13  5.52869702e-12
329.165279  -5.801827796e-13  5.50099228e-12
329.4779249  -5.77435283e-13  5.474941942e-12
329.7387739  -5.751549135e-13  5.453320661e-12
329.9195339  -5.735810272e-13  5.438397888e-12
330  -5.728820678e-13  5.431770717e-12
330.0804661  -5.721841302e-13  5.425153235e-12
330.2612261  -5.706199915e-13  5.410322883e-12
330.5220751  -5.683718686e-13  5.389007347e-12
330.834721  -5.65691321e-13  5.363591784e-12
331.165279  -5.628736824e-13  5.336876396e-12
331.4779249  -5.602242065e-13  5.31175544e-12
331.7387739  -5.580251232e-13  5.290904871e-12
331.9195339  -5.565073029e-13  5.276513686e-12
332  -5.558332326e-13  5.270122502e-12
332.0804661  -5.551601418e-13  5.263740604e-12
332.2612261  -5.536516654e-13  5.249438013e-12
332.5220751  -5.514834931e-13  5.228880527e-12
332.834721  -5.488981936e-13  5.204368058e-12
333.165279  -5.461805792e-13  5.178601047e-12
333.4779249  -5.436250685e-13  5.15437102e-12
333.7387739  -5.415039108e-13  5.134259302e-12
333.9195339  -5.400398402e-13  5.120377744e-12
334  -5.393896311e-13  5.114212799e-12
334.0804661  -5.387403613e-13  5.108056759e-12
334.2612261  -5.372852499e-13  5.094260147e-12
334.5220751  -5.351937306e-13  5.074429446e-12
334.834721  -5.32699754e-13  5.050782853e-12
335.165279  -5.300780456e-13  5.025925173e-12
335.4779249  -5.27612635e-13  5.002549428e-12
335.7387739  -5.255662003e-13  4.983146195e-12
335.9195339  -5.241536718e-13  4.969753333e-12
336  -5.235263444e-13  4.96380534e-12
336.0804661  -5.228999178e-13  4.957865887e-12
336.2612261  -5.214959818e-13  4.944554494e-12
336.5220751  -5.194779724e-13  4.925420776e-12
336.834721  -5.170715773e-13  4.902604585e-12
337.165279  -5.145418493e-13  4.878619016e-12
337.4779249  -5.121628544e-13  4.856062619e-12
337.7387739  -5.101880897e-13  4.837338924e-12
337.9195339  -5.088249987e-13  4.824414803e-12
338  -5.08219619e-13  4.818674906e-12
338.0804661  -5.076151034e-13  4.812943202e-12
338.2612261  -5.062602553e-13  4.800097236e-12
338.5220751  -5.043127593e-13  4.781632088e-12
338.834721  -5.019903783e-13  4.759612476e-12
339.165279  -4.995488879e-13  4.736463529e-12
339.4779249  -4.972527953e-13  4.71469317e-12
339.7387739  -4.953467893e-13  4.69662141e-12
339.9195339  -4.94031129e-13  4.684147001e-12
340  -4.934468063e-13  4.678606756e-12
340.0804661  -4.928633128e-13  4.673074373e-12
340.2612261  -4.915555618e-13  4.660674956e-12
340.5220751  -4.896757212e-13  4.642851283e-12
340.834721  -4.874339522e-13  4.621595992e-12
341.165279  -4.850771294e-13  4.59924982e-12
341.4779249  -4.828605883e-13  4.578233727e-12
341.7387739  -4.810205641e-13  4.560787571e-12
341.9195339  -4.7975042e-13  4.548744723e-12
342  -4.791863048e-13  4.543396075e-12
342.0804661  -4.786229854e-13  4.538054973e-12
342.2612261  -4.773604326e-13  4.526084102e-12
342.5220751  -4.755455212e-13  4.508876053e-12
342.834721  -4.733811186e-13  4.488354309e-12
343.165279  -4.711055576e-13  4.46677862e-12
343.4779249  -4.68965371e-13  4.44648648e-12
343.7387739  -4.671886789e-13  4.429640808e-12
343.9195339  -4.659622246e-13  4.418012203e-12
344  -4.654175062e-13  4.412847466e-12
344.0804661  -4.648735518e-13  4.407689973e-12
344.2612261  -4.636543851e-13  4.396130466e-12
344.5220751  -4.619018016e-13  4.379513378e-12
344.834721  -4.598116681e-13  4.359695816e-12
345.165279  -4.576141188e-13  4.338859793e-12
345.4779249  -4.555472356e-13  4.319262678e-12
345.7387739  -4.538313472e-13  4.302993514e-12
345.9195339  -4.526468393e-13  4.291762624e-12
346  -4.521207441e-13  4.286774463e-12
346.0804661  -4.515953825e-13  4.281793257e-12
346.2612261  -4.504178725e-13  4.270628717e-12
346.5220751  -4.487251338e-13  4.254579047e-12
346.834721  -4.467063132e-13  4.235437636e-12
347.165279  -4.445836733e-13  4.215311865e-12
347.4779249  -4.42587181e-13  4.19638216e-12
347.7387739  -4.409296822e-13  4.180666617e-12
347.9195339  -4.397854566e-13  4.169817662e-12
348  -4.39277246e-13  4.164999073e-12
348.0804661  -4.3876974e-13  4.160187164e-12
348.2612261  -4.376322354e-13  4.149401936e-12
348.5220751  -4.359969711e-13  4.133897207e-12
348.834721  -4.340466408e-13  4.115405187e-12
349.165279  -4.31995948e-13  4.095961581e-12
349.4779249  -4.300670656e-13  4.077672918e-12
349.7387739  -4.284656516e-13  4.062489141e-12
349.9195339  -4.27360119e-13  4.052007054e-12
350  -4.268690877e-13  4.04735135e-12
350.0804661  -4.263787333e-13  4.042702064e-12
350.2612261  -4.252796575e-13  4.032281197e-12
350.5220751  -4.236996036e-13  4.017299945e-12
350.834721  -4.218150681e-13  3.999431757e-12
351.165279  -4.198334933e-13  3.980643492e-12
351.4779249  -4.179695647e-13  3.962970688e-12
351.7387739  -4.164220339e-13  3.948297803e-12
351.9195339  -4.153536763e-13  3.93816819e-12
352  -4.148791506e-13  3.933668984e-12
352.0804661  -4.144052753e-13  3.929175944e-12
352.2612261  -4.133431221e-13  3.919105158e-12
352.5220751  -4.118161162e-13  3.904626879e-12
352.834721  -4.099948004e-13  3.887358108e-12
353.165279  -4.08079641e-13  3.869199559e-12
353.4779249  -4.062781287e-13  3.852118553e-12
353.7387739  -4.047823776e-13  3.837936617e-12
353.9195339  -4.037497449e-13  3.828145729e-12
354  -4.032910811e-13  3.823796917e-12
354.0804661  -4.028330424e-13  3.819454031e-12
354.2612261  -4.018063728e-13  3.809719682e-12
354.5220751  -4.003303485e-13  3.795724786e-12
354.834721  -3.985697921e-13  3.779032102e-12
355.165279  -3.967184655e-13  3.761478784e-12
355.4779249  -3.949769445e-13  3.744966585e-12
355.7387739  -3.935309632e-13  3.73125654e-12
355.9195339  -3.925326693e-13  3.721791235e-12
356  -3.920892523e-13  3.717586984e-12
356.0804661  -3.916464361e-13  3.713388432e-12
356.2612261  -3.906538748e-13  3.70397748e-12
356.5220751  -3.892268575e-13  3.690447241e-12
356.834721  -3.875247086e-13  3.674308348e-12
357.165279  -3.857347465e-13  3.657336855e-12
357.4779249  -3.84050899e-13  3.641371487e-12
357.7387739  -3.82652766e-13  3.628115115e-12
357.9195339  -3.816874862e-13  3.618962832e-12
358  -3.812587279e-13  3.614897568e-12
358.0804661  -3.808305474e-13  3.610837782e-12
358.2612261  -3.798707796e-13  3.601737762e-12
358.5220751  -3.784908813e-13  3.588654282e-12
358.834721  -3.768448919e-13  3.573047864e-12
359.165279  -3.751139342e-13  3.556635821e-12
359.4779249  -3.734855443e-13  3.541196272e-12
359.7387739  -3.721334226e-13  3.528376155e-12
359.9195339  -3.711998901e-13  3.519524884e-12
360  -3.707852282e-13  3.515593275e-12
360.0804661  -3.70371122e-13  3.511666935e-12
360.2612261  -3.694428907e-13  3.502865927e-12
360.5220751  -3.681083063e-13  3.49021209e-12
360.834721  -3.665163264e-13  3.475117762e-12
361.165279  -3.648421165e-13  3.459243771e-12
361.4779249  -3.632670648e-13  3.444309948e-12
361.7387739  -3.619591976e-13  3.431909429e-12
361.9195339  -3.610562008e-13  3.423347681e-12
362  -3.606550976e-13  3.419544629e-12
362.0804661  -3.60254529e-13  3.415746646e-12
362.2612261  -3.593566318e-13  3.40723325e-12
362.5220751  -3.580656347e-13  3.394992685e-12
362.834721  -3.565256081e-13  3.380390951e-12
363.165279  -3.549059872e-13  3.365034545e-12
363.4779249  -3.533822466e-13  3.350587227e-12
363.7387739  -3.521169531e-13  3.33859037e-12
363.9195339  -3.512433331e-13  3.330307158e-12
364  -3.508552742e-13  3.326627785e-12
364.0804661  -3.504677297e-13  3.322953289e-12
364.2612261  -3.495990164e-13  3.3147166e-12
364.5220751  -3.483499548e-13  3.302873645e-12
364.834721  -3.468599141e-13  3.288745852e-12
365.165279  -3.452928169e-13  3.273887449e-12
365.4779249  -3.438184478e-13  3.259908245e-12
365.7387739  -3.425941199e-13  3.248299804e-12
365.9195339  -3.417487677e-13  3.240284613e-12
366  -3.413732609e-13  3.236724252e-12
366.0804661  -3.409982491e-13  3.233168584e-12
366.2612261  -3.40157619e-13  3.225198165e-12
366.5220751  -3.389489122e-13  3.213737834e-12
366.834721  -3.375069748e-13  3.200066132e-12
367.165279  -3.359904249e-13  3.185686991e-12
367.4779249  -3.345635709e-13  3.172158302e-12
367.7387739  -3.333786697e-13  3.160923683e-12
367.9195339  -3.32560524e-13  3.153166449e-12
368  -3.321970981e-13  3.149720633e-12
368.0804661  -3.318341486e-13  3.146279335e-12
368.2612261  -3.310205482e-13  3.138565198e-12
368.5220751  -3.298506834e-13  3.127473146e-12
368.834721  -3.284550473e-13  3.114240448e-12
369.165279  -3.269871526e-13  3.100322632e-12
369.4779249  -3.256060368e-13  3.087227608e-12
369.7387739  -3.244590889e-13  3.076352843e-12
369.9195339  -3.236671336e-13  3.068843933e-12
370  -3.233153376e-13  3.065508386e-12
370.0804661  -3.229640003e-13  3.062177188e-12
370.2612261  -3.22176421e-13  3.05470977e-12
370.5220751  -3.210439497e-13  3.043972264e-12
370.834721  -3.196928896e-13  3.031162212e-12
371.165279  -3.182718387e-13  3.017688545e-12
371.4779249  -3.169347598e-13  3.005011055e-12
371.7387739  -3.158243544e-13  2.994482767e-12
371.9195339  -3.150576165e-13  2.987212956e-12
372  -3.147170185e-13  2.983983583e-12
372.0804661  -3.143768623e-13  2.980758398e-12
372.2612261  -3.136143384e-13  2.973528542e-12
372.5220751  -3.125178735e-13  2.96313243e-12
372.834721  -3.112097372e-13  2.95072936e-12
373.165279  -3.098337952e-13  2.937683392e-12
373.4779249  -3.085391237e-13  2.925407988e-12
373.7387739  -3.074639097e-13  2.915213366e-12
373.9195339  -3.067214575e-13  2.908173819e-12
374  -3.063916438e-13  2.905046697e-12
374.0804661  -3.060622557e-13  2.901923609e-12
374.2612261  -3.053238622e-13  2.894922545e-12
374.5220751  -3.042620752e-13  2.884855231e-12
374.834721  -3.0299528e-13  2.872844136e-12
375.165279  -3.016627853e-13  2.860210113e-12
375.4779249  -3.004089602e-13  2.848321993e-12
375.7387739  -2.993676434e-13  2.838448767e-12
375.9195339  -2.98648584e-13  2.831631019e-12
376  -2.983291585e-13  2.828602391e-12
376.0804661  -2.980101428e-13  2.82557765e-12
376.2612261  -2.972949935e-13  2.818796975e-12
376.5220751  -2.962666115e-13  2.809046391e-12
376.834721  -2.950396413e-13  2.797412895e-12
377.165279  -2.937490017e-13  2.78517572e-12
377.4779249  -2.925345275e-13  2.773660705e-12
377.7387739  -2.915258675e-13  2.764097114e-12
377.9195339  -2.908293456e-13  2.757493055e-12
378  -2.905199284e-13  2.754559321e-12
378.0804661  -2.902109062e-13  2.751629333e-12
378.2612261  -2.895181518e-13  2.745060995e-12
378.5220751  -2.885219552e-13  2.735615575e-12
378.834721  -2.873333568e-13  2.724345902e-12
379.165279  -2.860830465e-13  2.712491108e-12
379.4779249  -2.849064898e-13  2.701335607e-12
379.7387739  -2.839292981e-13  2.692070382e-12
379.9195339  -2.832544939e-13  2.685672239e-12
380  -2.829547211e-13  2.682829949e-12
380.0804661  -2.82655329e-13  2.679991267e-12
380.2612261  -2.819841557e-13  2.67362755e-12
380.5220751  -2.810189753e-13  2.66447621e-12
380.834721  -2.798673561e-13  2.653557154e-12
381.165279  -2.786559124e-13  2.642070874e-12
381.4779249  -2.775158993e-13  2.63126186e-12
381.7387739  -2.765690364e-13  2.622284197e-12
381.9195339  -2.759151639e-13  2.616084517e-12
382  -2.756246867e-13  2.613330363e-12
382.0804661  -2.753345763e-13  2.610579686e-12
382.2612261  -2.746842037e-13  2.604413191e-12
382.5220751  -2.737489188e-13  2.595545305e-12
382.834721  -2.726329434e-13  2.584964205e-12
383.165279  -2.714589642e-13  2.573833142e-12
383.4779249  -2.703541773e-13  2.563358125e-12
383.7387739  -2.694365506e-13  2.554657665e-12
383.9195339  -2.688028563e-13  2.548649305e-12
384  -2.6852134e-13  2.545980113e-12
384.0804661  -2.682401775e-13  2.543314275e-12
384.2612261  -2.676098574e-13  2.537337907e-12
384.5220751  -2.667033932e-13  2.528743284e-12
384.834721  -2.656217812e-13  2.518488e-12
385.165279  -2.644839216e-13  2.507699405e-12
385.4779249  -2.634130975e-13  2.497546406e-12
385.7387739  -2.625236594e-13  2.489113215e-12
385.9195339  -2.619094205e-13  2.48328932e-12
386  -2.616365443e-13  2.48070205e-12
386.0804661  -2.613640092e-13  2.478118013e-12
386.2612261  -2.607530241e-13  2.472324969e-12
386.5220751  -2.598743498e-13  2.463993835e-12
386.834721  -2.58825873e-13  2.454052722e-12
387.165279  -2.577228431e-13  2.443594365e-12
387.4779249  -2.566847699e-13  2.433751893e-12
387.7387739  -2.558225152e-13  2.425576441e-12
387.9195339  -2.552270385e-13  2.419930439e-12
388  -2.549624946e-13  2.417422171e-12
388.0804661  -2.546982797e-13  2.414917022e-12
388.2612261  -2.541059411e-13  2.409300775e-12
388.5220751  -2.532540678e-13  2.401223754e-12
388.834721  -2.522375479e-13  2.39158564e-12
389.165279  -2.511681104e-13  2.381445787e-12
389.4779249  -2.501616254e-13  2.371902819e-12
389.7387739  -2.493255898e-13  2.363975963e-12
389.9195339  -2.4874821e-13  2.358501546e-12
390  -2.48491703e-13  2.356069481e-12
390.0804661  -2.482355135e-13  2.353640424e-12
390.2612261  -2.476611608e-13  2.34819471e-12
390.5220751  -2.468351396e-13  2.340362806e-12
390.834721  -2.458494461e-13  2.331016971e-12
391.165279  -2.448124133e-13  2.321184364e-12
391.4779249  -2.438364009e-13  2.31193032e-12
391.7387739  -2.43025659e-13  2.304243285e-12
391.9195339  -2.424657376e-13  2.298934401e-12
392  -2.422169842e-13  2.296575851e-12
392.0804661  -2.419685371e-13  2.294220203e-12
392.2612261  -2.414115364e-13  2.288939012e-12
392.5220751  -2.406104567e-13  2.281343589e-12
392.834721  -2.396545044e-13  2.272279745e-12
393.165279  -2.386487366e-13  2.262743577e-12
393.4779249  -2.377021257e-13  2.253768303e-12
393.7387739  -2.369157891e-13  2.246312667e-12
393.9195339  -2.363727135e-13  2.241163505e-12
394  -2.361314416e-13  2.238875891e-12
394.0804661  -2.358904652e-13  2.236591078e-12
394.2612261  -2.353502081e-13  2.23146864e-12
394.5220751  -2.345731955e-13  2.22410141e-12
394.834721  -2.336459428e-13  2.21530968e-12
395.165279  -2.326703458e-13  2.206059575e-12
395.4779249  -2.317521084e-13  2.197353324e-12
395.7387739  -2.309893243e-13  2.190121001e-12
395.9195339  -2.30462506e-13  2.185125983e-12
396  -2.302284545e-13  2.182906827e-12
396.0804661  -2.299946881e-13  2.180690376e-12
396.2612261  -2.294705902e-13  2.175721151e-12
396.5220751  -2.287168055e-13  2.168574156e-12
396.834721  -2.27817252e-13  2.160045056e-12
397.165279  -2.268707752e-13  2.151071054e-12
397.4779249  -2.25979924e-13  2.142624464e-12
397.7387739  -2.252398735e-13  2.13560769e-12
397.9195339  -2.247287476e-13  2.130761459e-12
398  -2.245016655e-13  2.128608384e-12
398.0804661  -2.242748588e-13  2.12645792e-12
398.2612261  -2.23766359e-13  2.121636589e-12
398.5220751  -2.230349961e-13  2.114702185e-12
398.834721  -2.221621814e-13  2.106426609e-12
399.165279  -2.212438157e-13  2.097719142e-12
399.4779249  -2.203794024e-13  2.089523223e-12
399.7387739  -2.196612991e-13  2.082714539e-12
399.9195339  -2.191653229e-13  2.078011951e-12
