#L=8 M=-4
#R     Re(V)   Im(V)

0.08046609183  -2.138427732e-12  1.307937718e-15
0.2612261349  -2.636382013e-08  4.782883952e-16
0.5220750502  -6.712191495e-06  1.940795722e-16
0.8347210423  -0.0002867996403  8.550255117e-17
1.165278958  -0.004140323982  5.011716157e-17
1.47792495  -0.02774486239  3.811642835e-17
1.738773865  -0.10190727  -7.660677287e-17
1.919533908  -0.2249074584  -2.792952689e-11
2  -0.3121807065  4.381542187e-07
2.080466092  -0.2190153855  -1.495030807e-11
2.261226135  -0.1034063585  -1.591206144e-16
2.52207505  -0.03869324263  1.480397501e-17
2.834721042  -0.01362227076  1.029118347e-17
3.165278958  -0.005395554207  3.06342845e-18
3.47792495  -0.003063832642  1.514350701e-18
3.738773865  -0.002822858368  5.571743496e-18
3.919533908  -0.003258900514  2.885198058e-18
4  -0.003599722423  3.623029078e-18
4.080466092  -0.002993664402  6.338192989e-19
4.261226135  -0.001998930845  3.602850313e-18
4.52207505  -0.001141385506  1.937595616e-18
4.834721042  -0.000600746766  -2.371145518e-19
5.165278958  -0.0003137715261  4.928023376e-19
5.47792495  -0.0001735475341  1.138854039e-18
5.738773865  -0.0001072749091  1.13498846e-19
5.919533908  -7.729133437e-05  -5.870107505e-19
6  -6.687749125e-05  -9.734695832e-20
6.080466092  -5.790394679e-05  -5.276890378e-19
6.261226135  -4.197589956e-05  -1.89897517e-19
6.52207505  -2.647542231e-05  -1.827722956e-19
6.834721042  -1.526344705e-05  -1.904012899e-19
7.165278958  -8.491741428e-06  1.345408664e-19
7.47792495  -4.819795619e-06  2.418517628e-19
7.738773865  -2.954455614e-06  -2.123756557e-19
7.919533908  -2.07431484e-06  -3.406268893e-21
8  -1.762760726e-06  -1.314772171e-19
8.080466092  -1.49188342e-06  1.07380071e-19
8.261226135  -1.006153498e-06  2.421127631e-19
8.52207505  -5.304238168e-07  -1.862393973e-19
8.834721042  -1.91771477e-07  -1.859465212e-20
9.165278958  3.874286515e-10  -6.277595408e-20
9.47792495  9.117970491e-08  2.094203577e-19
9.738773865  1.272792998e-07  8.633275242e-20
9.919533908  1.390335573e-07  9.314124132e-20
10  1.417802677e-07  -6.353882788e-21
10.08046609  1.433087472e-07  -1.135262427e-19
10.26122613  1.432157208e-07  4.926381092e-20
10.52207505  1.371331375e-07  1.842732236e-19
10.83472104  1.247828572e-07  4.189928095e-20
11.16527896  1.094249349e-07  2.863402565e-19
11.47792495  9.480288819e-08  8.068019079e-20
11.73877387  8.329817358e-08  1.335363613e-19
11.91953391  7.586814564e-08  -6.693480927e-20
12  7.271924862e-08  4.70706121e-21
12.08046609  6.967126561e-08  -3.673170222e-19
12.26122613  6.3196528e-08  2.014623903e-19
12.52207505  5.475435722e-08  -5.585194245e-20
12.83472104  4.597469536e-08  -9.000523223e-20
13.16527896  3.813763052e-08  3.579092869e-19
13.47792495  3.192703745e-08  -1.780141001e-19
13.73877387  2.752154052e-08  5.58569459e-20
13.91953391  2.483295178e-08  -4.554262964e-20
14  2.372350934e-08  -1.115066835e-19
14.08046609  2.266465624e-08  2.840028722e-19
14.26122613  2.045927408e-08  -4.519276074e-20
14.52207505  1.766024288e-08  -2.68556605e-20
14.83472104  1.482262138e-08  1.243184465e-20
15.16527896  1.233711267e-08  7.349163317e-20
15.47792495  1.03894207e-08  2.495663725e-20
15.73877387  9.014770222e-09  1.482714281e-19
15.91953391  8.176967432e-09  -1.310488211e-19
16  7.831217076e-09  7.761464484e-20
16.08046609  7.501110889e-09  9.252257913e-20
16.26122613  6.812848475e-09  2.040343588e-19
16.52207505  5.936870898e-09  -4.308005573e-20
16.83472104  5.044082288e-09  2.360088772e-19
17.16527896  4.255923305e-09  4.959330557e-20
17.47792495  3.632445193e-09  -1.121869388e-19
17.73877387  3.188196062e-09  -1.993034215e-19
17.91953391  2.915291839e-09  -1.348773111e-20
18  2.80211678e-09  2.395174802e-19
18.08046609  2.693732762e-09  3.403881754e-20
18.26122613  2.466622596e-09  4.031259793e-20
18.52207505  2.175048276e-09  9.402328992e-20
18.83472104  1.874392151e-09  4.952962065e-20
19.16527896  1.605368451e-09  9.315505675e-20
19.47792495  1.389599048e-09  1.471848429e-19
19.73877387  1.233924298e-09  4.770963304e-20
19.91953391  1.137361022e-09  6.177939765e-20
20  1.097084477e-09  -9.854942115e-20
20.08046609  1.058377045e-09  -9.907295109e-20
20.26122613  9.768082817e-10  -4.454105617e-20
20.52207505  8.710790306e-10  -1.996552077e-19
20.83472104  7.606937484e-10  1.120751887e-19
21.16527896  6.605417983e-10  -6.497530351e-20
21.47792495  5.791003883e-10  1.243817322e-19
21.73877387  5.196212455e-10  1.285445213e-19
21.91953391  4.823823288e-10  8.97571034e-21
22  4.667648813e-10  -9.946547694e-20
22.08046609  4.517059475e-10  6.917033844e-20
22.26122613  4.198028706e-10  -8.930427665e-20
22.52207505  3.780796733e-10  5.127530389e-20
22.83472104  3.340175396e-10  -1.663275085e-19
23.16527896  2.935314003e-10  -3.947077088e-20
23.47792495  2.601970645e-10  -2.091171186e-19
23.73877387  2.355852203e-10  4.443229863e-20
23.91953391  2.200482121e-10  -1.25287459e-20
24  2.135006086e-10  -1.339821907e-19
24.08046609  2.071685914e-10  -5.312716019e-21
24.26122613  1.936907634e-10  -6.900419689e-20
24.52207505  1.759252902e-10  -1.698569066e-20
24.83472104  1.56974494e-10  -1.378981513e-19
25.16527896  1.393681416e-10  5.327908408e-20
25.47792495  1.247140544e-10  -5.902155213e-20
25.73877387  1.137915138e-10  -7.377183249e-21
25.91953391  1.068466844e-10  -3.495954812e-20
26  1.039076959e-10  6.660494889e-20
26.08046609  1.010582337e-10  1.777585724e-19
26.26122613  9.496836171e-11  -2.299805508e-20
26.52207505  8.68863462e-11  -5.998942044e-20
26.83472104  7.818983169e-11  -1.460206262e-19
27.16527896  7.003268343e-11  -4.464996267e-20
27.47792495  6.317948816e-11  4.186882664e-20
27.73877387  5.802943634e-11  1.171214694e-19
27.91953391  5.473454567e-11  6.325886414e-20
28  5.333511529e-11  -2.069390918e-20
28.08046609  5.197532468e-11  -3.330807929e-20
28.26122613  4.905892644e-11  -1.268521107e-19
28.52207505  4.516564808e-11  8.16258624e-20
28.83472104  4.094470607e-11  7.300767588e-20
29.16527896  3.695263199e-11  4.789754992e-20
29.47792495  3.357137985e-11  1.076151408e-19
29.73877387  3.101232882e-11  2.115325478e-19
29.91953391  2.936627116e-11  3.24823839e-20
30  2.866494103e-11  -9.86810669e-20
30.08046609  2.79821716e-11  -1.231489486e-19
30.26122613  2.651331457e-11  -6.114739833e-20
30.52207505  2.454237061e-11  2.492672127e-20
30.83472104  2.23914951e-11  5.849210921e-20
31.16527896  2.0342503e-11  -1.699510776e-19
31.47792495  1.859468723e-11  3.283777784e-20
31.73877387  1.726364738e-11  6.575758477e-20
31.91953391  1.640344501e-11  -2.665571743e-20
32  1.603593039e-11  -2.785848502e-20
32.08046609  1.567754197e-11  -8.881735614e-21
32.26122613  1.490445935e-11  -7.489586553e-20
32.52207505  1.386244677e-11  -6.899780867e-20
32.83472104  1.271874364e-11  -1.279029228e-20
33.16527896  1.162228051e-11  5.69172384e-21
33.47792495  1.068113745e-11  9.108662246e-22
33.73877387  9.960488901e-12  2.687297999e-20
33.91953391  9.492824481e-12  4.568416625e-20
34  9.292532407e-12  -4.511249046e-20
34.08046609  9.096924961e-12  6.934900646e-20
34.26122613  8.673976525e-12  -1.138154951e-20
34.52207505  8.101628739e-12  5.641897854e-21
34.83472104  7.470219371e-12  -5.837766124e-20
35.16527896  6.861479969e-12  3.901828146e-20
35.47792495  6.336077975e-12  -2.411342541e-20
35.73877387  5.93181478e-12  2.36393105e-20
35.91953391  5.668500535e-12  -3.162916416e-20
36  5.555484193e-12  -1.4383438e-20
36.08046609  5.444966017e-12  -1.167361722e-20
36.26122613  5.205495264e-12  6.380587714e-20
36.52207505  4.88028784e-12  6.801654438e-21
36.83472104  4.519890959e-12  -4.54470964e-20
37.16527896  4.170689502e-12  1.274541679e-19
37.47792495  3.86780553e-12  -1.31063862e-20
37.73877387  3.633744192e-12  8.073806374e-21
37.91953391  3.480787579e-12  2.76328324e-20
38  3.415010599e-12  2.957357451e-20
38.08046609  3.350612033e-12  2.281271758e-22
38.26122613  3.21080915e-12  -1.517939383e-21
38.52207505  3.020350793e-12  -6.692529081e-21
38.83472104  2.808424371e-12  9.710968994e-22
39.16527896  2.60215658e-12  3.399385766e-21
39.47792495  2.422454288e-12  7.772490469e-22
39.73877387  2.28304398e-12  -1.532753903e-21
39.91953391  2.19167062e-12  3.240365948e-21
40  2.152308513e-12  9.987405498e-22
40.08046609  2.113730314e-12  -1.438200896e-27
40.26122613  2.029838439e-12  -1.381120119e-27
40.52207505  1.915223033e-12  -1.303134778e-27
40.83472104  1.787220376e-12  -1.216040632e-27
41.16527896  1.662129587e-12  -1.130927747e-27
41.47792495  1.552713225e-12  -1.056479882e-27
41.73877387  1.467530929e-12  -9.985210902e-28
41.91953391  1.411550559e-12  -9.604315488e-28
42  1.387397257e-12  -9.439974275e-28
42.08046609  1.363702296e-12  -9.278751651e-28
42.26122613  1.312095985e-12  -8.927617724e-28
42.52207505  1.241407595e-12  -8.446647638e-28
42.83472104  1.162200235e-12  -7.907713713e-28
43.16527896  1.084509793e-12  -7.379101043e-28
43.47792495  1.016307588e-12  -6.915047179e-28
43.73877387  9.630415103e-13  -6.552620048e-28
43.91953391  9.279507822e-13  -6.313859615e-28
44  9.12788914e-13  -6.210696915e-28
44.08046609  8.97901803e-13  -6.109403689e-28
44.26122613  8.654330552e-13  -5.888483442e-28
44.52207505  8.208539052e-13  -5.585162943e-28
44.83472104  7.707511787e-13  -5.244259538e-28
45.16527896  7.214432472e-13  -4.908763989e-28
45.47792495  6.78014028e-13  -4.613267721e-28
45.73877387  6.439969075e-13  -4.381812209e-28
45.91953391  6.215373103e-13  -4.228995112e-28
46  6.118204091e-13  -4.162880453e-28
46.08046609  6.022720045e-13  -4.09791226e-28
46.26122613  5.814202998e-13  -3.956035407e-28
46.52207505  5.52729631e-13  -3.760821546e-28
46.83472104  5.203948677e-13  -3.540812942e-28
47.16527896  4.884754915e-13  -3.323630669e-28
47.47792495  4.602765813e-13  -3.131762777e-28
47.73877387  4.381301121e-13  -2.981076231e-28
47.91953391  4.234783169e-13  -2.881384114e-28
48  4.17131809e-13  -2.83820191e-28
48.08046609  4.108908059e-13  -2.795737571e-28
48.26122613  3.972457704e-13  -2.702895536e-28
48.52207505  3.784340087e-13  -2.574898637e-28
48.83472104  3.571791044e-13  -2.430278379e-28
49.16527896  3.361382049e-13  -2.287114228e-28
49.47792495  3.174981124e-13  -2.160285382e-28
49.73877387  3.028229387e-13  -2.060434195e-28
49.91953391  2.930959042e-13  -1.994250588e-28
50  2.888779584e-13  -1.96555131e-28
50.08046609  2.847273499e-13  -1.9373102e-28
50.26122613  2.75642851e-13  -1.875498462e-28
50.52207505  2.630957474e-13  -1.790126854e-28
50.83472104  2.488859857e-13  -1.693442372e-28
51.16527896  2.347828276e-13  -1.59748323e-28
51.47792495  2.222568494e-13  -1.512255362e-28
51.73877387  2.123729766e-13  -1.445004612e-28
51.91953391  2.058104298e-13  -1.400352461e-28
52  2.029618218e-13  -1.380970278e-28
52.08046609  2.001569547e-13  -1.361885713e-28
52.26122613  1.940117764e-13  -1.320073374e-28
52.52207505  1.85510101e-13  -1.262227219e-28
52.83472104  1.758610558e-13  -1.196574258e-28
53.16527896  1.662614534e-13  -1.131257709e-28
53.47792495  1.577151881e-13  -1.073108161e-28
53.73877387  1.509574904e-13  -1.027128185e-28
53.91953391  1.46463457e-13  -9.965503814e-29
54  1.445109003e-13  -9.832650126e-29
54.08046609  1.425872234e-13  -9.701761435e-29
54.26122613  1.383687495e-13  -9.414732723e-29
54.52207505  1.325235493e-13  -9.017020108e-29
54.83472104  1.258762218e-13  -8.564730036e-29
55.16527896  1.192482673e-13  -8.113758117e-29
55.47792495  1.133346132e-13  -7.711387834e-29
55.73877387  1.086495037e-13  -7.392608819e-29
55.91953391  1.05529179e-13  -7.180299149e-29
56  1.041722878e-13  -7.087975069e-29
56.08046609  1.028347544e-13  -6.996968107e-29
56.26122613  9.989913096e-14  -6.797225679e-29
56.52207505  9.582560476e-14  -6.520059335e-29
56.83472104  9.118446424e-14  -6.204272008e-29
57.16527896  8.654729547e-14  -5.888754923e-29
57.47792495  8.24014239e-14  -5.606666135e-29
57.73877387  7.911091947e-14  -5.382777288e-29
57.91953391  7.691639484e-14  -5.233459882e-29
58  7.596132003e-14  -5.168475743e-29
58.08046609  7.501940394e-14  -5.104386935e-29
58.26122613  7.295043104e-14  -4.963612179e-29
58.52207505  7.007562735e-14  -4.76800798e-29
58.83472104  6.679456986e-14  -4.544761912e-29
59.16527896  6.351001227e-14  -4.321277694e-29
59.47792495  6.056785147e-14  -4.121090457e-29
59.73877387  5.822878186e-14  -3.961938082e-29
59.91953391  5.666678934e-14  -3.855658722e-29
60  5.598648367e-14  -3.80937012e-29
60.08046609  5.531524071e-14  -3.763698152e-29
60.26122613  5.383971708e-14  -3.663302212e-29
60.52207505  5.178692895e-14  -3.523628683e-29
60.83472104  4.944026123e-14  -3.363959325e-29
61.16527896  4.708686736e-14  -3.203832315e-29
61.47792495  4.49750486e-14  -3.060142288e-29
61.73877387  4.329347477e-14  -2.945726511e-29
61.91953391  4.216919766e-14  -2.869229696e-29
62  4.167918707e-14  -2.83588894e-29
62.08046609  4.119549496e-14  -2.802978099e-29
62.26122613  4.013150277e-14  -2.730583125e-29
62.52207505  3.864951019e-14  -2.629747032e-29
62.83472104  3.695278907e-14  -2.514300619e-29
63.16527896  3.524834082e-14  -2.398328444e-29
63.47792495  3.371630326e-14  -2.294087247e-29
63.73877387  3.249459305e-14  -2.210960998e-29
63.91953391  3.167685449e-14  -2.15532134e-29
64  3.132021101e-14  -2.131055e-29
64.08046609  3.096802349e-14  -2.107091848e-29
64.26122613  3.019279892e-14  -2.054344879e-29
64.52207505  2.911183032e-14  -1.980794815e-29
64.83472104  2.787248086e-14  -1.896468376e-29
65.16527896  2.662552113e-14  -1.811624127e-29
65.47792495  2.550294152e-14  -1.735242812e-29
65.73877387  2.460651161e-14  -1.674248925e-29
65.91953391  2.400586135e-14  -1.633380147e-29
66  2.374373439e-14  -1.615544795e-29
66.08046609  2.348478383e-14  -1.597925569e-29
66.26122613  2.291443919e-14  -1.559118813e-29
66.52207505  2.211833107e-14  -1.504950908e-29
66.83472104  2.120436092e-14  -1.442763567e-29
67.16527896  2.028341328e-14  -1.380101471e-29
67.47792495  1.945310698e-14  -1.323606692e-29
67.73877387  1.878920756e-14  -1.278434386e-29
67.91953391  1.834392106e-14  -1.248136696e-29
68  1.814948185e-14  -1.23490688e-29
68.08046609  1.795732993e-14  -1.221832692e-29
68.26122613  1.753386589e-14  -1.193019822e-29
68.52207505  1.694220332e-14  -1.152762575e-29
68.83472104  1.626209278e-14  -1.106487249e-29
69.16527896  1.557583182e-14  -1.059793444e-29
69.47792495  1.495625608e-14  -1.017636959e-29
69.73877387  1.44602459e-14  -9.838879862e-30
69.91953391  1.412725304e-14  -9.612308555e-30
70  1.398176779e-14  -9.513319099e-30
70.08046609  1.383794535e-14  -9.41546103e-30
70.26122613  1.35208167e-14  -9.199683883e-30
70.52207505  1.307731853e-14  -8.897923784e-30
70.83472104  1.256691721e-14  -8.550642184e-30
71.16527896  1.205122072e-14  -8.199757709e-30
71.47792495  1.158502618e-14  -7.882554804e-30
71.73877387  1.121137551e-14  -7.628319563e-30
71.91953391  1.09603057e-14  -7.457489434e-30
72  1.085055562e-14  -7.3828145e-30
72.08046609  1.074202525e-14  -7.308969476e-30
72.26122613  1.050259231e-14  -7.146057171e-30
72.52207505  1.016745942e-14  -6.918029778e-30
72.83472104  9.781338626e-15  -6.655309755e-30
73.16527896  9.390725594e-15  -6.389533176e-30
73.47792495  9.037170938e-15  -6.148971444e-30
73.73877387  8.753489973e-15  -5.955952394e-30
73.91953391  8.562714557e-15  -5.826147105e-30
74  8.479279824e-15  -5.769377371e-30
74.08046609  8.39674743e-15  -5.713221597e-30
74.26122613  8.214580777e-15  -5.589273786e-30
74.52207505  7.959393795e-15  -5.415642296e-30
74.83472104  7.665070405e-15  -5.215382045e-30
75.16527896  7.366971385e-15  -5.012552821e-30
75.47792495  7.096837768e-15  -4.828751507e-30
75.73877387  6.879866558e-15  -4.681122367e-30
75.91953391  6.73383773e-15  -4.581763054e-30
76  6.669942879e-15  -4.538288429e-30
76.08046609  6.606720956e-15  -4.495271671e-30
76.26122613  6.467112154e-15  -4.400280601e-30
76.52207505  6.271389877e-15  -4.267109424e-30
76.83472104  6.045424135e-15  -4.113360324e-30
77.16527896  5.816303636e-15  -3.957464699e-30
77.47792495  5.608446981e-15  -3.816037184e-30
77.73877387  5.44133253e-15  -3.702331026e-30
77.91953391  5.328774356e-15  -3.625745444e-30
78  5.279502757e-15  -3.592220609e-30
78.08046609  5.230736839e-15  -3.559039845e-30
78.26122613  5.123003057e-15  -3.485736822e-30
78.52207505  4.971855915e-15  -3.382894963e-30
78.83472104  4.797186782e-15  -3.264048532e-30
79.16527896  4.61989098e-15  -3.143414892e-30
79.47792495  4.45887982e-15  -3.033861468e-30
79.73877387  4.329307818e-15  -2.945699526e-30
79.91953391  4.241973621e-15  -2.886276562e-30
80  4.203727563e-15  -2.860253604e-30
80.08046609  4.165864265e-15  -2.83449108e-30
80.26122613  4.082181728e-15  -2.777552738e-30
80.52207505  3.964695357e-15  -2.697613966e-30
80.83472104  3.828802369e-15  -2.605151169e-30
81.16527896  3.690726597e-15  -2.511203187e-30
81.47792495  3.565207448e-15  -2.425798841e-30
81.73877387  3.464107627e-15  -2.357009624e-30
81.91953391  3.395917971e-15  -2.310612776e-30
82  3.366043884e-15  -2.290286182e-30
82.08046609  3.336461517e-15  -2.270158077e-30
82.26122613  3.271054938e-15  -2.225654859e-30
82.52207505  3.179165857e-15  -2.163132712e-30
82.83472104  3.072788854e-15  -2.090752853e-30
83.16527896  2.964599342e-15  -2.017139747e-30
83.47792495  2.866154779e-15  -1.950157191e-30
83.73877387  2.786795289e-15  -1.896160289e-30
83.91953391  2.733234395e-15  -1.85971698e-30
84  2.709760268e-15  -1.843744976e-30
84.08046609  2.686509934e-15  -1.827925241e-30
84.26122613  2.635084064e-15  -1.792934623e-30
84.52207505  2.562790407e-15  -1.743745376e-30
84.83472104  2.479029645e-15  -1.686753808e-30
85.16527896  2.393763748e-15  -1.628738134e-30
85.47792495  2.316107476e-15  -1.575900117e-30
85.73877387  2.253455722e-15  -1.533271306e-30
85.91953391  2.211145052e-15  -1.50448275e-30
86  2.192594821e-15  -1.491861008e-30
86.08046609  2.174217347e-15  -1.479356811e-30
86.26122613  2.1335548e-15  -1.451689653e-30
86.52207505  2.076357383e-15  -1.412772022e-30
86.83472104  2.010035484e-15  -1.367646012e-30
87.16527896  1.942462869e-15  -1.321669004e-30
87.47792495  1.880867453e-15  -1.279758935e-30
87.73877387  1.83113514e-15  -1.245920628e-30
87.91953391  1.797529604e-15  -1.223055122e-30
88  1.782790848e-15  -1.213026741e-30
88.08046609  1.768186247e-15  -1.203089641e-30
88.26122613  1.735860567e-15  -1.181094961e-30
88.52207505  1.690363763e-15  -1.150138531e-30
88.83472104  1.637569568e-15  -1.114216892e-30
89.16527896  1.583734916e-15  -1.077587316e-30
89.47792495  1.53462161e-15  -1.044170186e-30
89.73877387  1.494938282e-15  -1.017169297e-30
89.91953391  1.468108055e-15  -9.989137714e-31
90  1.456336922e-15  -9.909045884e-31
90.08046609  1.444670563e-15  -9.829666938e-31
90.26122613  1.418839877e-15  -9.653912654e-31
90.52207505  1.382464341e-15  -9.406410276e-31
90.83472104  1.340224226e-15  -9.119004779e-31
91.16527896  1.29711732e-15  -8.825701555e-31
91.47792495  1.25775978e-15  -8.557909358e-31
91.73877387  1.225936749e-15  -8.341382623e-31
91.91953391  1.204409364e-15  -8.194908383e-31
92  1.194961736e-15  -8.130625885e-31
92.08046609  1.185596381e-15  -8.06690317e-31
92.26122613  1.164853871e-15  -7.92576929e-31
92.52207505  1.135628193e-15  -7.726915177e-31
92.83472104  1.101667441e-15  -7.495843207e-31
93.16527896  1.066983361e-15  -7.259849644e-31
93.47792495  1.035292043e-15  -7.044219095e-31
93.73877387  1.009650416e-15  -6.869751188e-31
93.91953391  9.922956497e-16  -6.751667813e-31
94  9.846769297e-16  -6.699829365e-31
94.08046609  9.771231493e-16  -6.648432772e-31
94.26122613  9.603879072e-16  -6.534564697e-31
94.52207505  9.367964164e-16  -6.374046096e-31
94.83472104  9.093647295e-16  -6.18739846e-31
95.16527896  8.813283092e-16  -5.996636164e-31
95.47792495  8.556924481e-16  -5.822207486e-31
95.73877387  8.349369767e-16  -5.680985414e-31
95.91953391  8.208823299e-16  -5.585356347e-31
96  8.147105644e-16  -5.543363106e-31
96.08046609  8.085903137e-16  -5.501720376e-31
96.26122613  7.950271172e-16  -5.409435182e-31
96.52207505  7.758979354e-16  -5.279278528e-31
96.83472104  7.536409582e-16  -5.127840076e-31
97.16527896  7.308773926e-16  -4.972954753e-31
97.47792495  7.100484188e-16  -4.831232563e-31
97.73877387  6.931743227e-16  -4.716419714e-31
97.91953391  6.817425597e-16  -4.638636982e-31
98  6.767211718e-16  -4.604471012e-31
98.08046609  6.717408448e-16  -4.570584425e-31
98.26122613  6.60700801e-16  -4.495466985e-31
98.52207505  6.45122951e-16  -4.389473909e-31
98.83472104  6.2698706e-16  -4.266075694e-31
99.16527896  6.084259151e-16  -4.139784014e-31
99.47792495  5.914308674e-16  -4.024148199e-31
99.73877387  5.776545797e-16  -3.930413112e-31
99.91953391  5.683172646e-16  -3.86688119e-31
100  5.642147626e-16  -3.838967402e-31
100.0804661  5.601451393e-16  -3.811277324e-31
100.2612261  5.51121485e-16  -3.749879577e-31
100.5220751  5.383831261e-16  -3.663206651e-31
100.834721  5.235444194e-16  -3.562242772e-31
101.165279  5.083479711e-16  -3.458844786e-31
101.4779249  4.944247956e-16  -3.364110262e-31
101.7387739  4.831321644e-16  -3.287274196e-31
101.9195339  4.754748882e-16  -3.235173408e-31
102  4.721096737e-16  -3.212276189e-31
102.0804661  4.687709023e-16  -3.189558892e-31
102.2612261  4.61365891e-16  -3.139174537e-31
102.5220751  4.509080155e-16  -3.068018222e-31
102.834721  4.387190336e-16  -2.985083306e-31
103.165279  4.262284489e-16  -2.900096257e-31
103.4779249  4.147773613e-16  -2.822182039e-31
103.7387739  4.054846797e-16  -2.758953808e-31
103.9195339  3.991808819e-16  -2.716062207e-31
104  3.964098082e-16  -2.697207575e-31
104.0804661  3.936600919e-16  -2.678498261e-31
104.2612261  3.875600409e-16  -2.636992971e-31
104.5220751  3.78941559e-16  -2.578352054e-31
104.834721  3.688910768e-16  -2.50996768e-31
105.165279  3.585857622e-16  -2.439849404e-31
105.4779249  3.491324762e-16  -2.375528405e-31
105.7387739  3.414569955e-16  -2.323303752e-31
105.9195339  3.362481442e-16  -2.287862265e-31
106  3.339578511e-16  -2.272278907e-31
106.0804661  3.316848781e-16  -2.256813397e-31
106.2612261  3.266412579e-16  -2.222496156e-31
106.5220751  3.195125226e-16  -2.173991608e-31
106.834721  3.111950369e-16  -2.117398696e-31
107.165279  3.02661762e-16  -2.059337535e-31
107.4779249  2.948295353e-16  -2.006046368e-31
107.7387739  2.884670325e-16  -1.962755333e-31
107.9195339  2.841475372e-16  -1.933365103e-31
108  2.822478522e-16  -1.920439478e-31
108.0804661  2.803622684e-16  -1.907609798e-31
108.2612261  2.761772952e-16  -1.879134868e-31
108.5220751  2.702599185e-16  -1.838872511e-31
108.834721  2.633523689e-16  -1.791872929e-31
109.165279  2.562616896e-16  -1.743627317e-31
109.4779249  2.497499619e-16  -1.699320943e-31
109.7387739  2.444575835e-16  -1.66331113e-31
109.9195339  2.408632497e-16  -1.638854963e-31
110  2.392821371e-16  -1.628096932e-31
110.0804661  2.377125482e-16  -1.61741731e-31
110.2612261  2.34228149e-16  -1.593709148e-31
110.5220751  2.292995347e-16  -1.560174418e-31
110.834721  2.235434516e-16  -1.521009517e-31
111.165279  2.176316155e-16  -1.480784859e-31
111.4779249  2.121995994e-16  -1.443824939e-31
111.7387739  2.077826746e-16  -1.413771789e-31
111.9195339  2.047818252e-16  -1.393353743e-31
112  2.034614996e-16  -1.384370131e-31
112.0804661  2.021506259e-16  -1.375450829e-31
112.2612261  1.99239945e-16  -1.355646298e-31
112.5220751  1.951213772e-16  -1.327623196e-31
112.834721  1.903091236e-16  -1.294880195e-31
113.165279  1.853641143e-16  -1.261233912e-31
113.4779249  1.808181301e-16  -1.230302632e-31
113.7387739  1.771199847e-16  -1.205140122e-31
113.9195339  1.746065979e-16  -1.188038814e-31
114  1.73500521e-16  -1.180512968e-31
114.0804661  1.724022237e-16  -1.173040056e-31
114.2612261  1.699630531e-16  -1.156443723e-31
114.5220751  1.665104785e-16  -1.132952098e-31
114.834721  1.624745967e-16  -1.105491599e-31
115.165279  1.583253184e-16  -1.077259541e-31
115.4779249  1.54508972e-16  -1.051292781e-31
115.7387739  1.514030245e-16  -1.030159638e-31
115.9195339  1.492914063e-16  -1.015792e-31
116  1.483619532e-16  -1.009467918e-31
116.0804661  1.474389251e-16  -1.003187554e-31
116.2612261  1.453886002e-16  -9.892369607e-32
116.5220751  1.42485462e-16  -9.694837501e-32
116.834721  1.390903857e-16  -9.463833494e-32
117.165279  1.355982446e-16  -9.226225107e-32
117.4779249  1.323847756e-16  -9.00757782e-32
117.7387739  1.297683751e-16  -8.8295556e-32
117.9195339  1.279890042e-16  -8.708485622e-32
118  1.272056435e-16  -8.65518507e-32
118.0804661  1.264276066e-16  -8.602246746e-32
118.2612261  1.246990222e-16  -8.484632325e-32
118.5220751  1.222506643e-16  -8.318043879e-32
118.834721  1.193862431e-16  -8.123146114e-32
119.165279  1.164385636e-16  -7.92258338e-32
119.4779249  1.13724858e-16  -7.737940438e-32
119.7387739  1.1151446e-16  -7.587542991e-32
119.9195339  1.10010733e-16  -7.48522807e-32
120  1.093486009e-16  -7.440176015e-32
120.0804661  1.086908939e-16  -7.395425047e-32
120.2612261  1.072293809e-16  -7.295982398e-32
120.5220751  1.051586596e-16  -7.155088682e-32
120.834721  1.02735077e-16  -6.990185971e-32
121.165279  1.002399327e-16  -6.820414134e-32
121.4779249  9.794181815e-17  -6.664048375e-32
121.7387739  9.606919146e-17  -6.53663319e-32
121.9195339  9.479486268e-17  -6.449926727e-32
122  9.423364044e-17  -6.411740667e-32
122.0804661  9.367610761e-17  -6.373805638e-32
122.2612261  9.243697458e-17  -6.289493925e-32
122.5220751  9.068080232e-17  -6.170002403e-32
122.834721  8.862457187e-17  -6.030094656e-32
123.165279  8.650670929e-17  -5.885993403e-32
123.4779249  8.455524307e-17  -5.753213906e-32
123.7387739  8.29644753e-17  -5.644976653e-32
123.9195339  8.188163459e-17  -5.571299208e-32
124  8.140466225e-17  -5.538845586e-32
124.0804661  8.093077506e-17  -5.506601881e-32
124.2612261  7.987736563e-17  -5.434926967e-32
124.5220751  7.838397839e-17  -5.333315571e-32
124.834721  7.663477544e-17  -5.214298247e-32
125.165279  7.483238736e-17  -5.09166216e-32
125.4779249  7.317091611e-17  -4.978614179e-32
125.7387739  7.18160403e-17  -4.886427225e-32
125.9195339  7.08935098e-17  -4.823657429e-32
126  7.048708313e-17  -4.796003798e-32
126.0804661  7.008324372e-17  -4.768526205e-32
126.2612261  6.918539468e-17  -4.707435759e-32
126.5220751  6.791218301e-17  -4.620805304e-32
126.834721  6.642032903e-17  -4.519298233e-32
127.165279  6.488249031e-17  -4.41466232e-32
127.4779249  6.346431186e-17  -4.318168197e-32
127.7387739  6.230741832e-17  -4.239452133e-32
127.9195339  6.151947636e-17  -4.185839861e-32
128  6.117228713e-17  -4.162216797e-32
128.0804661  6.082727363e-17  -4.138741772e-32
128.2612261  6.006008734e-17  -4.086541734e-32
128.5220751  5.897186814e-17  -4.012498333e-32
128.834721  5.76963251e-17  -3.925709251e-32
129.165279  5.638094738e-17  -3.836209781e-32
129.4779249  5.516744482e-17  -3.753641988e-32
129.7387739  5.417717338e-17  -3.686263039e-32
129.9195339  5.350253509e-17  -3.64036005e-32
130  5.320522381e-17  -3.620130727e-32
130.0804661  5.290974712e-17  -3.60002623e-32
130.2612261  5.225261007e-17  -3.555314041e-32
130.5220751  5.132024472e-17  -3.491875073e-32
130.834721  5.022701056e-17  -3.417490449e-32
131.165279  4.909920499e-17  -3.340753556e-32
131.4779249  4.805835203e-17  -3.269932995e-32
131.7387739  4.720868379e-17  -3.212120812e-32
131.9195339  4.662968389e-17  -3.172725145e-32
132  4.637448123e-17  -3.155360928e-32
132.0804661  4.612082952e-17  -3.138102241e-32
132.2612261  4.55566252e-17  -3.099713277e-32
132.5220751  4.475591059e-17  -3.045231944e-32
132.834721  4.381673093e-17  -2.981329324e-32
133.165279  4.2847493e-17  -2.915381514e-32
133.4779249  4.19526527e-17  -2.854495785e-32
133.7387739  4.122193843e-17  -2.804777336e-32
133.9195339  4.07238738e-17  -2.770888576e-32
134  4.050431202e-17  -2.755949397e-32
134.0804661  4.028606474e-17  -2.741099658e-32
134.2612261  3.980053994e-17  -2.708064119e-32
134.5220751  3.91113156e-17  -2.661168682e-32
134.834721  3.830264598e-17  -2.606146082e-32
135.165279  3.746779537e-17  -2.549342105e-32
135.4779249  3.669675141e-17  -2.496879589e-32
135.7387739  3.606692763e-17  -2.454025818e-32
135.9195339  3.563752671e-17  -2.424808999e-32
136  3.544820674e-17  -2.411927499e-32
136.0804661  3.526000359e-17  -2.399121989e-32
136.2612261  3.484125675e-17  -2.370630082e-32
136.5220751  3.424668343e-17  -2.330174785e-32
136.834721  3.354885054e-17  -2.282693615e-32
137.165279  3.282817392e-17  -2.233658137e-32
137.4779249  3.216234673e-17  -2.188354663e-32
137.7387739  3.161830115e-17  -2.151337318e-32
137.9195339  3.124729431e-17  -2.126093683e-32
138  3.108369705e-17  -2.11496238e-32
138.0804661  3.092105093e-17  -2.103895794e-32
138.2612261  3.055911756e-17  -2.079269525e-32
138.5220751  3.004509265e-17  -2.044294813e-32
138.834721  2.944161419e-17  -2.003233602e-32
139.165279  2.881816973e-17  -1.960813887e-32
139.4779249  2.824198035e-17  -1.921609449e-32
139.7387739  2.777103662e-17  -1.88956602e-32
139.9195339  2.744980712e-17  -1.867709279e-32
140  2.730814022e-17  -1.858070137e-32
140.0804661  2.716728521e-17  -1.848486237e-32
140.2612261  2.685380095e-17  -1.827156489e-32
140.5220751  2.640848314e-17  -1.796856669e-32
140.834721  2.588551466e-17  -1.761273429e-32
141.165279  2.534506615e-17  -1.724500832e-32
141.4779249  2.484541827e-17  -1.690504346e-32
141.7387739  2.443691632e-17  -1.66270951e-32
141.9195339  2.415821598e-17  -1.643746491e-32
142  2.403528885e-17  -1.63538242e-32
142.0804661  2.391305634e-17  -1.627065611e-32
142.2612261  2.364098228e-17  -1.608553451e-32
142.5220751  2.325440402e-17  -1.582250323e-32
142.834721  2.280028768e-17  -1.551351843e-32
143.165279  2.233084262e-17  -1.519410383e-32
143.4779249  2.189669967e-17  -1.489870911e-32
143.7387739  2.154165283e-17  -1.465713208e-32
143.9195339  2.129936964e-17  -1.449228045e-32
144  2.119249144e-17  -1.441955957e-32
144.0804661  2.10862088e-17  -1.434724392e-32
144.2612261  2.0849607e-17  -1.418625795e-32
144.5220751  2.051335747e-17  -1.395747078e-32
144.834721  2.011825277e-17  -1.368863803e-32
145.165279  1.970968431e-17  -1.341064442e-32
145.4779249  1.933172307e-17  -1.315347623e-32
145.7387739  1.902253723e-17  -1.294310344e-32
145.9195339  1.881150495e-17  -1.27995152e-32
146  1.871840084e-17  -1.273616633e-32
146.0804661  1.862580845e-17  -1.267316565e-32
146.2612261  1.841965775e-17  -1.253289888e-32
146.5220751  1.812662292e-17  -1.233351538e-32
146.834721  1.778220378e-17  -1.209916953e-32
147.165279  1.742594036e-17  -1.185676473e-32
147.4779249  1.709626654e-17  -1.163245174e-32
147.7387739  1.682650939e-17  -1.144890657e-32
147.9195339  1.664235102e-17  -1.132360358e-32
148  1.656109341e-17  -1.126831518e-32
148.0804661  1.648027638e-17  -1.121332656e-32
148.2612261  1.630032104e-17  -1.109088334e-32
148.5220751  1.604446983e-17  -1.09167999e-32
148.834721  1.574367533e-17  -1.071213665e-32
149.165279  1.54324452e-17  -1.05003729e-32
149.4779249  1.514435921e-17  -1.030435663e-32
149.7387739  1.490857011e-17  -1.014392363e-32
149.9195339  1.474756894e-17  -1.003437701e-32
150  1.467652078e-17  -9.986035207e-33
150.0804661  1.460585272e-17  -9.937952035e-33
150.2612261  1.444847763e-17  -9.830872623e-33
150.5220751  1.422468555e-17  -9.6786025e-33
150.834721  1.396151429e-17  -9.49953844e-33
151.165279  1.368913469e-17  -9.314208937e-33
151.4779249  1.343693821e-17  -9.142612213e-33
151.7387739  1.32304712e-17  -9.002130218e-33
151.9195339  1.308946425e-17  -8.906187841e-33
152  1.302723219e-17  -8.863844589e-33
152.0804661  1.296532869e-17  -8.821724902e-33
152.2612261  1.282745619e-17  -8.727915228e-33
152.5220751  1.263135958e-17  -8.59448935e-33
152.834721  1.240069962e-17  -8.437546259e-33
153.165279  1.216190227e-17  -8.275066421e-33
153.4779249  1.194073818e-17  -8.124584407e-33
153.7387739  1.17596319e-17  -8.001358086e-33
153.9195339  1.163592167e-17  -7.917184543e-33
154  1.158131723e-17  -7.880031197e-33
154.0804661  1.152699736e-17  -7.843071473e-33
154.2612261  1.140600176e-17  -7.760744993e-33
154.5220751  1.123387691e-17  -7.643629717e-33
154.834721  1.103136466e-17  -7.505838582e-33
155.165279  1.082165107e-17  -7.363147587e-33
155.4779249  1.062737054e-17  -7.230957389e-33
155.7387739  1.046824033e-17  -7.122683783e-33
155.9195339  1.035952146e-17  -7.048710495e-33
156  1.031152882e-17  -7.016055878e-33
156.0804661  1.02637831e-17  -6.983569262e-33
156.2612261  1.015741964e-17  -6.911198624e-33
156.5220751  1.000608238e-17  -6.8082274e-33
156.834721  9.827985409e-18  -6.687048641e-33
157.165279  9.64350646e-18  -6.561527524e-33
157.4779249  9.472558438e-18  -6.44521297e-33
157.7387739  9.332506464e-18  -6.349920362e-33
157.9195339  9.236804749e-18  -6.284804064e-33
158  9.194553891e-18  -6.256056205e-33
158.0804661  9.15251766e-18  -6.22745438e-33
158.2612261  9.058863384e-18  -6.163731178e-33
158.5220751  8.925585361e-18  -6.073047626e-33
158.834721  8.768704677e-18  -5.966304614e-33
159.165279  8.606160328e-18  -5.855707994e-33
159.4779249  8.45549933e-18  -5.753196911e-33
159.7387739  8.332039622e-18  -5.669193829e-33
159.9195339  8.247661097e-18  -5.61178193e-33
160  8.210405396e-18  -5.58643282e-33
160.0804661  8.173336588e-18  -5.561210874e-33
160.2612261  8.090740928e-18  -5.505012052e-33
160.5220751  7.973179816e-18  -5.425022426e-33
160.834721  7.834768236e-18  -5.330845957e-33
161.165279  7.691323655e-18  -5.233244989e-33
161.4779249  7.558332721e-18  -5.142756775e-33
161.7387739  7.449328521e-18  -5.068589349e-33
161.9195339  7.374816861e-18  -5.017890953e-33
162  7.341914359e-18  -4.995503798e-33
162.0804661  7.30917488e-18  -4.973227566e-33
162.2612261  7.236218373e-18  -4.923587309e-33
162.5220751  7.132359366e-18  -4.852920718e-33
162.834721  7.010053214e-18  -4.769702525e-33
163.165279  6.88326857e-18  -4.683437126e-33
163.4779249  6.765694702e-18  -4.603438821e-33
163.7387739  6.669305937e-18  -4.537855048e-33
163.9195339  6.603406769e-18  -4.493016668e-33
164  6.574304462e-18  -4.4732152e-33
164.0804661  6.545344595e-18  -4.453510649e-33
164.2612261  6.480804226e-18  -4.409596809e-33
164.5220751  6.388911013e-18  -4.347071849e-33
164.834721  6.280672788e-18  -4.273425599e-33
165.165279  6.168444313e-18  -4.197064347e-33
165.4779249  6.064344275e-18  -4.126233755e-33
165.7387739  5.978983442e-18  -4.068153486e-33
165.9195339  5.920614354e-18  -4.02843864e-33
166  5.894834992e-18  -4.010898132e-33
166.0804661  5.869180289e-18  -3.993442444e-33
166.2612261  5.812000384e-18  -3.954536728e-33
166.5220751  5.730573918e-18  -3.899133438e-33
166.834721  5.634644095e-18  -3.833861933e-33
167.165279  5.535154513e-18  -3.766168337e-33
167.4779249  5.442849215e-18  -3.703362992e-33
167.7387739  5.367144258e-18  -3.651852666e-33
167.9195339  5.315369551e-18  -3.616624695e-33
168  5.292500524e-18  -3.601064406e-33
168.0804661  5.26974077e-18  -3.585578466e-33
168.2612261  5.219008464e-18  -3.551059755e-33
168.5220751  5.146752246e-18  -3.501895982e-33
168.834721  5.061608652e-18  -3.443963523e-33
169.165279  4.973285393e-18  -3.383867593e-33
169.4779249  4.891321435e-18  -3.328098587e-33
169.7387739  4.824084421e-18  -3.282349925e-33
169.9195339  4.778093809e-18  -3.251057504e-33
170  4.75777777e-18  -3.23723429e-33
170.0804661  4.737557665e-18  -3.223476351e-33
170.2612261  4.692482217e-18  -3.192806616e-33
170.5220751  4.628272973e-18  -3.149118075e-33
170.834721  4.552596494e-18  -3.097627126e-33
171.165279  4.474076393e-18  -3.044201351e-33
171.4779249  4.401193571e-18  -2.994611231e-33
171.7387739  4.341394223e-18  -2.953923223e-33
171.9195339  4.300484826e-18  -2.926088106e-33
172  4.28241176e-18  -2.913791031e-33
172.0804661  4.264423048e-18  -2.901551352e-33
172.2612261  4.224318332e-18  -2.874263746e-33
172.5220751  4.167181222e-18  -2.835387149e-33
172.834721  4.099826781e-18  -2.789558588e-33
173.165279  4.029926206e-18  -2.741997615e-33
173.4779249  3.965029993e-18  -2.697841655e-33
173.7387739  3.911773274e-18  -2.661605311e-33
173.9195339  3.875334364e-18  -2.636811952e-33
174  3.859234874e-18  -2.625857716e-33
174.0804661  3.843209664e-18  -2.614954021e-33
174.2612261  3.807479343e-18  -2.590642793e-33
174.5220751  3.756566944e-18  -2.556001544e-33
174.834721  3.6965389e-18  -2.515157929e-33
175.165279  3.634228415e-18  -2.472761321e-33
175.4779249  3.576366628e-18  -2.433391646e-33
175.7387739  3.528873718e-18  -2.401077049e-33
175.9195339  3.496373773e-18  -2.378963797e-33
176  3.482013374e-18  -2.369192854e-33
176.0804661  3.46771848e-18  -2.359466481e-33
176.2612261  3.435843415e-18  -2.337778403e-33
176.5220751  3.390417875e-18  -2.306870462e-33
176.834721  3.336849123e-18  -2.270421807e-33
177.165279  3.281231965e-18  -2.232579398e-33
177.4779249  3.229574921e-18  -2.197431487e-33
177.7387739  3.187167047e-18  -2.168576792e-33
177.9195339  3.158142743e-18  -2.148828397e-33
178  3.145317016e-18  -2.140101659e-33
178.0804661  3.132549138e-18  -2.131414281e-33
178.2612261  3.104076676e-18  -2.112041365e-33
178.5220751  3.06349453e-18  -2.084428912e-33
178.834721  3.01562872e-18  -2.051860589e-33
179.165279  2.965922471e-18  -2.018040016e-33
179.4779249  2.919746103e-18  -1.986621204e-33
179.7387739  2.881830761e-18  -1.960823269e-33
179.9195339  2.855877592e-18  -1.943164502e-33
180  2.844408051e-18  -1.935360524e-33
180.0804661  2.832989669e-18  -1.927591355e-33
180.2612261  2.80752452e-18  -1.910264642e-33
180.5220751  2.771223751e-18  -1.885565276e-33
180.834721  2.728400122e-18  -1.856427698e-33
181.165279  2.683921082e-18  -1.826163764e-33
181.4779249  2.642592523e-18  -1.798043444e-33
181.7387739  2.60865173e-18  -1.774949827e-33
181.9195339  2.585416007e-18  -1.759140035e-33
182  2.575146573e-18  -1.752152621e-33
182.0804661  2.564922441e-18  -1.745196031e-33
182.2612261  2.542118884e-18  -1.729680288e-33
182.5220751  2.509607869e-18  -1.707559504e-33
182.834721  2.471248302e-18  -1.681459313e-33
183.165279  2.431398138e-18  -1.654344907e-33
183.4779249  2.394363408e-18  -1.629146148e-33
183.7387739  2.363943651e-18  -1.608448275e-33
183.9195339  2.343115658e-18  -1.594276723e-33
184  2.333909642e-18  -1.588012868e-33
184.0804661  2.324743797e-18  -1.581776346e-33
184.2612261  2.304299015e-18  -1.567865535e-33
184.5220751  2.275147076e-18  -1.548030296e-33
184.834721  2.240745009e-18  -1.524622824e-33
185.165279  2.204999327e-18  -1.500301144e-33
185.4779249  2.171772794e-18  -1.477693515e-33
185.7387739  2.144476428e-18  -1.459120825e-33
185.9195339  2.125784556e-18  -1.44640271e-33
186  2.117522079e-18  -1.440780847e-33
186.0804661  2.109295268e-18  -1.435183252e-33
186.2612261  2.090943643e-18  -1.422696642e-33
186.5220751  2.064772942e-18  -1.404889865e-33
186.834721  2.033883878e-18  -1.383872671e-33
187.165279  2.001782427e-18  -1.362030558e-33
187.4779249  1.97193776e-18  -1.341723982e-33
187.7387739  1.947415629e-18  -1.325038906e-33
187.9195339  1.930621355e-18  -1.313611933e-33
188  1.923197128e-18  -1.308560423e-33
188.0804661  1.91580461e-18  -1.303530488e-33
188.2612261  1.899312818e-18  -1.292309326e-33
188.5220751  1.875791411e-18  -1.276305151e-33
188.834721  1.848024761e-18  -1.257412476e-33
189.165279  1.819163018e-18  -1.237774689e-33
189.4779249  1.792325426e-18  -1.219514153e-33
189.7387739  1.770270521e-18  -1.2045078e-33
189.9195339  1.755164083e-18  -1.194229245e-33
190  1.748485506e-18  -1.189685082e-33
190.0804661  1.741835153e-18  -1.185160123e-33
190.2612261  1.726997959e-18  -1.175064764e-33
190.5220751  1.705833813e-18  -1.160664491e-33
190.834721  1.680845886e-18  -1.143662483e-33
191.165279  1.654867821e-18  -1.125986777e-33
191.4779249  1.630707369e-18  -1.109547791e-33
191.7387739  1.610849375e-18  -1.096036235e-33
191.9195339  1.597246051e-18  -1.086780412e-33
192  1.591231571e-18  -1.082688107e-33
192.0804661  1.585242245e-18  -1.078612916e-33
192.2612261  1.571878871e-18  -1.069520357e-33
192.5220751  1.552814721e-18  -1.05654894e-33
192.834721  1.530302684e-18  -1.04123155e-33
193.165279  1.506894525e-18  -1.02530443e-33
193.4779249  1.485120376e-18  -1.010489106e-33
193.7387739  1.467220964e-18  -9.98310187e-34
193.9195339  1.454957868e-18  -9.899662676e-34
194  1.449535566e-18  -9.862768854e-34
194.0804661  1.444135708e-18  -9.826027741e-34
194.2612261  1.432086712e-18  -9.744045296e-34
194.5220751  1.414895618e-18  -9.627075568e-34
194.834721  1.394592286e-18  -9.488929893e-34
195.165279  1.373477139e-18  -9.345260552e-34
195.4779249  1.353832586e-18  -9.211597268e-34
195.7387739  1.337681354e-18  -9.101702853e-34
195.9195339  1.326614668e-18  -9.026404133e-34
196  1.321721039e-18  -8.993107445e-34
196.0804661  1.316847459e-18  -8.959947174e-34
196.2612261  1.305972029e-18  -8.885949783e-34
196.5220751  1.290453545e-18  -8.780360637e-34
196.834721  1.272122879e-18  -8.65563716e-34
197.165279  1.253056077e-18  -8.525904944e-34
197.4779249  1.235314244e-18  -8.405187934e-34
197.7387739  1.22072521e-18  -8.305922846e-34
197.9195339  1.210727785e-18  -8.237899483e-34
198  1.20630668e-18  -8.20781789e-34
198.0804661  1.201903506e-18  -8.177858299e-34
198.2612261  1.192077129e-18  -8.110998758e-34
198.5220751  1.178053981e-18  -8.015584011e-34
198.834721  1.161487195e-18  -7.902862129e-34
199.165279  1.144252276e-18  -7.785594209e-34
199.4779249  1.128212399e-18  -7.676457461e-34
199.7387739  1.115020955e-18  -7.5867017e-34
199.9195339  1.105980245e-18  -7.525187907e-34
200  1.101981958e-18  -7.497983207e-34
200.0804661  1.097999725e-18  -7.47088774e-34
200.2612261  1.089112161e-18  -7.410415961e-34
200.5220751  1.076427375e-18  -7.324107551e-34
200.834721  1.061439557e-18  -7.222129108e-34
201.165279  1.045844775e-18  -7.116020821e-34
201.4779249  1.031328979e-18  -7.017254057e-34
201.7387739  1.019389258e-18  -6.936015133e-34
201.9195339  1.011205515e-18  -6.880332217e-34
202  1.00758599e-18  -6.855704648e-34
202.0804661  1.003980855e-18  -6.831174986e-34
202.2612261  9.959343791e-19  -6.776426052e-34
202.5220751  9.844487874e-19  -6.698277065e-34
202.834721  9.708759725e-19  -6.605926425e-34
203.165279  9.567512665e-19  -6.509820671e-34
203.4779249  9.436017647e-19  -6.420350291e-34
203.7387739  9.327843514e-19  -6.346747649e-34
203.9195339  9.253690648e-19  -6.29629338e-34
204  9.220892064e-19  -6.273976932e-34
204.0804661  9.188222596e-19  -6.251748335e-34
204.2612261  9.115301419e-19  -6.202132119e-34
204.5220751  9.01120214e-19  -6.131302044e-34
204.834721  8.888168359e-19  -6.047588765e-34
205.165279  8.76011202e-19  -5.960458094e-34
205.4779249  8.640878602e-19  -5.879330616e-34
205.7387739  8.542777987e-19  -5.812582086e-34
205.9195339  8.47552338e-19  -5.766821454e-34
206  8.445774115e-19  -5.746579789e-34
206.0804661  8.416140827e-19  -5.726417036e-34
206.2612261  8.349992572e-19  -5.681409176e-34
206.5220751  8.255552149e-19  -5.617151072e-34
206.834721  8.143918914e-19  -5.541194827e-34
207.165279  8.027710885e-19  -5.46212585e-34
207.4779249  7.919493063e-19  -5.388493483e-34
207.7387739  7.830443667e-19  -5.327903482e-34
207.9195339  7.769387969e-19  -5.286360642e-34
208  7.742379066e-19  -5.267983545e-34
208.0804661  7.715474448e-19  -5.249677403e-34
208.2612261  7.65541355e-19  -5.208811434e-34
208.5220751  7.56965529e-19  -5.150460752e-34
208.834721  7.468271307e-19  -5.081478189e-34
209.165279  7.362716836e-19  -5.009657988e-34
209.4779249  7.264405463e-19  -4.942766056e-34
209.7387739  7.183497122e-19  -4.887715302e-34
209.9195339  7.128017618e-19  -4.849966554e-34
210  7.103473957e-19  -4.833266829e-34
210.0804661  7.079024161e-19  -4.81663097e-34
210.2612261  7.024440063e-19  -4.779491465e-34
210.5220751  6.946494026e-19  -4.726456288e-34
210.834721  6.854333673e-19  -4.663749565e-34
211.165279  6.758368235e-19  -4.598453828e-34
211.4779249  6.668974881e-19  -4.537629795e-34
211.7387739  6.595396366e-19  -4.487566319e-34
211.9195339  6.54493796e-19  -4.453233971e-34
212  6.522614279e-19  -4.43804474e-34
212.0804661  6.500375168e-19  -4.422913051e-34
212.2612261  6.45072351e-19  -4.389129622e-34
212.5220751  6.379813983e-19  -4.340882149e-34
212.834721  6.295962583e-19  -4.283828911e-34
213.165279  6.208636641e-19  -4.224411564e-34
213.4779249  6.12727949e-19  -4.169055435e-34
213.7387739  6.060306959e-19  -4.123486729e-34
213.9195339  6.014374294e-19  -4.092233736e-34
214  5.994051708e-19  -4.078406068e-34
214.0804661  5.973805392e-19  -4.064630295e-34
214.2612261  5.928600308e-19  -4.033872354e-34
214.5220751  5.864034847e-19  -3.98994144e-34
214.834721  5.787675785e-19  -3.937986055e-34
215.165279  5.708141456e-19  -3.883870191e-34
215.4779249  5.634032961e-19  -3.833446112e-34
215.7387739  5.573019852e-19  -3.79193225e-34
215.9195339  5.531170407e-19  -3.763457516e-34
216  5.512653364e-19  -3.750858355e-34
216.0804661  5.494205173e-19  -3.738306042e-34
216.2612261  5.45301254e-19  -3.710278208e-34
216.5220751  5.394172374e-19  -3.670242837e-34
216.834721  5.32457581e-19  -3.622888715e-34
217.165279  5.252075177e-19  -3.57355864e-34
217.4779249  5.184511238e-19  -3.527587535e-34
217.7387739  5.128879413e-19  -3.489735147e-34
217.9195339  5.090717449e-19  -3.463769408e-34
218  5.073831061e-19  -3.452279759e-34
218.0804661  5.057006886e-19  -3.440832441e-34
218.2612261  5.019438409e-19  -3.415270515e-34
218.5220751  4.965770024e-19  -3.378754069e-34
218.834721  4.902282988e-19  -3.335556925e-34
219.165279  4.836137854e-19  -3.290551188e-34
219.4779249  4.774488324e-19  -3.2486043e-34
219.7387739  4.723720293e-19  -3.21406128e-34
219.9195339  4.688891545e-19  -3.190363491e-34
220  4.673479239e-19  -3.179876821e-34
220.0804661  4.658123202e-19  -3.169428436e-34
220.2612261  4.623831217e-19  -3.146095865e-34
220.5220751  4.574838965e-19  -3.112761101e-34
220.834721  4.516876668e-19  -3.073323039e-34
221.165279  4.456479548e-19  -3.032228302e-34
221.4779249  4.400179892e-19  -2.993921515e-34
221.7387739  4.353811978e-19  -2.962372374e-34
221.9195339  4.321998988e-19  -2.940726533e-34
222  4.307920451e-19  -2.931147371e-34
222.0804661  4.293892851e-19  -2.921602868e-34
222.2612261  4.262565764e-19  -2.900287639e-34
222.5220751  4.217805365e-19  -2.869832266e-34
222.834721  4.16484355e-19  -2.833796576e-34
223.165279  4.109649754e-19  -2.796242227e-34
223.4779249  4.058193713e-19  -2.761231078e-34
223.7387739  4.015810044e-19  -2.732392854e-34
223.9195339  3.986728052e-19  -2.712605208e-34
224  3.973857415e-19  -2.703847912e-34
224.0804661  3.961032929e-19  -2.695122017e-34
224.2612261  3.93239119e-19  -2.675633924e-34
224.5220751  3.891464017e-19  -2.647786712e-34
224.834721  3.843032231e-19  -2.614833294e-34
225.165279  3.792552895e-19  -2.580486705e-34
225.4779249  3.745486022e-19  -2.548461986e-34
225.7387739  3.706713239e-19  -2.52208064e-34
225.9195339  3.680106565e-19  -2.503977222e-34
226  3.668330805e-19  -2.495964891e-34
226.0804661  3.656596898e-19  -2.487981036e-34
226.2612261  3.630389468e-19  -2.470149267e-34
226.5220751  3.592937506e-19  -2.44466662e-34
226.834721  3.548613168e-19  -2.414507946e-34
227.165279  3.502409105e-19  -2.383070291e-34
227.4779249  3.459323073e-19  -2.353754171e-34
227.7387739  3.423825659e-19  -2.329601415e-34
227.9195339  3.399464515e-19  -2.313025877e-34
228  3.38868205e-19  -2.305689392e-34
228.0804661  3.377937571e-19  -2.298378753e-34
228.2612261  3.353938794e-19  -2.282049771e-34
228.5220751  3.319640197e-19  -2.258712701e-34
228.834721  3.279043367e-19  -2.231090257e-34
229.165279  3.236719646e-19  -2.202292821e-34
229.4779249  3.197247217e-19  -2.175435429e-34
229.7387739  3.164723379e-19  -2.153305921e-34
229.9195339  3.142401053e-19  -2.138117612e-34
230  3.132520495e-19  -2.131394792e-34
230.0804661  3.122674443e-19  -2.124695451e-34
230.2612261  3.100681291e-19  -2.109731115e-34
230.5220751  3.069246456e-19  -2.088342574e-34
230.834721  3.03203521e-19  -2.063023711e-34
231.165279  2.993236366e-19  -2.036624632e-34
231.4779249  2.957046952e-19  -2.012001034e-34
231.7387739  2.927224977e-19  -1.991709897e-34
231.9195339  2.906755342e-19  -1.977782175e-34
232  2.897694398e-19  -1.971617028e-34
232.0804661  2.888664826e-19  -1.965473227e-34
232.2612261  2.868494461e-19  -1.951749131e-34
232.5220751  2.839662559e-19  -1.932131649e-34
232.834721  2.805528906e-19  -1.908906808e-34
233.165279  2.7699347e-19  -1.884688194e-34
233.4779249  2.736730433e-19  -1.862095716e-34
233.7387739  2.70936547e-19  -1.843476352e-34
233.9195339  2.690580782e-19  -1.830695083e-34
234  2.682265283e-19  -1.825037143e-34
234.0804661  2.67397833e-19  -1.819398627e-34
234.2612261  2.655465947e-19  -1.806802637e-34
234.5220751  2.62900185e-19  -1.78879623e-34
234.834721  2.597668112e-19  -1.767476476e-34
235.165279  2.564989784e-19  -1.745241851e-34
235.4779249  2.534502034e-19  -1.724497715e-34
235.7387739  2.509373239e-19  -1.70739986e-34
235.9195339  2.492122185e-19  -1.695662089e-34
236  2.484485226e-19  -1.690465834e-34
236.0804661  2.47687426e-19  -1.685287265e-34
236.2612261  2.459871176e-19  -1.673718216e-34
236.5220751  2.435562736e-19  -1.657178537e-34
236.834721  2.406778343e-19  -1.63759338e-34
237.165279  2.376755285e-19  -1.617165425e-34
237.4779249  2.348741579e-19  -1.59810465e-34
237.7387739  2.325649586e-19  -1.582392653e-34
237.9195339  2.309795558e-19  -1.571605431e-34
238  2.302776727e-19  -1.566829757e-34
238.0804661  2.295781587e-19  -1.562070201e-34
238.2612261  2.280153546e-19  -1.551436743e-34
238.5220751  2.257809184e-19  -1.53623344e-34
238.834721  2.231347828e-19  -1.518228898e-34
239.165279  2.203744636e-19  -1.499447441e-34
239.4779249  2.17798592e-19  -1.481920982e-34
239.7387739  2.156750597e-19  -1.467472279e-34
239.9195339  2.142170152e-19  -1.457551615e-34
240  2.135714862e-19  -1.453159378e-34
240.0804661  2.129281178e-19  -1.448781843e-34
240.2612261  2.114906847e-19  -1.43900142e-34
240.5220751  2.094353407e-19  -1.425016676e-34
240.834721  2.070010521e-19  -1.40845356e-34
241.165279  2.044614374e-19  -1.391173796e-34
241.4779249  2.020912583e-19  -1.375046887e-34
241.7387739  2.001371037e-19  -1.361750645e-34
241.9195339  1.987952537e-19  -1.352620579e-34
242  1.982011415e-19  -1.348578186e-34
242.0804661  1.976090014e-19  -1.344549213e-34
242.2612261  1.962859647e-19  -1.335547153e-34
242.5220751  1.943940492e-19  -1.322674392e-34
242.834721  1.921531004e-19  -1.307426777e-34
243.165279  1.898149337e-19  -1.291517683e-34
243.4779249  1.876325233e-19  -1.276668368e-34
243.7387739  1.858330037e-19  -1.264424277e-34
243.9195339  1.845972436e-19  -1.256016056e-34
244  1.84050079e-19  -1.252293099e-34
244.0804661  1.835047159e-19  -1.2485824e-34
244.2612261  1.822861405e-19  -1.240291105e-34
244.5220751  1.805434727e-19  -1.228433838e-34
244.834721  1.784791062e-19  -1.214387705e-34
245.165279  1.763249495e-19  -1.199730631e-34
245.4779249  1.743140742e-19  -1.186048457e-34
245.7387739  1.726558358e-19  -1.174765656e-34
245.9195339  1.715170119e-19  -1.167016996e-34
246  1.710127463e-19  -1.163585928e-34
246.0804661  1.705101274e-19  -1.160166065e-34
246.2612261  1.693870123e-19  -1.15252429e-34
246.5220751  1.67780743e-19  -1.141595091e-34
246.834721  1.658777735e-19  -1.128647117e-34
247.165279  1.638918224e-19  -1.115134529e-34
247.4779249  1.620377679e-19  -1.102519378e-34
247.7387739  1.60508705e-19  -1.092115498e-34
247.9195339  1.594585184e-19  -1.084969934e-34
248  1.58993481e-19  -1.081805779e-34
248.0804661  1.5852995e-19  -1.078651873e-34
248.2612261  1.574941335e-19  -1.071604085e-34
248.5220751  1.56012611e-19  -1.061523674e-34
248.834721  1.542572665e-19  -1.049580154e-34
249.165279  1.52425186e-19  -1.037114516e-34
249.4779249  1.507146041e-19  -1.025475565e-34
249.7387739  1.493037339e-19  -1.015875878e-34
249.9195339  1.483346547e-19  -1.009282177e-34
250  1.479055147e-19  -1.006362271e-34
250.0804661  1.474777538e-19  -1.003451747e-34
250.2612261  1.465218296e-19  -9.96947554e-35
250.5220751  1.451544795e-19  -9.876439825e-35
250.834721  1.435342602e-19  -9.766198661e-35
251.165279  1.418430377e-19  -9.651126378e-35
251.4779249  1.402638101e-19  -9.543674332e-35
251.7387739  1.389611604e-19  -9.455040889e-35
251.9195339  1.380663514e-19  -9.394157288e-35
252  1.376700842e-19  -9.367194918e-35
252.0804661  1.372750804e-19  -9.340318504e-35
252.2612261  1.363923224e-19  -9.280254865e-35
252.5220751  1.351295407e-19  -9.194334076e-35
252.834721  1.336330924e-19  -9.092514403e-35
253.165279  1.320709065e-19  -8.986221889e-35
253.4779249  1.306120231e-19  -8.886958162e-35
253.7387739  1.294085327e-19  -8.805071608e-35
253.9195339  1.285817805e-19  -8.74881865e-35
254  1.282156374e-19  -8.723905948e-35
254.0804661  1.278506524e-19  -8.699072043e-35
254.2612261  1.270349475e-19  -8.643570759e-35
254.5220751  1.258680047e-19  -8.564170936e-35
254.834721  1.244850062e-19  -8.470070485e-35
255.165279  1.230411097e-19  -8.371826486e-35
255.4779249  1.216925593e-19  -8.280069914e-35
255.7387739  1.205799883e-19  -8.2043696e-35
255.9195339  1.198156423e-19  -8.152362813e-35
256  1.194771233e-19  -8.129329682e-35
256.0804661  1.191396667e-19  -8.106368836e-35
256.2612261  1.183854549e-19  -8.05505159e-35
256.5220751  1.173064106e-19  -7.981632458e-35
256.834721  1.160274723e-19  -7.894612364e-35
257.165279  1.146920871e-19  -7.803751564e-35
257.4779249  1.134447602e-19  -7.718882332e-35
257.7387739  1.124156102e-19  -7.64885805e-35
257.9195339  1.117085276e-19  -7.600747523e-35
258  1.113953575e-19  -7.579439151e-35
258.0804661  1.110831626e-19  -7.558197133e-35
258.2612261  1.103853828e-19  -7.510719575e-35
258.5220751  1.093870088e-19  -7.442789322e-35
258.834721  1.082035828e-19  -7.362267966e-35
259.165279  1.069678058e-19  -7.278184599e-35
259.4779249  1.058134073e-19  -7.199638298e-35
259.7387739  1.048608493e-19  -7.134825403e-35
259.9195339  1.042063464e-19  -7.090292445e-35
260  1.039164528e-19  -7.070567825e-35
260.0804661  1.036274549e-19  -7.050904156e-35
260.2612261  1.029814973e-19  -7.006952622e-35
260.5220751  1.02057209e-19  -6.944063226e-35
260.834721  1.009615075e-19  -6.869510723e-35
261.165279  9.981722664e-20  -6.791652836e-35
261.4779249  9.874819748e-20  -6.718915142e-35
261.7387739  9.786600783e-20  -6.658890173e-35
261.9195339  9.725981566e-20  -6.61764432e-35
262  9.69913096e-20  -6.599374928e-35
262.0804661  9.672362692e-20  -6.581161561e-35
262.2612261  9.61252892e-20  -6.54045013e-35
262.5220751  9.526908404e-20  -6.48219317e-35
262.834721  9.425400689e-20  -6.413126419e-35
263.165279  9.31938255e-20  -6.340990735e-35
263.4779249  9.220327245e-20  -6.273592624e-35
263.7387739  9.138577516e-20  -6.217969382e-35
263.9195339  9.082400007e-20  -6.179745705e-35
264  9.057515864e-20  -6.162814313e-35
264.0804661  9.032707452e-20  -6.145934449e-35
264.2612261  8.977252357e-20  -6.10820231e-35
264.5220751  8.897892557e-20  -6.054205196e-35
264.834721  8.80379949e-20  -5.990183437e-35
265.165279  8.705516384e-20  -5.923310738e-35
265.4779249  8.61367964e-20  -5.860824201e-35
265.7387739  8.537881128e-20  -5.80925022e-35
265.9195339  8.485789945e-20  -5.773806916e-35
266  8.462715004e-20  -5.75810652e-35
266.0804661  8.43970976e-20  -5.742453548e-35
266.2612261  8.388283438e-20  -5.707462622e-35
266.5220751  8.314684456e-20  -5.65738522e-35
266.834721  8.227414616e-20  -5.598006045e-35
267.165279  8.136250284e-20  -5.535977023e-35
267.4779249  8.051057661e-20  -5.478011204e-35
267.7387739  7.980737268e-20  -5.430164584e-35
267.9195339  7.932407823e-20  -5.3972808e-35
268  7.910998441e-20  -5.382713666e-35
268.0804661  7.889653244e-20  -5.368190204e-35
268.2612261  7.841936075e-20  -5.335723018e-35
268.5220751  7.77364124e-20  -5.289254606e-35
268.834721  7.692654296e-20  -5.234150369e-35
269.165279  7.608045654e-20  -5.176581897e-35
269.4779249  7.528972218e-20  -5.122779628e-35
269.7387739  7.463697579e-20  -5.078366183e-35
269.9195339  7.41883321e-20  -5.047840068e-35
270  7.398958097e-20  -5.034316864e-35
270.0804661  7.379142129e-20  -5.020833903e-35
270.2612261  7.334841953e-20  -4.99069167e-35
270.5220751  7.271433804e-20  -4.947548202e-35
270.834721  7.196235768e-20  -4.896382789e-35
271.165279  7.117667972e-20  -4.842924563e-35
271.4779249  7.04423371e-20  -4.792959238e-35
271.7387739  6.98360942e-20  -4.751709932e-35
271.9195339  6.941938802e-20  -4.723356873e-35
272  6.923477878e-20  -4.710795897e-35
272.0804661  6.905071487e-20  -4.698272024e-35
272.2612261  6.86392107e-20  -4.670272915e-35
272.5220751  6.805017733e-20  -4.630194561e-35
272.834721  6.735156685e-20  -4.582660482e-35
273.165279  6.662158684e-20  -4.532991994e-35
273.4779249  6.593924367e-20  -4.486564758e-35
273.7387739  6.537588584e-20  -4.44823339e-35
273.9195339  6.498863407e-20  -4.421884435e-35
274  6.48170677e-20  -4.410210907e-35
274.0804661  6.464600444e-20  -4.398571611e-35
274.2612261  6.426355191e-20  -4.372549201e-35
274.5220751  6.371607114e-20  -4.335298123e-35
274.834721  6.306669349e-20  -4.29111389e-35
275.165279  6.238809881e-20  -4.244941704e-35
275.4779249  6.175373337e-20  -4.201778916e-35
275.7387739  6.122994715e-20  -4.166140036e-35
275.9195339  6.08698758e-20  -4.141640461e-35
276  6.071034581e-20  -4.130785899e-35
276.0804661  6.055128024e-20  -4.119962936e-35
276.2612261  6.019563914e-20  -4.0957648e-35
276.5220751  5.968650928e-20  -4.061123152e-35
276.834721  5.908257479e-20  -4.020030912e-35
277.165279  5.845141451e-20  -3.977086205e-35
277.4779249  5.786134205e-20  -3.93693715e-35
277.7387739  5.73740913e-20  -3.903784177e-35
277.9195339  5.703911656e-20  -3.880992197e-35
278  5.689070058e-20  -3.870893842e-35
278.0804661  5.674271357e-20  -3.860824675e-35
278.2612261  5.641183083e-20  -3.838311119e-35
278.5220751  5.593811742e-20  -3.806079237e-35
278.834721  5.537615242e-20  -3.767842639e-35
279.165279  5.478880471e-20  -3.727878979e-35
279.4779249  5.423964702e-20  -3.690513801e-35
279.7387739  5.378614799e-20  -3.659657324e-35
279.9195339  5.34743591e-20  -3.638442931e-35
280  5.333621136e-20  -3.629043236e-35
280.0804661  5.319846005e-20  -3.619670514e-35
280.2612261  5.28904529e-20  -3.598713434e-35
280.5220751  5.244946473e-20  -3.568708207e-35
280.834721  5.19262832e-20  -3.533110471e-35
281.165279  5.137942583e-20  -3.495901809e-35
281.4779249  5.086808384e-20  -3.461109645e-35
281.7387739  5.044578253e-20  -3.432375889e-35
281.9195339  5.015542637e-20  -3.412619797e-35
282  5.00267708e-20  -3.403865958e-35
282.0804661  4.989848181e-20  -3.395137061e-35
282.2612261  4.96116226e-20  -3.375618905e-35
282.5220751  4.920089e-20  -3.347672294e-35
282.834721  4.871356798e-20  -3.314514471e-35
283.165279  4.820415163e-20  -3.27985333e-35
283.4779249  4.772778059e-20  -3.24744062e-35
283.7387739  4.73343324e-20  -3.220670056e-35
283.9195339  4.706379945e-20  -3.202262753e-35
284  4.694392354e-20  -3.19410629e-35
284.0804661  4.682438679e-20  -3.185972903e-35
284.2612261  4.655708924e-20  -3.16778574e-35
284.5220751  4.617434448e-20  -3.141743447e-35
284.834721  4.572019681e-20  -3.110842835e-35
285.165279  4.524542099e-20  -3.078538667e-35
285.4779249  4.480140801e-20  -3.048327628e-35
285.7387739  4.443465924e-20  -3.023373716e-35
285.9195339  4.418247094e-20  -3.0062146e-35
286  4.407072013e-20  -2.998610975e-35
286.0804661  4.395928329e-20  -2.991028714e-35
286.2612261  4.371009002e-20  -2.974073382e-35
286.5220751  4.335324953e-20  -2.949793638e-35
286.834721  4.292980893e-20  -2.920982363e-35
287.165279  4.24871001e-20  -2.890860061e-35
287.4779249  4.207304381e-20  -2.862687303e-35
287.7387739  4.173101497e-20  -2.839415356e-35
287.9195339  4.149581223e-20  -2.823411953e-35
288  4.139158484e-20  -2.816320229e-35
288.0804661  4.128764824e-20  -2.80924829e-35
288.2612261  4.105521954e-20  -2.793433635e-35
288.5220751  4.072236783e-20  -2.770786109e-35
288.834721  4.032736584e-20  -2.743909822e-35
289.165279  3.991435762e-20  -2.715808375e-35
289.4779249  3.952804977e-20  -2.689523646e-35
289.7387739  3.920892037e-20  -2.667809798e-35
289.9195339  3.898945324e-20  -2.652877059e-35
290  3.889219585e-20  -2.64625958e-35
290.0804661  3.879520795e-20  -2.639660437e-35
290.2612261  3.857831152e-20  -2.624902611e-35
290.5220751  3.826768657e-20  -2.603767413e-35
290.834721  3.789903631e-20  -2.578684122e-35
291.165279  3.751355157e-20  -2.552455397e-35
291.4779249  3.715296029e-20  -2.527920446e-35
291.7387739  3.685505512e-20  -2.507650714e-35
291.9195339  3.665017331e-20  -2.493710374e-35
292  3.655937664e-20  -2.487532487e-35
292.0804661  3.646882983e-20  -2.481371602e-35
292.2612261  3.626633154e-20  -2.467593438e-35
292.5220751  3.597631157e-20  -2.447860221e-35
292.834721  3.563209212e-20  -2.424439224e-35
293.165279  3.527212665e-20  -2.399946854e-35
293.4779249  3.493538131e-20  -2.377034401e-35
293.7387739  3.465715798e-20  -2.358103838e-35
293.9195339  3.446580232e-20  -2.345083829e-35
294  3.43809974e-20  -2.339313627e-35
294.0804661  3.429642426e-20  -2.333559196e-35
294.2612261  3.410727971e-20  -2.320689632e-35
294.5220751  3.383637119e-20  -2.302256775e-35
294.834721  3.351481338e-20  -2.280377696e-35
295.165279  3.317852113e-20  -2.257496073e-35
295.4779249  3.286389855e-20  -2.236088872e-35
295.7387739  3.260393612e-20  -2.218400798e-35
295.9195339  3.242513081e-20  -2.206234726e-35
296  3.234588556e-20  -2.200842808e-35
296.0804661  3.226685544e-20  -2.195465529e-35
296.2612261  3.209010233e-20  -2.18343909e-35
296.5220751  3.183692904e-20  -2.166212954e-35
296.834721  3.153640254e-20  -2.145764864e-35
297.165279  3.12220822e-20  -2.124378228e-35
297.4779249  3.092799414e-20  -2.104368216e-35
297.7387739  3.068498288e-20  -2.087833513e-35
297.9195339  3.051782839e-20  -2.076460173e-35
298  3.04437445e-20  -2.07141944e-35
298.0804661  3.036986039e-20  -2.066392299e-35
298.2612261  3.020461158e-20  -2.055148623e-35
298.5220751  2.996790472e-20  -2.039042878e-35
298.834721  2.968690631e-20  -2.019923496e-35
299.165279  2.939298906e-20  -1.999925106e-35
299.4779249  2.91179709e-20  -1.981212625e-35
299.7387739  2.889070285e-20  -1.965749105e-35
299.9195339  2.873436954e-20  -1.955112048e-35
300  2.866507964e-20  -1.950397501e-35
300.0804661  2.859597534e-20  -1.945695583e-35
300.2612261  2.844141253e-20  -1.935178992e-35
300.5220751  2.822000167e-20  -1.920114e-35
300.834721  2.795714458e-20  -1.90222897e-35
301.165279  2.768218303e-20  -1.883520342e-35
301.4779249  2.742488333e-20  -1.866013442e-35
301.7387739  2.721224386e-20  -1.851545263e-35
301.9195339  2.706596612e-20  -1.841592396e-35
302  2.700113117e-20  -1.837180968e-35
302.0804661  2.693646874e-20  -1.832781279e-35
302.2612261  2.67918367e-20  -1.822940386e-35
302.5220751  2.658464158e-20  -1.808842647e-35
302.834721  2.633864579e-20  -1.792104874e-35
303.165279  2.608130384e-20  -1.774595099e-35
303.4779249  2.584047498e-20  -1.758208889e-35
303.7387739  2.564143498e-20  -1.744666031e-35
303.9195339  2.550450591e-20  -1.735349255e-35
304  2.544381286e-20  -1.731219646e-35
304.0804661  2.538328025e-20  -1.727100953e-35
304.2612261  2.524788163e-20  -1.717888311e-35
304.5220751  2.505390469e-20  -1.704689948e-35
304.834721  2.482358807e-20  -1.689019e-35
305.165279  2.458263167e-20  -1.672624113e-35
305.4779249  2.435712127e-20  -1.657280184e-35
305.7387739  2.417073012e-20  -1.644597965e-35
305.9195339  2.404249669e-20  -1.635872848e-35
306  2.398565634e-20  -1.63200538e-35
306.0804661  2.392896525e-20  -1.628148068e-35
306.2612261  2.380215577e-20  -1.619519838e-35
306.5220751  2.362047533e-20  -1.607158139e-35
306.834721  2.340474558e-20  -1.592479696e-35
307.165279  2.317903441e-20  -1.577122107e-35
307.4779249  2.296777746e-20  -1.562747996e-35
307.7387739  2.279315656e-20  -1.550866635e-35
307.9195339  2.267301518e-20  -1.542692109e-35
308  2.261976021e-20  -1.539068593e-35
308.0804661  2.256664419e-20  -1.535454532e-35
308.2612261  2.244782828e-20  -1.527370192e-35
308.5220751  2.227759233e-20  -1.515787186e-35
308.834721  2.207543965e-20  -1.502032539e-35
309.165279  2.186391938e-20  -1.487640511e-35
309.4779249  2.166593116e-20  -1.474169217e-35
309.7387739  2.150226807e-20  -1.463033434e-35
309.9195339  2.138966058e-20  -1.455371521e-35
310  2.133974378e-20  -1.451975137e-35
310.0804661  2.128995638e-20  -1.448587558e-35
310.2612261  2.117858328e-20  -1.441009634e-35
310.5220751  2.101900378e-20  -1.430151703e-35
310.834721  2.082949416e-20  -1.4172573e-35
311.165279  2.063118952e-20  -1.403764476e-35
311.4779249  2.044555905e-20  -1.391134013e-35
311.7387739  2.029210211e-20  -1.380692667e-35
311.9195339  2.018651209e-20  -1.373508228e-35
312  2.013970473e-20  -1.370323414e-35
312.0804661  2.009301794e-20  -1.367146803e-35
312.2612261  1.998857799e-20  -1.360040616e-35
312.5220751  1.983892576e-20  -1.349858145e-35
312.834721  1.966119482e-20  -1.337765174e-35
313.165279  1.947520321e-20  -1.325110139e-35
313.4779249  1.930108731e-20  -1.313263139e-35
313.7387739  1.915714078e-20  -1.303468889e-35
313.9195339  1.905809016e-20  -1.296729397e-35
314  1.901418051e-20  -1.293741745e-35
314.0804661  1.897038324e-20  -1.29076174e-35
314.2612261  1.887240463e-20  -1.284095189e-35
314.5220751  1.873200457e-20  -1.274542243e-35
314.834721  1.856525202e-20  -1.263196251e-35
315.165279  1.839073766e-20  -1.251322139e-35
315.4779249  1.822735553e-20  -1.240205474e-35
315.7387739  1.809227508e-20  -1.23101448e-35
315.9195339  1.799932113e-20  -1.22468981e-35
316  1.795811307e-20  -1.221885978e-35
316.0804661  1.791700981e-20  -1.219089275e-35
316.2612261  1.782505555e-20  -1.212832626e-35
316.5220751  1.769328232e-20  -1.203866658e-35
316.834721  1.753676682e-20  -1.193217204e-35
317.165279  1.737295544e-20  -1.182071332e-35
317.4779249  1.721958369e-20  -1.171635782e-35
317.7387739  1.709277231e-20  -1.163007423e-35
317.9195339  1.700550478e-20  -1.157069662e-35
318  1.69668166e-20  -1.154437284e-35
318.0804661  1.692822619e-20  -1.151811559e-35
318.2612261  1.684189133e-20  -1.145937258e-35
318.5220751  1.671816543e-20  -1.137518838e-35
318.834721  1.65711999e-20  -1.127519172e-35
319.165279  1.641737387e-20  -1.117052713e-35
319.4779249  1.627334196e-20  -1.107252653e-35
319.7387739  1.615424624e-20  -1.099149275e-35
319.9195339  1.60722848e-20  -1.093572546e-35
320  1.603594804e-20  -1.09110016e-35
320.0804661  1.599970253e-20  -1.088633983e-35
320.2612261  1.591861162e-20  -1.083116486e-35
320.5220751  1.580239575e-20  -1.075209055e-35
320.834721  1.566434313e-20  -1.065815832e-35
321.165279  1.551983699e-20  -1.055983506e-35
321.4779249  1.538452307e-20  -1.046776626e-35
321.7387739  1.527262976e-20  -1.039163306e-35
321.9195339  1.51956217e-20  -1.033923609e-35
322  1.516148009e-20  -1.031600584e-35
322.0804661  1.51274237e-20  -1.029283356e-35
322.2612261  1.505122849e-20  -1.024098967e-35
322.5220751  1.494202427e-20  -1.016668614e-35
322.834721  1.481229357e-20  -1.007841622e-35
323.165279  1.467648994e-20  -9.986014223e-36
323.4779249  1.454931707e-20  -9.899484674e-36
323.7387739  1.444414992e-20  -9.827928011e-36
323.9195339  1.437176792e-20  -9.778678657e-36
324  1.433967648e-20  -9.756843356e-36
324.0804661  1.430766464e-20  -9.735062216e-36
324.2612261  1.423604198e-20  -9.686329519e-36
324.5220751  1.413338686e-20  -9.616482065e-36
324.834721  1.401142959e-20  -9.533501249e-36
325.165279  1.388375544e-20  -9.446630625e-36
325.4779249  1.376418808e-20  -9.365275931e-36
325.7387739  1.366530501e-20  -9.297995011e-36
325.9195339  1.359724522e-20  -9.251686526e-36
326  1.356706934e-20  -9.231154586e-36
326.0804661  1.353696785e-20  -9.210673263e-36
326.2612261  1.346961769e-20  -9.164847618e-36
326.5220751  1.337308223e-20  -9.099164036e-36
326.834721  1.325838909e-20  -9.021125798e-36
327.165279  1.313831231e-20  -8.939424492e-36
327.4779249  1.302585312e-20  -8.862906258e-36
327.7387739  1.293284355e-20  -8.79962172e-36
327.9195339  1.286882375e-20  -8.756062084e-36
328  1.28404384e-20  -8.736748437e-36
328.0804661  1.28121226e-20  -8.717482114e-36
328.2612261  1.274876627e-20  -8.674373903e-36
328.5220751  1.265795156e-20  -8.612582769e-36
328.834721  1.255004944e-20  -8.539165203e-36
329.165279  1.243707569e-20  -8.462296859e-36
329.4779249  1.233126259e-20  -8.390300688e-36
329.7387739  1.224374503e-20  -8.330752963e-36
329.9195339  1.2183503e-20  -8.289763752e-36
330  1.215679201e-20  -8.271589352e-36
330.0804661  1.213014606e-20  -8.253459214e-36
330.2612261  1.207052458e-20  -8.212892228e-36
330.5220751  1.198505992e-20  -8.154741311e-36
330.834721  1.188350911e-20  -8.085645244e-36
331.165279  1.177717893e-20  -8.013297242e-36
331.4779249  1.167758243e-20  -7.945530899e-36
331.7387739  1.159520227e-20  -7.889478703e-36
331.9195339  1.153849424e-20  -7.850894053e-36
332  1.151334959e-20  -7.833785415e-36
332.0804661  1.148826582e-20  -7.816718192e-36
332.2612261  1.143213843e-20  -7.778528616e-36
332.5220751  1.135167915e-20  -7.723783405e-36
332.834721  1.125607085e-20  -7.658730673e-36
333.165279  1.115595701e-20  -7.590612323e-36
333.4779249  1.106217771e-20  -7.526804056e-36
333.7387739  1.098460516e-20  -7.474023001e-36
333.9195339  1.093120441e-20  -7.437688655e-36
334  1.090752567e-20  -7.421577434e-36
334.0804661  1.088390392e-20  -7.405504981e-36
334.2612261  1.083104669e-20  -7.369540452e-36
334.5220751  1.075527221e-20  -7.317982824e-36
334.834721  1.066522615e-20  -7.256714681e-36
335.165279  1.057093121e-20  -7.192555566e-36
335.4779249  1.048259755e-20  -7.132452558e-36
335.7387739  1.040952578e-20  -7.082733876e-36
335.9195339  1.035922137e-20  -7.048506312e-36
336  1.033691509e-20  -7.033328917e-36
336.0804661  1.031466216e-20  -7.018187826e-36
336.2612261  1.026486672e-20  -6.984306572e-36
336.5220751  1.019347874e-20  -6.935733554e-36
336.834721  1.010864102e-20  -6.878009211e-36
337.165279  1.001979511e-20  -6.817557667e-36
337.4779249  9.936561259e-21  -6.760924615e-36
337.7387739  9.867704688e-21  -6.714073992e-36
337.9195339  9.820300283e-21  -6.681819613e-36
338  9.799279448e-21  -6.66751685e-36
338.0804661  9.778308597e-21  -6.653248096e-36
338.2612261  9.731381e-21  -6.621318142e-36
338.5220751  9.664101805e-21  -6.57554078e-36
338.834721  9.584142954e-21  -6.521136067e-36
339.165279  9.500401706e-21  -6.464157777e-36
339.4779249  9.421945659e-21  -6.410775585e-36
339.7387739  9.357038354e-21  -6.366612078e-36
339.9195339  9.312351106e-21  -6.336206477e-36
340  9.292534707e-21  -6.322723223e-36
340.0804661  9.27276515e-21  -6.309271841e-36
340.2612261  9.22852475e-21  -6.279170279e-36
340.5220751  9.165095705e-21  -6.236012594e-36
340.834721  9.089708866e-21  -6.184718718e-36
341.165279  9.010751511e-21  -6.130995431e-36
341.4779249  8.936773314e-21  -6.080660009e-36
341.7387739  8.875567542e-21  -6.039015058e-36
341.9195339  8.833427114e-21  -6.010342335e-36
342  8.814739672e-21  -5.997627234e-36
342.0804661  8.796096147e-21  -5.984942014e-36
342.2612261  8.754374647e-21  -5.956554334e-36
342.5220751  8.694554774e-21  -5.915852361e-36
342.834721  8.623454021e-21  -5.867474777e-36
343.165279  8.548981653e-21  -5.816803116e-36
343.4779249  8.479201781e-21  -5.76932427e-36
343.7387739  8.421466664e-21  -5.730040783e-36
343.9195339  8.3817143e-21  -5.702992922e-36
344  8.364085469e-21  -5.690998108e-36
344.0804661  8.346497826e-21  -5.67903132e-36
344.2612261  8.307138365e-21  -5.652250792e-36
344.5220751  8.250703045e-21  -5.613851699e-36
344.834721  8.183621849e-21  -5.568209056e-36
345.165279  8.113355823e-21  -5.520399428e-36
345.4779249  8.047513676e-21  -5.475599846e-36
345.7387739  7.993033956e-21  -5.43853136e-36
345.9195339  7.955521637e-21  -5.413007645e-36
346  7.938885825e-21  -5.40168849e-36
346.0804661  7.922288656e-21  -5.390395629e-36
346.2612261  7.885144967e-21  -5.365122733e-36
346.5220751  7.831884745e-21  -5.328884005e-36
346.834721  7.768574554e-21  -5.285807187e-36
347.165279  7.702255003e-21  -5.240682776e-36
347.4779249  7.64010753e-21  -5.198397082e-36
347.7387739  7.588682433e-21  -5.163406989e-36
347.9195339  7.553272091e-21  -5.139313477e-36
348  7.537568114e-21  -5.128628352e-36
348.0804661  7.521900406e-21  -5.117967904e-36
348.2612261  7.486836047e-21  -5.094109803e-36
348.5220751  7.436555532e-21  -5.059898493e-36
348.834721  7.376784466e-21  -5.019229729e-36
349.165279  7.31416894e-21  -4.976625568e-36
349.4779249  7.255489362e-21  -4.936699461e-36
349.7387739  7.206931547e-21  -4.903660292e-36
349.9195339  7.173494345e-21  -4.880909323e-36
350  7.158665109e-21  -4.870819379e-36
350.0804661  7.143869926e-21  -4.860752605e-36
350.2612261  7.110757571e-21  -4.838222665e-36
350.5220751  7.063274413e-21  -4.805914701e-36
350.834721  7.006826061e-21  -4.767506741e-36
351.165279  6.947688268e-21  -4.727268861e-36
351.4779249  6.892264907e-21  -4.689558314e-36
351.7387739  6.846399496e-21  -4.65835108e-36
351.9195339  6.814815166e-21  -4.636860821e-36
352  6.800807371e-21  -4.627329793e-36
352.0804661  6.786831562e-21  -4.617820528e-36
352.2612261  6.755552342e-21  -4.596537869e-36
352.5220751  6.710696297e-21  -4.566017417e-36
352.834721  6.657368605e-21  -4.529732781e-36
353.165279  6.60149725e-21  -4.491717414e-36
353.4779249  6.549132447e-21  -4.456087937e-36
353.7387739  6.505796134e-21  -4.426601524e-36
353.9195339  6.475952358e-21  -4.406295554e-36
354  6.46271623e-21  -4.397289575e-36
354.0804661  6.449510154e-21  -4.388304043e-36
354.2612261  6.419953054e-21  -4.36819313e-36
354.5220751  6.377565119e-21  -4.339352002e-36
354.834721  6.327169361e-21  -4.30506228e-36
355.165279  6.274367077e-21  -4.269135137e-36
355.4779249  6.224876189e-21  -4.235461097e-36
355.7387739  6.183916413e-21  -4.207591701e-36
355.9195339  6.155708262e-21  -4.188398624e-36
356  6.143197296e-21  -4.179886052e-36
356.0804661  6.130714577e-21  -4.171392699e-36
356.2612261  6.102775875e-21  -4.152382958e-36
356.5220751  6.06270749e-21  -4.125120072e-36
356.834721  6.015067323e-21  -4.092705279e-36
357.165279  5.965149681e-21  -4.058740872e-36
357.4779249  5.918360157e-21  -4.026904864e-36
357.7387739  5.879634344e-21  -4.000555476e-36
357.9195339  5.85296375e-21  -3.982408567e-36
358  5.841134484e-21  -3.97435983e-36
358.0804661  5.829331777e-21  -3.966329162e-36
358.2612261  5.802914529e-21  -3.948354632e-36
358.5220751  5.765026832e-21  -3.922575506e-36
358.834721  5.719977421e-21  -3.891923486e-36
359.165279  5.672772017e-21  -3.85980451e-36
359.4779249  5.628522549e-21  -3.829696778e-36
359.7387739  5.591897402e-21  -3.804776703e-36
359.9195339  5.566672678e-21  -3.787613577e-36
360  5.555484475e-21  -3.780001024e-36
360.0804661  5.544321252e-21  -3.772405467e-36
360.2612261  5.519334815e-21  -3.755404474e-36
360.5220751  5.483497965e-21  -3.731020763e-36
360.834721  5.440885173e-21  -3.70202664e-36
361.165279  5.396230782e-21  -3.671643395e-36
361.4779249  5.354370511e-21  -3.643161295e-36
361.7387739  5.319721365e-21  -3.619585708e-36
361.9195339  5.295856756e-21  -3.603348016e-36
362  5.285271608e-21  -3.596145787e-36
362.0804661  5.274709962e-21  -3.588959549e-36
362.2612261  5.251069551e-21  -3.572874404e-36
362.5220751  5.217162097e-21  -3.54980347e-36
362.834721  5.176841736e-21  -3.522369138e-36
363.165279  5.134587533e-21  -3.493619003e-36
363.4779249  5.094975321e-21  -3.466666502e-36
363.7387739  5.062185538e-21  -3.444356042e-36
363.9195339  5.039600807e-21  -3.42898919e-36
364  5.02958315e-21  -3.422173087e-36
364.0804661  5.019587613e-21  -3.415372035e-36
364.2612261  4.997213897e-21  -3.400148759e-36
364.5220751  4.965122188e-21  -3.378313276e-36
364.834721  4.926959329e-21  -3.352346927e-36
365.165279  4.886964163e-21  -3.325133861e-36
365.4779249  4.849467921e-21  -3.299621084e-36
365.7387739  4.818428333e-21  -3.278501473e-36
365.9195339  4.79704838e-21  -3.263954362e-36
366  4.787564926e-21  -3.257501736e-36
366.0804661  4.778102299e-21  -3.25106328e-36
366.2612261  4.756921017e-21  -3.236651348e-36
366.5220751  4.72653867e-21  -3.215978929e-36
366.834721  4.690407002e-21  -3.191394621e-36
367.165279  4.65253873e-21  -3.165628712e-36
367.4779249  4.617034789e-21  -3.141471515e-36
367.7387739  4.587643182e-21  -3.121473204e-36
367.9195339  4.567397688e-21  -3.10769799e-36
368  4.558417269e-21  -3.101587633e-36
368.0804661  4.549456465e-21  -3.095490622e-36
368.2612261  4.529398082e-21  -3.08184272e-36
368.5220751  4.500625476e-21  -3.062265583e-36
368.834721  4.46640671e-21  -3.038982831e-36
369.165279  4.430541577e-21  -3.014579875e-36
369.4779249  4.396914111e-21  -2.991699449e-36
369.7387739  4.369074751e-21  -2.972757301e-36
369.9195339  4.34989785e-21  -2.959709167e-36
370  4.34139127e-21  -2.953921214e-36
370.0804661  4.33290317e-21  -2.948145835e-36
370.2612261  4.313902551e-21  -2.935217645e-36
370.5220751  4.286646364e-21  -2.916672293e-36
370.834721  4.254229689e-21  -2.8946157e-36
371.165279  4.220251753e-21  -2.87149681e-36
371.4779249  4.188392244e-21  -2.849819317e-36
371.7387739  4.16201543e-21  -2.831872298e-36
371.9195339  4.143845407e-21  -2.819509253e-36
372  4.13578531e-21  -2.814025091e-36
372.0804661  4.127742628e-21  -2.808552779e-36
372.2612261  4.109738738e-21  -2.796302772e-36
372.5220751  4.08391152e-21  -2.778729703e-36
372.834721  4.05319309e-21  -2.75782861e-36
373.165279  4.020993691e-21  -2.735919853e-36
373.4779249  3.990800431e-21  -2.715376091e-36
373.7387739  3.965802088e-21  -2.698366996e-36
373.9195339  3.948581095e-21  -2.686649679e-36
374  3.940941838e-21  -2.681451861e-36
374.0804661  3.933318998e-21  -2.676265213e-36
374.2612261  3.916254623e-21  -2.66465446e-36
374.5220751  3.891774398e-21  -2.647997897e-36
374.834721  3.862656859e-21  -2.628186065e-36
375.165279  3.832134129e-21  -2.607418128e-36
375.4779249  3.803511759e-21  -2.587943213e-36
375.7387739  3.779813056e-21  -2.571818405e-36
375.9195339  3.763486853e-21  -2.560709912e-36
376  3.756244391e-21  -2.555782076e-36
376.0804661  3.749017412e-21  -2.550864775e-36
376.2612261  3.732838902e-21  -2.539856773e-36
376.5220751  3.709628795e-21  -2.52406441e-36
376.834721  3.682020853e-21  -2.505279721e-36
377.165279  3.653079252e-21  -2.485587598e-36
377.4779249  3.625938337e-21  -2.467120678e-36
377.7387739  3.603465337e-21  -2.451829849e-36
377.9195339  3.587983047e-21  -2.441295562e-36
378  3.581114827e-21  -2.436622363e-36
378.0804661  3.574261211e-21  -2.431959103e-36
378.2612261  3.558918243e-21  -2.42151961e-36
378.5220751  3.536906142e-21  -2.406542381e-36
378.834721  3.51072215e-21  -2.38872656e-36
379.165279  3.48327205e-21  -2.370049268e-36
379.4779249  3.457528679e-21  -2.35253325e-36
379.7387739  3.436212009e-21  -2.338029198e-36
379.9195339  3.421525895e-21  -2.328036636e-36
380  3.415010754e-21  -2.323603676e-36
380.0804661  3.408509394e-21  -2.319180093e-36
380.2612261  3.393954745e-21  -2.30927698e-36
380.5220751  3.373072982e-21  -2.295068843e-36
380.834721  3.348232568e-21  -2.278167204e-36
381.165279  3.322189853e-21  -2.260447509e-36
381.4779249  3.297765275e-21  -2.243828809e-36
381.7387739  3.277539823e-21  -2.230067232e-36
381.9195339  3.263605079e-21  -2.220585908e-36
382  3.257423154e-21  -2.216379672e-36
382.0804661  3.251254236e-21  -2.212182285e-36
382.2612261  3.237443581e-21  -2.202785393e-36
382.5220751  3.217628634e-21  -2.189303127e-36
382.834721  3.19405635e-21  -2.173264335e-36
383.165279  3.169342053e-21  -2.156448507e-36
383.4779249  3.146162332e-21  -2.140676819e-36
383.7387739  3.126966966e-21  -2.127616122e-36
383.9195339  3.113741522e-21  -2.118617412e-36
384  3.107874162e-21  -2.114625208e-36
384.0804661  3.102019084e-21  -2.110641361e-36
384.2612261  3.088910801e-21  -2.101722369e-36
384.5220751  3.070103025e-21  -2.088925391e-36
384.834721  3.04772802e-21  -2.073701238e-36
385.165279  3.024267983e-21  -2.057738821e-36
385.4779249  3.002263683e-21  -2.042766899e-36
385.7387739  2.984040988e-21  -2.030368016e-36
385.9195339  2.971485331e-21  -2.021825035e-36
386  2.965915019e-21  -2.018034945e-36
386.0804661  2.960356305e-21  -2.014252747e-36
386.2612261  2.947911303e-21  -2.005785057e-36
386.5220751  2.93005467e-21  -1.993635245e-36
386.834721  2.90881039e-21  -1.979180448e-36
387.165279  2.886534949e-21  -1.96402404e-36
387.4779249  2.865640837e-21  -1.9498075e-36
387.7387739  2.848336871e-21  -1.938033728e-36
387.9195339  2.836413877e-21  -1.929921217e-36
388  2.831124153e-21  -1.926322042e-36
388.0804661  2.825845387e-21  -1.922730323e-36
388.2612261  2.814026933e-21  -1.914688941e-36
388.5220751  2.7970688e-21  -1.903150477e-36
388.834721  2.776892707e-21  -1.889422484e-36
389.165279  2.755736396e-21  -1.875027542e-36
389.4779249  2.735891169e-21  -1.861524673e-36
389.7387739  2.719455237e-21  -1.850341519e-36
389.9195339  2.708130016e-21  -1.842635738e-36
390  2.703105411e-21  -1.839216952e-36
390.0804661  2.698091163e-21  -1.835805213e-36
390.2612261  2.686864733e-21  -1.82816665e-36
390.5220751  2.670755618e-21  -1.817205865e-36
390.834721  2.651588929e-21  -1.804164679e-36
391.165279  2.63149021e-21  -1.790489332e-36
391.4779249  2.612636238e-21  -1.777660922e-36
391.7387739  2.597020682e-21  -1.767035959e-36
391.9195339  2.586260433e-21  -1.75971459e-36
392  2.581486404e-21  -1.756466298e-36
392.0804661  2.576722164e-21  -1.753224667e-36
392.2612261  2.5660553e-21  -1.745966838e-36
392.5220751  2.550748681e-21  -1.735552078e-36
392.834721  2.532536121e-21  -1.723160091e-36
393.165279  2.513437131e-21  -1.710164968e-36
393.4779249  2.495520222e-21  -1.697974144e-36
393.7387739  2.480680224e-21  -1.687876877e-36
393.9195339  2.470454097e-21  -1.680918929e-36
394  2.465916967e-21  -1.677831826e-36
394.0804661  2.461389093e-21  -1.67475102e-36
394.2612261  2.451251268e-21  -1.667853154e-36
394.5220751  2.436703387e-21  -1.657954646e-36
394.834721  2.419392971e-21  -1.646176485e-36
395.165279  2.401239279e-21  -1.633824552e-36
395.4779249  2.384208458e-21  -1.62223663e-36
395.7387739  2.370101857e-21  -1.612638373e-36
395.9195339  2.360380833e-21  -1.606024102e-36
396  2.356067735e-21  -1.603089432e-36
396.0804661  2.351763392e-21  -1.600160718e-36
396.2612261  2.342125886e-21  -1.593603274e-36
396.5220751  2.328295577e-21  -1.584193009e-36
396.834721  2.311838392e-21  -1.572995394e-36
397.165279  2.294578788e-21  -1.561251806e-36
397.4779249  2.278386088e-21  -1.550234148e-36
397.7387739  2.264973212e-21  -1.541107909e-36
397.9195339  2.255729983e-21  -1.534818733e-36
398  2.251628808e-21  -1.532028258e-36
398.0804661  2.247535917e-21  -1.529243418e-36
398.2612261  2.238371703e-21  -1.523008005e-36
398.5220751  2.225220225e-21  -1.514059623e-36
398.834721  2.209570237e-21  -1.503411232e-36
399.165279  2.193156521e-21  -1.492243193e-36
399.4779249  2.177756795e-21  -1.481765083e-36
399.7387739  2.165000302e-21  -1.473085452e-36
399.9195339  2.156209161e-21  -1.467103881e-36
