#L=8 M=6
#R     Re(V)   Im(V)

0.08046609183  4.773788214e-13  1.298481127e-14
0.2612261349  5.808048913e-09  -5.534227963e-12
0.5220750502  1.479731336e-06  -1.414564447e-09
0.8347210423  6.3311133e-05  -6.084435896e-08
1.165278958  0.0009157019666  -8.873494989e-07
1.47792495  0.006148481155  -6.02062268e-06
1.738773865  0.0226196425  -2.238754273e-05
1.919533908  0.04996877566  -4.987917956e-05
2  0.06916742133  -6.886588566e-05
2.080466092  0.04864529694  -9.587053081e-05
2.261226135  0.02291816492  -0.0001887611668
2.52207505  0.008523822357  -0.0004596211542
2.834721042  0.002941128746  -0.001194770276
3.165278958  0.001069015309  -0.002950160377
3.47792495  0.0004465199811  -0.006390414129
3.738773865  0.0002267252595  -0.01156582391
3.919533908  0.0001450163655  -0.01702617709
4  0.0001194915547  -0.02010387431
4.080466092  9.876004865e-05  -0.01671251149
4.261226135  6.503673211e-05  -0.011145365
4.52207505  3.640072858e-05  -0.006346650904
4.834721042  1.870002421e-05  -0.003324173809
5.165278958  9.511967263e-06  -0.001723420123
5.47792495  5.123450653e-06  -0.0009441351637
5.738773865  3.09225447e-06  -0.0005775703198
5.919533908  2.188503784e-06  -0.0004125094446
6  1.877804528e-06  -0.0003553702416
6.080466092  1.611740873e-06  -0.0003062413054
6.261226135  1.144203145e-06  -0.0002193673834
6.52207505  6.972920984e-07  -0.0001354534974
6.834721042  3.821461774e-07  -7.548113659e-05
7.165278958  1.979104577e-07  -3.988809951e-05
7.47792495  1.018196891e-07  -2.103257414e-05
7.738773865  5.504484656e-08  -1.171616065e-05
7.919533908  3.385020226e-08  -7.440596011e-06
8  2.655699985e-08  -5.957021315e-06
8.080466092  2.03353211e-08  -4.684573835e-06
8.261226135  9.550213484e-09  -2.458223029e-06
8.52207505  -2.853713336e-10  -3.891321848e-07
8.834721042  -6.397833232e-09  9.431050389e-07
9.165278958  -9.014892912e-09  1.560332742e-06
9.47792495  -9.546828342e-09  1.734633522e-06
9.738773865  -9.235595701e-09  1.715736887e-06
9.919533908  -8.802955115e-09  1.653322052e-06
10  -8.575895929e-09  1.617293662e-06
10.08046609  -8.334391188e-09  1.577623651e-06
10.26122613  -7.75832092e-09  1.479323753e-06
10.52207505  -6.897987756e-09  1.326536394e-06
10.83472104  -5.898392926e-09  1.143483039e-06
11.16527896  -4.936330577e-09  9.63466566e-07
11.47792495  -4.138622587e-09  8.119895621e-07
11.73877387  -3.55875452e-09  7.007921271e-07
11.91953391  -3.200687854e-09  6.317049839e-07
12  -3.052233804e-09  6.029699519e-07
12.08046609  -2.910247353e-09  5.754373101e-07
12.26122613  -2.613811378e-09  5.178007882e-07
12.52207505  -2.236918282e-09  4.442212355e-07
12.83472104  -1.855290726e-09  3.693750622e-07
13.16527896  -1.522689426e-09  3.03858474e-07
13.47792495  -1.264124305e-09  2.527361923e-07
13.73877387  -1.083271769e-09  2.168765089e-07
13.91953391  -9.73918551e-10  1.951513907e-07
14  -9.290161666e-10  1.862211534e-07
14.08046609  -8.862816065e-10  1.777168148e-07
14.26122613  -7.976498234e-10  1.600621619e-07
14.52207505  -6.858890024e-10  1.377675863e-07
14.83472104  -5.734193725e-10  1.152930904e-07
15.16527896  -4.75597228e-10  9.57125257e-08
15.47792495  -3.993974976e-10  8.04375651e-08
15.73877387  -3.45860831e-10  6.96932869e-08
15.91953391  -3.133322048e-10  6.315993831e-08
16  -2.999303633e-10  6.046702056e-08
16.08046609  -2.871471419e-10  5.789776007e-08
16.26122613  -2.605330993e-10  5.254662907e-08
16.52207505  -2.26736538e-10  4.574725432e-08
16.83472104  -1.923801515e-10  3.883040216e-08
17.16527896  -1.621255939e-10  3.273516406e-08
17.47792495  -1.382432936e-10  2.79208449e-08
17.73877387  -1.21253979e-10  2.449446488e-08
17.91953391  -1.108288424e-10  2.23912725e-08
18  -1.065080455e-10  2.151943397e-08
18.08046609  -1.023715769e-10  2.068470539e-08
18.26122613  -9.370842983e-11  1.89362395e-08
18.52207505  -8.259522873e-11  1.669275263e-08
18.83472104  -7.114640566e-11  1.438088051e-08
19.16527896  -6.091116693e-11  1.231352093e-08
19.47792495  -5.270816706e-11  1.065626657e-08
19.73877387  -4.679317215e-11  9.461050837e-09
19.91953391  -4.312556943e-11  8.719868052e-09
20  -4.159612669e-11  8.410764558e-09
20.08046609  -4.012644216e-11  8.113727443e-09
20.26122613  -3.702990645e-11  7.487853509e-09
20.52207505  -3.301728732e-11  6.676750473e-09
20.83472104  -2.882927055e-11  5.830109757e-09
21.16527896  -2.503063431e-11  5.062113194e-09
21.47792495  -2.194243341e-11  4.437700758e-09
21.73877387  -1.968744859e-11  3.981731317e-09
21.91953391  -1.827581573e-11  3.696280476e-09
22  -1.768383723e-11  3.57657205e-09
22.08046609  -1.711305119e-11  3.461147639e-09
22.26122613  -1.590388326e-11  3.216624982e-09
22.52207505  -1.432265948e-11  2.896854595e-09
22.83472104  -1.26529611e-11  2.559180965e-09
23.16527896  -1.111891573e-11  2.248931752e-09
23.47792495  -9.855954322e-12  1.993500783e-09
23.73877387  -8.923522427e-12  1.804914928e-09
23.91953391  -8.33491727e-12  1.685867157e-09
24  -8.08687271e-12  1.635698744e-09
24.08046609  -7.846997646e-12  1.587182553e-09
24.26122613  -7.336428169e-12  1.483916045e-09
24.52207505  -6.663451295e-12  1.347800198e-09
24.83472104  -5.945594109e-12  1.202605488e-09
25.16527896  -5.278683343e-12  1.067713934e-09
25.47792495  -4.7236136e-12  9.554429297e-10
25.73877387  -4.309894938e-12  8.717617746e-10
25.91953391  -4.046845149e-12  8.185555514e-10
26  -3.935525578e-12  7.960392485e-10
26.08046609  -3.827597358e-12  7.742088784e-10
26.26122613  -3.596933943e-12  7.275531501e-10
26.52207505  -3.290817382e-12  6.656355195e-10
26.83472104  -2.961428669e-12  5.990104807e-10
27.16527896  -2.652471528e-12  5.365179069e-10
27.47792495  -2.392904015e-12  4.840152416e-10
27.73877387  -2.197844604e-12  4.44560561e-10
27.91953391  -2.073050059e-12  4.193183691e-10
28  -2.020046635e-12  4.085973288e-10
28.08046609  -1.968544517e-12  3.981799745e-10
28.26122613  -1.858086083e-12  3.758374734e-10
28.52207505  -1.710628503e-12  3.460111361e-10
28.83472104  -1.550761215e-12  3.136746274e-10
29.16527896  -1.399562481e-12  2.830915066e-10
29.47792495  -1.271498581e-12  2.571878981e-10
29.73877387  -1.17457549e-12  2.375831453e-10
29.91953391  -1.112231819e-12  2.249727952e-10
30  -1.085669085e-12  2.195999476e-10
30.08046609  -1.059809282e-12  2.14369292e-10
30.26122613  -1.004177166e-12  2.03116471e-10
30.52207505  -9.295288255e-13  1.880172001e-10
30.83472104  -8.480653415e-13  1.715394909e-10
31.16527896  -7.704607271e-13  1.558423078e-10
31.47792495  -7.04263112e-13  1.424524202e-10
31.73877387  -6.53850828e-13  1.322554237e-10
31.91953391  -6.21271017e-13  1.25665478e-10
32  -6.073517602e-13  1.228499765e-10
32.08046609  -5.937778673e-13  1.201043901e-10
32.26122613  -5.644977789e-13  1.141818643e-10
32.52207505  -5.250321012e-13  1.06199087e-10
32.83472104  -4.817149818e-13  9.743726622e-11
33.16527896  -4.40187199e-13  8.903734995e-11
33.47792495  -4.045418991e-13  8.182732793e-11
33.73877387  -3.772476916e-13  7.630649709e-11
33.91953391  -3.59535159e-13  7.27237567e-11
34  -3.519492498e-13  7.118933587e-11
34.08046609  -3.44540796e-13  6.969080311e-11
34.26122613  -3.285218854e-13  6.645062928e-11
34.52207505  -3.068443752e-13  6.206591934e-11
34.83472104  -2.829300557e-13  5.722874267e-11
35.16527896  -2.59874529e-13  5.256523914e-11
35.47792495  -2.399751874e-13  4.854017739e-11
35.73877387  -2.246640596e-13  4.544314952e-11
35.91953391  -2.146912745e-13  4.342592004e-11
36  -2.10410703e-13  4.256011152e-11
36.08046609  -2.062248433e-13  4.171344053e-11
36.26122613  -1.971550951e-13  3.98788752e-11
36.52207505  -1.848380633e-13  3.738748664e-11
36.83472104  -1.711881691e-13  3.46265169e-11
37.16527896  -1.579622755e-13  3.195131253e-11
37.47792495  -1.464909305e-13  2.96309409e-11
37.73877387  -1.376260305e-13  2.783781889e-11
37.91953391  -1.318327553e-13  2.666603019e-11
38  -1.293414691e-13  2.616211869e-11
38.08046609  -1.269024775e-13  2.56687655e-11
38.26122613  -1.216075109e-13  2.459774694e-11
38.52207505  -1.14394013e-13  2.313866104e-11
38.83472104  -1.063674301e-13  2.151511008e-11
39.16527896  -9.85551552e-14  1.993490928e-11
39.47792495  -9.174903399e-14  1.855822464e-11
39.73877387  -8.646895029e-14  1.749021374e-11
39.91953391  -8.300824436e-14  1.67902099e-11
40  -8.151742359e-14  1.648865994e-11
40.08046609  -8.00562963e-14  1.619311554e-11
40.26122613  -7.687894072e-14  1.555042672e-11
40.52207505  -7.253794943e-14  1.467236745e-11
40.83472104  -6.768992385e-14  1.369174954e-11
41.16527896  -6.295218355e-14  1.27334392e-11
41.47792495  -5.8808103e-14  1.189520938e-11
41.73877387  -5.558187348e-14  1.124263475e-11
41.91953391  -5.346164979e-14  1.081377371e-11
42  -5.254685764e-14  1.062873723e-11
42.08046609  -5.164942487e-14  1.044721206e-11
42.26122613  -4.96948661e-14  1.005186032e-11
42.52207505  -4.70175848e-14  9.510322337e-12
42.83472104  -4.401765245e-14  8.903521206e-12
43.16527896  -4.107517253e-14  8.308341071e-12
43.47792495  -3.849205402e-14  7.785849543e-12
43.73877387  -3.647463254e-14  7.377782463e-12
43.91953391  -3.514559179e-14  7.108955257e-12
44  -3.457134492e-14  6.992801421e-12
44.08046609  -3.400750432e-14  6.878752479e-12
44.26122613  -3.277776953e-14  6.63001205e-12
44.52207505  -3.108936036e-14  6.288494817e-12
44.83472104  -2.919174898e-14  5.904661916e-12
45.16527896  -2.732423998e-14  5.526917875e-12
45.47792495  -2.567938377e-14  5.194210169e-12
45.73877387  -2.439100528e-14  4.933607783e-12
45.91953391  -2.35403612e-14  4.76154664e-12
46  -2.317233926e-14  4.687106253e-12
46.08046609  -2.281069904e-14  4.613956705e-12
46.26122613  -2.202095295e-14  4.454213495e-12
46.52207505  -2.093431069e-14  4.234416622e-12
46.83472104  -1.970965049e-14  3.986702638e-12
47.16527896  -1.850072283e-14  3.7421709e-12
47.47792495  -1.743270564e-14  3.526141349e-12
47.73877387  -1.65939211e-14  3.356479054e-12
47.91953391  -1.603899295e-14  3.244232846e-12
48  -1.579862269e-14  3.195612766e-12
48.08046609  -1.556224836e-14  3.147800951e-12
48.26122613  -1.504545063e-14  3.043267447e-12
48.52207505  -1.433296619e-14  2.899152075e-12
48.83472104  -1.352794915e-14  2.736319987e-12
49.16527896  -1.273103742e-14  2.575127372e-12
49.47792495  -1.202505485e-14  2.432327144e-12
49.73877387  -1.146924125e-14  2.319901835e-12
49.91953391  -1.110083552e-14  2.245383817e-12
50  -1.09410833e-14  2.213070478e-12
50.08046609  -1.078388143e-14  2.181273005e-12
50.26122613  -1.043981136e-14  2.1116774e-12
50.52207505  -9.96459717e-15  2.015555062e-12
50.83472104  -9.426410778e-15  1.906695237e-12
51.16527896  -8.892261933e-15  1.798652093e-12
51.47792495  -8.417847855e-15  1.702691596e-12
51.73877387  -8.043501967e-15  1.626972052e-12
51.91953391  -7.794949356e-15  1.576696917e-12
52  -7.687059997e-15  1.554873963e-12
52.08046609  -7.580827299e-15  1.533386105e-12
52.26122613  -7.348082276e-15  1.486308395e-12
52.52207505  -7.026086304e-15  1.421177753e-12
52.83472104  -6.660634377e-15  1.347257205e-12
53.16527896  -6.297055062e-15  1.273715434e-12
53.47792495  -5.973370277e-15  1.208243193e-12
53.73877387  -5.717426438e-15  1.156473022e-12
53.91953391  -5.547217556e-15  1.122044598e-12
54  -5.473265619e-15  1.107086221e-12
54.08046609  -5.400407482e-15  1.092349089e-12
54.26122613  -5.240635257e-15  1.060031704e-12
54.52207505  -5.019251729e-15  1.015252103e-12
54.83472104  -4.767488097e-15  9.643274689e-13
55.16527896  -4.516458205e-15  9.135512498e-13
55.47792495  -4.292482023e-15  8.68247228e-13
55.73877387  -4.115036248e-15  8.323549863e-13
55.91953391  -3.996855777e-15  8.084504328e-13
56  -3.945464321e-15  7.980554005e-13
56.08046609  -3.894806027e-15  7.878086661e-13
56.26122613  -3.783621011e-15  7.653190944e-13
56.52207505  -3.629338595e-15  7.341121424e-13
56.83472104  -3.453558119e-15  6.985567434e-13
57.16527896  -3.27792807e-15  6.630317717e-13
57.47792495  -3.120905615e-15  6.312705877e-13
57.73877387  -2.996279689e-15  6.060623016e-13
57.91953391  -2.913163356e-15  5.892502275e-13
58  -2.876990457e-15  5.819334772e-13
58.08046609  -2.841315938e-15  5.747175349e-13
58.26122613  -2.762954802e-15  5.588673022e-13
58.52207505  -2.654073298e-15  5.368436656e-13
58.83472104  -2.52980517e-15  5.117077518e-13
59.16527896  -2.405404477e-15  4.86545024e-13
59.47792495  -2.293971861e-15  4.640053701e-13
59.73877387  -2.205380971e-15  4.460859486e-13
59.91953391  -2.146221421e-15  4.341196513e-13
60  -2.120455242e-15  4.289078851e-13
60.08046609  -2.095032309e-15  4.237655475e-13
60.26122613  -2.039147716e-15  4.124616813e-13
60.52207505  -1.96139957e-15  3.967354388e-13
60.83472104  -1.872520906e-15  3.787578089e-13
61.16527896  -1.783387493e-15  3.607286504e-13
61.47792495  -1.703403595e-15  3.445501791e-13
61.73877387  -1.639714973e-15  3.316677792e-13
61.91953391  -1.597133636e-15  3.230547839e-13
62  -1.578574772e-15  3.193008527e-13
62.08046609  -1.560255217e-15  3.155953269e-13
62.26122613  -1.519957137e-15  3.074441696e-13
62.52207505  -1.463827537e-15  2.960907452e-13
62.83472104  -1.399565219e-15  2.830923032e-13
63.16527896  -1.335010241e-15  2.700346641e-13
63.47792495  -1.276985217e-15  2.582978494e-13
63.73877387  -1.230713659e-15  2.489384271e-13
63.91953391  -1.199742291e-15  2.426737986e-13
64  -1.186234628e-15  2.39941582e-13
64.08046609  -1.172895732e-15  2.372435021e-13
64.26122613  -1.143534556e-15  2.313045699e-13
64.52207505  -1.102593504e-15  2.230233577e-13
64.83472104  -1.05565387e-15  2.135288025e-13
65.16527896  -1.008426001e-15  2.039759458e-13
65.47792495  -9.659089567e-16  1.953759549e-13
65.73877387  -9.319571997e-16  1.885084785e-13
65.91953391  -9.092079233e-16  1.839069459e-13
66  -8.992800182e-16  1.818988126e-13
66.08046609  -8.894724177e-16  1.799150135e-13
66.26122613  -8.678709489e-16  1.755456497e-13
66.52207505  -8.377188204e-16  1.694467303e-13
66.83472104  -8.031027371e-16  1.624448796e-13
67.16527896  -7.682223851e-16  1.553895748e-13
67.47792495  -7.367750208e-16  1.490286659e-13
67.73877387  -7.116302196e-16  1.439425866e-13
67.91953391  -6.947652544e-16  1.405312831e-13
68  -6.874009834e-16  1.390417001e-13
68.08046609  -6.801233422e-16  1.3756964e-13
68.26122613  -6.640848898e-16  1.343255165e-13
68.52207505  -6.41676017e-16  1.297928378e-13
68.83472104  -6.15917229e-16  1.245825664e-13
69.16527896  -5.899254977e-16  1.193251772e-13
69.47792495  -5.664594297e-16  1.14578658e-13
69.73877387  -5.476733351e-16  1.107787645e-13
69.91953391  -5.350614255e-16  1.082277333e-13
70  -5.295512571e-16  1.071131827e-13
70.08046609  -5.241040663e-16  1.060113707e-13
70.26122613  -5.12093005e-16  1.03581874e-13
70.52207505  -4.952957718e-16  1.001842707e-13
70.83472104  -4.759646208e-16  9.627412774e-14
71.16527896  -4.564329186e-16  9.2323419e-14
71.47792495  -4.38776074e-16  8.87519407e-14
71.73877387  -4.246242738e-16  8.588943336e-14
71.91953391  -4.151151521e-16  8.396600804e-14
72  -4.109584319e-16  8.312522158e-14
72.08046609  -4.06847908e-16  8.229377932e-14
72.26122613  -3.977795256e-16  8.045950306e-14
72.52207505  -3.850865641e-16  7.789207737e-14
72.83472104  -3.704624654e-16  7.493403744e-14
73.16527896  -3.556682258e-16  7.194158286e-14
73.47792495  -3.422775505e-16  6.923302947e-14
73.73877387  -3.315333003e-16  6.705977274e-14
73.91953391  -3.243077932e-16  6.559825783e-14
74  -3.211477517e-16  6.495907115e-14
74.08046609  -3.180218856e-16  6.432679721e-14
74.26122613  -3.111224304e-16  6.293123334e-14
74.52207505  -3.014573731e-16  6.097626669e-14
74.83472104  -2.903100473e-16  5.87214792e-14
75.16527896  -2.790197217e-16  5.643776692e-14
75.47792495  -2.687885694e-16  5.436829531e-14
75.73877387  -2.60570912e-16  5.270609657e-14
75.91953391  -2.550401558e-16  5.158738163e-14
76  -2.526201757e-16  5.109788839e-14
76.08046609  -2.502256825e-16  5.061355039e-14
76.26122613  -2.449380809e-16  4.954401874e-14
76.52207505  -2.375252145e-16  4.804460634e-14
76.83472104  -2.289668945e-16  4.631350123e-14
77.16527896  -2.202890899e-16  4.455822777e-14
77.47792495  -2.12416641e-16  4.296585489e-14
77.73877387  -2.060872791e-16  4.168560471e-14
77.91953391  -2.018242043e-16  4.082330572e-14
78  -1.999580714e-16  4.044584002e-14
78.08046609  -1.981110908e-16  4.00722483e-14
78.26122613  -1.94030737e-16  3.924690858e-14
78.52207505  -1.883061276e-16  3.808898265e-14
78.83472104  -1.816906366e-16  3.675085667e-14
79.16527896  -1.749756621e-16  3.539260799e-14
79.47792495  -1.688774588e-16  3.415911463e-14
79.73877387  -1.639699952e-16  3.316647409e-14
79.91953391  -1.606622637e-16  3.249741393e-14
80  -1.592137166e-16  3.220441399e-14
80.08046609  -1.577796665e-16  3.191434636e-14
80.26122613  -1.546102394e-16  3.127326127e-14
80.52207505  -1.50160512e-16  3.037320776e-14
80.83472104  -1.450136448e-16  2.933214266e-14
81.16527896  -1.397841059e-16  2.827435544e-14
81.47792495  -1.350301417e-16  2.731276347e-14
81.73877387  -1.312010452e-16  2.653824599e-14
81.91953391  -1.28618402e-16  2.60158506e-14
82  -1.274869385e-16  2.578698766e-14
82.08046609  -1.263665237e-16  2.556035956e-14
82.26122613  -1.238892879e-16  2.505928509e-14
82.52207505  -1.204090428e-16  2.435533034e-14
82.83472104  -1.163800762e-16  2.354038479e-14
83.16527896  -1.122824618e-16  2.271155376e-14
83.47792495  -1.085539317e-16  2.1957378e-14
83.73877387  -1.055482376e-16  2.134941142e-14
83.91953391  -1.035196501e-16  2.093908577e-14
84  -1.026305813e-16  2.07592524e-14
84.08046609  -1.017499885e-16  2.058113349e-14
84.26122613  -9.980226389e-17  2.018716409e-14
84.52207505  -9.706418402e-17  1.963332828e-14
84.83472104  -9.389179426e-17  1.899164392e-14
85.16527896  -9.066239843e-17  1.833842884e-14
85.47792495  -8.772121266e-17  1.774351047e-14
85.73877387  -8.534831421e-17  1.726354049e-14
85.91953391  -8.374582237e-17  1.69394019e-14
86  -8.304324327e-17  1.679729009e-14
86.08046609  -8.23472072e-17  1.665650176e-14
86.26122613  -8.080713708e-17  1.634498931e-14
86.52207505  -7.864081844e-17  1.590680456e-14
86.83472104  -7.612891539e-17  1.53987179e-14
87.16527896  -7.356964222e-17  1.488104961e-14
87.47792495  -7.123675196e-17  1.440917215e-14
87.73877387  -6.935316977e-17  1.402817696e-14
87.91953391  -6.808037978e-17  1.377072768e-14
88  -6.752215804e-17  1.365781528e-14
88.08046609  -6.696901735e-17  1.354593062e-14
88.26122613  -6.574470116e-17  1.329828622e-14
88.52207505  -6.40215364e-17  1.294973892e-14
88.83472104  -6.202198723e-17  1.25452869e-14
89.16527896  -5.998303136e-17  1.213286402e-14
89.47792495  -5.812289367e-17  1.175661099e-14
89.73877387  -5.661991091e-17  1.145260025e-14
89.91953391  -5.560373176e-17  1.124705606e-14
90  -5.515790703e-17  1.115687838e-14
90.08046609  -5.471605051e-17  1.106750335e-14
90.26122613  -5.373772842e-17  1.086961657e-14
90.52207505  -5.236002634e-17  1.059094656e-14
90.83472104  -5.076020675e-17  1.026734849e-14
91.16527896  -4.912755794e-17  9.937109992e-15
91.47792495  -4.763691422e-17  9.635595093e-15
91.73877387  -4.643163556e-17  9.391801445e-15
91.91953391  -4.561629848e-17  9.226881905e-15
92  -4.525847512e-17  9.1545044e-15
92.08046609  -4.490376776e-17  9.082757172e-15
92.26122613  -4.411815736e-17  8.923850497e-15
92.52207505  -4.301125194e-17  8.69995496e-15
92.83472104  -4.17250084e-17  8.439784415e-15
93.16527896  -4.041136921e-17  8.174072508e-15
93.47792495  -3.92110791e-17  7.931287901e-15
93.73877387  -3.823991753e-17  7.734849491e-15
93.91953391  -3.758261592e-17  7.601896039e-15
94  -3.729406136e-17  7.543529646e-15
94.08046609  -3.700796636e-17  7.485660751e-15
94.26122613  -3.637412888e-17  7.357453426e-15
94.52207505  -3.5480615e-17  7.17672094e-15
94.83472104  -3.444165594e-17  6.966569024e-15
95.16527896  -3.337979296e-17  6.751784294e-15
95.47792495  -3.240884975e-17  6.555390053e-15
95.73877387  -3.162274844e-17  6.39638408e-15
95.91953391  -3.109043693e-17  6.288712577e-15
96  -3.085668493e-17  6.241431185e-15
96.08046609  -3.062488403e-17  6.194544444e-15
96.26122613  -3.011118591e-17  6.090637902e-15
96.52207505  -2.938667937e-17  5.9440908e-15
96.83472104  -2.854370941e-17  5.773581913e-15
97.16527896  -2.768155271e-17  5.599192093e-15
97.47792495  -2.689266754e-17  5.439623024e-15
97.73877387  -2.625357104e-17  5.31035195e-15
97.91953391  -2.582059972e-17  5.222774146e-15
98  -2.56304176e-17  5.184305703e-15
98.08046609  -2.544179063e-17  5.146151824e-15
98.26122613  -2.502365545e-17  5.061574949e-15
98.52207505  -2.443365351e-17  4.94223431e-15
98.83472104  -2.374676727e-17  4.803296729e-15
99.16527896  -2.304377479e-17  4.661101311e-15
99.47792495  -2.240009733e-17  4.530903637e-15
99.73877387  -2.187832851e-17  4.425364621e-15
99.91953391  -2.152468317e-17  4.353832211e-15
100  -2.136930331e-17  4.322403278e-15
100.0804661  -2.121516872e-17  4.291226226e-15
100.2612261  -2.08734031e-17  4.222096746e-15
100.5220751  -2.039094523e-17  4.124509218e-15
100.834721  -1.982893792e-17  4.010831096e-15
101.165279  -1.925338134e-17  3.894412345e-15
101.4779249  -1.872604924e-17  3.787748033e-15
101.7387739  -1.829834745e-17  3.701236107e-15
101.9195339  -1.800833261e-17  3.642574338e-15
102  -1.788087708e-17  3.616793704e-15
102.0804661  -1.775442307e-17  3.591215649e-15
102.2612261  -1.747396261e-17  3.534486462e-15
102.5220751  -1.707787671e-17  3.45436953e-15
102.834721  -1.661622616e-17  3.360990734e-15
103.165279  -1.614315259e-17  3.265301383e-15
103.4779249  -1.570944936e-17  3.177575535e-15
103.7387739  -1.53574945e-17  3.10638506e-15
103.9195339  -1.511874185e-17  3.058092179e-15
104  -1.501378906e-17  3.036863209e-15
104.0804661  -1.490964516e-17  3.015797856e-15
104.2612261  -1.467860931e-17  2.969065863e-15
104.5220751  -1.435218936e-17  2.903040376e-15
104.834721  -1.397153324e-17  2.826044452e-15
105.165279  -1.358122549e-17  2.747096278e-15
105.4779249  -1.322318783e-17  2.674675424e-15
105.7387739  -1.29324835e-17  2.615874193e-15
105.9195339  -1.273520131e-17  2.575969608e-15
106  -1.26484578e-17  2.558423859e-15
106.0804661  -1.256237028e-17  2.541010798e-15
106.2612261  -1.237134612e-17  2.502372035e-15
106.5220751  -1.210134945e-17  2.447759376e-15
106.834721  -1.178632956e-17  2.384039796e-15
107.165279  -1.146313678e-17  2.318667073e-15
107.4779249  -1.116649578e-17  2.258665024e-15
107.7387739  -1.092551972e-17  2.209922408e-15
107.9195339  -1.076192137e-17  2.176831107e-15
108  -1.068997191e-17  2.162277775e-15
108.0804661  -1.061855653e-17  2.147832471e-15
108.2612261  -1.046005312e-17  2.115771733e-15
108.5220751  -1.023593595e-17  2.070439193e-15
108.834721  -9.974316558e-18  2.017521018e-15
109.165279  -9.705761238e-18  1.963199903e-15
109.4779249  -9.45913337e-18  1.913314088e-15
109.7387739  -9.258687642e-18  1.872769609e-15
109.9195339  -9.122554358e-18  1.845233711e-15
110  -9.062670642e-18  1.833120936e-15
110.0804661  -9.003223384e-18  1.821096443e-15
110.2612261  -8.871253808e-18  1.794402746e-15
110.5220751  -8.684585431e-18  1.756645033e-15
110.834721  -8.466577157e-18  1.71254815e-15
111.165279  -8.242669834e-18  1.667258056e-15
111.4779249  -8.036935409e-18  1.625643824e-15
111.7387739  -7.869646971e-18  1.591806123e-15
111.9195339  -7.755991559e-18  1.568816861e-15
112  -7.705985002e-18  1.558701954e-15
112.0804661  -7.656336429e-18  1.548659457e-15
112.2612261  -7.546096095e-18  1.526360968e-15
112.5220751  -7.390107755e-18  1.494808956e-15
112.834721  -7.207846472e-18  1.457942674e-15
113.165279  -7.020557143e-18  1.420059361e-15
113.4779249  -6.848380658e-18  1.385232947e-15
113.7387739  -6.70831557e-18  1.356901757e-15
113.9195339  -6.613122517e-18  1.337646905e-15
114  -6.571230503e-18  1.32917334e-15
114.0804661  -6.529633138e-18  1.320759375e-15
114.2612261  -6.437250981e-18  1.302073087e-15
114.5220751  -6.306486741e-18  1.275623195e-15
114.834721  -6.153630084e-18  1.244704633e-15
115.165279  -5.996478604e-18  1.212917351e-15
115.4779249  -5.851936723e-18  1.183680633e-15
115.7387739  -5.73430078e-18  1.159886222e-15
115.9195339  -5.654324479e-18  1.143709287e-15
116  -5.619121987e-18  1.136588823e-15
116.0804661  -5.584162841e-18  1.12951758e-15
116.2612261  -5.506507988e-18  1.113810208e-15
116.5220751  -5.396553329e-18  1.091569503e-15
116.834721  -5.267966806e-18  1.065560101e-15
117.165279  -5.135704009e-18  1.038807092e-15
117.4779249  -5.013995755e-18  1.014188969e-15
117.7387739  -4.914901118e-18  9.941449372e-16
117.9195339  -4.847508488e-18  9.805133219e-16
118  -4.817839164e-18  9.745120601e-16
118.0804661  -4.788371472e-18  9.685515827e-16
118.2612261  -4.722902351e-18  9.553090384e-16
118.5220751  -4.630172232e-18  9.365523685e-16
118.834721  -4.521683958e-18  9.146082712e-16
119.165279  -4.410042325e-18  8.92026339e-16
119.4779249  -4.307262317e-18  8.712368617e-16
119.7387739  -4.223544787e-18  8.543031826e-16
119.9195339  -4.166592009e-18  8.427832529e-16
120  -4.141514145e-18  8.377107131e-16
120.0804661  -4.116603879e-18  8.326720734e-16
120.2612261  -4.061249928e-18  8.21475541e-16
120.5220751  -3.982822574e-18  8.056119142e-16
120.834721  -3.891030806e-18  7.87045046e-16
121.165279  -3.796528678e-18  7.679299489e-16
121.4779249  -3.709488936e-18  7.503242806e-16
121.7387739  -3.638564298e-18  7.359782402e-16
121.9195339  -3.590299843e-18  7.262157114e-16
122  -3.569043879e-18  7.219162336e-16
122.0804661  -3.54792765e-18  7.1764502e-16
122.2612261  -3.500996214e-18  7.08152123e-16
122.5220751  -3.434482219e-18  6.946982305e-16
122.834721  -3.356603696e-18  6.789456168e-16
123.165279  -3.276390893e-18  6.627208443e-16
123.4779249  -3.202480254e-18  6.477708207e-16
123.7387739  -3.142230857e-18  6.355840786e-16
123.9195339  -3.1012189e-18  6.272885242e-16
124  -3.083153853e-18  6.23634478e-16
124.0804661  -3.065205653e-18  6.200040669e-16
124.2612261  -3.025308388e-18  6.119339832e-16
124.5220751  -2.968747222e-18  6.004932653e-16
124.834721  -2.902497186e-18  5.870927642e-16
125.165279  -2.834232795e-18  5.732848161e-16
125.4779249  -2.771305545e-18  5.605564204e-16
125.7387739  -2.719990418e-18  5.501768273e-16
125.9195339  -2.685050116e-18  5.431093964e-16
126  -2.669656945e-18  5.399957948e-16
126.0804661  -2.654361764e-18  5.369020141e-16
126.2612261  -2.620356258e-18  5.300236658e-16
126.5220751  -2.572134112e-18  5.20269695e-16
126.834721  -2.515631017e-18  5.088407233e-16
127.165279  -2.457386278e-18  4.970594663e-16
127.4779249  -2.403673601e-18  4.861949169e-16
127.7387739  -2.359856936e-18  4.773320499e-16
127.9195339  -2.330014096e-18  4.712956908e-16
128  -2.316864508e-18  4.686359024e-16
128.0804661  -2.303797324e-18  4.659927821e-16
128.2612261  -2.274740593e-18  4.601154305e-16
128.5220751  -2.233524928e-18  4.51778672e-16
128.834721  -2.185214484e-18  4.420068408e-16
129.165279  -2.135395324e-18  4.319298394e-16
129.4779249  -2.089434626e-18  4.226332952e-16
129.7387739  -2.051928676e-18  4.150469065e-16
129.9195339  -2.026377146e-18  4.098785576e-16
130  -2.015116656e-18  4.076008801e-16
130.0804661  -2.003925649e-18  4.053372573e-16
130.2612261  -1.979036969e-18  4.00302984e-16
130.5220751  -1.943724178e-18  3.93160209e-16
130.834721  -1.902318575e-18  3.847850313e-16
131.165279  -1.859603601e-18  3.761450048e-16
131.4779249  -1.820181905e-18  3.681711152e-16
131.7387739  -1.788001218e-18  3.616618761e-16
131.9195339  -1.766071937e-18  3.572262051e-16
132  -1.756406286e-18  3.552711183e-16
132.0804661  -1.746799376e-18  3.533279133e-16
132.2612261  -1.725430468e-18  3.4900559e-16
132.5220751  -1.695103872e-18  3.428713807e-16
132.834721  -1.659532993e-18  3.356764019e-16
133.165279  -1.622823674e-18  3.282511491e-16
133.4779249  -1.588932123e-18  3.213958506e-16
133.7387739  -1.561256748e-18  3.157979082e-16
133.9195339  -1.542392842e-18  3.119822757e-16
134  -1.534077069e-18  3.103002308e-16
134.0804661  -1.525811081e-18  3.086282562e-16
134.2612261  -1.507422114e-18  3.049086903e-16
134.5220751  -1.481318146e-18  2.996285988e-16
134.834721  -1.450690258e-18  2.934334468e-16
135.165279  -1.419070781e-18  2.870377244e-16
135.4779249  -1.389867943e-18  2.811308195e-16
135.7387739  -1.366013737e-18  2.763057909e-16
135.9195339  -1.349750429e-18  2.730161855e-16
136  -1.342580046e-18  2.715658206e-16
136.0804661  -1.335451962e-18  2.701240116e-16
136.2612261  -1.319592171e-18  2.669160263e-16
136.5220751  -1.297073055e-18  2.623610485e-16
136.834721  -1.270643043e-18  2.570150077e-16
137.165279  -1.243347839e-18  2.514939629e-16
137.4779249  -1.218130024e-18  2.463931151e-16
137.7387739  -1.197524617e-18  2.422252263e-16
137.9195339  -1.183472951e-18  2.393829731e-16
138  -1.1772768e-18  2.381296679e-16
138.0804661  -1.171116674e-18  2.368836492e-16
138.2612261  -1.15740866e-18  2.341109072e-16
138.5220751  -1.137940268e-18  2.301730043e-16
138.834721  -1.115083875e-18  2.25549805e-16
139.165279  -1.091471281e-18  2.207736478e-16
139.4779249  -1.069648446e-18  2.16359508e-16
139.7387739  -1.051811729e-18  2.127516465e-16
139.9195339  -1.03964535e-18  2.102907335e-16
140  -1.034279799e-18  2.092054349e-16
140.0804661  -1.028944998e-18  2.081263562e-16
140.2612261  -1.017071966e-18  2.057247788e-16
140.5220751  -1.000205815e-18  2.023132354e-16
140.834721  -9.803986904e-19  1.983068166e-16
141.165279  -9.599295197e-19  1.941664846e-16
141.4779249  -9.410056494e-19  1.90338723e-16
141.7387739  -9.255338774e-19  1.872092228e-16
141.9195339  -9.149782653e-19  1.850741222e-16
142  -9.103224726e-19  1.841323875e-16
142.0804661  -9.056929878e-19  1.831959742e-16
142.2612261  -8.953883425e-19  1.811116371e-16
142.5220751  -8.807469176e-19  1.781500926e-16
142.834721  -8.635475274e-19  1.746711443e-16
143.165279  -8.457675708e-19  1.71074764e-16
143.4779249  -8.293246611e-19  1.677488302e-16
143.7387739  -8.158774702e-19  1.650288453e-16
143.9195339  -8.067011365e-19  1.631727336e-16
144  -8.026531873e-19  1.623539484e-16
144.0804661  -7.986277947e-19  1.615397258e-16
144.2612261  -7.896666402e-19  1.597271387e-16
144.5220751  -7.769313867e-19  1.571511585e-16
144.834721  -7.619670276e-19  1.541242936e-16
145.165279  -7.464927367e-19  1.509942839e-16
145.4779249  -7.321776763e-19  1.480987537e-16
145.7387739  -7.204674441e-19  1.457301062e-16
145.9195339  -7.124747202e-19  1.441134051e-16
146  -7.089484566e-19  1.434001421e-16
146.0804661  -7.054415742e-19  1.426907994e-16
146.2612261  -6.976337371e-19  1.411114957e-16
146.5220751  -6.865352149e-19  1.388665798e-16
146.834721  -6.734905418e-19  1.362280128e-16
147.165279  -6.599972736e-19  1.334987078e-16
147.4779249  -6.475110711e-19  1.309731036e-16
147.7387739  -6.372941771e-19  1.28906516e-16
147.9195339  -6.303192869e-19  1.274956938e-16
148  -6.272417025e-19  1.268731858e-16
148.0804661  -6.241808051e-19  1.262540532e-16
148.2612261  -6.17365102e-19  1.2487543e-16
148.5220751  -6.076748872e-19  1.229153747e-16
148.834721  -5.962824719e-19  1.206110126e-16
149.165279  -5.844948134e-19  1.18226704e-16
149.4779249  -5.735837253e-19  1.160197007e-16
149.7387739  -5.646533514e-19  1.142133396e-16
149.9195339  -5.585555267e-19  1.129799228e-16
150  -5.558646191e-19  1.124356286e-16
150.0804661  -5.531881079e-19  1.118942464e-16
150.2612261  -5.472276186e-19  1.106886087e-16
150.5220751  -5.387516247e-19  1.089741558e-16
150.834721  -5.287841678e-19  1.069580223e-16
151.165279  -5.1846795e-19  1.048713444e-16
151.4779249  -5.089161564e-19  1.029392877e-16
151.7387739  -5.010963391e-19  1.013575607e-16
151.9195339  -4.957557838e-19  1.002773181e-16
152  -4.933987807e-19  9.980056326e-17
152.0804661  -4.910542223e-19  9.932632565e-17
152.2612261  -4.858323822e-19  9.827009568e-17
152.5220751  -4.78405338e-19  9.676781553e-17
152.834721  -4.696692271e-19  9.500074835e-17
153.165279  -4.606249175e-19  9.317134135e-17
153.4779249  -4.522484573e-19  9.147702128e-17
153.7387739  -4.453891632e-19  9.008958086e-17
153.9195339  -4.407037106e-19  8.914184685e-17
154  -4.386355995e-19  8.872352669e-17
154.0804661  -4.365782662e-19  8.830738658e-17
154.2612261  -4.319956289e-19  8.738044918e-17
154.5220751  -4.254765012e-19  8.606181476e-17
154.834721  -4.178064685e-19  8.451038494e-17
155.165279  -4.09863689e-19  8.290378618e-17
155.4779249  -4.025054279e-19  8.141541891e-17
155.7387739  -3.964784647e-19  8.019633538e-17
155.9195339  -3.923608011e-19  7.936344896e-17
156  -3.905431081e-19  7.899578128e-17
156.0804661  -3.887347668e-19  7.863000518e-17
156.2612261  -3.847063134e-19  7.781516344e-17
156.5220751  -3.789745031e-19  7.665578097e-17
156.834721  -3.722291849e-19  7.529139463e-17
157.165279  -3.652421529e-19  7.387811645e-17
157.4779249  -3.587675968e-19  7.256849759e-17
157.7387739  -3.534632104e-19  7.149557085e-17
157.9195339  -3.49838564e-19  7.076240782e-17
158  -3.482383375e-19  7.043872744e-17
158.0804661  -3.4664624e-19  7.01166913e-17
158.2612261  -3.430991392e-19  6.939921353e-17
158.5220751  -3.380513122e-19  6.837818147e-17
158.834721  -3.321095483e-19  6.717633134e-17
159.165279  -3.259532763e-19  6.593109234e-17
159.4779249  -3.202470794e-19  6.477689072e-17
159.7387739  -3.155711153e-19  6.383107597e-17
159.9195339  -3.123753282e-19  6.318465897e-17
160  -3.109642903e-19  6.289924608e-17
160.0804661  -3.09560331e-19  6.261526497e-17
160.2612261  -3.064320688e-19  6.198250636e-17
160.5220751  -3.019795106e-19  6.108188026e-17
160.834721  -2.967372532e-19  6.002152044e-17
161.165279  -2.913043738e-19  5.892260321e-17
161.4779249  -2.862674201e-19  5.790377051e-17
161.7387739  -2.8213895e-19  5.706869822e-17
161.9195339  -2.793168645e-19  5.649787047e-17
162  -2.780707016e-19  5.624580709e-17
162.0804661  -2.76830713e-19  5.599499261e-17
162.2612261  -2.74067528e-19  5.543607876e-17
162.5220751  -2.701339291e-19  5.464042338e-17
162.834721  -2.655016553e-19  5.370344592e-17
163.165279  -2.606997612e-19  5.27321591e-17
163.4779249  -2.562467199e-19  5.183143529e-17
163.7387739  -2.525960519e-19  5.109300882e-17
163.9195339  -2.501001596e-19  5.058816067e-17
164  -2.489979268e-19  5.036521027e-17
164.0804661  -2.479010888e-19  5.014335109e-17
164.2612261  -2.454566602e-19  4.964891259e-17
164.5220751  -2.419762586e-19  4.894492618e-17
164.834721  -2.378767993e-19  4.811572197e-17
165.165279  -2.336262116e-19  4.725594877e-17
165.4779249  -2.296834837e-19  4.645844687e-17
165.7387739  -2.264504922e-19  4.58045045e-17
165.9195339  -2.242397972e-19  4.535734367e-17
166  -2.23263419e-19  4.515985008e-17
166.0804661  -2.222917622e-19  4.49633115e-17
166.2612261  -2.201261068e-19  4.45252609e-17
166.5220751  -2.170421271e-19  4.390145939e-17
166.834721  -2.134088413e-19  4.316654884e-17
167.165279  -2.096407318e-19  4.240436727e-17
167.4779249  -2.061447227e-19  4.169722391e-17
167.7387739  -2.032774418e-19  4.111725441e-17
167.9195339  -2.013165052e-19  4.07206126e-17
168  -2.004503542e-19  4.054541485e-17
168.0804661  -1.995883418e-19  4.037105423e-17
168.2612261  -1.976668855e-19  3.998239817e-17
168.5220751  -1.949302236e-19  3.942884918e-17
168.834721  -1.917054599e-19  3.877657105e-17
169.165279  -1.883602683e-19  3.809993377e-17
169.4779249  -1.852559314e-19  3.747201457e-17
169.7387739  -1.827093689e-19  3.695691729e-17
169.9195339  -1.809675015e-19  3.660458696e-17
170  -1.801980434e-19  3.644894744e-17
170.0804661  -1.794322188e-19  3.629404287e-17
170.2612261  -1.777250126e-19  3.594872354e-17
170.5220751  -1.752931252e-19  3.545682176e-17
170.834721  -1.724269229e-19  3.487707042e-17
171.165279  -1.694530201e-19  3.427553433e-17
171.4779249  -1.666926259e-19  3.371718498e-17
171.7387739  -1.644277607e-19  3.325906705e-17
171.9195339  -1.628783413e-19  3.29456635e-17
172  -1.621938345e-19  3.280720722e-17
172.0804661  -1.615125226e-19  3.266939716e-17
172.2612261  -1.5999358e-19  3.23621582e-17
172.5220751  -1.578295454e-19  3.192443546e-17
172.834721  -1.552785355e-19  3.140843858e-17
173.165279  -1.526310922e-19  3.087293597e-17
173.4779249  -1.501731862e-19  3.037577138e-17
173.7387739  -1.481561192e-19  2.9967776e-17
173.9195339  -1.467760168e-19  2.968862049e-17
174  -1.461662581e-19  2.956528361e-17
174.0804661  -1.455593126e-19  2.944251578e-17
174.2612261  -1.442060477e-19  2.91687887e-17
174.5220751  -1.422777704e-19  2.877875297e-17
174.834721  -1.400042434e-19  2.831888302e-17
175.165279  -1.376442704e-19  2.784152748e-17
175.4779249  -1.354527891e-19  2.739825304e-17
175.7387739  -1.33654023e-19  2.703441374e-17
175.9195339  -1.324231066e-19  2.67854343e-17
176  -1.318792149e-19  2.667542046e-17
176.0804661  -1.313378042e-19  2.656590845e-17
176.2612261  -1.301305548e-19  2.632171617e-17
176.5220751  -1.284100891e-19  2.597371481e-17
176.834721  -1.26381204e-19  2.556332897e-17
177.165279  -1.242747368e-19  2.513725046e-17
177.4779249  -1.223182565e-19  2.474151006e-17
177.7387739  -1.207120832e-19  2.44166268e-17
177.9195339  -1.196128047e-19  2.419427397e-17
178  -1.191270378e-19  2.409601712e-17
178.0804661  -1.186434619e-19  2.399820345e-17
178.2612261  -1.175650841e-19  2.378007824e-17
178.5220751  -1.160280591e-19  2.346918173e-17
178.834721  -1.142151696e-19  2.310248567e-17
179.165279  -1.123325746e-19  2.272169014e-17
179.4779249  -1.105836717e-19  2.236793675e-17
179.7387739  -1.091476504e-19  2.207747042e-17
179.9195339  -1.081646893e-19  2.187864531e-17
180  -1.077302872e-19  2.179077809e-17
180.0804661  -1.072978226e-19  2.170330279e-17
180.2612261  -1.063333451e-19  2.150821636e-17
180.5220751  -1.049584747e-19  2.123011913e-17
180.834721  -1.033365549e-19  2.09020508e-17
181.165279  -1.016519373e-19  2.05613005e-17
181.4779249  -1.000866424e-19  2.024468578e-17
181.7387739  -9.880115472e-20  1.998466814e-17
181.9195339  -9.792111536e-20  1.980666116e-17
182  -9.753216655e-20  1.972798786e-17
182.0804661  -9.714493356e-20  1.964966162e-17
182.2612261  -9.628126221e-20  1.947496543e-17
182.5220751  -9.504992659e-20  1.92259012e-17
182.834721  -9.359708045e-20  1.893203168e-17
183.165279  -9.208777885e-20  1.862674282e-17
183.4779249  -9.06851102e-20  1.834302278e-17
183.7387739  -8.953297973e-20  1.810997951e-17
183.9195339  -8.874413169e-20  1.795041795e-17
184  -8.839545923e-20  1.787989141e-17
184.0804661  -8.804830823e-20  1.780967262e-17
184.2612261  -8.727397412e-20  1.765304681e-17
184.5220751  -8.61698615e-20  1.742971618e-17
184.834721  -8.486690338e-20  1.716616475e-17
185.165279  -8.351305664e-20  1.689232e-17
185.4779249  -8.225462118e-20  1.663777424e-17
185.7387739  -8.122078731e-20  1.6428659e-17
185.9195339  -8.051284365e-20  1.62854621e-17
186  -8.019990715e-20  1.622216394e-17
186.0804661  -7.988832153e-20  1.615913901e-17
186.2612261  -7.919326447e-20  1.60185487e-17
186.5220751  -7.820206454e-20  1.58180571e-17
186.834721  -7.703215935e-20  1.55814185e-17
187.165279  -7.581633569e-20  1.53354919e-17
187.4779249  -7.468598644e-20  1.510685434e-17
187.7387739  -7.37572251e-20  1.49189923e-17
187.9195339  -7.312115185e-20  1.479033274e-17
188  -7.28399636e-20  1.473345634e-17
188.0804661  -7.25599763e-20  1.467682286e-17
188.2612261  -7.193535934e-20  1.455048059e-17
188.5220751  -7.104449985e-20  1.437028501e-17
188.834721  -6.999285427e-20  1.415756697e-17
189.165279  -6.889973265e-20  1.39364595e-17
189.4779249  -6.78832746e-20  1.37308589e-17
189.7387739  -6.704795803e-20  1.356189808e-17
189.9195339  -6.647581054e-20  1.344616889e-17
190  -6.622286335e-20  1.339500485e-17
190.0804661  -6.597098514e-20  1.334405704e-17
190.2612261  -6.540903508e-20  1.32303905e-17
190.5220751  -6.460745549e-20  1.306825371e-17
190.834721  -6.366105241e-20  1.287682324e-17
191.165279  -6.267714842e-20  1.26778074e-17
191.4779249  -6.176208547e-20  1.249271615e-17
191.7387739  -6.100997558e-20  1.234058568e-17
191.9195339  -6.049475766e-20  1.223637172e-17
192  -6.026696276e-20  1.219029528e-17
192.0804661  -6.004012054e-20  1.214441154e-17
192.2612261  -5.953399058e-20  1.204203582e-17
192.5220751  -5.881194708e-20  1.189598693e-17
192.834721  -5.795931688e-20  1.172352405e-17
193.165279  -5.707274657e-20  1.154419605e-17
193.4779249  -5.624806348e-20  1.137738607e-17
193.7387739  -5.557013372e-20  1.124026013e-17
193.9195339  -5.510567616e-20  1.114631356e-17
194  -5.490030966e-20  1.110477375e-17
194.0804661  -5.469579321e-20  1.106340588e-17
194.2612261  -5.423944453e-20  1.09710995e-17
194.5220751  -5.358834195e-20  1.083939993e-17
194.834721  -5.281936515e-20  1.068385776e-17
195.165279  -5.201964132e-20  1.052209634e-17
195.4779249  -5.12756154e-20  1.037160102e-17
195.7387739  -5.066389697e-20  1.024786775e-17
195.9195339  -5.024475271e-20  1.016308677e-17
196  -5.005940937e-20  1.012559708e-17
196.0804661  -4.987482539e-20  1.008826098e-17
196.2612261  -4.946292486e-20  1.00049452e-17
196.5220751  -4.887517137e-20  9.886059355e-18
196.834721  -4.818090817e-20  9.745629623e-18
197.165279  -4.745876422e-20  9.599560407e-18
197.4779249  -4.678680269e-20  9.46364167e-18
197.7387739  -4.623425156e-20  9.351876267e-18
197.9195339  -4.585560499e-20  9.275286816e-18
198  -4.568815822e-20  9.241417089e-18
198.0804661  -4.552139056e-20  9.207684728e-18
198.2612261  -4.51492223e-20  9.132405657e-18
198.5220751  -4.461810379e-20  9.024975463e-18
198.834721  -4.39906465e-20  8.898058669e-18
199.165279  -4.333788405e-20  8.766023361e-18
199.4779249  -4.273038312e-20  8.643143173e-18
199.7387739  -4.223076489e-20  8.542084593e-18
199.9195339  -4.188835331e-20  8.472824453e-18
200  -4.173692054e-20  8.442193902e-18
200.0804661  -4.15860958e-20  8.41168634e-18
200.2612261  -4.12494845e-20  8.343599433e-18
200.5220751  -4.076905568e-20  8.246422324e-18
200.834721  -4.020140088e-20  8.131601876e-18
201.165279  -3.961075763e-20  8.012131519e-18
201.4779249  -3.906098038e-20  7.900927192e-18
201.7387739  -3.860877045e-20  7.809457963e-18
201.9195339  -3.829881597e-20  7.746762974e-18
202  -3.816172859e-20  7.719034089e-18
202.0804661  -3.80251862e-20  7.691415441e-18
202.2612261  -3.772043066e-20  7.629772048e-18
202.5220751  -3.728542061e-20  7.541781867e-18
202.834721  -3.67713582e-20  7.437801639e-18
203.165279  -3.623639325e-20  7.329593419e-18
203.4779249  -3.573836357e-20  7.228856158e-18
203.7387739  -3.532866039e-20  7.145984837e-18
203.9195339  -3.504781076e-20  7.089176931e-18
204  -3.492358804e-20  7.064050203e-18
204.0804661  -3.479985435e-20  7.03902239e-18
204.2612261  -3.452366967e-20  6.983158072e-18
204.5220751  -3.412939975e-20  6.903408463e-18
204.834721  -3.366341652e-20  6.809153286e-18
205.165279  -3.317841064e-20  6.71105037e-18
205.4779249  -3.272682106e-20  6.61970662e-18
205.7387739  -3.235527074e-20  6.54455254e-18
205.9195339  -3.210054786e-20  6.493029334e-18
206  -3.198787426e-20  6.470238664e-18
206.0804661  -3.187563991e-20  6.447536844e-18
206.2612261  -3.162510728e-20  6.396861206e-18
206.5220751  -3.126741971e-20  6.324511168e-18
206.834721  -3.084461538e-20  6.238989857e-18
207.165279  -3.040448428e-20  6.149963833e-18
207.4779249  -2.999461563e-20  6.067059043e-18
207.7387739  -2.965734627e-20  5.998839027e-18
207.9195339  -2.942610139e-20  5.952064755e-18
208  -2.932380675e-20  5.931373455e-18
208.0804661  -2.922190709e-20  5.910762046e-18
208.2612261  -2.899442996e-20  5.864749882e-18
208.5220751  -2.866962558e-20  5.799051178e-18
208.834721  -2.828563969e-20  5.721381736e-18
209.165279  -2.788585832e-20  5.640517317e-18
209.4779249  -2.751350975e-20  5.565201775e-18
209.7387739  -2.720707416e-20  5.503218556e-18
209.9195339  -2.699694879e-20  5.46071616e-18
210  -2.690399111e-20  5.441913462e-18
210.0804661  -2.681138894e-20  5.423182672e-18
210.2612261  -2.660465487e-20  5.38136624e-18
210.5220751  -2.630943883e-20  5.321652417e-18
210.834721  -2.596038689e-20  5.251049122e-18
211.165279  -2.559692343e-20  5.177530783e-18
211.4779249  -2.525835134e-20  5.109047263e-18
211.7387739  -2.497967703e-20  5.052679363e-18
211.9195339  -2.478856877e-20  5.01402359e-18
212  -2.470401914e-20  4.9969216e-18
212.0804661  -2.461978981e-20  4.979884398e-18
212.2612261  -2.443173707e-20  4.941846668e-18
212.5220751  -2.416317139e-20  4.887523457e-18
212.834721  -2.384558913e-20  4.823285584e-18
213.165279  -2.351484725e-20  4.756385892e-18
213.4779249  -2.320671181e-20  4.694058843e-18
213.7387739  -2.295305727e-20  4.642751732e-18
213.9195339  -2.277909e-20  4.607563093e-18
214  -2.270211939e-20  4.591994125e-18
214.0804661  -2.262543766e-20  4.576483588e-18
214.2612261  -2.245422605e-20  4.541852341e-18
214.5220751  -2.220968815e-20  4.492389268e-18
214.834721  -2.192048269e-20  4.433891214e-18
215.165279  -2.161925108e-20  4.372960613e-18
215.4779249  -2.13385695e-20  4.316186699e-18
215.7387739  -2.110748592e-20  4.269445054e-18
215.9195339  -2.09489836e-20  4.237384536e-18
216  -2.087885139e-20  4.22319878e-18
216.0804661  -2.080897995e-20  4.209065772e-18
216.2612261  -2.065296527e-20  4.177508431e-18
216.5220751  -2.043011159e-20  4.13243146e-18
216.834721  -2.016651868e-20  4.0791141e-18
217.165279  -1.989192679e-20  4.023571956e-18
217.4779249  -1.963603233e-20  3.971811774e-18
217.7387739  -1.942533005e-20  3.929192687e-18
217.9195339  -1.928079385e-20  3.899957117e-18
218  -1.921683765e-20  3.887020593e-18
218.0804661  -1.915311707e-20  3.87413173e-18
218.2612261  -1.901082867e-20  3.845350826e-18
218.5220751  -1.880756281e-20  3.804235914e-18
218.834721  -1.856710938e-20  3.755599013e-18
219.165279  -1.831658856e-20  3.704925766e-18
219.4779249  -1.808309458e-20  3.657696563e-18
219.7387739  -1.789081364e-20  3.618803589e-18
219.9195339  -1.77589018e-20  3.59212157e-18
220  -1.77005286e-20  3.580314328e-18
220.0804661  -1.764236851e-20  3.568550193e-18
220.2612261  -1.751248963e-20  3.542279383e-18
220.5220751  -1.732693434e-20  3.504746818e-18
220.834721  -1.710740554e-20  3.460342375e-18
221.165279  -1.687865499e-20  3.414072634e-18
221.4779249  -1.666542334e-20  3.370941927e-18
221.7387739  -1.648980759e-20  3.335419846e-18
221.9195339  -1.636931775e-20  3.311048174e-18
222  -1.631599612e-20  3.300262722e-18
222.0804661  -1.626286741e-20  3.289516292e-18
222.2612261  -1.61442179e-20  3.265516865e-18
222.5220751  -1.597469052e-20  3.231226289e-18
222.834721  -1.577410075e-20  3.190652674e-18
223.165279  -1.556505748e-20  3.148369158e-18
223.4779249  -1.537017074e-20  3.108949104e-18
223.7387739  -1.520964508e-20  3.076479321e-18
223.9195339  -1.509949874e-20  3.054199844e-18
224  -1.505075196e-20  3.044339754e-18
224.0804661  -1.500217997e-20  3.03451502e-18
224.2612261  -1.489370106e-20  3.012572818e-18
224.5220751  -1.47386918e-20  2.981218844e-18
224.834721  -1.455525924e-20  2.944115648e-18
225.165279  -1.436407172e-20  2.90544384e-18
225.4779249  -1.41858087e-20  2.869386293e-18
225.7387739  -1.403895906e-20  2.83968278e-18
225.9195339  -1.393818784e-20  2.819299624e-18
226  -1.389358784e-20  2.81027831e-18
226.0804661  -1.384914635e-20  2.80128906e-18
226.2612261  -1.374988725e-20  2.781211761e-18
226.5220751  -1.360804014e-20  2.752520119e-18
226.834721  -1.344016431e-20  2.718563605e-18
227.165279  -1.326516913e-20  2.683167049e-18
227.4779249  -1.310198331e-20  2.650159191e-18
227.7387739  -1.296753893e-20  2.622964912e-18
227.9195339  -1.287527253e-20  2.604302039e-18
228  -1.283443458e-20  2.59604168e-18
228.0804661  -1.279374049e-20  2.587810423e-18
228.2612261  -1.270284653e-20  2.569425155e-18
228.5220751  -1.257294261e-20  2.54314928e-18
228.834721  -1.241918449e-20  2.512048379e-18
229.165279  -1.225888588e-20  2.479624522e-18
229.4779249  -1.210938637e-20  2.449385016e-18
229.7387739  -1.198620424e-20  2.424468769e-18
229.9195339  -1.190165974e-20  2.407367817e-18
230  -1.18642377e-20  2.399798402e-18
230.0804661  -1.182694636e-20  2.392255422e-18
230.2612261  -1.174364859e-20  2.375406647e-18
230.5220751  -1.162459099e-20  2.351324677e-18
230.834721  -1.148365558e-20  2.322817445e-18
231.165279  -1.133670723e-20  2.293093967e-18
231.4779249  -1.119964195e-20  2.265369552e-18
231.7387739  -1.108669297e-20  2.24252318e-18
231.9195339  -1.100916543e-20  2.22684156e-18
232  -1.097484763e-20  2.219900044e-18
232.0804661  -1.094064866e-20  2.212982563e-18
232.2612261  -1.086425458e-20  2.197530211e-18
232.5220751  -1.075505544e-20  2.175442326e-18
232.834721  -1.062577624e-20  2.149292813e-18
233.165279  -1.049096527e-20  2.122024382e-18
233.4779249  -1.036520605e-20  2.096586864e-18
233.7387739  -1.026156286e-20  2.075622789e-18
233.9195339  -1.019041695e-20  2.061231992e-18
234  -1.015892249e-20  2.054861556e-18
234.0804661  -1.012753614e-20  2.048512989e-18
234.2612261  -1.005742158e-20  2.034330804e-18
234.5220751  -9.95719036e-21  2.014056875e-18
234.834721  -9.838515666e-21  1.990052354e-18
235.165279  -9.714748413e-21  1.965017753e-18
235.4779249  -9.599277848e-21  1.941661337e-18
235.7387739  -9.504104011e-21  1.922410372e-18
235.9195339  -9.438766656e-21  1.90919448e-18
236  -9.409842118e-21  1.903343867e-18
236.0804661  -9.381016033e-21  1.897513169e-18
236.2612261  -9.316617849e-21  1.884487245e-18
236.5220751  -9.224551059e-21  1.865864748e-18
236.834721  -9.115531857e-21  1.843813258e-18
237.165279  -9.001821284e-21  1.820812839e-18
237.4779249  -8.895721016e-21  1.799351767e-18
237.7387739  -8.808261447e-21  1.78166118e-18
237.9195339  -8.748215244e-21  1.769515538e-18
238  -8.721631836e-21  1.764138469e-18
238.0804661  -8.695138152e-21  1.758779549e-18
238.2612261  -8.635947863e-21  1.746807035e-18
238.5220751  -8.551319901e-21  1.729689201e-18
238.834721  -8.451099067e-21  1.709417372e-18
239.165279  -8.346553594e-21  1.688270791e-18
239.4779249  -8.248993969e-21  1.668537249e-18
239.7387739  -8.168566428e-21  1.652269041e-18
239.9195339  -8.113343848e-21  1.641099082e-18
240  -8.088894815e-21  1.636153736e-18
240.0804661  -8.064527616e-21  1.631224944e-18
240.2612261  -8.010085681e-21  1.620212886e-18
240.5220751  -7.932240729e-21  1.604467063e-18
240.834721  -7.840043477e-21  1.585818177e-18
241.165279  -7.743857059e-21  1.566362396e-18
241.4779249  -7.654087915e-21  1.548204647e-18
241.7387739  -7.580075454e-21  1.533234028e-18
241.9195339  -7.529253675e-21  1.522954225e-18
242  -7.506752022e-21  1.518402779e-18
242.0804661  -7.484325064e-21  1.513866443e-18
242.2612261  -7.434215823e-21  1.503730766e-18
242.5220751  -7.362560633e-21  1.489236956e-18
242.834721  -7.277686012e-21  1.47206923e-18
243.165279  -7.18912932e-21  1.454156726e-18
243.4779249  -7.106471804e-21  1.437437457e-18
243.7387739  -7.038316054e-21  1.423651484e-18
243.9195339  -6.991512365e-21  1.414184427e-18
244  -6.970788827e-21  1.409992644e-18
244.0804661  -6.950133518e-21  1.405814661e-18
244.2612261  -6.90398069e-21  1.396479255e-18
244.5220751  -6.837978168e-21  1.383128819e-18
244.834721  -6.7597915e-21  1.367313876e-18
245.165279  -6.678204078e-21  1.350811057e-18
245.4779249  -6.602043356e-21  1.335405905e-18
245.7387739  -6.539238549e-21  1.322702276e-18
245.9195339  -6.496106258e-21  1.313977839e-18
246  -6.477007494e-21  1.310114701e-18
246.0804661  -6.457971099e-21  1.306264179e-18
246.2612261  -6.415433772e-21  1.297660085e-18
246.5220751  -6.354597265e-21  1.285354588e-18
246.834721  -6.282523412e-21  1.270776094e-18
247.165279  -6.207306679e-21  1.255561884e-18
247.4779249  -6.137085452e-21  1.241358124e-18
247.7387739  -6.079173092e-21  1.229644098e-18
247.9195339  -6.039397887e-21  1.221598703e-18
248  -6.021784868e-21  1.21803609e-18
248.0804661  -6.004228904e-21  1.214485017e-18
248.2612261  -5.964997961e-21  1.206549711e-18
248.5220751  -5.908886165e-21  1.195199888e-18
248.834721  -5.842403522e-21  1.181752337e-18
249.165279  -5.773014547e-21  1.167716918e-18
249.4779249  -5.708227262e-21  1.15461229e-18
249.7387739  -5.654791378e-21  1.143803728e-18
249.9195339  -5.618088073e-21  1.136379691e-18
250  -5.601834648e-21  1.133092085e-18
250.0804661  -5.585633454e-21  1.129815043e-18
250.2612261  -5.549428385e-21  1.122491786e-18
250.5220751  -5.497640803e-21  1.112016629e-18
250.834721  -5.436275945e-21  1.09960426e-18
251.165279  -5.372221884e-21  1.086647943e-18
251.4779249  -5.312409567e-21  1.074549609e-18
251.7387739  -5.263072474e-21  1.064570116e-18
251.9195339  -5.229182107e-21  1.057715057e-18
252  -5.21417372e-21  1.054679287e-18
252.0804661  -5.199213181e-21  1.051653194e-18
252.2612261  -5.165779239e-21  1.044890457e-18
252.5220751  -5.117952123e-21  1.03521639e-18
252.834721  -5.061275021e-21  1.023752221e-18
253.165279  -5.002108147e-21  1.011784443e-18
253.4779249  -4.946853792e-21  1.000608056e-18
253.7387739  -4.9012723e-21  9.913882144e-19
253.9195339  -4.869959544e-21  9.850545329e-19
254  -4.856092088e-21  9.822495405e-19
254.0804661  -4.842268495e-21  9.7945342e-19
254.2612261  -4.811374151e-21  9.732043716e-19
254.5220751  -4.767176879e-21  9.642645183e-19
254.834721  -4.71479662e-21  9.536694792e-19
255.165279  -4.660109887e-21  9.426079061e-19
255.4779249  -4.60903433e-21  9.322767711e-19
255.7387739  -4.566896358e-21  9.23753456e-19
255.9195339  -4.537947199e-21  9.178978631e-19
256  -4.525125992e-21  9.153044969e-19
256.0804661  -4.512345021e-21  9.127192695e-19
256.2612261  -4.483779689e-21  9.06941314e-19
256.5220751  -4.44291152e-21  8.986748437e-19
256.834721  -4.394472484e-21  8.888770022e-19
257.165279  -4.343895551e-21  8.786467247e-19
257.4779249  -4.296653775e-21  8.690910549e-19
257.7387739  -4.257675322e-21  8.612068207e-19
257.9195339  -4.230894984e-21  8.557899187e-19
258  -4.21903385e-21  8.533907481e-19
258.0804661  -4.207209651e-21  8.509990484e-19
258.2612261  -4.180781651e-21  8.456534144e-19
258.5220751  -4.142968821e-21  8.380049527e-19
258.834721  -4.098147256e-21  8.289388228e-19
259.165279  -4.051342926e-21  8.194716358e-19
259.4779249  -4.007620759e-21  8.10627883e-19
259.7387739  -3.971543183e-21  8.033304136e-19
259.9195339  -3.94675427e-21  7.983163204e-19
260  -3.935774719e-21  7.96095469e-19
260.0804661  -3.924829095e-21  7.938814802e-19
260.2612261  -3.900363827e-21  7.889328512e-19
260.5220751  -3.865356951e-21  7.818519541e-19
260.834721  -3.8238579e-21  7.734578744e-19
261.165279  -3.780518933e-21  7.646916321e-19
261.4779249  -3.74003008e-21  7.565018869e-19
261.7387739  -3.706617664e-21  7.497435039e-19
261.9195339  -3.683658492e-21  7.450995152e-19
262  -3.673488982e-21  7.430425121e-19
262.0804661  -3.663350657e-21  7.409918169e-19
262.2612261  -3.640688967e-21  7.364080004e-19
262.5220751  -3.608260698e-21  7.298486825e-19
262.834721  -3.569815247e-21  7.220722593e-19
263.165279  -3.529661498e-21  7.139502962e-19
263.4779249  -3.492144882e-21  7.0636175e-19
263.7387739  -3.461182652e-21  7.0009897e-19
263.9195339  -3.43990575e-21  6.957952568e-19
264  -3.430481026e-21  6.938889029e-19
264.0804661  -3.421084986e-21  6.919883507e-19
264.2612261  -3.400081694e-21  6.877399811e-19
264.5220751  -3.370024635e-21  6.816602915e-19
264.834721  -3.334387437e-21  6.744518984e-19
265.165279  -3.297163287e-21  6.669225098e-19
265.4779249  -3.262380659e-21  6.598869718e-19
265.7387739  -3.233672417e-21  6.540801096e-19
265.9195339  -3.213943187e-21  6.500894466e-19
266  -3.205203688e-21  6.483216941e-19
266.0804661  -3.196490587e-21  6.465592811e-19
266.2612261  -3.177013169e-21  6.426195526e-19
266.5220751  -3.149137986e-21  6.369811946e-19
266.834721  -3.116085046e-21  6.302955233e-19
267.165279  -3.08155709e-21  6.233114982e-19
267.4779249  -3.049290883e-21  6.167849608e-19
267.7387739  -3.022657446e-21  6.113977729e-19
267.9195339  -3.004352953e-21  6.076952935e-19
268  -2.996244275e-21  6.060551383e-19
268.0804661  -2.988159907e-21  6.044199001e-19
268.2612261  -2.970087308e-21  6.007643267e-19
268.5220751  -2.94422104e-21  5.955323151e-19
268.834721  -2.91354771e-21  5.893279713e-19
269.165279  -2.881502683e-21  5.828461723e-19
269.4779249  -2.851554083e-21  5.767884209e-19
269.7387739  -2.826831696e-21  5.71787784e-19
269.9195339  -2.809839579e-21  5.683507613e-19
270  -2.802311997e-21  5.668281451e-19
270.0804661  -2.794806815e-21  5.6531006e-19
270.2612261  -2.778028383e-21  5.619162596e-19
270.5220751  -2.754012919e-21  5.57058613e-19
270.834721  -2.725532103e-21  5.512977528e-19
271.165279  -2.695775011e-21  5.452787381e-19
271.4779249  -2.667962215e-21  5.396529991e-19
271.7387739  -2.645001121e-21  5.350086217e-19
271.9195339  -2.629218618e-21  5.318162697e-19
272  -2.622226652e-21  5.304019934e-19
272.0804661  -2.615255339e-21  5.289918947e-19
272.2612261  -2.59966986e-21  5.258393949e-19
272.5220751  -2.577360566e-21  5.213268583e-19
272.834721  -2.550901104e-21  5.159748603e-19
273.165279  -2.523253539e-21  5.103825431e-19
273.4779249  -2.497410192e-21  5.051551677e-19
273.7387739  -2.476073344e-21  5.008393293e-19
273.9195339  -2.46140641e-21  4.97872625e-19
274  -2.454908435e-21  4.965582691e-19
274.0804661  -2.448429514e-21  4.952477674e-19
274.2612261  -2.433944349e-21  4.923178298e-19
274.5220751  -2.413208836e-21  4.881236243e-19
274.834721  -2.388614038e-21  4.83148795e-19
275.165279  -2.362912662e-21  4.779501365e-19
275.4779249  -2.338886443e-21  4.730903146e-19
275.7387739  -2.319048347e-21  4.690776311e-19
275.9195339  -2.305410856e-21  4.663191538e-19
276  -2.299368751e-21  4.650970076e-19
276.0804661  -2.293344236e-21  4.638784193e-19
276.2612261  -2.279874538e-21  4.611538818e-19
276.5220751  -2.260591543e-21  4.572534795e-19
276.834721  -2.237717878e-21  4.526267866e-19
277.165279  -2.213813053e-21  4.477915192e-19
277.4779249  -2.191464404e-21  4.432710222e-19
277.7387739  -2.173010068e-21  4.39538234e-19
277.9195339  -2.160323096e-21  4.369720197e-19
278  -2.154701928e-21  4.358350171e-19
278.0804661  -2.149097007e-21  4.347013007e-19
278.2612261  -2.136565017e-21  4.32166435e-19
278.5220751  -2.118623399e-21  4.285373552e-19
278.834721  -2.097339304e-21  4.242321871e-19
279.165279  -2.075093854e-21  4.197325642e-19
279.4779249  -2.054294828e-21  4.155255119e-19
279.7387739  -2.037118818e-21  4.120512928e-19
279.9195339  -2.025309997e-21  4.096627036e-19
280  -2.020077732e-21  4.08604365e-19
280.0804661  -2.014860482e-21  4.075490635e-19
280.2612261  -2.003194892e-21  4.051894458e-19
280.5220751  -1.986492724e-21  4.018110714e-19
280.834721  -1.96667753e-21  3.978030204e-19
281.165279  -1.945965628e-21  3.936135907e-19
281.4779249  -1.92659885e-21  3.896962414e-19
281.7387739  -1.910604435e-21  3.864610255e-19
281.9195339  -1.899607366e-21  3.842366307e-19
282  -1.894734612e-21  3.832510108e-19
282.0804661  -1.889875742e-21  3.822681994e-19
282.2612261  -1.879011117e-21  3.800705943e-19
282.5220751  -1.863454861e-21  3.769240054e-19
282.834721  -1.844997825e-21  3.731906711e-19
283.165279  -1.825703979e-21  3.692880741e-19
283.4779249  -1.807661705e-21  3.656386343e-19
283.7387739  -1.792760086e-21  3.626244598e-19
283.9195339  -1.782513809e-21  3.60551929e-19
284  -1.777973579e-21  3.596335694e-19
284.0804661  -1.773446195e-21  3.587178082e-19
284.2612261  -1.763322457e-21  3.566700634e-19
284.5220751  -1.748826224e-21  3.53737887e-19
284.834721  -1.731625647e-21  3.502586988e-19
285.165279  -1.713643791e-21  3.466214799e-19
285.4779249  -1.69682706e-21  3.432199327e-19
285.7387739  -1.682936665e-21  3.404103003e-19
285.9195339  -1.673385181e-21  3.384783062e-19
286  -1.669152685e-21  3.376221924e-19
286.0804661  -1.66493208e-21  3.367684839e-19
286.2612261  -1.655494031e-21  3.348594346e-19
286.5220751  -1.641978907e-21  3.321257087e-19
286.834721  -1.625941342e-21  3.288817648e-19
287.165279  -1.609174005e-21  3.254902085e-19
287.4779249  -1.593491865e-21  3.223181571e-19
287.7387739  -1.580537724e-21  3.19697902e-19
287.9195339  -1.571629558e-21  3.178960331e-19
288  -1.567682006e-21  3.170975555e-19
288.0804661  -1.563745469e-21  3.163013057e-19
288.2612261  -1.554942368e-21  3.145206884e-19
288.5220751  -1.542335805e-21  3.119707386e-19
288.834721  -1.527375336e-21  3.089446605e-19
289.165279  -1.511732892e-21  3.057806383e-19
289.4779249  -1.497101708e-21  3.028211653e-19
289.7387739  -1.485014869e-21  3.00376341e-19
289.9195339  -1.476702681e-21  2.986950212e-19
290  -1.473019114e-21  2.979499403e-19
290.0804661  -1.469345754e-21  2.972069239e-19
290.2612261  -1.461130929e-21  2.955452981e-19
290.5220751  -1.449366191e-21  2.931656256e-19
290.834721  -1.435403779e-21  2.903414261e-19
291.165279  -1.42080377e-21  2.873882589e-19
291.4779249  -1.407146587e-21  2.846257985e-19
291.7387739  -1.395863603e-21  2.823435713e-19
291.9195339  -1.388103825e-21  2.807739885e-19
292  -1.384664954e-21  2.800784026e-19
292.0804661  -1.381235547e-21  2.793847309e-19
292.2612261  -1.373566043e-21  2.77833408e-19
292.5220751  -1.362581707e-21  2.756115886e-19
292.834721  -1.349544597e-21  2.729745516e-19
293.165279  -1.335911116e-21  2.702168854e-19
293.4779249  -1.323157083e-21  2.676371068e-19
293.7387739  -1.312619538e-21  2.655056606e-19
293.9195339  -1.305372055e-21  2.640397005e-19
294  -1.302160118e-21  2.633900169e-19
294.0804661  -1.29895696e-21  2.62742109e-19
294.2612261  -1.291793221e-21  2.61293088e-19
294.5220751  -1.281532719e-21  2.592176799e-19
294.834721  -1.269353906e-21  2.567542518e-19
295.165279  -1.256617034e-21  2.541779443e-19
295.4779249  -1.244700888e-21  2.517676463e-19
295.7387739  -1.234854964e-21  2.497760954e-19
295.9195339  -1.228082818e-21  2.484062825e-19
296  -1.22508145e-21  2.477991911e-19
296.0804661  -1.222088231e-21  2.471937478e-19
296.2612261  -1.21539381e-21  2.458396566e-19
296.5220751  -1.20580502e-21  2.439001167e-19
296.834721  -1.194422755e-21  2.415978077e-19
297.165279  -1.182518057e-21  2.391898252e-19
297.4779249  -1.171379644e-21  2.369368406e-19
297.7387739  -1.162175735e-21  2.350751511e-19
297.9195339  -1.155844857e-21  2.337945942e-19
298  -1.153038973e-21  2.332270436e-19
298.0804661  -1.150240655e-21  2.326610234e-19
298.2612261  -1.143981954e-21  2.313950658e-19
298.5220751  -1.13501682e-21  2.295816738e-19
298.834721  -1.12437417e-21  2.274289679e-19
299.165279  -1.113242227e-21  2.251772919e-19
299.4779249  -1.102826075e-21  2.230704001e-19
299.7387739  -1.094218431e-21  2.213293182e-19
299.9195339  -1.088297398e-21  2.201316614e-19
300  -1.085673084e-21  2.196008372e-19
300.0804661  -1.083055799e-21  2.190714348e-19
300.2612261  -1.077201823e-21  2.178873416e-19
300.5220751  -1.068816017e-21  2.161911311e-19
300.834721  -1.058860459e-21  2.141774044e-19
301.165279  -1.048446451e-21  2.120709464e-19
301.4779249  -1.038701376e-21  2.100997944e-19
301.7387739  -1.030647781e-21  2.084707807e-19
301.9195339  -1.025107597e-21  2.073501589e-19
302  -1.022652011e-21  2.068534636e-19
302.0804661  -1.02020296e-21  2.0635809e-19
302.2612261  -1.014725106e-21  2.052500758e-19
302.5220751  -1.006877713e-21  2.036627709e-19
302.834721  -9.975607662e-22  2.017782172e-19
303.165279  -9.878140904e-22  1.998067415e-19
303.4779249  -9.786928387e-22  1.979617712e-19
303.7387739  -9.711543156e-22  1.964369421e-19
303.9195339  -9.659682074e-22  1.953879396e-19
304  -9.636694937e-22  1.949229751e-19
304.0804661  -9.613768564e-22  1.944592397e-19
304.2612261  -9.56248713e-22  1.934219619e-19
304.5220751  -9.489019503e-22  1.919359204e-19
304.834721  -9.401788433e-22  1.901714836e-19
305.165279  -9.310527611e-22  1.883255363e-19
305.4779249  -9.225116867e-22  1.865979194e-19
305.7387739  -9.154522312e-22  1.851699921e-19
305.9195339  -9.105954653e-22  1.841876062e-19
306  -9.084426702e-22  1.837521569e-19
306.0804661  -9.062955286e-22  1.833178511e-19
306.2612261  -9.014926937e-22  1.82346374e-19
306.5220751  -8.946116536e-22  1.80954535e-19
306.834721  -8.86441016e-22  1.79301847e-19
307.165279  -8.778923375e-22  1.775726921e-19
307.4779249  -8.698911045e-22  1.759542698e-19
307.7387739  -8.632774402e-22  1.746165133e-19
307.9195339  -8.587271562e-22  1.736961201e-19
308  -8.567101552e-22  1.732881381e-19
308.0804661  -8.546984169e-22  1.728812205e-19
308.2612261  -8.501983343e-22  1.719709816e-19
308.5220751  -8.437507472e-22  1.706668178e-19
308.834721  -8.360943333e-22  1.691181427e-19
309.165279  -8.28083127e-22  1.674977031e-19
309.4779249  -8.205844393e-22  1.659809315e-19
309.7387739  -8.143857955e-22  1.647271219e-19
309.9195339  -8.101208531e-22  1.638644451e-19
310  -8.082302835e-22  1.634820366e-19
310.0804661  -8.063446149e-22  1.631006194e-19
310.2612261  -8.021264239e-22  1.622473991e-19
310.5220751  -7.960824441e-22  1.610248736e-19
310.834721  -7.889048783e-22  1.595730559e-19
311.165279  -7.813942063e-22  1.580538602e-19
311.4779249  -7.743635611e-22  1.566317603e-19
311.7387739  -7.685514696e-22  1.554561392e-19
311.9195339  -7.645523093e-22  1.546472227e-19
312  -7.627795081e-22  1.542886353e-19
312.0804661  -7.610112731e-22  1.539309716e-19
312.2612261  -7.570556713e-22  1.531308657e-19
312.5220751  -7.513876808e-22  1.519843921e-19
312.834721  -7.446562258e-22  1.506228099e-19
313.165279  -7.376119025e-22  1.491979433e-19
313.4779249  -7.310173651e-22  1.478640557e-19
313.7387739  -7.255654747e-22  1.46761293e-19
313.9195339  -7.218139906e-22  1.460024743e-19
314  -7.201509382e-22  1.456660861e-19
314.0804661  -7.184921421e-22  1.453305587e-19
314.2612261  -7.1478126e-22  1.445799526e-19
314.5220751  -7.094636897e-22  1.435043592e-19
314.834721  -7.031480347e-22  1.422268815e-19
315.165279  -6.965384057e-22  1.408899412e-19
315.4779249  -6.903504036e-22  1.396382841e-19
315.7387739  -6.852343106e-22  1.386034438e-19
315.9195339  -6.81713734e-22  1.378913311e-19
316  -6.80153003e-22  1.375756395e-19
316.0804661  -6.785962412e-22  1.372607508e-19
316.2612261  -6.751135277e-22  1.365562968e-19
316.5220751  -6.701226938e-22  1.355467928e-19
316.834721  -6.641947608e-22  1.343477403e-19
317.165279  -6.57990501e-22  1.330927947e-19
317.4779249  -6.521816359e-22  1.319178262e-19
317.7387739  -6.473787293e-22  1.309463346e-19
317.9195339  -6.440735225e-22  1.302777851e-19
318  -6.426082304e-22  1.299813981e-19
318.0804661  -6.411466413e-22  1.296857601e-19
318.2612261  -6.37876759e-22  1.290243558e-19
318.5220751  -6.331907131e-22  1.280765018e-19
318.834721  -6.276244799e-22  1.269506108e-19
319.165279  -6.217984093e-22  1.257721622e-19
319.4779249  -6.16343285e-22  1.246687454e-19
319.7387739  -6.118326044e-22  1.237563628e-19
319.9195339  -6.087283632e-22  1.23128463e-19
320  -6.073521295e-22  1.2285009e-19
320.0804661  -6.059793521e-22  1.225724161e-19
320.2612261  -6.029080814e-22  1.219511852e-19
320.5220751  -5.985064737e-22  1.21060865e-19
320.834721  -5.932778116e-22  1.200032551e-19
321.165279  -5.878047262e-22  1.188962054e-19
321.4779249  -5.826797909e-22  1.178595765e-19
321.7387739  -5.784418972e-22  1.170023709e-19
321.9195339  -5.75525262e-22  1.164124184e-19
322  -5.742321687e-22  1.161508624e-19
322.0804661  -5.729423028e-22  1.158899591e-19
322.2612261  -5.700564541e-22  1.153062339e-19
322.5220751  -5.659204081e-22  1.144696292e-19
322.834721  -5.610069339e-22  1.134757729e-19
323.165279  -5.55863451e-22  1.124353924e-19
323.4779249  -5.510468532e-22  1.114611314e-19
323.7387739  -5.470637091e-22  1.106554545e-19
323.9195339  -5.443222835e-22  1.101009419e-19
324  -5.43106839e-22  1.09855092e-19
324.0804661  -5.418944093e-22  1.096098519e-19
324.2612261  -5.39181743e-22  1.090611565e-19
324.5220751  -5.352937406e-22  1.08274724e-19
324.834721  -5.306746802e-22  1.073404193e-19
325.165279  -5.258390968e-22  1.06362318e-19
325.4779249  -5.213105532e-22  1.054463223e-19
325.7387739  -5.175654149e-22  1.046887871e-19
325.9195339  -5.149876903e-22  1.041673866e-19
326  -5.138447964e-22  1.039362117e-19
326.0804661  -5.1270472e-22  1.037056066e-19
326.2612261  -5.101538723e-22  1.031896425e-19
326.5220751  -5.064976485e-22  1.024500923e-19
326.834721  -5.021537128e-22  1.015714374e-19
327.165279  -4.976058753e-22  1.00651539e-19
327.4779249  -4.933465493e-22  9.978999833e-20
327.7387739  -4.898238664e-22  9.90774596e-20
327.9195339  -4.873991543e-22  9.858700918e-20
328  -4.863240757e-22  9.836955131e-20
328.0804661  -4.852516313e-22  9.815262626e-20
328.2612261  -4.828520474e-22  9.766725857e-20
328.5220751  -4.794124936e-22  9.697153452e-20
328.834721  -4.753257639e-22  9.614490512e-20
329.165279  -4.710469493e-22  9.527942244e-20
329.4779249  -4.670393403e-22  9.446879694e-20
329.7387739  -4.637246641e-22  9.379833207e-20
329.9195339  -4.614430327e-22  9.33368228e-20
330  -4.604313693e-22  9.313219203e-20
330.0804661  -4.594221698e-22  9.292805962e-20
330.2612261  -4.571640411e-22  9.247130432e-20
330.5220751  -4.53927117e-22  9.181656649e-20
330.834721  -4.5008094e-22  9.103859409e-20
331.165279  -4.460537467e-22  9.022400723e-20
331.4779249  -4.422815877e-22  8.946100658e-20
331.7387739  -4.391614873e-22  8.882989887e-20
331.9195339  -4.370137038e-22  8.839546325e-20
332  -4.360613652e-22  8.820283219e-20
332.0804661  -4.35111332e-22  8.801066744e-20
332.2612261  -4.3298554e-22  8.758068008e-20
332.5220751  -4.299381918e-22  8.696428808e-20
332.834721  -4.263170838e-22  8.623184075e-20
333.165279  -4.225253306e-22  8.546487675e-20
333.4779249  -4.189734948e-22  8.474644121e-20
333.7387739  -4.160354797e-22  8.41521642e-20
333.9195339  -4.140129576e-22  8.374306541e-20
334  -4.131161395e-22  8.356166455e-20
334.0804661  -4.122214793e-22  8.33807002e-20
334.2612261  -4.102195427e-22  8.297576528e-20
334.5220751  -4.073496288e-22  8.239526319e-20
334.834721  -4.039391869e-22  8.170542763e-20
335.165279  -4.003678213e-22  8.098304179e-20
335.4779249  -3.970222357e-22  8.030632482e-20
335.7387739  -3.942546853e-22  7.974652795e-20
335.9195339  -3.923494355e-22  7.936115001e-20
336  -3.91504598e-22  7.919026338e-20
336.0804661  -3.906617813e-22  7.901978549e-20
336.2612261  -3.887758086e-22  7.863830676e-20
336.5220751  -3.860720306e-22  7.809140925e-20
336.834721  -3.828588515e-22  7.744147435e-20
337.165279  -3.794938649e-22  7.676083311e-20
337.4779249  -3.763414316e-22  7.612318537e-20
337.7387739  -3.737335293e-22  7.559568079e-20
337.9195339  -3.719381152e-22  7.523251951e-20
338  -3.711419635e-22  7.507148061e-20
338.0804661  -3.703477048e-22  7.491082463e-20
338.2612261  -3.685703495e-22  7.455131613e-20
338.5220751  -3.660221895e-22  7.403589571e-20
338.834721  -3.629937949e-22  7.342333747e-20
339.165279  -3.598221442e-22  7.27818026e-20
339.4779249  -3.568506674e-22  7.218075722e-20
339.7387739  -3.543923413e-22  7.168350766e-20
339.9195339  -3.52699838e-22  7.13411623e-20
340  -3.519493035e-22  7.118935048e-20
340.0804661  -3.512005431e-22  7.103789752e-20
340.2612261  -3.495249639e-22  7.069897542e-20
340.5220751  -3.47122626e-22  7.021305068e-20
340.834721  -3.442673937e-22  6.963551826e-20
341.165279  -3.412769302e-22  6.903063239e-20
341.4779249  -3.384750494e-22  6.846389146e-20
341.7387739  -3.361569166e-22  6.799499904e-20
341.9195339  -3.345608726e-22  6.767216465e-20
342  -3.338530967e-22  6.752900168e-20
342.0804661  -3.331469841e-22  6.738617516e-20
342.2612261  -3.315668068e-22  6.706655015e-20
342.5220751  -3.293011642e-22  6.660827498e-20
342.834721  -3.266082648e-22  6.606357792e-20
343.165279  -3.237876676e-22  6.549305118e-20
343.4779249  -3.211447958e-22  6.495847327e-20
343.7387739  -3.189581121e-22  6.451616924e-20
343.9195339  -3.174525146e-22  6.421162963e-20
344  -3.16784833e-22  6.407657659e-20
344.0804661  -3.161187114e-22  6.39418391e-20
344.2612261  -3.146279948e-22  6.364030947e-20
344.5220751  -3.124905402e-22  6.320796309e-20
344.834721  -3.099498792e-22  6.269405951e-20
345.165279  -3.072885947e-22  6.215575722e-20
345.4779249  -3.04794862e-22  6.16513459e-20
345.7387739  -3.027314745e-22  6.123398121e-20
345.9195339  -3.013107174e-22  6.09466024e-20
346  -3.006806458e-22  6.08191568e-20
346.0804661  -3.000520377e-22  6.069200724e-20
346.2612261  -2.986452423e-22  6.040745247e-20
346.5220751  -2.966280426e-22  5.999943025e-20
346.834721  -2.942302063e-22  5.951441604e-20
347.165279  -2.917183922e-22  5.900634737e-20
347.4779249  -2.89364593e-22  5.853024065e-20
347.7387739  -2.874168977e-22  5.813627718e-20
347.9195339  -2.860757517e-22  5.786500143e-20
348  -2.854809728e-22  5.774469454e-20
348.0804661  -2.848875675e-22  5.762466551e-20
348.2612261  -2.835595255e-22  5.735604032e-20
348.5220751  -2.816551805e-22  5.697084539e-20
348.834721  -2.793913864e-22  5.651294413e-20
349.165279  -2.770198601e-22  5.603325169e-20
349.4779249  -2.747974054e-22  5.558371223e-20
349.7387739  -2.729583067e-22  5.521171477e-20
349.9195339  -2.716918923e-22  5.495555509e-20
350  -2.711302436e-22  5.484194953e-20
350.0804661  -2.705698848e-22  5.472860484e-20
350.2612261  -2.693157737e-22  5.447493379e-20
350.5220751  -2.675173769e-22  5.411116918e-20
350.834721  -2.653794287e-22  5.367872297e-20
351.165279  -2.631396195e-22  5.322567315e-20
351.4779249  -2.610404922e-22  5.280107931e-20
351.7387739  -2.593033666e-22  5.244970814e-20
351.9195339  -2.581071286e-22  5.220774316e-20
352  -2.575765917e-22  5.210043059e-20
352.0804661  -2.570472661e-22  5.199336305e-20
352.2612261  -2.55862584e-22  5.17537355e-20
352.5220751  -2.541636876e-22  5.1410097e-20
352.834721  -2.521439325e-22  5.10015579e-20
353.165279  -2.500278377e-22  5.0573532e-20
353.4779249  -2.480445515e-22  5.017236952e-20
353.7387739  -2.46403214e-22  4.984037356e-20
353.9195339  -2.452728985e-22  4.961174282e-20
354  -2.447715879e-22  4.951034193e-20
354.0804661  -2.442714155e-22  4.940917126e-20
354.2612261  -2.431519577e-22  4.918273672e-20
354.5220751  -2.415465395e-22  4.885800622e-20
354.834721  -2.396378297e-22  4.847192842e-20
355.165279  -2.376379742e-22  4.806741443e-20
355.4779249  -2.357635358e-22  4.768826877e-20
355.7387739  -2.342122083e-22  4.737447927e-20
355.9195339  -2.331438411e-22  4.715837893e-20
356  -2.326699956e-22  4.706253344e-20
356.0804661  -2.3219722e-22  4.696690435e-20
356.2612261  -2.31139058e-22  4.675286823e-20
356.5220751  -2.296214914e-22  4.644590759e-20
356.834721  -2.27817148e-22  4.608094016e-20
357.165279  -2.259265466e-22  4.569852518e-20
357.4779249  -2.241544208e-22  4.534007446e-20
357.7387739  -2.226877034e-22  4.504339916e-20
357.9195339  -2.216775703e-22  4.483907792e-20
358  -2.212295437e-22  4.474845487e-20
358.0804661  -2.207825231e-22  4.465803529e-20
358.2612261  -2.197819853e-22  4.445565491e-20
358.5220751  -2.18347011e-22  4.416540035e-20
358.834721  -2.16640791e-22  4.382028049e-20
359.165279  -2.14852914e-22  4.345864374e-20
359.4779249  -2.131769913e-22  4.311965217e-20
359.7387739  -2.117898354e-22  4.283906991e-20
359.9195339  -2.108344638e-22  4.264582536e-20
360  -2.104107171e-22  4.256011345e-20
360.0804661  -2.099879166e-22  4.247459291e-20
360.2612261  -2.090415699e-22  4.228317385e-20
360.5220751  -2.076842703e-22  4.200863067e-20
360.834721  -2.060703357e-22  4.168217754e-20
361.165279  -2.043790769e-22  4.13400839e-20
361.4779249  -2.027936436e-22  4.101939577e-20
361.7387739  -2.014813276e-22  4.075395149e-20
361.9195339  -2.005774695e-22  4.057112667e-20
362  -2.001765632e-22  4.049003471e-20
362.0804661  -1.997765471e-22  4.04091228e-20
362.2612261  -1.988811804e-22  4.022801555e-20
362.5220751  -1.975969554e-22  3.99682533e-20
362.834721  -1.960698454e-22  3.965936231e-20
363.165279  -1.944694922e-22  3.93356563e-20
363.4779249  -1.929692029e-22  3.903219038e-20
363.7387739  -1.917273091e-22  3.878099053e-20
363.9195339  -1.908719257e-22  3.860797075e-20
364  -1.904925128e-22  3.853122629e-20
364.0804661  -1.901139377e-22  3.84546513e-20
364.2612261  -1.892665463e-22  3.828324808e-20
364.5220751  -1.880510917e-22  3.803739612e-20
364.834721  -1.866056958e-22  3.774503357e-20
365.165279  -1.850909023e-22  3.743863387e-20
365.4779249  -1.836707541e-22  3.715137822e-20
365.7387739  -1.824951479e-22  3.691358646e-20
365.9195339  -1.816853947e-22  3.674979638e-20
366  -1.813262145e-22  3.667714442e-20
366.0804661  -1.80967823e-22  3.6604652e-20
366.2612261  -1.801655944e-22  3.644238393e-20
366.5220751  -1.790148808e-22  3.620962725e-20
366.834721  -1.776464151e-22  3.593282549e-20
367.165279  -1.762121765e-22  3.564271974e-20
367.4779249  -1.748674855e-22  3.537072694e-20
367.7387739  -1.737542956e-22  3.514556025e-20
367.9195339  -1.729875094e-22  3.499046116e-20
368  -1.726473813e-22  3.49216629e-20
368.0804661  -1.723079961e-22  3.485301491e-20
368.2612261  -1.715482966e-22  3.469934928e-20
368.5220751  -1.70458551e-22  3.447892469e-20
368.834721  -1.691625353e-22  3.421677752e-20
369.165279  -1.678041644e-22  3.394201766e-20
369.4779249  -1.665305439e-22  3.368440039e-20
369.7387739  -1.654761445e-22  3.347112532e-20
369.9195339  -1.647498306e-22  3.332421264e-20
370  -1.644276488e-22  3.325904443e-20
370.0804661  -1.64106167e-22  3.319401779e-20
370.2612261  -1.633865297e-22  3.304845559e-20
370.5220751  -1.623542176e-22  3.283964817e-20
370.834721  -1.611264551e-22  3.259130667e-20
371.165279  -1.598395607e-22  3.233100447e-20
371.4779249  -1.586329005e-22  3.208693137e-20
371.7387739  -1.576338941e-22  3.188486075e-20
371.9195339  -1.569457151e-22  3.174566169e-20
372  -1.566404437e-22  3.168391394e-20
372.0804661  -1.563358318e-22  3.162229961e-20
372.2612261  -1.55653945e-22  3.148437327e-20
372.5220751  -1.546757543e-22  3.128651307e-20
372.834721  -1.535123118e-22  3.105118168e-20
373.165279  -1.522927784e-22  3.080450471e-20
373.4779249  -1.511492264e-22  3.057319661e-20
373.7387739  -1.502024288e-22  3.038168634e-20
373.9195339  -1.495501938e-22  3.024975772e-20
374  -1.492608614e-22  3.019123399e-20
374.0804661  -1.489721508e-22  3.013283604e-20
374.2612261  -1.483258476e-22  3.000210725e-20
374.5220751  -1.473986734e-22  2.981456624e-20
374.834721  -1.462958637e-22  2.959149916e-20
375.165279  -1.451398332e-22  2.935766701e-20
375.4779249  -1.440557777e-22  2.913839337e-20
375.7387739  -1.431582033e-22  2.895683954e-20
375.9195339  -1.425398579e-22  2.883176583e-20
376  -1.422655539e-22  2.877628192e-20
376.0804661  -1.419918363e-22  2.872091662e-20
376.2612261  -1.413790847e-22  2.859697437e-20
376.5220751  -1.405000155e-22  2.841916364e-20
376.834721  -1.394543809e-22  2.820766144e-20
377.165279  -1.383582348e-22  2.79859422e-20
377.4779249  -1.373302885e-22  2.777801786e-20
377.7387739  -1.364791368e-22  2.760585404e-20
377.9195339  -1.358927542e-22  2.748724548e-20
378  -1.356326243e-22  2.743462861e-20
378.0804661  -1.353730477e-22  2.738212362e-20
378.2612261  -1.347919417e-22  2.726458239e-20
378.5220751  -1.339582463e-22  2.709594948e-20
378.834721  -1.32966543e-22  2.689535605e-20
379.165279  -1.319268865e-22  2.668506307e-20
379.4779249  -1.309518715e-22  2.648784521e-20
379.7387739  -1.301445151e-22  2.632453994e-20
379.9195339  -1.295882871e-22  2.621203082e-20
380  -1.2934153e-22  2.616211885e-20
380.0804661  -1.290952948e-22  2.611231247e-20
380.2612261  -1.28544046e-22  2.600081049e-20
380.5220751  -1.277531614e-22  2.5840837e-20
380.834721  -1.268123453e-22  2.565053661e-20
381.165279  -1.258259928e-22  2.54510255e-20
381.4779249  -1.249009262e-22  2.52639108e-20
381.7387739  -1.241348991e-22  2.510896526e-20
381.9195339  -1.236071288e-22  2.500221233e-20
382  -1.23372992e-22  2.49548531e-20
382.0804661  -1.231393479e-22  2.490759353e-20
382.2612261  -1.226162774e-22  2.480179122e-20
382.5220751  -1.218657979e-22  2.464999053e-20
382.834721  -1.209730115e-22  2.446940518e-20
383.165279  -1.20036972e-22  2.428007097e-20
383.4779249  -1.191590536e-22  2.410249302e-20
383.7387739  -1.184320404e-22  2.395543889e-20
383.9195339  -1.179311345e-22  2.385411984e-20
384  -1.177089116e-22  2.380917047e-20
384.0804661  -1.17487154e-22  2.37643152e-20
384.2612261  -1.169906855e-22  2.366389371e-20
384.5220751  -1.16278352e-22  2.351980887e-20
384.834721  -1.154309118e-22  2.334839578e-20
385.165279  -1.145423766e-22  2.316867036e-20
385.4779249  -1.137089767e-22  2.300009721e-20
385.7387739  -1.130188028e-22  2.286049463e-20
385.9195339  -1.125432646e-22  2.276430677e-20
386  -1.123322923e-22  2.272163305e-20
386.0804661  -1.121217593e-22  2.26790482e-20
386.2612261  -1.116504121e-22  2.258370806e-20
386.5220751  -1.109741026e-22  2.244690985e-20
386.834721  -1.10169488e-22  2.228415915e-20
387.165279  -1.093258187e-22  2.211350881e-20
387.4779249  -1.085344665e-22  2.195344072e-20
387.7387739  -1.078790889e-22  2.182087645e-20
387.9195339  -1.074275125e-22  2.172953537e-20
388  -1.072271673e-22  2.168901123e-20
388.0804661  -1.070272372e-22  2.164857103e-20
388.2612261  -1.065796201e-22  2.155803082e-20
388.5220751  -1.059373408e-22  2.142811594e-20
388.834721  -1.051731831e-22  2.127354854e-20
389.165279  -1.043719002e-22  2.111147177e-20
389.4779249  -1.036202739e-22  2.09594391e-20
389.7387739  -1.029977726e-22  2.083352477e-20
389.9195339  -1.025688365e-22  2.074676318e-20
390  -1.023785325e-22  2.070827009e-20
390.0804661  -1.021886208e-22  2.066985634e-20
390.2612261  -1.017634264e-22  2.058385157e-20
390.5220751  -1.011533031e-22  2.046044096e-20
390.834721  -1.00427376e-22  2.031360651e-20
391.165279  -9.966614878e-23  2.015963187e-20
391.4779249  -9.895206564e-23  2.001519313e-20
391.7387739  -9.836063562e-23  1.989556363e-20
391.9195339  -9.795309747e-23  1.981313023e-20
392  -9.777228393e-23  1.977655679e-20
392.0804661  -9.759184116e-23  1.974005834e-20
392.2612261  -9.718783994e-23  1.965834036e-20
392.5220751  -9.660811069e-23  1.95410776e-20
392.834721  -9.591832069e-23  1.940155267e-20
393.165279  -9.519495761e-23  1.925523686e-20
393.4779249  -9.451636519e-23  1.911797688e-20
393.7387739  -9.395430897e-23  1.900428887e-20
393.9195339  -9.35670004e-23  1.892594734e-20
394  -9.339515926e-23  1.889118876e-20
394.0804661  -9.322366872e-23  1.885650109e-20
394.2612261  -9.283970452e-23  1.877883603e-20
394.5220751  -9.228871206e-23  1.866738591e-20
394.834721  -9.16330902e-23  1.853477222e-20
395.165279  -9.094552978e-23  1.839569827e-20
395.4779249  -9.03004974e-23  1.826522654e-20
395.7387739  -8.976621818e-23  1.815715702e-20
395.9195339  -8.939804008e-23  1.808268505e-20
396  -8.923468402e-23  1.804964275e-20
396.0804661  -8.907165955e-23  1.801666753e-20
396.2612261  -8.870664465e-23  1.794283538e-20
396.5220751  -8.818282982e-23  1.783688252e-20
396.834721  -8.755952359e-23  1.771080536e-20
397.165279  -8.690582621e-23  1.757858095e-20
397.4779249  -8.629253718e-23  1.745452999e-20
397.7387739  -8.578453239e-23  1.735177505e-20
397.9195339  -8.543445049e-23  1.728096342e-20
398  -8.52791209e-23  1.724954465e-20
398.0804661  -8.512410504e-23  1.721818935e-20
398.2612261  -8.477701581e-23  1.714798305e-20
398.5220751  -8.427891129e-23  1.704723065e-20
398.834721  -8.368617718e-23  1.692733737e-20
399.165279  -8.30645173e-23  1.680159323e-20
399.4779249  -8.248126171e-23  1.668361718e-20
399.7387739  -8.199811701e-23  1.658589073e-20
399.9195339  -8.166515772e-23  1.651854252e-20
