#L=0 M=0
#R     Re(V)   Im(V)

0.08046609183  -86.76706283  0
0.2612261349  -25.84109136  0
0.5220750502  -12.40285134  0
0.8347210423  -7.526869394  0
1.165278958  -5.385419773  0
1.47792495  -4.374282669  0
1.738773865  -3.89195977  0
1.919533908  -3.673238175  0
2  -3.597770361  0
2.080466092  -3.362529571  0
2.261226135  -2.912124329  0
2.52207505  -2.411615147  0
2.834721042  -1.977435589  0
3.165278958  -1.652490629  0
3.47792495  -1.431873955  0
3.738773865  -1.293666575  0
3.919533908  -1.216506684  0
4  -1.186232859  0
4.080466092  -1.145082016  0
4.261226135  -1.061689482  0
4.52207505  -0.9600943935  0
4.834721042  -0.8614427747  0
5.165278958  -0.7779917684  0
5.47792495  -0.7139366023  0
5.738773865  -0.6690284828  0
5.919533908  -0.6415975714  0
6  -0.6302289893  0
6.080466092  -0.6193342889  0
6.261226135  -0.5964425059  0
6.52207505  -0.5667935579  0
6.834721042  -0.5356396785  0
7.165278958  -0.5069031136  0
7.47792495  -0.4829323913  0
7.738773865  -0.4649029018  0
7.919533908  -0.4533116871  0
8  -0.4483666175  0
8.080466092  -0.4435456875  0
8.261226135  -0.4331414899  0
8.52207505  -0.4190755217  0
8.834721042  -0.4035172073  0
9.165278958  -0.3884042968  0
9.47792495  -0.3752069837  0
9.738773865  -0.3649149705  0
9.919533908  -0.358130007  0
10  -0.3551951667  0
10.08046609  -0.352310835  0
10.26122613  -0.3460082354  0
10.52207505  -0.3373190994  0
10.83472104  -0.327485169  0
11.16527896  -0.3177126813  0
11.47792495  -0.3090056062  0
11.73877387  -0.3021058982  0
11.91953391  -0.2975059143  0
12  -0.2955037147  0
12.08046609  -0.293528699  0
12.26122613  -0.289188181  0
12.52207505  -0.2831488082  0
12.83472104  -0.2762377414  0
13.16527896  -0.2692913371  0
13.47792495  -0.2630373736  0
13.73877387  -0.2580387139  0
13.91953391  -0.2546852732  0
14  -0.2532204575  0
14.08046609  -0.2517724547  0
14.26122613  -0.2485794551  0
14.52207505  -0.2441123297  0
14.83472104  -0.2389657176  0
15.16527896  -0.233755538  0
15.47792495  -0.2290328106  0
15.73877387  -0.2252362816  0
15.91953391  -0.2226784673  0
16  -0.2215584531  0
16.08046609  -0.2204496576  0
16.26122613  -0.2179988904  0
16.52207505  -0.2145568614  0
16.83472104  -0.2105719636  0
17.16527896  -0.206516708  0
17.47792495  -0.2028223924  0
17.73877387  -0.199839802  0
17.91953391  -0.1978239074  0
18  -0.1969395492  0
18.08046609  -0.1960630639  0
18.26122613  -0.1941222864  0
18.52207505  -0.1913883971  0
18.83472104  -0.1882114204  0
19.16527896  -0.1849651704  0
19.47792495  -0.1819962209  0
19.73877387  -0.17959112  0
19.91953391  -0.1779614119  0
20  -0.1772454165  0
20.08046609  -0.1765351594  0
20.26122613  -0.1749602007  0
20.52207505  -0.1727363376  0
20.83472104  -0.17014425  0
21.16527896  -0.1674869448  0
21.47792495  -0.1650488985  0
21.73877387  -0.1630684345  0
21.91953391  -0.1617236852  0
22  -0.1611321725  0
22.08046609  -0.160544971  0
22.26122613  -0.1592413532  0
22.52207505  -0.1573970316  0
22.83472104  -0.1552419991  0
23.16527896  -0.1530267664  0
23.47792495  -0.1509889708  0
23.73877387  -0.1493298575  0
23.91953391  -0.1482013709  0
24  -0.1477044881  0
24.08046609  -0.1472109261  0
24.26122613  -0.1461141202  0
24.52207505  -0.1445598589  0
24.83472104  -0.142739985  0
25.16527896  -0.1408650273  0
25.47792495  -0.1391364372  0
25.73877387  -0.1377263627  0
25.91953391  -0.1367658738  0
26  -0.136342604  0
26.08046609  -0.135921946  0
26.26122613  -0.1349863744  0
26.52207505  -0.1336587615  0
26.83472104  -0.1321015298  0
27.16527896  -0.1304940659  0
27.47792495  -0.1290092941  0
27.73877387  -0.127796121  0
27.91953391  -0.1269687278  0
28  -0.1266038465  0
28.08046609  -0.1262410563  0
28.26122613  -0.125433613  0
28.52207505  -0.1242864587  0
28.83472104  -0.1229388589  0
29.16527896  -0.1215454756  0
29.47792495  -0.1202563514  0
29.73877387  -0.119201542  0
29.91953391  -0.1184813812  0
30  -0.1181635901  0
30.08046609  -0.1178474991  0
30.26122613  -0.1171435581  0
30.52207505  -0.1161424214  0
30.83472104  -0.1149648053  0
31.16527896  -0.1137454186  0
31.47792495  -0.112615673  0
31.73877387  -0.1116901276  0
31.91953391  -0.1110576273  0
32  -0.1107783657  0
32.08046609  -0.1105005049  0
32.26122613  -0.1098813693  0
32.52207505  -0.1090000468  0
32.83472104  -0.107962169  0
33.16527896  -0.1068861114  0
33.47792495  -0.1058879159  0
33.73877387  -0.1050692511  0
33.91953391  -0.1045093282  0
34  -0.1042619912  0
34.08046609  -0.1040158222  0
34.26122613  -0.1034670414  0
34.52207505  -0.1026852441  0
34.83472104  -0.1017636311  0
35.16527896  -0.1008070405  0
35.47792495  -0.09991868766  0
35.73877387  -0.09918940463  0
35.91953391  -0.09869024779  0
36  -0.09846965838  0
36.08046609  -0.09825005289  0
36.26122613  -0.09776028225  0
36.52207505  -0.09706205622  0
36.83472104  -0.09623821225  0
37.16527896  -0.09538224389  0
37.47792495  -0.09458655213  0
37.73877387  -0.09393277361  0
37.91953391  -0.09348500196  0
38  -0.09328704478  0
38.08046609  -0.0930899242  0
38.26122613  -0.09265013331  0
38.52207505  -0.0920227609  0
38.83472104  -0.09128191491  0
39.16527896  -0.09051148865  0
39.47792495  -0.08979468162  0
39.73877387  -0.08920526119  0
39.91953391  -0.08880132994  0
40  -0.08862269255  0
40.08046609  -0.08844477242  0
40.26122613  -0.08804768364  0
40.52207505  -0.08748090263  0
40.83472104  -0.08681111592  0
41.16527896  -0.08611402113  0
41.47792495  -0.08546492396  0
41.73877387  -0.0849308059  0
41.91953391  -0.08456457816  0
42  -0.08440256433  0
42.08046609  -0.0842411701  0
42.26122613  -0.08388085311  0
42.52207505  -0.08336629145  0
42.83472104  -0.08275780992  0
43.16527896  -0.08212405404  0
43.47792495  -0.08153350708  0
43.73877387  -0.08104725827  0
43.91953391  -0.0807136913  0
44  -0.08056608413  0
44.08046609  -0.08041901586  0
44.26122613  -0.0800905897  0
44.52207505  -0.07962134958  0
44.83472104  -0.07906612597  0
45.16527896  -0.07848745283  0
45.47792495  -0.07794787704  0
45.73877387  -0.07750333912  0
45.91953391  -0.07719825094  0
46  -0.07706321091  0
46.08046609  -0.07692864249  0
46.26122613  -0.0766280533  0
46.52207505  -0.07619840039  0
46.83472104  -0.07568973665  0
47.16527896  -0.07515926504  0
47.47792495  -0.07466433517  0
47.73877387  -0.07425636259  0
47.91953391  -0.07397625588  0
48  -0.07385224379  0
48.08046609  -0.07372864679  0
48.26122613  -0.07345249977  0
48.52207505  -0.07305762786  0
48.83472104  -0.07258990378  0
49.16527896  -0.07210185271  0
49.47792495  -0.07164624841  0
49.73877387  -0.07127050843  0
49.91953391  -0.0710124359  0
50  -0.07089815404  0
50.08046609  -0.07078423941  0
50.26122613  -0.07052967017  0
50.52207505  -0.07016552068  0
50.83472104  -0.06973398553  0
51.16527896  -0.06928346281  0
51.47792495  -0.06886267668  0
51.73877387  -0.068515495  0
51.91953391  -0.06827695541  0
52  -0.06817130196  0
52.08046609  -0.06806597498  0
52.26122613  -0.0678305498  0
52.52207505  -0.06749367192  0
52.83472104  -0.06709428255  0
53.16527896  -0.06667712032  0
53.47792495  -0.06628730836  0
53.73877387  -0.06596554865  0
53.91953391  -0.0657444055  0
54  -0.06564643892  0
54.08046609  -0.06554876387  0
54.26122613  -0.06533040173  0
54.52207505  -0.06501784275  0
54.83472104  -0.0646471366  0
55.16527896  -0.0642597621  0
55.47792495  -0.06389762604  0
55.73877387  -0.06359859495  0
55.91953391  -0.06339301232  0
56  -0.06330192325  0
56.08046609  -0.06321109557  0
56.26122613  -0.0630080065  0
56.52207505  -0.06271722506  0
56.83472104  -0.0623722196  0
57.16527896  -0.06201155258  0
57.47792495  -0.06167424633  0
57.73877387  -0.06139561796  0
57.91953391  -0.06120400947  0
58  -0.06111909831  0
58.08046609  -0.06103442242  0
58.26122613  -0.06084505832  0
58.52207505  -0.06057385523  0
58.83472104  -0.06025196753  0
59.16527896  -0.05991533826  0
59.47792495  -0.059600393  0
59.73877387  -0.05934014832  0
59.91953391  -0.05916113612  0
60  -0.05908179503  0
60.08046609  -0.05900266646  0
60.26122613  -0.05882568161  0
60.52207505  -0.05857214411  0
60.83472104  -0.05827112611  0
61.16527896  -0.05795620918  0
61.47792495  -0.05766147287  0
61.73877387  -0.05741785073  0
61.91953391  -0.05725023233  0
62  -0.05717593067  0
62.08046609  -0.05710182164  0
62.26122613  -0.05693604064  0
62.52207505  -0.05669849727  0
62.83472104  -0.05641638322  0
63.16527896  -0.05612114377  0
63.47792495  -0.05584473192  0
63.73877387  -0.05561618912  0
63.91953391  -0.05545891037  0
64  -0.05538918284  0
64.08046609  -0.05531963043  0
64.26122613  -0.05516402215  0
64.52207505  -0.05494100583  0
64.83472104  -0.05467606932  0
65.16527896  -0.05439871905  0
65.47792495  -0.05413897439  0
65.73877387  -0.05392415303  0
65.91953391  -0.0537762859  0
66  -0.05371072275  0
66.08046609  -0.05364531928  0
66.26122613  -0.05349897532  0
66.52207505  -0.05328919309  0
66.83472104  -0.05303991169  0
67.16527896  -0.05277887261  0
67.47792495  -0.05253433185  0
67.73877387  -0.0523320323  0
67.91953391  -0.0521927566  0
68  -0.05213099561  0
68.08046609  -0.05206938062  0
68.26122613  -0.05193149761  0
68.52207505  -0.05173380548  0
68.83472104  -0.05149883152  0
69.16527896  -0.05125270591  0
69.47792495  -0.05102207218  0
69.73877387  -0.05083123068  0
69.91953391  -0.05069981883  0
70  -0.0506415386  0
70.08046609  -0.0505833922  0
70.26122613  -0.05045325704  0
70.52207505  -0.05026663919  0
70.83472104  -0.05004477535  0
71.16527896  -0.04981232075  0
71.47792495  -0.04959444058  0
71.73877387  -0.04941411054  0
71.91953391  -0.04928991484  0
72  -0.04923482919  0
72.08046609  -0.04917986653  0
72.26122613  -0.04905684406  0
72.52207505  -0.04888039537  0
72.83472104  -0.0486705743  0
73.16527896  -0.04845068251  0
73.47792495  -0.04824452656  0
73.73877387  -0.04807386285  0
73.91953391  -0.04795630484  0
74  -0.04790415813  0
74.08046609  -0.04785212471  0
74.26122613  -0.04773564734  0
74.52207505  -0.0475685587  0
74.83472104  -0.04736982583  0
75.16527896  -0.0471615053  0
75.47792495  -0.04696615208  0
75.73877387  -0.04680439781  0
75.91953391  -0.04669295923  0
76  -0.04664352239  0
76.08046609  -0.04659419012  0
76.26122613  -0.0464837491  0
76.52207505  -0.04632529501  0
76.83472104  -0.04613679407  0
77.16527896  -0.04593915489  0
77.47792495  -0.04575377702  0
77.73877387  -0.0456002523  0
77.91953391  -0.04549446748  0
78  -0.04544753464  0
78.08046609  -0.04540069853  0
78.26122613  -0.04529583648  0
78.52207505  -0.04514536453  0
78.83472104  -0.04496632518  0
79.16527896  -0.04477856642  0
79.47792495  -0.0446024189  0
79.73877387  -0.04445651131  0
79.91953391  -0.04435596066  0
80  -0.04431134627  0
80.08046609  -0.04426682155  0
80.26122613  -0.04416712618  0
80.52207505  -0.04402404806  0
80.83472104  -0.04385377541  0
81.16527896  -0.04367517425  0
81.47792495  -0.04350758447  0
81.73877387  -0.04336874086  0
81.91953391  -0.0432730453  0
82  -0.04323058173  0
82.08046609  -0.04318820141  0
82.26122613  -0.04309330007  0
82.52207505  -0.0429570839  0
82.83472104  -0.04279494948  0
83.16527896  -0.04262485194  0
83.47792495  -0.04246521106  0
83.73877387  -0.04233293059  0
83.91953391  -0.04224174679  0
84  -0.04220128216  0
84.08046609  -0.04216089499  0
84.26122613  -0.04207045001  0
84.52207505  -0.04194061374  0
84.83472104  -0.04178604772  0
85.16527896  -0.04162386063  0
85.47792495  -0.04147161626  0
85.73877387  -0.04134544433  0
85.91953391  -0.04125846057  0
86  -0.041219857  0
86.08046609  -0.0411813256  0
86.26122613  -0.0410950303  0
86.52207505  -0.04097113598  0
86.83472104  -0.04082362054  0
87.16527896  -0.04066880465  0
87.47792495  -0.04052345439  0
87.73877387  -0.04040297745  0
87.91953391  -0.04031991008  0
88  -0.04028304207  0
88.08046609  -0.04024624141  0
88.26122613  -0.04016381663  0
88.52207505  -0.04004546549  0
88.83472104  -0.039904529  0
89.16527896  -0.03975659296  0
89.47792495  -0.03961767893  0
89.73877387  -0.03950251992  0
89.91953391  -0.03942311028  0
90  -0.03938786335  0
90.08046609  -0.03935267939  0
90.26122613  -0.03927387045  0
90.52207505  -0.03916069865  0
90.83472104  -0.03902591059  0
91.16527896  -0.0388844058  0
91.47792495  -0.03875150976  0
91.73877387  -0.03864132419  0
91.91953391  -0.03856533591  0
92  -0.03853160545  0
92.08046609  -0.03849793395  0
92.26122613  -0.03842250803  0
92.52207505  -0.03831418286  0
92.83472104  -0.0381851495  0
93.16527896  -0.03804966551  0
93.47792495  -0.03792240471  0
93.73877387  -0.03781687722  0
93.91953391  -0.03774409385  0
94  -0.03771178406  0
94.08046609  -0.03767952955  0
94.26122613  -0.0376072734  0
94.52207505  -0.03750349006  0
94.83472104  -0.03737985057  0
95.16527896  -0.03725001115  0
95.47792495  -0.03712803461  0
95.73877387  -0.03702687593  0
95.91953391  -0.03695709891  0
96  -0.03692612189  0
96.08046609  -0.03689519677  0
96.26122613  -0.03682591469  0
96.52207505  -0.03672639342  0
96.83472104  -0.03660781653  0
97.16527896  -0.03648327612  0
97.47792495  -0.03636626142  0
97.73877387  -0.03626920578  0
97.91953391  -0.03620225261  0
98  -0.03617252757  0
98.08046609  -0.0361428513  0
98.26122613  -0.0360763634  0
98.52207505  -0.03598084693  0
98.83472104  -0.03586702795  0
99.16527896  -0.03574746866  0
99.47792495  -0.03563511908  0
99.73877387  -0.03554192181  0
99.91953391  -0.03547762448  0
100  -0.03544907702  0
100.0804661  -0.03542057547  0
100.2612261  -0.03535671604  0
100.5220751  -0.03526496742  0
100.834721  -0.03515562561  0
101.165279  -0.03504075448  0
101.4779249  -0.0349327965  0
101.7387739  -0.03484323201  0
101.9195339  -0.03478143557  0
102  -0.03475399708  0
102.0804661  -0.03472660184  0
102.2612261  -0.03466521805  0
102.5220751  -0.03457701866  0
102.834721  -0.03447189496  0
103.165279  -0.03436144154  0
103.4779249  -0.03425762261  0
103.7387739  -0.03417148256  0
103.9195339  -0.03411204389  0
104  -0.03408565098  0
104.0804661  -0.03405929888  0
104.2612261  -0.0340002495  0
104.5220751  -0.0339153973  0
104.834721  -0.03381425225  0
105.165279  -0.03370796652  0
105.4779249  -0.03360805309  0
105.7387739  -0.03352514477  0
105.9195339  -0.03346793147  0
106  -0.03344252549  0
106.0804661  -0.03341715805  0
106.2612261  -0.03336031242  0
106.5220751  -0.03327862042  0
106.834721  -0.03318123235  0
107.165279  -0.03307888279  0
107.4779249  -0.03298265856  0
107.7387739  -0.03290280346  0
107.9195339  -0.03284769285  0
108  -0.03282321946  0
108.0804661  -0.03279878252  0
108.2612261  -0.03274401952  0
108.5220751  -0.03266531441  0
108.834721  -0.03257147781  0
109.165279  -0.03247284975  0
109.4779249  -0.0323801141  0
109.7387739  -0.03230314662  0
109.9195339  -0.03225002487  0
110  -0.03222643365  0
110.0804661  -0.03220287693  0
110.2612261  -0.03215008418  0
110.5220751  -0.03207420509  0
110.834721  -0.03198372918  0
111.165279  -0.03188862327  0
111.4779249  -0.03179918987  0
111.7387739  -0.03172495616  0
111.9195339  -0.03167371752  0
112  -0.03165096162  0
112.0804661  -0.0316282384  0
112.2612261  -0.03157731145  0
112.5220751  -0.03150410886  0
112.834721  -0.03141681629  0
113.165279  -0.03132504717  0
113.4779249  -0.03123874272  0
113.7387739  -0.03116709967  0
113.9195339  -0.03111764576  0
114  -0.03109568159  0
114.0804661  -0.03107374841  0
114.2612261  -0.03102459007  0
114.5220751  -0.03095392482  0
114.834721  -0.03086965048  0
115.165279  -0.03078104559  0
115.4779249  -0.0306977087  0
115.7387739  -0.03062852304  0
115.9195339  -0.03058076221  0
116  -0.03055954915  0
116.0804661  -0.03053836551  0
116.2612261  -0.03049088522  0
116.5220751  -0.03042262765  0
116.834721  -0.03034121766  0
117.165279  -0.03025561611  0
117.4779249  -0.03017509633  0
117.7387739  -0.03010824375  0
117.9195339  -0.03006209051  0
118  -0.03004159069  0
118.0804661  -0.03002111881  0
118.2612261  -0.0299752321  0
118.5220751  -0.02990926121  0
118.834721  -0.029830572  0
119.165279  -0.02974782363  0
119.4779249  -0.02966998049  0
119.7387739  -0.02960534493  0
119.9195339  -0.02956071948  0
120  -0.02954089752  0
120.0804661  -0.02952110212  0
120.2612261  -0.02947673008  0
120.5220751  -0.02941293286  0
120.834721  -0.02933683027  0
121.165279  -0.02925679479  0
121.4779249  -0.02918149699  0
121.7387739  -0.02911896998  0
121.9195339  -0.02907579769  0
122  -0.02905662051  0
122.0804661  -0.02903746861  0
122.2612261  -0.02899453747  0
122.5220751  -0.02893280823  0
122.834721  -0.02885916679  0
123.165279  -0.02878171293  0
123.4779249  -0.02870883766  0
123.7387739  -0.02864831767  0
123.9195339  -0.02860652869  0
124  -0.02858796534  0
124.0804661  -0.02856942606  0
124.2612261  -0.02852786675  0
124.5220751  -0.02846810656  0
124.834721  -0.02839680877  0
125.165279  -0.02832181362  0
125.4779249  -0.02825124581  0
125.7387739  -0.02819263774  0
125.9195339  -0.02815216664  0
126  -0.02813418811  0
126.0804661  -0.02811623253  0
126.2612261  -0.02807598033  0
126.5220751  -0.02801809645  0
126.834721  -0.02794903219  0
127.165279  -0.02787638049  0
127.4779249  -0.02780801228  0
127.7387739  -0.02775122693  0
127.9195339  -0.02771201234  0
128  -0.02769459142  0
128.0804661  -0.02767719239  0
128.2612261  -0.0276381866  0
128.5220751  -0.02758209203  0
128.834721  -0.02751515797  0
129.165279  -0.02744474158  0
129.4779249  -0.02737847168  0
129.7387739  -0.02732342534  0
129.9195339  -0.02728540963  0
130  -0.02726852078  0
130.0804661  -0.02725165283  0
130.2612261  -0.02721383643  0
130.5220751  -0.02715944947  0
130.834721  -0.02709454855  0
131.165279  -0.02702626587  0
131.4779249  -0.02696199916  0
131.7387739  -0.02690861314  0
131.9195339  -0.02687174217  0
132  -0.02685536138  0
132.0804661  -0.02683900055  0
132.2612261  -0.02680231996  0
132.5220751  -0.0267495638  0
132.834721  -0.02668660478  0
133.165279  -0.02662036027  0
133.4779249  -0.02655800727  0
133.7387739  -0.02650620758  0
133.9195339  -0.0264704304  0
134  -0.02645453509  0
134.0804661  -0.02643865885  0
134.2612261  -0.02640306367  0
134.5220751  -0.02635186604  0
134.834721  -0.02629076305  0
135.165279  -0.02622646681  0
135.4779249  -0.02616594329  0
135.7387739  -0.02611566026  0
135.9195339  -0.02608092891  0
136  -0.02606549781  0
136.0804661  -0.02605008495  0
136.2612261  -0.02601552769  0
136.5220751  -0.02596582055  0
136.834721  -0.0259064927  0
137.165279  -0.02584406002  0
137.4779249  -0.02578528664  0
137.7387739  -0.02573645461  0
137.9195339  -0.02570272391  0
138  -0.02568773697  0
138.0804661  -0.0256727675  0
138.2612261  -0.02563920342  0
138.5220751  -0.02559092261  0
138.834721  -0.02553329365  0
139.165279  -0.02547264467  0
139.4779249  -0.0254155466  0
139.7387739  -0.02536810367  0
139.9195339  -0.02533533098  0
140  -0.0253207693  0
140.0804661  -0.02530622435  0
140.2612261  -0.02527361124  0
140.5220751  -0.02522669624  0
140.834721  -0.02517069424  0
141.165279  -0.0251117536  0
141.4779249  -0.02505626021  0
141.7387739  -0.02501014793  0
141.9195339  -0.02497829301  0
142  -0.02496413875  0
142.0804661  -0.02495000051  0
142.2612261  -0.02491829853  0
142.5220751  -0.02487269218  0
142.834721  -0.0248182492  0
143.165279  -0.02476094572  0
143.4779249  -0.02470699031  0
143.7387739  -0.02466215348  0
143.9195339  -0.02463117831  0
144  -0.0246174146  0
144.0804661  -0.02460366626  0
144.2612261  -0.02457283774  0
144.5220751  -0.02452848605  0
144.834721  -0.02447553788  0
145.165279  -0.02441980429  0
145.4779249  -0.02436732379  0
145.7387739  -0.02432371021  0
145.9195339  -0.02429357884  0
146  -0.02428018974  0
146.0804661  -0.02426681538  0
146.2612261  -0.02423682472  0
146.5220751  -0.02419367662  0
146.834721  -0.02414216254  0
147.165279  -0.02408793519  0
147.4779249  -0.02403686995  0
147.7387739  -0.02399443023  0
147.9195339  -0.02396510865  0
148  -0.02395207907  0
148.0804661  -0.02393906364  0
148.2612261  -0.02390987714  0
148.5220751  -0.02386788429  0
148.834721  -0.02381774681  0
149.165279  -0.02376496546  0
149.4779249  -0.02371525898  0
149.7387739  -0.02367394637  0
149.9195339  -0.02364540237  0
150  -0.02363271801  0
150.0804661  -0.02362004726  0
150.2612261  -0.023591633  0
150.5220751  -0.02355074962  0
150.834721  -0.02350193428  0
151.165279  -0.02345054186  0
151.4779249  -0.02340214063  0
151.7387739  -0.02336191081  0
151.9195339  -0.02333411386  0
152  -0.0233217612  0
152.0804661  -0.0233094216  0
152.2612261  -0.02328174934  0
152.5220751  -0.02324193203  0
152.834721  -0.02319438723  0
153.165279  -0.02314432962  0
153.4779249  -0.02309718289  0
153.7387739  -0.02305799385  0
153.9195339  -0.023030915  0
154  -0.02301888118  0
154.0804661  -0.02300685993  0
154.2612261  -0.02297990098  0
154.5220751  -0.02294110858  0
154.834721  -0.02289478534  0
155.165279  -0.02284601121  0
155.4779249  -0.02280007083  0
155.7387739  -0.0227618827  0
155.9195339  -0.02273549448  0
156  -0.02272376732  0
156.0804661  -0.02271205225  0
156.2612261  -0.02268577938  0
156.5220751  -0.02264797282  0
156.834721  -0.02260282467  0
157.165279  -0.02255528527  0
157.4779249  -0.02251050554  0
157.7387739  -0.02247328044  0
157.9195339  -0.02244755677  0
158  -0.0224361247  0
158.0804661  -0.02242470426  0
158.2612261  -0.02239909161  0
158.5220751  -0.02236223378  0
158.834721  -0.02231821656  0
159.165279  -0.0222718656  0
159.4779249  -0.02222820308  0
159.7387739  -0.02219190505  0
159.9195339  -0.02216682112  0
160  -0.02215567314  0
160.0804661  -0.02214453636  0
160.2612261  -0.02211955934  0
160.5220751  -0.02208361498  0
160.834721  -0.02204068673  0
161.165279  -0.0219954802  0
161.4779249  -0.02195289358  0
161.7387739  -0.02191748841  0
161.9195339  -0.02189302066  0
162  -0.02188214631  0
162.0804661  -0.02187128275  0
162.2612261  -0.021846918  0
162.5220751  -0.02181185356  0
162.834721  -0.02176997436  0
163.165279  -0.02172587038  0
163.4779249  -0.02168432039  0
163.7387739  -0.02164977554  0
163.9195339  -0.02162590155  0
164  -0.02161529086  0
164.0804661  -0.02160469059  0
164.2612261  -0.02158091587  0
164.5220751  -0.02154669944  0
164.834721  -0.02150583129  0
165.165279  -0.02146279003  0
165.4779249  -0.02142223927  0
165.7387739  -0.02138852375  0
165.9195339  -0.02136522216  0
166  -0.02135486567  0
166.0804661  -0.02134451923  0
166.2612261  -0.02132131336  0
166.5220751  -0.02128791453  0
166.834721  -0.02124802127  0
167.165279  -0.02120600476  0
167.4779249  -0.02116641762  0
167.7387739  -0.02113350193  0
167.9195339  -0.02111075239  0
168  -0.02110064108  0
168.0804661  -0.02109053946  0
168.2612261  -0.02106788226  0
168.5220751  -0.02103527209  0
168.834721  -0.02099631924  0
169.165279  -0.02095529132  0
169.4779249  -0.02091663385  0
169.7387739  -0.02088448986  0
169.9195339  -0.02086227298  0
170  -0.02085239825  0
170.0804661  -0.02084253285  0
170.2612261  -0.02082040511  0
170.5220751  -0.02078855597  0
170.834721  -0.02075051067  0
171.165279  -0.02071043686  0
171.4779249  -0.02067267669  0
171.7387739  -0.02064127758  0
171.9195339  -0.02061957487  0
172  -0.0206099285  0
172.0804661  -0.02060029114  0
172.2612261  -0.0205786745  0
172.5220751  -0.02054756008  0
172.834721  -0.02051039097  0
173.165279  -0.02047123836  0
173.4779249  -0.02043434462  0
173.7387739  -0.02040366478  0
173.9195339  -0.02038245861  0
174  -0.02037303277  0
174.0804661  -0.02036361564  0
174.2612261  -0.02034249259  0
174.5220751  -0.02031208774  0
174.834721  -0.02027576491  0
175.165279  -0.02023750211  0
175.4779249  -0.0202014453  0
175.7387739  -0.02017146031  0
175.9195339  -0.02015073382  0
176  -0.02014152103  0
176.0804661  -0.02013231666  0
176.2612261  -0.0201116705  0
176.5220751  -0.02008195123  0
176.834721  -0.02004644609  0
177.165279  -0.0200090431  0
177.4779249  -0.01997379507  0
177.7387739  -0.01994448158  0
177.9195339  -0.01992421868  0
178  -0.01991521181  0
178.0804661  -0.01990621307  0
178.2612261  -0.01988602782  0
178.5220751  -0.01985697119  0
178.834721  -0.01982225645  0
179.165279  -0.01978568461  0
179.4779249  -0.01975121845  0
179.7387739  -0.01972255416  0
179.9195339  -0.01970273947  0
180  -0.01969393168  0
180.0804661  -0.01968513176  0
180.2612261  -0.01966539215  0
180.5220751  -0.01963697626  0
180.834721  -0.0196030258  0
181.165279  -0.01956725771  0
181.4779249  -0.01953354769  0
181.7387739  -0.01950551127  0
181.9195339  -0.01948613008  0
182  -0.01947751485  0
182.0804661  -0.01946890722  0
182.2612261  -0.01944959867  0
182.5220751  -0.01942180255  0
182.834721  -0.01938859141  0
183.165279  -0.01935360087  0
183.4779249  -0.01932062237  0
183.7387739  -0.01929319341  0
183.9195339  -0.01927423165  0
184  -0.01926580273  0
184.0804661  -0.01925738117  0
184.2612261  -0.0192384897  0
184.5220751  -0.01921129329  0
184.834721  -0.01917879759  0
185.165279  -0.01914455951  0
185.4779249  -0.01911228898  0
185.7387739  -0.01908544795  0
185.9195339  -0.01906689215  0
186  -0.01905864356  0
186.0804661  -0.0190504021  0
186.2612261  -0.01903191435  0
186.5220751  -0.01900529844  0
186.834721  -0.0189734953  0
187.165279  -0.01893998567  0
187.4779249  -0.01890840056  0
187.7387739  -0.01888212876  0
187.9195339  -0.01886396602  0
188  -0.01885589203  0
188.0804661  -0.01884782495  0
188.2612261  -0.01882972811  0
188.5220751  -0.01880367432  0
188.834721  -0.01877254184  0
189.165279  -0.01873973766  0
189.4779249  -0.01870881636  0
189.7387739  -0.01868309587  0
189.9195339  -0.01866531382  0
190  -0.01865740896  0
190.0804661  -0.01864951078  0
190.2612261  -0.01863179258  0
190.5220751  -0.01860628329  0
190.834721  -0.01857580048  0
191.165279  -0.0185436797  0
191.4779249  -0.01851340149  0
191.7387739  -0.01848821514  0
191.9195339  -0.01847080195  0
192  -0.01846306095  0
192.0804661  -0.01845532643  0
192.2612261  -0.01843797511  0
192.5220751  -0.01841299342  0
192.834721  -0.01838314015  0
193.165279  -0.01835168163  0
193.4779249  -0.01832202667  0
193.7387739  -0.01829735799  0
193.9195339  -0.0182803023  0
194  -0.01827272011  0
194.0804661  -0.01826514421  0
194.2612261  -0.0182481485  0
194.5220751  -0.01822367822  0
194.834721  -0.01819443517  0
195.165279  -0.01816361866  0
195.4779249  -0.01813456789  0
195.7387739  -0.01811040108  0
195.9195339  -0.01809369199  0
196  -0.01808626378  0
196.0804661  -0.01807884167  0
196.2612261  -0.01806219074  0
196.5220751  -0.01803821632  0
196.834721  -0.01800956499  0
197.165279  -0.01797937102  0
197.4779249  -0.01795090617  0
197.7387739  -0.01792722607  0
197.9195339  -0.01791085312  0
198  -0.01790357425  0
198.0804661  -0.01789630129  0
198.2612261  -0.01787998476  0
198.5220751  -0.01785649128  0
198.834721  -0.01782841389  0
199.165279  -0.01779882377  0
199.4779249  -0.0177709273  0
199.7387739  -0.01774771935  0
199.9195339  -0.0177316725  0
200  -0.01772453851  0
200.0804661  -0.01771741026  0
200.2612261  -0.01770141814  0
200.5220751  -0.01767839127  0
200.834721  -0.01765087074  0
201.165279  -0.01762186656  0
201.4779249  -0.0175945216  0
201.7387739  -0.01757177182  0
201.9195339  -0.01755604143  0
202  -0.01754904803  0
202.0804661  -0.0175420602  0
202.2612261  -0.01752638293  0
202.5220751  -0.01750380891  0
202.834721  -0.01747682884  0
203.165279  -0.01744839335  0
203.4779249  -0.01742158371  0
203.7387739  -0.01739927867  0
203.9195339  -0.01738385545  0
204  -0.01737699854  0
204.0804661  -0.01737014703  0
204.2612261  -0.0173547754  0
204.5220751  -0.01733264099  0
204.834721  -0.01730618561  0
205.165279  -0.01727830225  0
205.4779249  -0.01725201236  0
205.7387739  -0.01723013915  0
205.9195339  -0.01721501421  0
206  -0.01720828981  0
206.0804661  -0.01720157067  0
206.2612261  -0.01718649582  0
206.5220751  -0.01716478832  0
206.834721  -0.01713884247  0
207.165279  -0.01711149532  0
207.4779249  -0.01708571022  0
207.7387739  -0.0170642564  0
207.9195339  -0.01704942116  0
208  -0.01704282549  0
208.0804661  -0.01703623492  0
208.2612261  -0.01702144834  0
208.5220751  -0.0170001555  0
208.834721  -0.01697470461  0
209.165279  -0.01694787835  0
209.4779249  -0.01692258362  0
209.7387739  -0.01690153726  0
209.9195339  -0.01688698348  0
210  -0.01688051287  0
210.0804661  -0.01687404721  0
210.2612261  -0.01685954071  0
210.5220751  -0.01683865077  0
210.834721  -0.0168136808  0
211.165279  -0.01678736068  0
211.4779249  -0.01676254249  0
211.7387739  -0.01674189208  0
211.9195339  -0.01672761183  0
212  -0.01672126274  0
212.0804661  -0.01671491848  0
212.2612261  -0.01670068418  0
212.5220751  -0.01668018582  0
212.834721  -0.01665568327  0
213.165279  -0.0166298551  0
213.4779249  -0.01660550009  0
213.7387739  -0.01658523457  0
213.9195339  -0.0165712202  0
214  -0.01656498926  0
214.0804661  -0.016558763  0
214.2612261  -0.01654479331  0
214.5220751  -0.01652467561  0
214.834721  -0.01650062748  0
215.165279  -0.01647527761  0
215.4779249  -0.01645137293  0
215.7387739  -0.01643148164  0
215.9195339  -0.0164177258  0
216  -0.01641160973  0
216.0804661  -0.01640549822  0
216.2612261  -0.01639178583  0
216.5220751  -0.01637203828  0
216.834721  -0.01634843204  0
217.165279  -0.01632354729  0
217.4779249  -0.01630008058  0
217.7387739  -0.01628055325  0
217.9195339  -0.01626704884  0
218  -0.0162610445  0
218.0804661  -0.0162550446  0
218.2612261  -0.01624158246  0
218.5220751  -0.01622219495  0
218.834721  -0.01619901853  0
219.165279  -0.01617458622  0
219.4779249  -0.01615154555  0
219.7387739  -0.01613237227  0
219.9195339  -0.01611911247  0
220  -0.01611321683  0
220.0804661  -0.01610732549  0
220.2612261  -0.01609410682  0
220.5220751  -0.01607506959  0
220.834721  -0.01605231136  0
221.165279  -0.01602831927  0
221.4779249  -0.01600569313  0
221.7387739  -0.01598686436  0
221.9195339  -0.01597384259  0
222  -0.01596805271  0
222.0804661  -0.01596226703  0
222.2612261  -0.01594928528  0
222.5220751  -0.01593058891  0
222.834721  -0.01590823766  0
223.165279  -0.01588467399  0
223.4779249  -0.0158624513  0
223.7387739  -0.01584395785  0
223.9195339  -0.01583116774  0
224  -0.01582548081  0
224.0804661  -0.01581979797  0
224.2612261  -0.01580704682  0
224.5220751  -0.01578868225  0
224.834721  -0.01576672716  0
225.165279  -0.01574358053  0
225.4779249  -0.0157217506  0
225.7387739  -0.01570358358  0
225.9195339  -0.01569101901  0
226  -0.01568543231  0
226.0804661  -0.01567984958  0
226.2612261  -0.01566732295  0
226.5220751  -0.01564928143  0
226.834721  -0.01562771204  0
227.165279  -0.01560497149  0
227.4779249  -0.015583524  0
227.7387739  -0.01556567484  0
227.9195339  -0.0155533299  0
228  -0.0155478408  0
228.0804661  -0.01554235557  0
228.2612261  -0.01553004758  0
228.5220751  -0.01551232064  0
228.834721  -0.0154911269  0
229.165279  -0.01546878182  0
229.4779249  -0.0154477068  0
229.7387739  -0.01543016724  0
229.9195339  -0.01541803622  0
230  -0.01541264218  0
230.0804661  -0.01540725192  0
230.2612261  -0.01539515689  0
230.5220751  -0.01537773639  0
230.834721  -0.01535690855  0
231.165279  -0.01533494873  0
231.4779249  -0.01531423656  0
231.7387739  -0.01529699861  0
231.9195339  -0.015285076  0
232  -0.01527977458  0
232.0804661  -0.01527447683  0
232.2612261  -0.01526258929  0
232.5220751  -0.01524546734  0
232.834721  -0.01522499602  0
233.165279  -0.01520341158  0
233.4779249  -0.01518305297  0
233.7387739  -0.01516610891  0
233.9195339  -0.01515438939  0
234  -0.01514917821  0
234.0804661  -0.01514397062  0
234.2612261  -0.01513228527  0
234.5220751  -0.01511545427  0
234.834721  -0.01509533039  0
235.165279  -0.01507411178  0
235.4779249  -0.01505409776  0
235.7387739  -0.01503744014  0
235.9195339  -0.01502591855  0
236  -0.01502079535  0
236.0804661  -0.01501567563  0
236.2612261  -0.01500418736  0
236.5220751  -0.01498763995  0
236.834721  -0.01496785474  0
237.165279  -0.01494699274  0
237.4779249  -0.01492731462  0
237.7387739  -0.01491093625  0
237.9195339  -0.01489960763  0
238  -0.01489457018  0
238.0804661  -0.01488953613  0
238.2612261  -0.01487823999  0
238.5220751  -0.01486196907  0
238.834721  -0.01484251405  0
239.165279  -0.01482199974  0
239.4779249  -0.01480264915  0
239.7387739  -0.01478654306  0
239.9195339  -0.01477540259  0
240  -0.01477044876  0
240.0804661  -0.01476549825  0
240.2612261  -0.01475438946  0
240.5220751  -0.01473838815  0
240.834721  -0.01471925512  0
241.165279  -0.01469907989  0
241.4779249  -0.01468004871  0
241.7387739  -0.01466420817  0
241.9195339  -0.01465325121  0
242  -0.01464837893  0
242.0804661  -0.0146435099  0
242.2612261  -0.01463258384  0
242.5220751  -0.0146168455  0
242.834721  -0.01459802654  0
243.165279  -0.01457818204  0
243.4779249  -0.01455946243  0
243.7387739  -0.01454388092  0
243.9195339  -0.01453310297  0
244  -0.01452831025  0
244.0804661  -0.0145235207  0
244.2612261  -0.01451277289  0
244.5220751  -0.0144972911  0
244.834721  -0.01447877853  0
245.165279  -0.0144592567  0
245.4779249  -0.01444084108  0
245.7387739  -0.01442551229  0
245.9195339  -0.014414909  0
246  -0.01441019391  0
246.0804661  -0.01440548191  0
246.2612261  -0.01439490803  0
246.5220751  -0.01437967655  0
246.834721  -0.01436146295  0
247.165279  -0.01434225599  0
247.4779249  -0.014324137  0
247.7387739  -0.01430905484  0
247.9195339  -0.014298622  0
248  -0.01429398267  0
248.0804661  -0.01428934635  0
248.2612261  -0.01427894221  0
248.5220751  -0.01426395503  0
248.834721  -0.01424603322  0
249.165279  -0.01422713356  0
249.4779249  -0.0142093041  0
249.7387739  -0.01419446267  0
249.9195339  -0.01418419619  0
250  -0.01417963081  0
250.0804661  -0.01417506836  0
250.2612261  -0.01416482991  0
250.5220751  -0.01415008119  0
250.834721  -0.01413244421  0
251.165279  -0.01411384454  0
251.4779249  -0.01409629773  0
251.7387739  -0.0140816913  0
251.9195339  -0.01407158725  0
252  -0.01406709405  0
252.0804661  -0.01406260373  0
252.2612261  -0.01405252704  0
252.5220751  -0.01403801114  0
252.834721  -0.01402065226  0
253.165279  -0.01400234549  0
253.4779249  -0.01398507465  0
253.7387739  -0.01397069769  0
253.9195339  -0.01396075224  0
254  -0.01395632953  0
254.0804661  -0.01395190963  0
254.2612261  -0.0139419909  0
254.5220751  -0.01392770235  0
254.834721  -0.01391061503  0
255.165279  -0.01389259431  0
255.4779249  -0.01387559298  0
255.7387739  -0.01386144013  0
255.9195339  -0.01385164957  0
256  -0.01384729571  0
256.0804661  -0.01384294459  0
256.2612261  -0.01383318013  0
256.5220751  -0.01381911362  0
256.834721  -0.01380229156  0
257.165279  -0.01378455022  0
257.4779249  -0.01376781214  0
257.7387739  -0.01375387819  0
257.9195339  -0.01374423894  0
258  -0.01373995233  0
258.0804661  -0.0137356684  0
258.2612261  -0.01372605464  0
258.5220751  -0.01371220505  0
258.834721  -0.0136956421  0
259.165279  -0.0136781737  0
259.4779249  -0.01366169281  0
259.7387739  -0.01364797273  0
259.9195339  -0.0136384813  0
260  -0.01363426039  0
260.0804661  -0.0136300421  0
260.2612261  -0.01362057558  0
260.5220751  -0.01360693792  0
260.834721  -0.01359062815  0
261.165279  -0.01357342644  0
261.4779249  -0.01355719686  0
261.7387739  -0.01354368575  0
261.9195339  -0.01353433877  0
262  -0.01353018207  0
262.0804661  -0.01352602792  0
262.2612261  -0.01351670529  0
262.5220751  -0.01350327473  0
262.834721  -0.01348721237  0
263.165279  -0.01347027129  0
263.4779249  -0.01345428731  0
263.7387739  -0.01344098044  0
263.9195339  -0.01343177464  0
264  -0.01342768069  0
264.0804661  -0.01342358924  0
264.2612261  -0.01341440723  0
264.5220751  -0.01340117909  0
264.834721  -0.01338535857  0
265.165279  -0.01336867223  0
265.4779249  -0.01335292832  0
265.7387739  -0.0133398211  0
265.9195339  -0.01333075329  0
266  -0.01332672068  0
266.0804661  -0.01332269051  0
266.2612261  -0.01331364598  0
266.5220751  -0.01330061572  0
266.834721  -0.0132850316  0
267.165279  -0.01326859432  0
267.4779249  -0.0132530851  0
267.7387739  -0.01324017306  0
267.9195339  -0.01323124018  0
268  -0.01322726754  0
268.0804661  -0.01322329729  0
268.2612261  -0.01321438716  0
268.5220751  -0.01320155038  0
268.834721  -0.01318619741  0
269.165279  -0.01317000363  0
269.4779249  -0.01315472391  0
269.7387739  -0.01314200273  0
269.9195339  -0.01313320177  0
270  -0.01312928778  0
270.0804661  -0.01312537613  0
270.2612261  -0.01311659742  0
270.5220751  -0.01310394984  0
270.834721  -0.01308882291  0
271.165279  -0.01307286728  0
271.4779249  -0.01305781198  0
271.7387739  -0.01304527746  0
271.9195339  -0.01303660554  0
272  -0.0130327489  0
272.0804661  -0.01302889455  0
272.2612261  -0.01302024439  0
272.5220751  -0.01300778185  0
272.834721  -0.01299287601  0
273.165279  -0.0129771533  0
273.4779249  -0.01296231753  0
273.7387739  -0.01294996559  0
273.9195339  -0.01294141988  0
274  -0.01293761935  0
274.0804661  -0.01293382105  0
274.2612261  -0.01292529663  0
274.5220751  -0.01291301511  0
274.834721  -0.01289832554  0
275.165279  -0.01288283069  0
275.4779249  -0.01286820968  0
275.7387739  -0.01285603636  0
275.9195339  -0.01284761413  0
276  -0.01284386848  0
276.0804661  -0.01284012503  0
276.2612261  -0.01283172362  0
276.5220751  -0.0128196192  0
276.834721  -0.01280514124  0
277.165279  -0.01278986933  0
277.4779249  -0.01277545845  0
277.7387739  -0.0127634599  0
277.9195339  -0.01275515849  0
278  -0.01275146655  0
278.0804661  -0.01274777676  0
278.2612261  -0.01273949573  0
278.5220751  -0.0127275646  0
278.834721  -0.0127132937  0
279.165279  -0.01269823996  0
279.4779249  -0.01268403471  0
279.7387739  -0.01267220719  0
279.9195339  -0.01266402402  0
280  -0.01266038465  0
280.0804661  -0.01265674737  0
280.2612261  -0.01264858415  0
280.5220751  -0.01263682261  0
280.834721  -0.01262275437  0
281.165279  -0.01260791416  0
281.4779249  -0.01259391017  0
281.7387739  -0.01258225005  0
281.9195339  -0.01257418261  0
282  -0.01257059469  0
282.0804661  -0.01256700881  0
282.2612261  -0.0125589609  0
282.5220751  -0.01254736537  0
282.834721  -0.01253349549  0
283.165279  -0.0125188643  0
283.4779249  -0.01250505732  0
283.7387739  -0.01249356108  0
283.9195339  -0.01248560694  0
284  -0.01248206937  0
284.0804661  -0.01247853381  0
284.2612261  -0.01247059879  0
284.5220751  -0.01245916578  0
284.834721  -0.0124454901  0
285.165279  -0.01243106354  0
285.4779249  -0.01241744945  0
285.7387739  -0.01240611365  0
285.9195339  -0.01239827043  0
286  -0.01239478217  0
286.0804661  -0.01239129588  0
286.2612261  -0.01238347138  0
286.5220751  -0.0123721975  0
286.834721  -0.01235871198  0
287.165279  -0.01234448578  0
287.4779249  -0.01233106056  0
287.7387739  -0.01231988186  0
287.9195339  -0.01231214726  0
288  -0.0123087073  0
288.0804661  -0.01230526925  0
288.2612261  -0.01229755298  0
288.5220751  -0.01228643493  0
288.834721  -0.01227313562  0
289.165279  -0.01225910564  0
289.4779249  -0.01224586539  0
289.7387739  -0.01223484056  0
289.9195339  -0.01222721234  0
290  -0.01222381966  0
290.0804661  -0.01222042887  0
290.2612261  -0.0122128186  0
290.5220751  -0.01220185317  0
290.834721  -0.01218873623  0
291.165279  -0.01217489844  0
291.4779249  -0.01216183937  0
291.7387739  -0.01215096524  0
291.9195339  -0.01214344122  0
292  -0.01214009487  0
292.0804661  -0.01213675036  0
292.2612261  -0.01212924393  0
292.5220751  -0.01211842799  0
292.834721  -0.01210548971  0
293.165279  -0.01209184019  0
293.4779249  -0.01207895859  0
293.7387739  -0.01206823211  0
293.9195339  -0.01206081016  0
294  -0.01205750919  0
294.0804661  -0.01205421002  0
294.2612261  -0.01204680531  0
294.5220751  -0.01203613584  0
294.834721  -0.01202337258  0
295.165279  -0.01200990751  0
295.4779249  -0.0119971998  0
295.7387739  -0.01198661797  0
295.9195339  -0.01197929604  0
296  -0.01197603953  0
296.0804661  -0.01197278479  0
296.2612261  -0.01196547975  0
296.5220751  -0.01195495378  0
296.834721  -0.01194236203  0
297.165279  -0.0119290777  0
297.4779249  -0.01191654037  0
297.7387739  -0.01190610029  0
297.9195339  -0.01189887637  0
298  -0.01189566343  0
298.0804661  -0.01189245222  0
298.2612261  -0.01188524485  0
298.5220751  -0.01187485951  0
298.834721  -0.01186243583  0
299.165279  -0.01184932862  0
299.4779249  -0.01183695827  0
299.7387739  -0.01182665711  0
299.9195339  -0.01181952924  0
300  -0.01181635901  0
300.0804661  -0.01181319047  0
300.2612261  -0.01180607882  0
300.5220751  -0.01179583131  0
300.834721  -0.01178357235  0
301.165279  -0.01177063875  0
301.4779249  -0.01175843207  0
301.7387739  -0.01174826707  0
301.9195339  -0.01174123335  0
302  -0.01173810497  0
302.0804661  -0.01173497826  0
302.2612261  -0.01172796044  0
302.5220751  -0.01171784803  0
302.834721  -0.01170575055  0
303.165279  -0.01169298712  0
303.4779249  -0.01168094089  0
303.7387739  -0.01167090937  0
303.9195339  -0.01166396795  0
304  -0.0116608806  0
304.0804661  -0.01165779488  0
304.2612261  -0.01165086905  0
304.5220751  -0.01164088909  0
304.834721  -0.01162894991  0
305.165279  -0.01161635332  0
305.4779249  -0.01160446439  0
305.7387739  -0.01159456374  0
305.9195339  -0.01158771281  0
306  -0.01158466569  0
306.0804661  -0.01158162018  0
306.2612261  -0.01157478453  0
306.5220751  -0.01156493444  0
306.834721  -0.01155315047  0
307.165279  -0.01154071747  0
307.4779249  -0.01152898278  0
307.7387739  -0.01151921046  0
307.9195339  -0.01151244826  0
308  -0.01150944059  0
308.0804661  -0.01150643449  0
308.2612261  -0.01149968728  0
308.5220751  -0.01148996454  0
308.834721  -0.01147833278  0
309.165279  -0.0114660602  0
309.4779249  -0.01145447677  0
309.7387739  -0.01144483029  0
309.9195339  -0.01143815511  0
310  -0.01143518613  0
310.0804661  -0.0114322187  0
310.2612261  -0.01142555822  0
310.5220751  -0.01141596037  0
310.834721  -0.01140447788  0
311.165279  -0.01139236265  0
311.4779249  -0.01138092756  0
311.7387739  -0.01137140452  0
311.9195339  -0.01136481469  0
312  -0.01136188366  0
312.0804661  -0.01135895414  0
312.2612261  -0.01135237873  0
312.5220751  -0.01134290338  0
312.834721  -0.01133156732  0
313.165279  -0.01131960642  0
313.4779249  -0.01130831685  0
313.7387739  -0.01129891488  0
313.9195339  -0.01129240878  0
314  -0.01128951497  0
314.0804661  -0.01128662265  0
314.2612261  -0.01128013069  0
314.5220751  -0.01127077551  0
314.834721  -0.01125958309  0
315.165279  -0.01124777359  0
315.4779249  -0.01123662679  0
315.7387739  -0.0112273436  0
315.9195339  -0.01122091964  0
316  -0.01121806235  0
316.0804661  -0.01121520651  0
316.2612261  -0.01120879643  0
316.5220751  -0.01119955915  0
316.834721  -0.01118850766  0
317.165279  -0.0111768467  0
317.4779249  -0.01116583996  0
317.7387739  -0.01115667332  0
317.9195339  -0.01115032995  0
318  -0.0111475085  0
318.0804661  -0.01114468847  0
318.2612261  -0.01113835872  0
318.5220751  -0.01112923712  0
318.834721  -0.01111832391  0
319.165279  -0.01110680871  0
319.4779249  -0.01109593942  0
319.7387739  -0.01108688715  0
319.9195339  -0.01108062286  0
320  -0.01107783657  0
320.0804661  -0.01107505167  0
320.2612261  -0.01106880076  0
320.5220751  -0.01105979269  0
320.834721  -0.01104901518  0
321.165279  -0.01103764303  0
321.4779249  -0.01102690862  0
321.7387739  -0.01101796858  0
321.9195339  -0.01101178192  0
322  -0.01100903013  0
322.0804661  -0.01100627972  0
322.2612261  -0.01100010617  0
322.5220751  -0.01099120952  0
322.834721  -0.0109805652  0
323.165279  -0.01096933344  0
323.4779249  -0.01095873143  0
323.7387739  -0.01094990155  0
323.9195339  -0.01094379107  0
324  -0.01094107315  0
324.0804661  -0.01093835659  0
324.2612261  -0.01093225898  0
324.5220751  -0.0109234717  0
324.834721  -0.01091295811  0
325.165279  -0.01090186416  0
325.4779249  -0.0108913921  0
325.7387739  -0.01088267037  0
325.9195339  -0.01087663467  0
326  -0.01087395001  0
326.0804661  -0.01087126667  0
326.2612261  -0.01086524361  0
326.5220751  -0.01085656368  0
326.834721  -0.01084617843  0
327.165279  -0.01083521978  0
327.4779249  -0.0108248753  0
327.7387739  -0.01081625973  0
327.9195339  -0.01081029745  0
328  -0.01080764543  0
328.0804661  -0.01080499471  0
328.2612261  -0.01079904484  0
328.5220751  -0.01079047032  0
328.834721  -0.01078021108  0
329.165279  -0.01076938526  0
329.4779249  -0.01075916604  0
329.7387739  -0.01075065471  0
329.9195339  -0.01074476452  0
330  -0.01074214455  0
330.0804661  -0.01073952586  0
330.2612261  -0.01073364786  0
330.5220751  -0.01072517683  0
330.834721  -0.01071504131  0
331.165279  -0.01070434592  0
331.4779249  -0.01069424971  0
331.7387739  -0.01068584073  0
331.9195339  -0.01068002133  0
332  -0.01067743284  0
332.0804661  -0.0106748456  0
332.2612261  -0.01066903816  0
332.5220751  -0.01066066877  0
332.834721  -0.01065065475  0
333.165279  -0.01064008745  0
333.4779249  -0.01063011203  0
333.7387739  -0.01062180358  0
333.9195339  -0.0106160537  0
334  -0.01061349611  0
334.0804661  -0.01061093976  0
334.2612261  -0.01060520163  0
334.5220751  -0.01059693206  0
334.834721  -0.01058703736  0
335.165279  -0.01057659586  0
335.4779249  -0.01056673909  0
335.7387739  -0.01055852936  0
335.9195339  -0.01055284776  0
336  -0.01055032054  0
336.0804661  -0.01054779453  0
336.2612261  -0.01054212447  0
336.5220751  -0.01053395294  0
336.834721  -0.01052417545  0
337.165279  -0.01051385751  0
337.4779249  -0.01050411728  0
337.7387739  -0.01049600453  0
337.9195339  -0.01049039001  0
338  -0.01048789261  0
338.0804661  -0.0104853964  0
338.2612261  -0.01047979321  0
338.5220751  -0.01047171799  0
338.834721  -0.01046205563  0
339.165279  -0.01045185908  0
339.4779249  -0.01044223333  0
339.7387739  -0.01043421586  0
339.9195339  -0.01042866722  0
340  -0.01042619912  0
340.0804661  -0.01042373219  0
340.2612261  -0.0104181947  0
340.5220751  -0.01041021408  0
340.834721  -0.01040066485  0
341.165279  -0.01039058756  0
341.4779249  -0.01038107427  0
341.7387739  -0.01037315041  0
341.9195339  -0.01036766651  0
342  -0.0103652272  0
342.0804661  -0.01036278903  0
342.2612261  -0.01035731608  0
342.5220751  -0.01034942843  0
342.834721  -0.01033999033  0
343.165279  -0.01033003022  0
343.4779249  -0.01032062745  0
343.7387739  -0.01031279556  0
343.9195339  -0.01030737528  0
344  -0.01030496425  0
344.0804661  -0.01030255435  0
344.2612261  -0.01029714482  0
344.5220751  -0.01028934852  0
344.834721  -0.01028001963  0
345.165279  -0.01027017466  0
345.4779249  -0.0102608805  0
345.7387739  -0.01025313899  0
345.9195339  -0.01024778122  0
346  -0.01024539798  0
346.0804661  -0.01024301586  0
346.2612261  -0.01023766866  0
346.5220751  -0.01022996212  0
346.834721  -0.01022074056  0
347.165279  -0.01021100875  0
347.4779249  -0.01020182132  0
347.7387739  -0.01019416864  0
347.9195339  -0.0101888723  0
348  -0.01018651638  0
348.0804661  -0.01018416156  0
348.2612261  -0.01017887561  0
348.5220751  -0.01017125731  0
348.834721  -0.01016214123  0
349.165279  -0.01015252064  0
349.4779249  -0.01014343811  0
349.7387739  -0.01013587273  0
349.9195339  -0.01013063678  0
350  -0.01012830772  0
350.0804661  -0.01012597973  0
350.2612261  -0.01012075399  0
350.5220751  -0.0101132224  0
350.834721  -0.01010421001  0
351.165279  -0.01009469875  0
351.4779249  -0.01008571933  0
351.7387739  -0.01007823978  0
351.9195339  -0.01007306319  0
352  -0.01007076052  0
352.0804661  -0.0100684589  0
352.2612261  -0.01006329235  0
352.5220751  -0.01005584601  0
352.834721  -0.01004693555  0
353.165279  -0.01003753175  0
353.4779249  -0.01002865371  0
353.7387739  -0.01002125852  0
353.9195339  -0.01001614029  0
354  -0.01001386356  0
354.0804661  -0.01001158788  0
354.2612261  -0.01000647951  0
354.5220751  -0.009999116984  0
354.834721  -0.00999030673  0
355.165279  -0.009981008595  0
355.4779249  -0.009972230209  0
355.7387739  -0.009964917974  0
355.9195339  -0.009959857114  0
356  -0.009957605904  0
356.0804661  -0.009955355711  0
356.2612261  -0.009950304557  0
356.5220751  -0.009943024429  0
356.834721  -0.009934312702  0
357.165279  -0.009925118455  0
357.4779249  -0.009916438063  0
357.7387739  -0.00990920739  0
357.9195339  -0.009904202945  0
358  -0.009901976821  0
358.0804661  -0.009899751697  0
358.2612261  -0.009894756795  0
358.5220751  -0.009887557695  0
358.834721  -0.00987894285  0
359.165279  -0.009869850761  0
359.4779249  -0.009861266731  0
359.7387739  -0.009854116263  0
359.9195339  -0.009849167294  0
360  -0.009846965838  0
360.0804661  -0.009844765367  0
360.2612261  -0.009839825784  0
360.5220751  -0.009832706364  0
360.834721  -0.009824186795  0
361.165279  -0.009815195171  0
361.4779249  -0.009806705907  0
361.7387739  -0.009799634316  0
361.9195339  -0.009794739907  0
362  -0.009792562712  0
362.0804661  -0.009790386485  0
362.2612261  -0.009785501307  0
362.5220751  -0.009778460253  0
362.834721  -0.009770034388  0
363.165279  -0.009761141572  0
363.4779249  -0.009752745514  0
363.7387739  -0.009745751502  0
363.9195339  -0.009740910755  0
364  -0.009738757423  0
364.0804661  -0.009736605042  0
364.2612261  -0.009731773374  0
364.5220751  -0.0097248094  0
364.834721  -0.009716475701  0
365.165279  -0.009707680073  0
365.4779249  -0.009699375694  0
365.7387739  -0.009692457992  0
365.9195339  -0.009687670029  0
366  -0.009685540169  0
366.0804661  -0.009683411245  0
366.2612261  -0.009678632213  0
366.5220751  -0.009671744059  0
366.834721  -0.009663501022  0
367.165279  -0.009654800998  0
367.4779249  -0.009646586805  0
367.7387739  -0.009639744171  0
367.9195339  -0.009635008134  0
368  -0.009632901364  0
368.0804661  -0.009630795514  0
368.2612261  -0.009626068264  0
368.5220751  -0.009619254698  0
368.834721  -0.009611100852  0
369.165279  -0.009602494882  0
369.4779249  -0.009594369413  0
369.7387739  -0.009587600632  0
369.9195339  -0.00958291568  0
370  -0.009580831627  0
370.0804661  -0.009578748479  0
370.2612261  -0.009574072173  0
370.5220751  -0.00956733199  0
370.834721  -0.009559265896  0
371.165279  -0.009550752462  0
371.4779249  -0.009542714287  0
371.7387739  -0.009536018169  0
371.9195339  -0.009531383481  0
372  -0.009529321779  0
372.0804661  -0.009527260969  0
372.2612261  -0.009522634787  0
372.5220751  -0.009515966809  0
372.834721  -0.009507987056  0
373.165279  -0.009499564675  0
373.4779249  -0.009491612395  0
373.7387739  -0.009484987777  0
373.9195339  -0.009480402547  0
374  -0.009478362839  0
374.0804661  -0.009476324008  0
374.2612261  -0.009471747149  0
374.5220751  -0.009465150222  0
374.834721  -0.009457255432  0
375.165279  -0.00944892265  0
375.4779249  -0.009441054896  0
375.7387739  -0.009434500638  0
375.9195339  -0.00942996408  0
376  -0.009427946015  0
376.0804661  -0.009425928814  0
376.2612261  -0.009421400494  0
376.5220751  -0.009414873487  0
376.834721  -0.009407062311  0
377.165279  -0.009398817706  0
377.4779249  -0.009391033137  0
377.7387739  -0.009384548124  0
377.9195339  -0.009380059467  0
378  -0.009378062703  0
378.0804661  -0.009376066789  0
378.2612261  -0.00937158624  0
378.5220751  -0.009365128048  0
378.834721  -0.009357399164  0
379.165279  -0.009349241343  0
379.4779249  -0.009341538648  0
379.7387739  -0.009335121788  0
379.9195339  -0.009330680277  0
380  -0.009328704478  0
380.0804661  -0.009326729517  0
380.2612261  -0.009322295985  0
380.5220751  -0.009315905526  0
380.834721  -0.00930825764  0
381.165279  -0.009300185241  0
381.4779249  -0.009292563134  0
381.7387739  -0.00928621336  0
381.9195339  -0.009281818255  0
382  -0.009279863094  0
382.0804661  -0.009277908756  0
382.2612261  -0.009273521507  0
382.5220751  -0.00926719772  0
382.834721  -0.009259629566  0
383.165279  -0.009251641254  0
383.4779249  -0.009244098477  0
383.7387739  -0.009237814741  0
383.9195339  -0.009233465319  0
384  -0.009231530473  0
384.0804661  -0.009229596438  0
384.2612261  -0.00922525475  0
384.5220751  -0.009218996598  0
384.834721  -0.009211506935  0
385.165279  -0.009203601403  0
385.4779249  -0.009196136724  0
385.7387739  -0.009189918001  0
385.9195339  -0.009185613555  0
386  -0.009183698709  0
386.0804661  -0.009181784662  0
386.2612261  -0.009177487829  0
386.5220751  -0.009171294295  0
386.834721  -0.009163881909  0
387.165279  -0.009156057876  0
387.4779249  -0.009148670088  0
387.7387739  -0.009142515376  0
387.9195339  -0.00913825521  0
388  -0.009136360056  0
388.0804661  -0.009134465688  0
388.2612261  -0.009130213019  0
388.5220751  -0.009124083107  0
388.834721  -0.009116746808  0
389.165279  -0.009109003021  0
389.4779249  -0.009101690942  0
389.7387739  -0.009095599257  0
389.9195339  -0.009091382692  0
390  -0.009089506928  0
390.0804661  -0.009087631937  0
390.2612261  -0.009083422755  0
390.5220751  -0.00907735549  0
390.834721  -0.009070094111  0
391.165279  -0.009062429343  0
391.4779249  -0.009055191815  0
391.7387739  -0.009049162193  0
391.9195339  -0.009044988563  0
392  -0.009043131892  0
392.0804661  -0.009041275984  0
392.2612261  -0.009037109624  0
392.5220751  -0.00903110405  0
392.834721  -0.009023916451  0
393.165279  -0.009016329497  0
393.4779249  -0.009009165387  0
393.7387739  -0.009003196884  0
393.9195339  -0.008999065537  0
394  -0.00899722767  0
394.0804661  -0.008995390553  0
394.2612261  -0.008991266366  0
394.5220751  -0.008985321547  0
394.834721  -0.008978206609  0
395.165279  -0.00897069629  0
395.4779249  -0.008963604485  0
395.7387739  -0.008957696177  0
395.9195339  -0.008953606474  0
396  -0.008951787126  0
396.0804661  -0.008949968517  0
396.2612261  -0.008945885865  0
396.5220751  -0.008940000885  0
396.834721  -0.008932957511  0
397.165279  -0.008925522672  0
397.4779249  -0.008918502084  0
397.7387739  -0.008912653065  0
397.9195339  -0.008908604378  0
398  -0.008906803271  0
398.0804661  -0.008905002892  0
398.2612261  -0.008900961151  0
398.5220751  -0.00889513511  0
398.834721  -0.008888162226  0
399.165279  -0.008880801735  0
399.4779249  -0.008873851295  0
399.7387739  -0.008868060678  0
399.9195339  -0.008864052394  0
