#L=7 M=3
#R     Re(V)   Im(V)

0.08046609183  3.528757512e-11  2.365445239e-11
0.2612261349  1.341402153e-07  8.991675109e-08
0.5220750502  1.709199557e-05  1.145301632e-05
0.8347210423  0.0004569670302  0.0003059899921
1.165278958  0.004728435085  0.003163069132
1.47792495  0.02499948045  0.01670554085
1.738773865  0.0780914006  0.05213803721
1.919533908  0.1561710156  0.1042126681
2  0.2080027337  0.1389305574
2.080466092  0.1517822072  0.1012915218
2.261226135  0.07773371344  0.05190911632
2.52207505  0.03214562349  0.0214584384
2.834721042  0.01207892514  0.007951375214
3.165278958  0.00395006856  0.002285025639
3.47792495  -1.853963328e-05  -0.0007770144548
3.738773865  -0.002764444222  -0.003175305239
3.919533908  -0.004862890662  -0.005136718675
4  -0.00591493313  -0.006144523674
4.080466092  -0.005004449331  -0.005197431782
4.261226135  -0.003463982126  -0.00359571775
4.52207505  -0.002070037685  -0.002147344575
4.834721042  -0.001139256792  -0.001181007086
5.165278958  -0.000616240527  -0.0006384528529
5.47792495  -0.0003479042066  -0.000360290568
5.738773865  -0.0002163994391  -0.0002240455274
5.919533908  -0.0001555217969  -0.0001609969506
6  -0.0001341357669  -0.0001388526869
6.080466092  -0.0001155987618  -0.000119660576
6.261226135  -8.243838912e-05  -8.533380541e-05
6.52207505  -4.987180014e-05  -5.162970952e-05
6.834721042  -2.624286983e-05  -2.718130802e-05
7.165278958  -1.213560306e-05  -1.258710356e-05
7.47792495  -4.738254365e-06  -4.934444407e-06
7.738773865  -1.190923002e-06  -1.263955746e-06
7.919533908  3.665008262e-07  3.481306706e-07
8  8.859227595e-07  8.859779431e-07
8.080466092  1.317921254e-06  1.333434012e-06
8.261226135  2.027288286e-06  2.068664913e-06
8.52207505  2.582293377e-06  2.645077198e-06
8.834721042  2.787664887e-06  2.860426411e-06
9.165278958  2.704267314e-06  2.777202163e-06
9.47792495  2.486917972e-06  2.555083785e-06
9.738773865  2.262233851e-06  2.324749315e-06
9.919533908  2.099302806e-06  2.157545657e-06
10  2.026763752e-06  2.083074847e-06
10.08046609  1.954770555e-06  2.009150435e-06
10.26122613  1.796534996e-06  1.846630526e-06
10.52207505  1.580617744e-06  1.624800516e-06
10.83472104  1.346137506e-06  1.383837735e-06
11.16527896  1.12944586e-06  1.161115741e-06
11.47792495  9.533645371e-07  9.801143853e-07
11.73877387  8.263427661e-07  8.495353239e-07
11.91953391  7.480189309e-07  7.690154236e-07
12  7.155285295e-07  7.356135744e-07
12.08046609  6.844293477e-07  7.036417457e-07
12.26122613  6.193795045e-07  6.367659735e-07
12.52207505  5.362999415e-07  5.513534282e-07
12.83472104  4.515092524e-07  4.641809897e-07
13.16527896  3.767966211e-07  3.873694665e-07
13.47792495  3.179764475e-07  3.268969497e-07
13.73877387  2.763243284e-07  2.840749208e-07
13.91953391  2.508851136e-07  2.579212802e-07
14  2.403751552e-07  2.471161918e-07
14.08046609  2.30334565e-07  2.367936693e-07
14.26122613  2.093811122e-07  2.152519192e-07
14.52207505  1.826763546e-07  1.877975233e-07
14.83472104  1.554181791e-07  1.597743576e-07
15.16527896  1.313209289e-07  1.350010091e-07
15.47792495  1.122364311e-07  1.153811958e-07
15.73877387  9.862583389e-08  1.013889091e-07
15.91953391  9.025949972e-08  9.278799117e-08
16  8.678869435e-08  8.921987677e-08
16.08046609  8.346411404e-08  8.580209213e-08
16.26122613  7.649538478e-08  7.863801167e-08
16.52207505  6.754362018e-08  6.943534054e-08
16.83472104  5.830633783e-08  5.993919141e-08
17.16527896  5.003400518e-08  5.143507249e-08
17.47792495  4.339333775e-08  4.460836486e-08
17.73877387  3.859812439e-08  3.967882815e-08
17.91953391  3.56216327e-08  3.661896597e-08
18  3.437959982e-08  3.534214577e-08
18.08046609  3.318562847e-08  3.411473411e-08
18.26122613  3.066841126e-08  3.152701848e-08
18.52207505  2.7402964e-08  2.817012335e-08
18.83472104  2.39898707e-08  2.466145451e-08
19.16527896  2.088892935e-08  2.147368505e-08
19.47792495  1.836353203e-08  1.887757964e-08
19.73877387  1.651649741e-08  1.69788328e-08
19.91953391  1.535873509e-08  1.578865719e-08
20  1.487283416e-08  1.528915297e-08
20.08046609  1.440409692e-08  1.48072931e-08
20.26122613  1.341030897e-08  1.378568381e-08
20.52207505  1.210891087e-08  1.244785362e-08
20.83472104  1.073208689e-08  1.103248713e-08
21.16527896  9.464302802e-09  9.729213925e-09
21.47792495  8.418114739e-09  8.653740555e-09
21.73877387  7.64404723e-09  7.858005419e-09
21.91953391  7.154566566e-09  7.354823415e-09
22  6.948078241e-09  7.142555191e-09
22.08046609  6.748261641e-09  6.937145462e-09
22.26122613  6.322504963e-09  6.49947136e-09
22.52207505  5.760292829e-09  5.921522386e-09
22.83472104  5.159121072e-09  5.303523431e-09
23.16527896  4.599031211e-09  4.727756419e-09
23.47792495  4.131503571e-09  4.24714258e-09
23.73877387  3.782097303e-09  3.887956408e-09
23.91953391  3.559467987e-09  3.659095706e-09
24  3.465134083e-09  3.562121405e-09
24.08046609  3.373602275e-09  3.468027633e-09
24.26122613  3.177731586e-09  3.266674556e-09
24.52207505  2.917219498e-09  2.998870798e-09
24.83472104  2.636089134e-09  2.709871685e-09
25.16527896  2.371519789e-09  2.437897149e-09
25.47792495  2.148488899e-09  2.208623726e-09
25.73877387  1.980368373e-09  2.03579759e-09
25.91953391  1.872549262e-09  1.924960679e-09
26  1.826689593e-09  1.877817423e-09
26.08046609  1.782089419e-09  1.831968915e-09
26.26122613  1.686295976e-09  1.733494267e-09
26.52207505  1.558101246e-09  1.601711442e-09
26.83472104  1.41866816e-09  1.458375709e-09
27.16527896  1.286310112e-09  1.322313042e-09
27.47792495  1.173785452e-09  1.20663889e-09
27.73877387  1.088335725e-09  1.11879748e-09
27.91953391  1.033227874e-09  1.062147198e-09
28  1.009711633e-09  1.037972753e-09
28.08046609  9.867957919e-10  1.014415513e-09
28.26122613  9.374198436e-10  9.636575654e-10
28.52207505  8.70990938e-10  8.953693599e-10
28.83472104  7.982464133e-10  8.205887658e-10
29.16527896  7.286757024e-10  7.490708189e-10
29.47792495  6.690958874e-10  6.878234063e-10
29.73877387  6.235615696e-10  6.410146149e-10
29.91953391  5.940531797e-10  6.10680306e-10
30  5.814252914e-10  5.97698972e-10
30.08046609  5.690985861e-10  5.850272507e-10
30.26122613  5.424652349e-10  5.576484509e-10
30.52207505  5.064676736e-10  5.206433429e-10
30.83472104  4.668142274e-10  4.798800249e-10
31.16527896  4.286434631e-10  4.40640888e-10
31.47792495  3.957451929e-10  4.068218187e-10
31.73877387  3.704616803e-10  3.808306385e-10
31.91953391  3.540072422e-10  3.639156523e-10
32  3.469482159e-10  3.566590489e-10
32.08046609  3.400471491e-10  3.495648263e-10
32.26122613  3.251004397e-10  3.341997691e-10
32.52207505  3.048165562e-10  3.133481542e-10
32.83472104  2.823565762e-10  2.902595353e-10
33.16527896  2.606125559e-10  2.679069154e-10
33.47792495  2.417666168e-10  2.485334919e-10
33.73877387  2.272114588e-10  2.335709453e-10
33.91953391  2.1770359e-10  2.237969582e-10
34  2.136157468e-10  2.195946992e-10
34.08046609  2.096140538e-10  2.154810016e-10
34.26122613  2.00928432e-10  2.065522755e-10
34.52207505  1.890991043e-10  1.943918533e-10
34.83472104  1.759405394e-10  1.808649896e-10
35.16527896  1.631368542e-10  1.677029383e-10
35.47792495  1.51984373e-10  1.562383069e-10
35.73877387  1.433334107e-10  1.473452104e-10
35.91953391  1.376635877e-10  1.415166932e-10
36  1.35221148e-10  1.390058914e-10
36.08046609  1.328273512e-10  1.365450939e-10
36.26122613  1.276217643e-10  1.311938065e-10
36.52207505  1.205094405e-10  1.238824137e-10
36.83472104  1.125655625e-10  1.157161923e-10
37.16527896  1.048010065e-10  1.077343117e-10
37.47792495  9.800773048e-11  1.007508969e-10
37.73877387  9.271763451e-11  9.531273485e-11
37.91953391  8.924023499e-11  9.173800554e-11
38  8.773964179e-11  9.019541165e-11
38.08046609  8.626737575e-11  8.868193802e-11
38.26122613  8.306031277e-11  8.538511163e-11
38.52207505  7.866603231e-11  8.086783838e-11
38.83472104  7.373999628e-11  7.580392615e-11
39.16527896  6.890565054e-11  7.083427051e-11
39.47792495  6.465916535e-11  6.646892923e-11
39.73877387  6.13407283e-11  6.30576115e-11
39.91953391  5.915356671e-11  6.080923281e-11
40  5.820827117e-11  5.983747913e-11
40.08046609  5.727993615e-11  5.888316067e-11
40.26122613  5.52546275e-11  5.680116508e-11
40.52207505  5.247243506e-11  5.394110105e-11
40.83472104  4.934326539e-11  5.072434816e-11
41.16527896  4.626111852e-11  4.75559342e-11
41.47792495  4.354401386e-11  4.476277973e-11
41.73877387  4.141399588e-11  4.257314406e-11
41.91953391  4.000673133e-11  4.112649117e-11
42  3.939764912e-11  4.05003612e-11
42.08046609  3.879897917e-11  3.98849349e-11
42.26122613  3.749107434e-11  3.854042275e-11
42.52207505  3.56902043e-11  3.668914764e-11
42.83472104  3.365868059e-11  3.460076303e-11
43.16527896  3.165105685e-11  3.253694734e-11
43.47792495  2.987542986e-11  3.071162182e-11
43.73877387  2.847946308e-11  2.927658292e-11
43.91953391  2.755515452e-11  2.832640362e-11
44  2.715458809e-11  2.791462563e-11
44.08046609  2.676056063e-11  2.750956962e-11
44.26122613  2.589864876e-11  2.662353345e-11
44.52207505  2.470935745e-11  2.540095473e-11
44.83472104  2.336408919e-11  2.401803337e-11
45.16527896  2.203063705e-11  2.264725886e-11
45.47792495  2.084776515e-11  2.143127922e-11
45.73877387  1.991537489e-11  2.047279202e-11
45.91953391  1.92967807e-11  1.983688382e-11
46  1.90283871e-11  1.956097807e-11
46.08046609  1.876418584e-11  1.928938201e-11
46.26122613  1.818559505e-11  1.869459687e-11
46.52207505  1.738569317e-11  1.787230631e-11
46.83472104  1.647863099e-11  1.693985611e-11
47.16527896  1.557705567e-11  1.601304634e-11
47.47792495  1.477511243e-11  1.518865728e-11
47.73877387  1.414146975e-11  1.45372794e-11
47.91953391  1.37203108e-11  1.410433251e-11
48  1.35373835e-11  1.39162852e-11
48.08046609  1.335719538e-11  1.373105375e-11
48.26122613  1.296217317e-11  1.332497515e-11
48.52207505  1.241508535e-11  1.276257472e-11
48.83472104  1.1793289e-11  1.212337474e-11
49.16527896  1.117368876e-11  1.148643233e-11
49.47792495  1.062118103e-11  1.091846031e-11
49.73877387  1.018366327e-11  1.046869674e-11
49.91953391  9.892372404e-12  1.016925285e-11
50  9.765727384e-12  1.003906312e-11
50.08046609  9.640903462e-12  9.910745467e-12
50.26122613  9.366988745e-12  9.629164073e-12
50.52207505  8.987009359e-12  9.238549335e-12
50.83472104  8.554232967e-12  8.793659841e-12
51.16527896  8.121978976e-12  8.349307369e-12
51.47792495  7.735642168e-12  7.95215727e-12
51.73877387  7.429089193e-12  7.637024096e-12
51.91953391  7.22467559e-12  7.426889102e-12
52  7.135721344e-12  7.335445091e-12
52.08046609  7.047997365e-12  7.245265779e-12
52.26122613  6.855322225e-12  7.0471978e-12
52.52207505  6.587636449e-12  6.77201969e-12
52.83472104  6.282164164e-12  6.457997454e-12
53.16527896  5.976402731e-12  6.143677977e-12
53.47792495  5.702538839e-12  5.86214883e-12
53.73877387  5.484822866e-12  5.638339142e-12
53.91953391  5.33943859e-12  5.488885664e-12
54  5.27611864e-12  5.423793434e-12
54.08046609  5.213642208e-12  5.359568332e-12
54.26122613  5.076306138e-12  5.218388323e-12
54.52207505  4.885236815e-12  5.021971106e-12
54.83472104  4.666803594e-12  4.797424095e-12
55.16527896  4.447726586e-12  4.572215278e-12
55.47792495  4.251116057e-12  4.37010176e-12
55.73877387  4.094542128e-12  4.209145439e-12
55.91953391  3.989847424e-12  4.101520405e-12
56  3.944213499e-12  4.05460922e-12
56.08046609  3.899165917e-12  4.008300787e-12
56.26122613  3.800065558e-12  3.90642668e-12
56.52207505  3.662012751e-12  3.764509874e-12
56.83472104  3.50392474e-12  3.601997092e-12
57.16527896  3.345076192e-12  3.438702486e-12
57.47792495  3.202255523e-12  3.291884369e-12
57.73877387  3.088333378e-12  3.174773624e-12
57.91953391  3.012063786e-12  3.096369301e-12
58  2.978795456e-12  3.062169815e-12
58.08046609  2.945939938e-12  3.028394693e-12
58.26122613  2.873608957e-12  2.95403922e-12
58.52207505  2.772725632e-12  2.850332243e-12
58.83472104  2.657021338e-12  2.731389468e-12
59.16527896  2.540559082e-12  2.611667517e-12
59.47792495  2.435668406e-12  2.503841026e-12
59.73877387  2.351874781e-12  2.417702078e-12
59.91953391  2.295711022e-12  2.359966335e-12
60  2.271196071e-12  2.334765227e-12
60.08046609  2.246975235e-12  2.309866467e-12
60.26122613  2.193617586e-12  2.255015376e-12
60.52207505  2.119113183e-12  2.178425648e-12
60.83472104  2.033538803e-12  2.090456102e-12
61.16527896  1.947264494e-12  2.001767037e-12
61.47792495  1.869437834e-12  1.921762064e-12
61.73877387  1.807176749e-12  1.857758336e-12
61.91953391  1.765400326e-12  1.814812621e-12
62  1.747153712e-12  1.796055297e-12
62.08046609  1.729118989e-12  1.777515795e-12
62.26122613  1.689364166e-12  1.736648263e-12
62.52207505  1.633795005e-12  1.67952376e-12
62.83472104  1.569882327e-12  1.613822213e-12
63.16527896  1.505349295e-12  1.547482947e-12
63.47792495  1.447047739e-12  1.487549572e-12
63.73877387  1.400344833e-12  1.439539485e-12
63.91953391  1.368976002e-12  1.407292663e-12
64  1.355266924e-12  1.393199878e-12
64.08046609  1.341712098e-12  1.379265661e-12
64.26122613  1.311814927e-12  1.348531691e-12
64.52207505  1.269983339e-12  1.305529266e-12
64.83472104  1.22180939e-12  1.256006963e-12
65.16527896  1.173098722e-12  1.205932917e-12
65.47792495  1.129029706e-12  1.160630441e-12
65.73877387  1.09368394e-12  1.124295373e-12
65.91953391  1.069920743e-12  1.099867061e-12
66  1.059529729e-12  1.08918521e-12
66.08046609  1.049252109e-12  1.078619926e-12
66.26122613  1.026570752e-12  1.055303735e-12
66.52207505  9.948058446e-13  1.02264975e-12
66.83472104  9.581809087e-13  9.849997083e-13
67.16527896  9.210984436e-13  9.468793315e-13
67.47792495  8.875051463e-13  9.123457818e-13
67.73877387  8.605299324e-13  8.846155508e-13
67.91953391  8.423780769e-13  8.659556379e-13
68  8.344365707e-13  8.577918546e-13
68.08046609  8.265791922e-13  8.497145537e-13
68.26122613  8.092299566e-13  8.318797254e-13
68.52207505  7.849113002e-13  8.068804071e-13
68.83472104  7.568401747e-13  7.780235909e-13
69.16527896  7.283826094e-13  7.487695187e-13
69.47792495  7.025705118e-13  7.222349589e-13
69.73877387  6.818206838e-13  7.00904358e-13
69.91953391  6.678461622e-13  6.865386995e-13
70  6.617292183e-13  6.802505467e-13
70.08046609  6.55675232e-13  6.740271137e-13
70.26122613  6.423013514e-13  6.602789077e-13
70.52207505  6.235395006e-13  6.409919261e-13
70.83472104  6.018595108e-13  6.187051289e-13
71.16527896  5.798549684e-13  5.96084695e-13
71.47792495  5.598725073e-13  5.755429391e-13
71.73877387  5.437922759e-13  5.590126335e-13
71.91953391  5.329539898e-13  5.478709915e-13
72  5.282076172e-13  5.429917713e-13
72.08046609  5.235087456e-13  5.381613816e-13
72.26122613  5.131236356e-13  5.274855999e-13
72.52207505  4.985432676e-13  5.124971377e-13
72.83472104  4.816781448e-13  4.951599722e-13
73.16527896  4.645413407e-13  4.775435212e-13
73.47792495  4.489619816e-13  4.615281069e-13
73.73877387  4.364126558e-13  4.486275345e-13
73.91953391  4.279478735e-13  4.399258289e-13
74  4.242392764e-13  4.361134309e-13
74.08046609  4.205667963e-13  4.323381607e-13
74.26122613  4.124465794e-13  4.239906647e-13
74.52207505  4.010376229e-13  4.122623797e-13
74.83472104  3.878282838e-13  3.986833206e-13
75.16527896  3.743918986e-13  3.848708606e-13
75.47792495  3.621637809e-13  3.723004866e-13
75.73877387  3.523047274e-13  3.621654852e-13
75.91953391  3.456498445e-13  3.553243369e-13
76  3.427329768e-13  3.523258281e-13
76.08046609  3.398437715e-13  3.49355756e-13
76.26122613  3.334527952e-13  3.427859009e-13
76.52207505  3.244671431e-13  3.335487468e-13
76.83472104  3.140541093e-13  3.228442596e-13
77.16527896  3.03451429e-13  3.119448179e-13
77.47792495  2.937925545e-13  3.020155984e-13
77.73877387  2.859980946e-13  2.940029771e-13
77.91953391  2.80733256e-13  2.885907795e-13
78  2.784247316e-13  2.862176411e-13
78.08046609  2.761375416e-13  2.838664343e-13
78.26122613  2.710762374e-13  2.786634677e-13
78.52207505  2.639553616e-13  2.713432838e-13
78.83472104  2.556962446e-13  2.628529999e-13
79.16527896  2.47278672e-13  2.541998255e-13
79.47792495  2.396031221e-13  2.463094425e-13
79.73877387  2.334039519e-13  2.399367619e-13
79.91953391  2.292139746e-13  2.356295101e-13
80  2.273760593e-13  2.337401528e-13
80.08046609  2.255547065e-13  2.318678217e-13
80.26122613  2.21522738e-13  2.277230013e-13
80.52207505  2.158464779e-13  2.218878667e-13
80.83472104  2.092575228e-13  2.151144915e-13
81.16527896  2.025360549e-13  2.082048945e-13
81.47792495  1.964015682e-13  2.018987079e-13
81.73877387  1.914430838e-13  1.968014391e-13
81.91953391  1.88089629e-13  1.933541235e-13
82  1.866181209e-13  1.918414289e-13
82.08046609  1.851595514e-13  1.903420351e-13
82.26122613  1.819295322e-13  1.8702161e-13
82.52207505  1.773795348e-13  1.823442614e-13
82.83472104  1.720938375e-13  1.769106211e-13
83.16527896  1.66697176e-13  1.713629109e-13
83.47792495  1.617675733e-13  1.662953322e-13
83.73877387  1.577799635e-13  1.62196112e-13
83.91953391  1.550815476e-13  1.594221694e-13
84  1.538970669e-13  1.582045359e-13
84.08046609  1.527227541e-13  1.56997355e-13
84.26122613  1.50121341e-13  1.543231301e-13
84.52207505  1.46454738e-13  1.505539016e-13
84.83472104  1.421921243e-13  1.461719803e-13
85.16527896  1.378364391e-13  1.416943826e-13
85.47792495  1.338544658e-13  1.376009568e-13
85.73877387  1.306310698e-13  1.342873402e-13
85.91953391  1.284485872e-13  1.320437715e-13
86  1.274902642e-13  1.310586257e-13
86.08046609  1.265399773e-13  1.30081741e-13
86.26122613  1.244341585e-13  1.279169818e-13
86.52207505  1.214644587e-13  1.248641621e-13
86.83472104  1.18009596e-13  1.213126004e-13
87.16527896  1.144765246e-13  1.176806408e-13
87.47792495  1.11244065e-13  1.143577069e-13
87.73877387  1.086255889e-13  1.116659416e-13
87.91953391  1.068517439e-13  1.098424479e-13
88  1.060726097e-13  1.090415063e-13
88.08046609  1.052998611e-13  1.082471291e-13
88.26122613  1.035869342e-13  1.064862586e-13
88.52207505  1.011700456e-13  1.040017229e-13
88.83472104  9.835641436e-14  1.011093402e-13
89.16527896  9.547693092e-14  9.814926205e-14
89.47792495  9.284048476e-14  9.543902365e-14
89.73877387  9.070340291e-14  9.324212641e-14
89.91953391  8.925493837e-14  9.175312038e-14
90  8.861853286e-14  9.109890233e-14
90.08046609  8.798722771e-14  9.04499274e-14
90.26122613  8.658742027e-14  8.901094035e-14
90.52207505  8.46113501e-14  8.697956138e-14
90.83472104  8.230941915e-14  8.461320103e-14
91.16527896  7.995192221e-14  8.218971943e-14
91.47792495  7.779186685e-14  7.996920567e-14
91.73877387  7.603983767e-14  7.816813844e-14
91.91953391  7.485177837e-14  7.694682621e-14
92  7.43296371e-14  7.641007058e-14
92.08046609  7.381158984e-14  7.587752354e-14
92.26122613  7.266258687e-14  7.46963608e-14
92.52207505  7.10397977e-14  7.302815092e-14
92.83472104  6.914824105e-14  7.108365095e-14
93.16527896  6.720969457e-14  6.909084594e-14
93.47792495  6.543229081e-14  6.726369392e-14
93.73877387  6.398976028e-14  6.578078799e-14
93.91953391  6.301112043e-14  6.47747567e-14
94  6.258089969e-14  6.433249439e-14
94.08046609  6.215398072e-14  6.389362627e-14
94.26122613  6.120683936e-14  6.29199751e-14
94.52207505  5.986853816e-14  6.154421581e-14
94.83472104  5.830766673e-14  5.993965669e-14
95.16527896  5.670696855e-14  5.829415612e-14
95.47792495  5.523837028e-14  5.678445283e-14
95.73877387  5.404577416e-14  5.55584768e-14
95.91953391  5.323633546e-14  5.472638248e-14
96  5.28804043e-14  5.436048907e-14
96.08046609  5.252714808e-14  5.399734545e-14
96.26122613  5.174322784e-14  5.319148385e-14
96.52207505  5.063507203e-14  5.205231155e-14
96.83472104  4.934189047e-14  5.072293476e-14
97.16527896  4.801487653e-14  4.935877865e-14
97.47792495  4.679661354e-14  4.810641735e-14
97.73877387  4.58067563e-14  4.708885471e-14
97.91953391  4.513463457e-14  4.639792077e-14
98  4.483901108e-14  4.609402299e-14
98.08046609  4.454556412e-14  4.579236266e-14
98.26122613  4.38942061e-14  4.512277359e-14
98.52207505  4.297305498e-14  4.417584011e-14
98.83472104  4.189751881e-14  4.307020045e-14
99.16527896  4.079317682e-14  4.193494872e-14
99.47792495  3.977872791e-14  4.089210611e-14
99.73877387  3.895403335e-14  4.004432894e-14
99.91953391  3.839382977e-14  3.946844566e-14
100  3.814737259e-14  3.921509032e-14
100.0804661  3.79026938e-14  3.896356314e-14
100.2612261  3.735945563e-14  3.840512012e-14
100.5220751  3.659089825e-14  3.761505137e-14
100.834721  3.569306328e-14  3.669208664e-14
101.165279  3.477064636e-14  3.574385193e-14
101.4779249  3.392282459e-14  3.487230024e-14
101.7387739  3.32332364e-14  3.416341096e-14
101.9195339  3.276462487e-14  3.368168333e-14
102  3.25584152e-14  3.346970199e-14
102.0804661  3.235366442e-14  3.325922039e-14
102.2612261  3.18989704e-14  3.279179981e-14
102.5220751  3.125543369e-14  3.213025096e-14
102.834721  3.050327266e-14  3.135703749e-14
103.165279  2.973008675e-14  3.056221066e-14
103.4779249  2.901903335e-14  2.983125538e-14
103.7387739  2.844040304e-14  2.923642962e-14
103.9195339  2.804704489e-14  2.883206165e-14
104  2.78739115e-14  2.865408239e-14
104.0804661  2.770197953e-14  2.847733816e-14
104.2612261  2.732008254e-14  2.808475214e-14
104.5220751  2.67793756e-14  2.752891121e-14
104.834721  2.614709712e-14  2.68789357e-14
105.165279  2.549679581e-14  2.621043292e-14
105.4779249  2.489843281e-14  2.559532217e-14
105.7387739  2.441127542e-14  2.509452959e-14
105.9195339  2.407998118e-14  2.475396266e-14
106  2.39341335e-14  2.460403281e-14
106.0804661  2.378927886e-14  2.445512379e-14
106.2612261  2.346745794e-14  2.412429534e-14
106.5220751  2.301164619e-14  2.365572574e-14
106.834721  2.247839344e-14  2.310754762e-14
107.165279  2.19296571e-14  2.254345254e-14
107.4779249  2.142448776e-14  2.202414387e-14
107.7387739  2.101301651e-14  2.160115584e-14
107.9195339  2.073309527e-14  2.13133998e-14
108  2.060983844e-14  2.11866931e-14
108.0804661  2.048740535e-14  2.10608332e-14
108.2612261  2.02153423e-14  2.07811553e-14
108.5220751  1.982987227e-14  2.038489624e-14
108.834721  1.937871089e-14  1.992110718e-14
109.165279  1.891421843e-14  1.94436139e-14
109.4779249  1.848639268e-14  1.900381361e-14
109.7387739  1.813776638e-14  1.864542952e-14
109.9195339  1.790051829e-14  1.840154102e-14
110  1.779603085e-14  1.829412905e-14
110.0804661  1.769222905e-14  1.818742191e-14
110.2612261  1.746152178e-14  1.795025731e-14
110.5220751  1.713453763e-14  1.761412111e-14
110.834721  1.675166467e-14  1.722053181e-14
111.165279  1.635728927e-14  1.681511812e-14
111.4779249  1.599387222e-14  1.644152928e-14
111.7387739  1.569760583e-14  1.613697061e-14
111.9195339  1.549592438e-14  1.592964424e-14
112  1.540708398e-14  1.583831726e-14
112.0804661  1.531881618e-14  1.57475789e-14
112.2612261  1.512259706e-14  1.554586775e-14
112.5220751  1.48444042e-14  1.525988847e-14
112.834721  1.451852694e-14  1.492489015e-14
113.165279  1.418270418e-14  1.457966795e-14
113.4779249  1.387310092e-14  1.426139911e-14
113.7387739  1.362060173e-14  1.400183265e-14
113.9195339  1.344866067e-14  1.382507908e-14
114  1.337290688e-14  1.3747205e-14
114.0804661  1.32976328e-14  1.366982405e-14
114.2612261  1.313026798e-14  1.349777481e-14
114.5220751  1.289291036e-14  1.325377372e-14
114.834721  1.261475654e-14  1.296783457e-14
115.165279  1.232798565e-14  1.267303716e-14
115.4779249  1.2063487e-14  1.240113539e-14
115.7387739  1.184768814e-14  1.217929648e-14
115.9195339  1.170069399e-14  1.202818806e-14
116  1.163591975e-14  1.196160084e-14
116.0804661  1.157154864e-14  1.189542803e-14
116.2612261  1.14284002e-14  1.174827297e-14
116.5220751  1.12253257e-14  1.153951456e-14
116.834721  1.098725549e-14  1.129478093e-14
117.165279  1.074170409e-14  1.104235672e-14
117.4779249  1.051512637e-14  1.080943725e-14
117.7387739  1.033019599e-14  1.06193308e-14
117.9195339  1.020419149e-14  1.048979953e-14
118  1.014865696e-14  1.043271062e-14
118.0804661  1.009346221e-14  1.037597101e-14
118.2612261  9.970699132e-15  1.024977188e-14
118.5220751  9.796493625e-15  1.007069049e-14
118.834721  9.592191113e-15  9.860669694e-15
119.165279  9.381380683e-15  9.643958831e-15
119.4779249  9.186778823e-15  9.443910204e-15
119.7387739  9.027888326e-15  9.280572475e-15
119.9195339  8.919595839e-15  9.169248959e-15
120  8.871859651e-15  9.120176669e-15
120.0804661  8.824410681e-15  9.071399636e-15
120.2612261  8.718858146e-15  8.962892761e-15
120.5220751  8.569033252e-15  8.808874375e-15
120.834721  8.393260081e-15  8.628181439e-15
121.165279  8.211814665e-15  8.441657495e-15
121.4779249  8.044252843e-15  8.269405737e-15
121.7387739  7.907391562e-15  8.128713806e-15
121.9195339  7.814087707e-15  8.032798443e-15
122  7.772952e-15  7.990511377e-15
122.0804661  7.732059752e-15  7.948474585e-15
122.2612261  7.641078401e-15  7.85494673e-15
122.5220751  7.511901481e-15  7.722154241e-15
122.834721  7.360299389e-15  7.566308914e-15
123.165279  7.20374403e-15  7.405371682e-15
123.4779249  7.059111649e-15  7.256691145e-15
123.7387739  6.940938002e-15  7.135209901e-15
123.9195339  6.860352971e-15  7.052369353e-15
124  6.824819187e-15  7.015841004e-15
124.0804661  6.789492326e-15  6.97952537e-15
124.2612261  6.71088125e-15  6.898714025e-15
124.5220751  6.599238702e-15  6.783946682e-15
124.834721  6.468170663e-15  6.649210142e-15
125.165279  6.33276917e-15  6.510018859e-15
125.4779249  6.20763262e-15  6.381379825e-15
125.7387739  6.105354179e-15  6.276238684e-15
125.9195339  6.035590571e-15  6.204522443e-15
126  6.004823826e-15  6.172894558e-15
126.0804661  5.974233408e-15  6.141447936e-15
126.2612261  5.906151886e-15  6.071460861e-15
126.5220751  5.809438827e-15  5.972040872e-15
126.834721  5.695860795e-15  5.855283872e-15
127.165279  5.578484682e-15  5.734622485e-15
127.4779249  5.469967512e-15  5.623067998e-15
127.7387739  5.381244018e-15  5.531861197e-15
127.9195339  5.320711174e-15  5.469634081e-15
128  5.294011423e-15  5.442187023e-15
128.0804661  5.267462307e-15  5.414894816e-15
128.2612261  5.20836645e-15  5.354144909e-15
128.5220751  5.124397382e-15  5.267825606e-15
128.834721  5.025754378e-15  5.166421655e-15
129.165279  4.923776615e-15  5.061589608e-15
129.4779249  4.829462364e-15  4.964635568e-15
129.7387739  4.752327018e-15  4.885341259e-15
129.9195339  4.69968771e-15  4.831228614e-15
130  4.67646634e-15  4.807357295e-15
130.0804661  4.653373971e-15  4.783618586e-15
130.2612261  4.601965268e-15  4.730770991e-15
130.5220751  4.52890149e-15  4.65566221e-15
130.834721  4.44304313e-15  4.567400735e-15
131.165279  4.354251733e-15  4.476124131e-15
131.4779249  4.272104835e-15  4.391678e-15
131.7387739  4.204900225e-15  4.32259238e-15
131.9195339  4.159027247e-15  4.27543545e-15
132  4.138788003e-15  4.254629725e-15
132.0804661  4.118659495e-15  4.233937834e-15
132.2612261  4.073842878e-15  4.187866832e-15
132.5220751  4.010133318e-15  4.122374087e-15
132.834721  3.935244918e-15  4.045389614e-15
133.165279  3.857772436e-15  3.965748732e-15
133.4779249  3.786073662e-15  3.892043161e-15
133.7387739  3.727399422e-15  3.831726671e-15
133.9195339  3.687340115e-15  3.790546132e-15
134  3.669663517e-15  3.77237478e-15
134.0804661  3.652082195e-15  3.754301368e-15
134.2612261  3.612931761e-15  3.714055141e-15
134.5220751  3.557264584e-15  3.65682988e-15
134.834721  3.491810796e-15  3.589544087e-15
135.165279  3.424076593e-15  3.519914052e-15
135.4779249  3.361370173e-15  3.455452525e-15
135.7387739  3.310040109e-15  3.402685768e-15
135.9195339  3.274987287e-15  3.366651843e-15
136  3.259517854e-15  3.350749432e-15
136.0804661  3.244130577e-15  3.334931475e-15
136.2612261  3.209861476e-15  3.299703208e-15
136.5220751  3.161124392e-15  3.249602007e-15
136.834721  3.103802953e-15  3.190676182e-15
137.165279  3.04446582e-15  3.129678245e-15
137.4779249  2.989516013e-15  3.073190432e-15
137.7387739  2.944522859e-15  3.026937952e-15
137.9195339  2.913790914e-15  2.995345842e-15
138  2.900226657e-15  2.981401931e-15
138.0804661  2.886733396e-15  2.967531003e-15
138.2612261  2.856678717e-15  2.936635115e-15
138.5220751  2.813926324e-15  2.892686113e-15
138.834721  2.76362998e-15  2.84098201e-15
139.165279  2.711549115e-15  2.787443439e-15
139.4779249  2.663304422e-15  2.737848411e-15
139.7387739  2.623790803e-15  2.697228834e-15
139.9195339  2.596795997e-15  2.669478463e-15
140  2.584879759e-15  2.657228698e-15
140.0804661  2.573025002e-15  2.645042135e-15
140.2612261  2.546616699e-15  2.617894682e-15
140.5220751  2.509043536e-15  2.579269873e-15
140.834721  2.46482862e-15  2.533817414e-15
141.165279  2.4190314e-15  2.486738362e-15
141.4779249  2.376595005e-15  2.443114202e-15
141.7387739  2.341829428e-15  2.407375562e-15
141.9195339  2.318073605e-15  2.38295483e-15
142  2.307585897e-15  2.372173579e-15
142.0804661  2.297151541e-15  2.361447173e-15
142.2612261  2.273904657e-15  2.337549625e-15
142.5220751  2.240822913e-15  2.303541946e-15
142.834721  2.201883331e-15  2.263512473e-15
143.165279  2.161538626e-15  2.222038549e-15
143.4779249  2.1241439e-15  2.183597172e-15
143.7387739  2.093500863e-15  2.152096458e-15
143.9195339  2.07255794e-15  2.130567357e-15
144  2.063311005e-15  2.121061607e-15
144.0804661  2.054110456e-15  2.111603542e-15
144.2612261  2.033610045e-15  2.090529338e-15
144.5220751  2.004431056e-15  2.06053365e-15
144.834721  1.970076695e-15  2.025217735e-15
145.165279  1.934472709e-15  1.988617219e-15
145.4779249  1.901462868e-15  1.954683456e-15
145.7387739  1.874406321e-15  1.926869616e-15
145.9195339  1.855911065e-15  1.907856691e-15
146  1.847743933e-15  1.899460967e-15
146.0804661  1.839617212e-15  1.891106784e-15
146.2612261  1.821507452e-15  1.872490145e-15
146.5220751  1.795726315e-15  1.845987413e-15
146.834721  1.765365078e-15  1.814776387e-15
147.165279  1.7338909e-15  1.782421268e-15
147.4779249  1.704702054e-15  1.752415448e-15
147.7387739  1.680771628e-15  1.727815226e-15
147.9195339  1.664410296e-15  1.710995952e-15
148  1.657184674e-15  1.703568089e-15
148.0804661  1.649994321e-15  1.696176484e-15
148.2612261  1.633969447e-15  1.679703085e-15
148.5220751  1.611152187e-15  1.656247186e-15
148.834721  1.584274999e-15  1.628617725e-15
149.165279  1.556405204e-15  1.599967874e-15
149.4779249  1.530552209e-15  1.573391272e-15
149.7387739  1.509351708e-15  1.551597385e-15
149.9195339  1.494854229e-15  1.536694132e-15
150  1.488451057e-15  1.530111739e-15
150.0804661  1.482078724e-15  1.52356105e-15
150.2612261  1.467875441e-15  1.508960226e-15
150.5220751  1.447648276e-15  1.488166917e-15
150.834721  1.423816547e-15  1.463668155e-15
151.165279  1.399098312e-15  1.438258075e-15
151.4779249  1.376162925e-15  1.414680743e-15
151.7387739  1.35735069e-15  1.395341967e-15
151.9195339  1.344484119e-15  1.38211527e-15
152  1.33880069e-15  1.376272766e-15
152.0804661  1.333144276e-15  1.370458032e-15
152.2612261  1.320535403e-15  1.357496246e-15
152.5220751  1.302575753e-15  1.339033919e-15
152.834721  1.281410866e-15  1.317276641e-15
153.165279  1.259453163e-15  1.294704358e-15
153.4779249  1.239074104e-15  1.273754904e-15
153.7387739  1.222354925e-15  1.256567767e-15
153.9195339  1.210917943e-15  1.244810672e-15
154  1.205865485e-15  1.239616799e-15
154.0804661  1.20083673e-15  1.234447292e-15
154.2612261  1.189625868e-15  1.222922647e-15
154.5220751  1.173654798e-15  1.206504558e-15
154.834721  1.154829271e-15  1.187152118e-15
155.165279  1.135293781e-15  1.167069844e-15
155.4779249  1.117158373e-15  1.148426839e-15
155.7387739  1.102276686e-15  1.133128624e-15
155.9195339  1.092094974e-15  1.122661932e-15
156  1.087596608e-15  1.118037661e-15
156.0804661  1.083119076e-15  1.113434806e-15
156.2612261  1.073136111e-15  1.103172425e-15
156.5220751  1.058911968e-15  1.088550158e-15
156.834721  1.042142014e-15  1.071310825e-15
157.165279  1.024735471e-15  1.053417085e-15
157.4779249  1.008572594e-15  1.036801821e-15
157.7387739  9.953067424e-16  1.023164668e-15
157.9195339  9.862290777e-16  1.013832926e-15
158  9.822181061e-16  1.00970969e-15
158.0804661  9.782254767e-16  1.005605309e-15
158.2612261  9.693227869e-16  9.964534397e-16
158.5220751  9.566358287e-16  9.834113826e-16
158.834721  9.416750727e-16  9.680318857e-16
159.165279  9.261427967e-16  9.520648724e-16
159.4779249  9.117169346e-16  9.372352408e-16
159.7387739  8.998743214e-16  9.250611613e-16
159.9195339  8.917692819e-16  9.167292675e-16
160  8.881877315e-16  9.13047472e-16
160.0804661  8.846223553e-16  9.093823035e-16
160.2612261  8.766716089e-16  9.012090214e-16
160.5220751  8.653394632e-16  8.89559697e-16
160.834721  8.519736246e-16  8.758197581e-16
161.165279  8.380940499e-16  8.61551704e-16
161.4779249  8.252002517e-16  8.482970176e-16
161.7387739  8.146132314e-16  8.374136742e-16
161.9195339  8.073663991e-16  8.299640082e-16
162  8.041637921e-16  8.266717626e-16
162.0804661  8.0097547e-16  8.233942016e-16
162.2612261  7.938649062e-16  8.160846182e-16
162.5220751  7.837287198e-16  8.056647272e-16
162.834721  7.717711062e-16  7.933724285e-16
163.165279  7.593511393e-16  7.806048356e-16
163.4779249  7.478107417e-16  7.687414305e-16
163.7387739  7.383331363e-16  7.589985537e-16
163.9195339  7.318447254e-16  7.523285368e-16
164  7.289770349e-16  7.493805816e-16
164.0804661  7.261219796e-16  7.464456154e-16
164.2612261  7.197541021e-16  7.398995056e-16
164.5220751  7.106752707e-16  7.305665642e-16
164.834721  6.999629479e-16  7.195544111e-16
165.165279  6.888340229e-16  7.081139954e-16
165.4779249  6.784910148e-16  6.974814939e-16
165.7387739  6.699951491e-16  6.88747835e-16
165.9195339  6.641779889e-16  6.827678566e-16
166  6.616067492e-16  6.801246498e-16
166.0804661  6.590467024e-16  6.774929491e-16
166.2612261  6.53336316e-16  6.71622733e-16
166.5220751  6.451937012e-16  6.632522123e-16
166.834721  6.35584233e-16  6.53373782e-16
167.165279  6.255989514e-16  6.431090194e-16
167.4779249  6.16316877e-16  6.335671464e-16
167.7387739  6.086910534e-16  6.257278814e-16
167.9195339  6.034688678e-16  6.203595306e-16
168  6.011604175e-16  6.179864685e-16
168.0804661  5.988618968e-16  6.156236138e-16
168.2612261  5.937344336e-16  6.103526365e-16
168.5220751  5.864219892e-16  6.028355221e-16
168.834721  5.777906563e-16  5.939626043e-16
169.165279  5.688199205e-16  5.84740784e-16
169.4779249  5.604792355e-16  5.761666492e-16
169.7387739  5.536255771e-16  5.691211617e-16
169.9195339  5.489315165e-16  5.642957178e-16
170  5.46856351e-16  5.621624698e-16
170.0804661  5.447900068e-16  5.600382901e-16
170.2612261  5.401800965e-16  5.552993518e-16
170.5220751  5.336048403e-16  5.485400589e-16
170.834721  5.258422632e-16  5.405602128e-16
171.165279  5.177728255e-16  5.322649173e-16
171.4779249  5.102686365e-16  5.245506913e-16
171.7387739  5.041012425e-16  5.182106764e-16
171.9195339  4.99876627e-16  5.138678169e-16
172  4.980088447e-16  5.119477568e-16
172.0804661  4.961489101e-16  5.100357639e-16
172.2612261  4.919991563e-16  5.057698615e-16
172.5220751  4.860794341e-16  4.996844504e-16
172.834721  4.790895379e-16  4.924989121e-16
173.165279  4.718219014e-16  4.850278596e-16
173.4779249  4.650620285e-16  4.780787826e-16
173.7387739  4.595053936e-16  4.723666216e-16
173.9195339  4.556986356e-16  4.684533151e-16
174  4.540154635e-16  4.667230323e-16
174.0804661  4.523392823e-16  4.649999359e-16
174.2612261  4.48599213e-16  4.611551847e-16
174.5220751  4.432632095e-16  4.556698303e-16
174.834721  4.36961478e-16  4.491917178e-16
175.165279  4.30408095e-16  4.424549103e-16
175.4779249  4.243114095e-16  4.361875829e-16
175.7387739  4.192990663e-16  4.310349478e-16
175.9195339  4.15864746e-16  4.275045033e-16
176  4.143461317e-16  4.259433842e-16
176.0804661  4.128337534e-16  4.243886754e-16
176.2612261  4.094589195e-16  4.209193823e-16
176.5220751  4.046433794e-16  4.159690587e-16
176.834721  3.989553543e-16  4.101218298e-16
177.165279  3.930390778e-16  4.04039961e-16
177.4779249  3.875340726e-16  3.983808746e-16
177.7387739  3.830074242e-16  3.937275286e-16
177.9195339  3.799054936e-16  3.905387772e-16
178  3.785337549e-16  3.891286444e-16
178.0804661  3.771675857e-16  3.877242372e-16
178.2612261  3.741187856e-16  3.845901034e-16
178.5220751  3.697679125e-16  3.801174524e-16
178.834721  3.646279018e-16  3.748335765e-16
179.165279  3.592806523e-16  3.693366612e-16
179.4779249  3.543042103e-16  3.642209322e-16
179.7387739  3.502115246e-16  3.600136951e-16
179.9195339  3.474066219e-16  3.571302853e-16
180  3.46166144e-16  3.558550872e-16
180.0804661  3.449306468e-16  3.545850094e-16
180.2612261  3.421732579e-16  3.517504431e-16
180.5220751  3.382377647e-16  3.477047982e-16
180.834721  3.33587729e-16  3.429246114e-16
181.165279  3.287493439e-16  3.379508033e-16
181.4779249  3.242456756e-16  3.333210805e-16
181.7387739  3.205412172e-16  3.295129371e-16
181.9195339  3.180020752e-16  3.269027262e-16
182  3.1687905e-16  3.257482684e-16
182.0804661  3.157604845e-16  3.245983951e-16
182.2612261  3.132638856e-16  3.220319181e-16
182.5220751  3.097001752e-16  3.18368462e-16
182.834721  3.054887654e-16  3.140391779e-16
183.165279  3.011060055e-16  3.095337476e-16
183.4779249  2.970257305e-16  3.053392687e-16
183.7387739  2.936690106e-16  3.018885966e-16
183.9195339  2.913679443e-16  2.995231251e-16
184  2.903501449e-16  2.984768382e-16
184.0804661  2.893363436e-16  2.974346613e-16
184.2612261  2.870734159e-16  2.951083959e-16
184.5220751  2.83842872e-16  2.917874314e-16
184.834721  2.800245965e-16  2.87862285e-16
185.165279  2.760502857e-16  2.837767362e-16
185.4779249  2.723496383e-16  2.799725103e-16
185.7387739  2.693047646e-16  2.768424127e-16
185.9195339  2.672172287e-16  2.746964481e-16
186  2.662938137e-16  2.737471875e-16
186.0804661  2.653739872e-16  2.728016156e-16
186.2612261  2.633206818e-16  2.706908397e-16
186.5220751  2.603890545e-16  2.676771583e-16
186.834721  2.56923558e-16  2.64114665e-16
187.165279  2.533158382e-16  2.604059676e-16
187.4779249  2.499559776e-16  2.56952067e-16
187.7387739  2.471910909e-16  2.541097931e-16
187.9195339  2.452952952e-16  2.521609354e-16
188  2.444566394e-16  2.512988062e-16
188.0804661  2.43621208e-16  2.504399917e-16
188.2612261  2.417561707e-16  2.485227533e-16
188.5220751  2.390930435e-16  2.457850871e-16
188.834721  2.359444809e-16  2.425483985e-16
189.165279  2.32666164e-16  2.391783239e-16
189.4779249  2.296125764e-16  2.360392685e-16
189.7387739  2.270993615e-16  2.334557106e-16
189.9195339  2.253759368e-16  2.316840484e-16
190  2.246134836e-16  2.309002547e-16
190.0804661  2.238539311e-16  2.301194428e-16
190.2612261  2.221581762e-16  2.28376225e-16
190.5220751  2.197365025e-16  2.258867704e-16
190.834721  2.168729945e-16  2.229431148e-16
191.165279  2.138910006e-16  2.19877657e-16
191.4779249  2.111129781e-16  2.170218796e-16
191.7387739  2.08826238e-16  2.146711353e-16
191.9195339  2.072579457e-16  2.130589477e-16
192  2.065640793e-16  2.123456604e-16
192.0804661  2.058728251e-16  2.116350585e-16
192.2612261  2.043294518e-16  2.100484873e-16
192.5220751  2.02125152e-16  2.077824907e-16
192.834721  1.995183111e-16  2.051026862e-16
193.165279  1.968031777e-16  2.023115581e-16
193.4779249  1.942733655e-16  1.997109383e-16
193.7387739  1.921906504e-16  1.975699295e-16
193.9195339  1.907621296e-16  1.961014254e-16
194  1.901300629e-16  1.954516676e-16
194.0804661  1.895003512e-16  1.948043308e-16
194.2612261  1.880942964e-16  1.933589215e-16
194.5220751  1.860859061e-16  1.912943177e-16
194.834721  1.837104237e-16  1.888523473e-16
195.165279  1.812358787e-16  1.863085416e-16
195.4779249  1.789298795e-16  1.839379991e-16
195.7387739  1.770311633e-16  1.819861392e-16
195.9195339  1.757287095e-16  1.806472306e-16
196  1.75152387e-16  1.800547773e-16
196.0804661  1.7457819e-16  1.794645089e-16
196.2612261  1.732960122e-16  1.781464439e-16
196.5220751  1.714643755e-16  1.76263541e-16
196.834721  1.692976613e-16  1.740361819e-16
197.165279  1.670402498e-16  1.717155871e-16
197.4779249  1.649362782e-16  1.695527268e-16
197.7387739  1.632036759e-16  1.677716303e-16
197.9195339  1.620150484e-16  1.66549734e-16
198  1.614890609e-16  1.660090245e-16
198.0804661  1.609649938e-16  1.654702891e-16
198.2612261  1.597946848e-16  1.64267224e-16
198.5220751  1.581226861e-16  1.625484272e-16
198.834721  1.561445522e-16  1.605149268e-16
199.165279  1.540833102e-16  1.583959921e-16
199.4779249  1.521618908e-16  1.564207935e-16
199.7387739  1.505794113e-16  1.547940215e-16
199.9195339  1.49493664e-16  1.53677885e-16
200  1.490131742e-16  1.531839466e-16
200.0804661  1.485344211e-16  1.526917935e-16
200.2612261  1.474652407e-16  1.515926876e-16
200.5220751  1.459375698e-16  1.500222582e-16
200.834721  1.441299554e-16  1.481640499e-16
201.165279  1.422461238e-16  1.462274913e-16
201.4779249  1.404898266e-16  1.444220365e-16
201.7387739  1.390431557e-16  1.429348743e-16
201.9195339  1.380504894e-16  1.41914424e-16
202  1.376111663e-16  1.414628046e-16
202.0804661  1.371734154e-16  1.410128014e-16
202.2612261  1.36195747e-16  1.400077687e-16
202.5220751  1.347986935e-16  1.385716127e-16
202.834721  1.331454219e-16  1.368720673e-16
203.165279  1.314221963e-16  1.351006097e-16
203.4779249  1.298154044e-16  1.334488449e-16
203.7387739  1.28491715e-16  1.320881064e-16
203.9195339  1.275833475e-16  1.311543143e-16
204  1.271813094e-16  1.307410234e-16
204.0804661  1.267806959e-16  1.303291971e-16
204.2612261  1.25885919e-16  1.29409376e-16
204.5220751  1.246071917e-16  1.28094858e-16
204.834721  1.230937587e-16  1.265390651e-16
205.165279  1.215160687e-16  1.249172167e-16
205.4779249  1.200447747e-16  1.234047423e-16
205.7387739  1.1883256e-16  1.221585985e-16
205.9195339  1.180006117e-16  1.213033646e-16
206  1.176323757e-16  1.20924822e-16
206.0804661  1.17265432e-16  1.205476077e-16
206.2612261  1.164458111e-16  1.197050462e-16
206.5220751  1.15274379e-16  1.185008265e-16
206.834721  1.138877654e-16  1.170754027e-16
207.165279  1.124420819e-16  1.155892555e-16
207.4779249  1.110937085e-16  1.142031421e-16
207.7387739  1.099826348e-16  1.130609702e-16
207.9195339  1.092200291e-16  1.122770197e-16
208  1.088824668e-16  1.119300093e-16
208.0804661  1.085460778e-16  1.11584205e-16
208.2612261  1.077946641e-16  1.108117598e-16
208.5220751  1.067206169e-16  1.097076508e-16
208.834721  1.054491247e-16  1.084005704e-16
209.165279  1.041232891e-16  1.070376256e-16
209.4779249  1.028865313e-16  1.057662518e-16
209.7387739  1.018673088e-16  1.047185021e-16
209.9195339  1.011676831e-16  1.039992943e-16
210  1.008579818e-16  1.036809247e-16
210.0804661  1.005493466e-16  1.033636511e-16
210.2612261  9.985989151e-17  1.026548986e-16
210.5220751  9.887431658e-17  1.016417381e-16
210.834721  9.770742366e-17  1.004421847e-16
211.165279  9.649049792e-17  9.919119807e-17
211.4779249  9.53551839e-17  9.802410742e-17
211.7387739  9.441945308e-17  9.706218617e-17
211.9195339  9.3777081e-17  9.640183455e-17
212  9.349270898e-17  9.610950316e-17
212.0804661  9.320930673e-17  9.581816868e-17
212.2612261  9.257618552e-17  9.516732686e-17
212.5220751  9.167105929e-17  9.42368668e-17
212.834721  9.05992918e-17  9.31351013e-17
213.165279  8.9481426e-17  9.198594723e-17
213.4779249  8.843839442e-17  9.091372195e-17
213.7387739  8.757862487e-17  9.002988805e-17
213.9195339  8.698834773e-17  8.942308948e-17
214  8.672702408e-17  8.915445157e-17
214.0804661  8.646658328e-17  8.888672122e-17
214.2612261  8.588472792e-17  8.828858014e-17
214.5220751  8.505282001e-17  8.743338772e-17
214.834721  8.406763947e-17  8.642063268e-17
215.165279  8.303995477e-17  8.536418382e-17
215.4779249  8.208094618e-17  8.437833327e-17
215.7387739  8.12903479e-17  8.356560671e-17
215.9195339  8.074751368e-17  8.300757894e-17
216  8.05071814e-17  8.276051993e-17
216.0804661  8.026765355e-17  8.251428787e-17
216.2612261  7.9732493e-17  8.196414856e-17
216.5220751  7.896728144e-17  8.117751927e-17
216.834721  7.806098488e-17  8.024585612e-17
217.165279  7.711547003e-17  7.927387698e-17
217.4779249  7.623303087e-17  7.836673898e-17
217.7387739  7.550547558e-17  7.761881994e-17
217.9195339  7.500588512e-17  7.71052463e-17
218  7.478468736e-17  7.687785737e-17
218.0804661  7.456422319e-17  7.665122257e-17
218.2612261  7.407163076e-17  7.614484283e-17
218.5220751  7.336722695e-17  7.542072325e-17
218.834721  7.253285853e-17  7.456300146e-17
219.165279  7.166227818e-17  7.366805419e-17
219.4779249  7.084967577e-17  7.283270761e-17
219.7387739  7.017962714e-17  7.214390481e-17
219.9195339  6.971948654e-17  7.167088519e-17
220  6.951574551e-17  7.14614416e-17
220.0804661  6.931267406e-17  7.125268632e-17
220.2612261  6.88589207e-17  7.078623273e-17
220.5220751  6.821000289e-17  7.011915217e-17
220.834721  6.744127551e-17  6.932890866e-17
221.165279  6.663908899e-17  6.850426952e-17
221.4779249  6.589023614e-17  6.773445681e-17
221.7387739  6.527268797e-17  6.709962391e-17
221.9195339  6.484856623e-17  6.66636313e-17
222  6.466076458e-17  6.647057322e-17
222.0804661  6.447357457e-17  6.62781439e-17
222.2612261  6.405528743e-17  6.58481492e-17
222.5220751  6.345704172e-17  6.523315902e-17
222.834721  6.274826753e-17  6.450454674e-17
223.165279  6.200855667e-17  6.374413191e-17
223.4779249  6.131794476e-17  6.303419026e-17
223.7387739  6.074836608e-17  6.244866948e-17
223.9195339  6.035715762e-17  6.204651137e-17
224  6.018392181e-17  6.186842681e-17
224.0804661  6.001124516e-17  6.169091707e-17
224.2612261  5.962537079e-17  6.129424236e-17
224.5220751  5.907343874e-17  6.072686212e-17
224.834721  5.841946732e-17  6.005458651e-17
225.165279  5.773687243e-17  5.935288627e-17
225.4779249  5.709951193e-17  5.869768651e-17
225.7387739  5.65737982e-17  5.815725843e-17
225.9195339  5.621268944e-17  5.778604248e-17
226  5.6052775e-17  5.762165216e-17
226.0804661  5.589337217e-17  5.745778776e-17
226.2612261  5.553714382e-17  5.709158882e-17
226.5220751  5.50275758e-17  5.656775836e-17
226.834721  5.442373929e-17  5.59470209e-17
227.165279  5.379340212e-17  5.529904104e-17
227.4779249  5.320476968e-17  5.46939332e-17
227.7387739  5.271919941e-17  5.419477216e-17
227.9195339  5.238563907e-17  5.385187571e-17
228  5.223791751e-17  5.370001953e-17
228.0804661  5.209066441e-17  5.354864492e-17
228.2612261  5.176157288e-17  5.321034235e-17
228.5220751  5.129078663e-17  5.272637913e-17
228.834721  5.07328508e-17  5.215282707e-17
229.165279  5.01503638e-17  5.155403668e-17
229.4779249  4.960635515e-17  5.099480162e-17
229.7387739  4.91575512e-17  5.053343597e-17
229.9195339  4.884922389e-17  5.021647879e-17
230  4.871267097e-17  5.007610386e-17
230.0804661  4.857654734e-17  4.993617022e-17
230.2612261  4.82723151e-17  4.962342274e-17
230.5220751  4.783705875e-17  4.917598387e-17
230.834721  4.732117941e-17  4.864566544e-17
231.165279  4.678254054e-17  4.809195045e-17
231.4779249  4.627942846e-17  4.757475663e-17
231.7387739  4.586432361e-17  4.714803328e-17
231.9195339  4.557912619e-17  4.685485339e-17
232  4.545281153e-17  4.672500327e-17
232.0804661  4.532689055e-17  4.659555786e-17
232.2612261  4.504544857e-17  4.630623851e-17
232.5220751  4.464276768e-17  4.589228687e-17
232.834721  4.416545185e-17  4.540161131e-17
233.165279  4.366702415e-17  4.488923298e-17
233.4779249  4.320142105e-17  4.441059798e-17
233.7387739  4.281722717e-17  4.40156508e-17
233.9195339  4.255324773e-17  4.374428276e-17
234  4.24363255e-17  4.362408796e-17
234.0804661  4.231976457e-17  4.350426457e-17
234.2612261  4.205923165e-17  4.323643952e-17
234.5220751  4.168643978e-17  4.285321347e-17
234.834721  4.124451095e-17  4.239891536e-17
235.165279  4.078298657e-17  4.192447325e-17
235.4779249  4.035181096e-17  4.148122934e-17
235.7387739  3.999599161e-17  4.111545086e-17
235.9195339  3.975149064e-17  4.086410649e-17
236  3.964319123e-17  4.075277586e-17
236.0804661  3.953522365e-17  4.064178633e-17
236.2612261  3.929388802e-17  4.039369589e-17
236.5220751  3.894854042e-17  4.003868226e-17
236.834721  3.853910752e-17  3.961778963e-17
237.165279  3.811147549e-17  3.917818848e-17
237.4779249  3.771192205e-17  3.876745183e-17
237.7387739  3.738216785e-17  3.842846804e-17
237.9195339  3.715556145e-17  3.819551908e-17
238  3.705518406e-17  3.80923322e-17
238.0804661  3.695511163e-17  3.798945883e-17
238.2612261  3.673141441e-17  3.775950048e-17
238.5220751  3.641128451e-17  3.743041037e-17
238.834721  3.603171419e-17  3.704021614e-17
239.165279  3.563523154e-17  3.663263623e-17
239.4779249  3.526474438e-17  3.62517794e-17
239.7387739  3.495895102e-17  3.59374271e-17
239.9195339  3.474879579e-17  3.572138978e-17
240  3.465570176e-17  3.562569011e-17
240.0804661  3.456288822e-17  3.553027879e-17
240.2612261  3.435540863e-17  3.531699199e-17
240.5220751  3.405846695e-17  3.501173913e-17
240.834721  3.370635868e-17  3.46497756e-17
241.165279  3.333852469e-17  3.42716462e-17
241.4779249  3.299477333e-17  3.391827349e-17
241.7387739  3.271102187e-17  3.362658002e-17
241.9195339  3.251600147e-17  3.342610114e-17
242  3.242960832e-17  3.333728991e-17
242.0804661  3.234347332e-17  3.324874405e-17
242.2612261  3.215091547e-17  3.305079665e-17
242.5220751  3.187531076e-17  3.276747796e-17
242.834721  3.154847459e-17  3.243149388e-17
243.165279  3.12070076e-17  3.208046947e-17
243.4779249  3.088786545e-17  3.175239475e-17
243.7387739  3.062440465e-17  3.148155988e-17
243.9195339  3.044331766e-17  3.129540439e-17
244  3.036309375e-17  3.121293507e-17
244.0804661  3.028310759e-17  3.113071016e-17
244.2612261  3.010428859e-17  3.094688614e-17
244.5220751  2.984833087e-17  3.068376434e-17
244.834721  2.954476742e-17  3.037170437e-17
245.165279  2.922758407e-17  3.004564328e-17
245.4779249  2.893110912e-17  2.974087021e-17
245.7387739  2.868633959e-17  2.948924975e-17
245.9195339  2.851808866e-17  2.931628961e-17
246  2.844354838e-17  2.923966299e-17
246.0804661  2.836922721e-17  2.916326163e-17
246.2612261  2.820306649e-17  2.899245019e-17
246.5220751  2.796521187e-17  2.874793818e-17
246.834721  2.768309437e-17  2.845792442e-17
247.165279  2.738829095e-17  2.815486966e-17
247.4779249  2.711270845e-17  2.787157381e-17
247.7387739  2.688516838e-17  2.763766505e-17
247.9195339  2.672875051e-17  2.747686915e-17
248  2.665944995e-17  2.740562892e-17
248.0804661  2.659035147e-17  2.733459642e-17
248.2612261  2.643586122e-17  2.71757821e-17
248.5220751  2.62146982e-17  2.694842889e-17
248.834721  2.595235639e-17  2.667874432e-17
249.165279  2.567819208e-17  2.639690634e-17
249.4779249  2.542187894e-17  2.613341918e-17
249.7387739  2.521023129e-17  2.591584766e-17
249.9195339  2.506472899e-17  2.576627286e-17
250  2.50002621e-17  2.570000159e-17
250.0804661  2.493598169e-17  2.563392202e-17
250.2612261  2.479225824e-17  2.548617585e-17
250.5220751  2.458649546e-17  2.527465391e-17
250.834721  2.434240106e-17  2.502372748e-17
251.165279  2.408728282e-17  2.476146867e-17
251.4779249  2.384875357e-17  2.451626316e-17
251.7387739  2.365177455e-17  2.431377084e-17
251.9195339  2.3516348e-17  2.417455379e-17
252  2.345634307e-17  2.411286937e-17
252.0804661  2.339651034e-17  2.405136196e-17
252.2612261  2.326272639e-17  2.391383349e-17
252.5220751  2.307118151e-17  2.371692741e-17
252.834721  2.284393515e-17  2.348332059e-17
253.165279  2.260640416e-17  2.323914128e-17
253.4779249  2.238429835e-17  2.301081888e-17
253.7387739  2.220086705e-17  2.282225347e-17
253.9195339  2.207474693e-17  2.269260334e-17
254  2.201886345e-17  2.263515572e-17
254.0804661  2.196313908e-17  2.257787167e-17
254.2612261  2.183853672e-17  2.244978178e-17
254.5220751  2.166012652e-17  2.2266378e-17
254.834721  2.144844597e-17  2.204877266e-17
255.165279  2.12271654e-17  2.18212986e-17
255.4779249  2.102023615e-17  2.160857755e-17
255.7387739  2.084932514e-17  2.143288287e-17
255.9195339  2.073180629e-17  2.131207475e-17
256  2.067973212e-17  2.125854306e-17
256.0804661  2.062780506e-17  2.120516259e-17
256.2612261  2.051168947e-17  2.108579701e-17
256.5220751  2.034542079e-17  2.091487459e-17
256.834721  2.014813036e-17  2.071206215e-17
257.165279  1.994187428e-17  2.05000331e-17
257.4779249  1.974897808e-17  2.030173788e-17
257.7387739  1.958964502e-17  2.013794519e-17
257.9195339  1.948008057e-17  2.002531412e-17
258  1.943152938e-17  1.997540401e-17
258.0804661  1.938311428e-17  1.992563381e-17
258.2612261  1.927484803e-17  1.981433727e-17
258.5220751  1.911980972e-17  1.965495955e-17
258.834721  1.893583066e-17  1.946583104e-17
259.165279  1.874347412e-17  1.926809058e-17
259.4779249  1.856356152e-17  1.908314235e-17
259.7387739  1.841494147e-17  1.893036253e-17
259.9195339  1.83127377e-17  1.882529815e-17
260  1.826744664e-17  1.877873943e-17
260.0804661  1.822228156e-17  1.873231022e-17
260.2612261  1.812127952e-17  1.862848119e-17
260.5220751  1.797663506e-17  1.847978824e-17
260.834721  1.780497691e-17  1.83033255e-17
261.165279  1.762548692e-17  1.811881172e-17
261.4779249  1.745759414e-17  1.794621974e-17
261.7387739  1.731889274e-17  1.780363618e-17
261.9195339  1.722350428e-17  1.770557787e-17
262  1.718123194e-17  1.766212236e-17
262.0804661  1.713907628e-17  1.761878679e-17
262.2612261  1.704480091e-17  1.752187271e-17
262.5220751  1.690978182e-17  1.738307454e-17
262.834721  1.674953458e-17  1.72183421e-17
263.165279  1.658196198e-17  1.704607926e-17
263.4779249  1.642520337e-17  1.688493309e-17
263.7387739  1.629569055e-17  1.675179529e-17
263.9195339  1.620661618e-17  1.666022779e-17
264  1.616714064e-17  1.661964736e-17
264.0804661  1.612777324e-17  1.65791781e-17
264.2612261  1.603973044e-17  1.648867105e-17
264.5220751  1.591363029e-17  1.635904144e-17
264.834721  1.576395735e-17  1.620517927e-17
265.165279  1.560742942e-17  1.604427023e-17
265.4779249  1.546099059e-17  1.589373268e-17
265.7387739  1.533999495e-17  1.576935046e-17
265.9195339  1.525677369e-17  1.568379989e-17
266  1.521989086e-17  1.564588474e-17
266.0804661  1.518310831e-17  1.560807268e-17
266.2612261  1.510084363e-17  1.552350546e-17
266.5220751  1.498301258e-17  1.540237641e-17
266.834721  1.484314432e-17  1.525859333e-17
267.165279  1.469685813e-17  1.51082127e-17
267.4779249  1.455998972e-17  1.496751344e-17
267.7387739  1.444689346e-17  1.485125169e-17
267.9195339  1.436910106e-17  1.477128194e-17
268  1.433462312e-17  1.473583898e-17
268.0804661  1.430023821e-17  1.470049167e-17
268.2612261  1.422333336e-17  1.462143431e-17
268.5220751  1.41131733e-17  1.450819094e-17
268.834721  1.398240125e-17  1.437375868e-17
269.165279  1.384561762e-17  1.423314657e-17
269.4779249  1.37176297e-17  1.410157636e-17
269.7387739  1.361186393e-17  1.399285028e-17
269.9195339  1.353910975e-17  1.391805977e-17
270  1.350686372e-17  1.388491119e-17
270.0804661  1.347470406e-17  1.385185141e-17
270.2612261  1.340277383e-17  1.377790791e-17
270.5220751  1.329973388e-17  1.367198393e-17
270.834721  1.317740548e-17  1.354623165e-17
271.165279  1.304944349e-17  1.34146881e-17
271.4779249  1.292970045e-17  1.329159353e-17
271.7387739  1.283074103e-17  1.318986432e-17
271.9195339  1.276266512e-17  1.311988301e-17
272  1.273249162e-17  1.308886497e-17
272.0804661  1.270239835e-17  1.305792941e-17
272.2612261  1.263508776e-17  1.298873485e-17
272.5220751  1.253866024e-17  1.288960839e-17
272.834721  1.242417407e-17  1.277191783e-17
273.165279  1.230440608e-17  1.264879763e-17
273.4779249  1.219232199e-17  1.253357638e-17
273.7387739  1.209968573e-17  1.243834729e-17
273.9195339  1.203595621e-17  1.237283403e-17
274  1.200770829e-17  1.234379547e-17
274.0804661  1.197953492e-17  1.231483355e-17
274.2612261  1.191651668e-17  1.225005147e-17
274.5220751  1.182623344e-17  1.215724128e-17
274.834721  1.171903486e-17  1.204704228e-17
275.165279  1.160688202e-17  1.193175036e-17
275.4779249  1.150191642e-17  1.182384685e-17
275.7387739  1.141515757e-17  1.173465968e-17
275.9195339  1.13554683e-17  1.167329975e-17
276  1.132901038e-17  1.164610129e-17
276.0804661  1.130262179e-17  1.16189741e-17
276.2612261  1.12435939e-17  1.155829406e-17
276.5220751  1.115902302e-17  1.147135611e-17
276.834721  1.105860023e-17  1.136812255e-17
277.165279  1.095352833e-17  1.126010977e-17
277.4779249  1.085518243e-17  1.115901124e-17
277.7387739  1.077388958e-17  1.107544306e-17
277.9195339  1.071795796e-17  1.101794595e-17
278  1.069316489e-17  1.099245894e-17
278.0804661  1.066843633e-17  1.096703825e-17
278.2612261  1.061312002e-17  1.091017367e-17
278.5220751  1.053386272e-17  1.082869802e-17
278.834721  1.043974319e-17  1.073194415e-17
279.165279  1.034125897e-17  1.063070343e-17
279.4779249  1.024907216e-17  1.053593637e-17
279.7387739  1.017286533e-17  1.045759657e-17
279.9195339  1.012043035e-17  1.040369398e-17
280  1.009718656e-17  1.03797996e-17
280.0804661  1.00740028e-17  1.035596695e-17
280.2612261  1.002214056e-17  1.030265312e-17
280.5220751  9.947828493e-18  1.022626111e-17
280.834721  9.859575671e-18  1.013553816e-17
281.165279  9.767223406e-18  1.004060102e-17
281.4779249  9.680770069e-18  9.951727912e-18
281.7387739  9.609298172e-18  9.878255568e-18
281.9195339  9.560118631e-18  9.827699527e-18
282  9.538317282e-18  9.805287973e-18
282.0804661  9.516571848e-18  9.7829339e-18
282.2612261  9.4679257e-18  9.732926181e-18
282.5220751  9.398218381e-18  9.661267805e-18
282.834721  9.315428763e-18  9.576160963e-18
283.165279  9.228787159e-18  9.487094323e-18
283.4779249  9.147673822e-18  9.403710682e-18
283.7387739  9.080612221e-18  9.334772074e-18
283.9195339  9.034465091e-18  9.287333319e-18
284  9.014007412e-18  9.266303045e-18
284.0804661  8.993601833e-18  9.245326328e-18
284.2612261  8.947951702e-18  9.198398483e-18
284.5220751  8.882534277e-18  9.13115007e-18
284.834721  8.804834669e-18  9.051275706e-18
285.165279  8.723514058e-18  8.967678989e-18
285.4779249  8.647376744e-18  8.889410645e-18
285.7387739  8.584425123e-18  8.824697054e-18
285.9195339  8.541104071e-18  8.780163476e-18
286  8.521898676e-18  8.760420536e-18
286.0804661  8.50274185e-18  8.740727524e-18
286.2612261  8.459884115e-18  8.696670232e-18
286.5220751  8.398465244e-18  8.63353229e-18
286.834721  8.325510304e-18  8.558535394e-18
287.165279  8.249150067e-18  8.480037889e-18
287.4779249  8.177651901e-18  8.40653854e-18
287.7387739  8.118532288e-18  8.345764211e-18
287.9195339  8.077846319e-18  8.30393947e-18
288  8.059808611e-18  8.285396901e-18
288.0804661  8.041816204e-18  8.266900899e-18
288.2612261  8.001562364e-18  8.225520382e-18
288.5220751  7.943872324e-18  8.166215639e-18
288.834721  7.875342311e-18  8.09576752e-18
289.165279  7.803608529e-18  8.022025961e-18
289.4779249  7.736437557e-18  7.952974921e-18
289.7387739  7.680892519e-18  7.895875217e-18
289.9195339  7.64266474e-18  7.85657747e-18
290  7.625716368e-18  7.839154725e-18
290.0804661  7.608810268e-18  7.821775435e-18
290.2612261  7.570985724e-18  7.782892209e-18
290.5220751  7.516774671e-18  7.727163828e-18
290.834721  7.452373384e-18  7.660959995e-18
291.165279  7.384956701e-18  7.591656367e-18
291.4779249  7.321823886e-18  7.52675651e-18
291.7387739  7.269614888e-18  7.473086219e-18
291.9195339  7.233681381e-18  7.436146959e-18
292  7.217749738e-18  7.419769401e-18
292.0804661  7.201857558e-18  7.40343241e-18
292.2612261  7.166300504e-18  7.366880139e-18
292.5220751  7.115336887e-18  7.314490086e-18
292.834721  7.05478979e-18  7.25224832e-18
293.165279  6.991403451e-18  7.187087843e-18
293.4779249  6.932040853e-18  7.126063728e-18
293.7387739  6.882946751e-18  7.075595517e-18
293.9195339  6.849155543e-18  7.040858518e-18
294  6.834173309e-18  7.025456941e-18
294.0804661  6.819227933e-18  7.010093255e-18
294.2612261  6.785788339e-18  6.97571771e-18
294.5220751  6.737857444e-18  6.926445264e-18
294.834721  6.680909951e-18  6.867903851e-18
295.165279  6.621288014e-18  6.806613138e-18
295.4779249  6.565447119e-18  6.749209297e-18
295.7387739  6.519262788e-18  6.7017323e-18
295.9195339  6.487472906e-18  6.669052641e-18
296  6.473377631e-18  6.654562849e-18
296.0804661  6.459316799e-18  6.640108465e-18
296.2612261  6.427855482e-18  6.607766568e-18
296.5220751  6.38275811e-18  6.561406953e-18
296.834721  6.329174007e-18  6.50632307e-18
297.165279  6.273069707e-18  6.44864845e-18
297.4779249  6.220519902e-18  6.394627813e-18
297.7387739  6.17705498e-18  6.349946339e-18
297.9195339  6.147135587e-18  6.319189523e-18
298  6.133869311e-18  6.305551934e-18
298.0804661  6.120635236e-18  6.291947447e-18
298.2612261  6.09102301e-18  6.261506396e-18
298.5220751  6.048574261e-18  6.217869536e-18
298.834721  5.998134276e-18  6.166017772e-18
299.165279  5.945318523e-18  6.111723744e-18
299.4779249  5.895845698e-18  6.06086621e-18
299.7387739  5.854923431e-18  6.018798558e-18
299.9195339  5.826753038e-18  5.989839696e-18
300  5.814261941e-18  5.976998982e-18
300.0804661  5.801800961e-18  5.964189228e-18
300.2612261  5.773917861e-18  5.9355257e-18
300.5220751  5.733946018e-18  5.894435074e-18
300.834721  5.686446501e-18  5.845606079e-18
301.165279  5.636706512e-18  5.794473904e-18
301.4779249  5.590111779e-18  5.746575017e-18
301.7387739  5.55156797e-18  5.706952394e-18
301.9195339  5.525033711e-18  5.679675461e-18
302  5.513267791e-18  5.66758022e-18
302.0804661  5.501530051e-18  5.65551395e-18
302.2612261  5.475264617e-18  5.628513364e-18
302.5220751  5.437610132e-18  5.589804958e-18
302.834721  5.392861849e-18  5.543804202e-18
303.165279  5.345999887e-18  5.495630608e-18
303.4779249  5.302098409e-18  5.450500358e-18
303.7387739  5.265780448e-18  5.413165883e-18
303.9195339  5.240777418e-18  5.387463037e-18
304  5.229690197e-18  5.376065492e-18
304.0804661  5.218629357e-18  5.364695067e-18
304.2612261  5.19387798e-18  5.339250917e-18
304.5220751  5.158392537e-18  5.302772262e-18
304.834721  5.116219563e-18  5.259418897e-18
305.165279  5.072051787e-18  5.214014895e-18
305.4779249  5.0306717e-18  5.171476609e-18
305.7387739  4.996437679e-18  5.136284403e-18
305.9195339  4.972868326e-18  5.11205536e-18
306  4.962416582e-18  5.10131108e-18
306.0804661  4.951989545e-18  5.090592197e-18
306.2612261  4.928655872e-18  5.066605431e-18
306.5220751  4.895201529e-18  5.032214725e-18
306.834721  4.855440236e-18  4.991340542e-18
307.165279  4.813795637e-18  4.94853034e-18
307.4779249  4.774777064e-18  4.908419666e-18
307.7387739  4.742494966e-18  4.875234015e-18
307.9195339  4.720268528e-18  4.852385474e-18
308  4.710412049e-18  4.842253119e-18
308.0804661  4.700578718e-18  4.832144561e-18
308.2612261  4.678573096e-18  4.809523017e-18
308.5220751  4.647021501e-18  4.777088315e-18
308.834721  4.609519623e-18  4.738536787e-18
309.165279  4.570239058e-18  4.698156786e-18
309.4779249  4.533433204e-18  4.660320764e-18
309.7387739  4.502980152e-18  4.629015352e-18
309.9195339  4.482012148e-18  4.607460469e-18
310  4.472713503e-18  4.597901561e-18
310.0804661  4.463436554e-18  4.588364957e-18
310.2612261  4.442675527e-18  4.567022843e-18
310.5220751  4.412907193e-18  4.536421315e-18
310.834721  4.377522974e-18  4.500046717e-18
311.165279  4.340458271e-18  4.4619446e-18
311.4779249  4.305726589e-18  4.426240803e-18
311.7387739  4.27698816e-18  4.396698006e-18
311.9195339  4.257199921e-18  4.376355907e-18
312  4.24842425e-18  4.367334611e-18
312.0804661  4.239668924e-18  4.358334231e-18
312.2612261  4.22007477e-18  4.33819165e-18
312.5220751  4.191978412e-18  4.309308895e-18
312.834721  4.158579816e-18  4.274975496e-18
313.165279  4.123592957e-18  4.23900938e-18
313.4779249  4.090806381e-18  4.205305131e-18
313.7387739  4.063675979e-18  4.177415368e-18
313.9195339  4.044994209e-18  4.158210709e-18
314  4.036709034e-18  4.149693639e-18
314.0804661  4.028442947e-18  4.141196189e-18
314.2612261  4.009943248e-18  4.122178697e-18
314.5220751  3.983415173e-18  4.09490812e-18
314.834721  3.951879165e-18  4.062489441e-18
315.165279  3.918841527e-18  4.028527103e-18
315.4779249  3.887879772e-18  3.996698751e-18
315.7387739  3.862258044e-18  3.97035989e-18
315.9195339  3.844614427e-18  3.95222244e-18
316  3.836789477e-18  3.944178475e-18
316.0804661  3.828982439e-18  3.936152924e-18
316.2612261  3.811509692e-18  3.918191127e-18
316.5220751  3.786453237e-18  3.89243336e-18
316.834721  3.756665115e-18  3.86181149e-18
317.165279  3.725456781e-18  3.829729656e-18
317.4779249  3.696207693e-18  3.799661908e-18
317.7387739  3.672001998e-18  3.774778713e-18
317.9195339  3.655332828e-18  3.757642984e-18
318  3.647939872e-18  3.750043105e-18
318.0804661  3.640563733e-18  3.742460513e-18
318.2612261  3.624054986e-18  3.725489697e-18
318.5220751  3.600380001e-18  3.701152067e-18
318.834721  3.572232786e-18  3.672217032e-18
319.165279  3.542741903e-18  3.641900719e-18
319.4779249  3.515100865e-18  3.613486028e-18
319.7387739  3.49222478e-18  3.589969659e-18
319.9195339  3.476470624e-18  3.573774555e-18
320  3.469483326e-18  3.566591688e-18
320.0804661  3.462511823e-18  3.559425057e-18
320.2612261  3.446908341e-18  3.543384845e-18
320.5220751  3.424530714e-18  3.520380884e-18
320.834721  3.397924586e-18  3.493030069e-18
321.165279  3.370046779e-18  3.464371982e-18
321.4779249  3.343916158e-18  3.437509985e-18
321.7387739  3.322289029e-18  3.415277527e-18
321.9195339  3.307394419e-18  3.399966028e-18
322  3.300788197e-18  3.393174902e-18
322.0804661  3.294196816e-18  3.386399033e-18
322.2612261  3.279443779e-18  3.371233069e-18
322.5220751  3.258284997e-18  3.349482068e-18
322.834721  3.233126773e-18  3.323619684e-18
323.165279  3.206764602e-18  3.296519654e-18
323.4779249  3.182053249e-18  3.271116648e-18
323.7387739  3.161599768e-18  3.250090688e-18
323.9195339  3.147512912e-18  3.235609552e-18
324  3.141264813e-18  3.229186573e-18
324.0804661  3.135030664e-18  3.222777934e-18
324.2612261  3.12107688e-18  3.208433594e-18
324.5220751  3.101063627e-18  3.187860184e-18
324.834721  3.077266285e-18  3.163396772e-18
325.165279  3.052328745e-18  3.137761248e-18
325.4779249  3.028951525e-18  3.113729716e-18
325.7387739  3.009601349e-18  3.093837943e-18
325.9195339  2.996273868e-18  3.080137434e-18
326  2.99036245e-18  3.074060561e-18
326.0804661  2.98446415e-18  3.067997171e-18
326.2612261  2.971261799e-18  3.054425295e-18
326.5220751  2.952325577e-18  3.034959062e-18
326.834721  2.929807815e-18  3.011811044e-18
327.165279  2.906209876e-18  2.987552616e-18
327.4779249  2.884087236e-18  2.964810779e-18
327.7387739  2.865774635e-18  2.945985621e-18
327.9195339  2.853161316e-18  2.933019264e-18
328  2.847566542e-18  2.927267897e-18
328.0804661  2.841984108e-18  2.921529214e-18
328.2612261  2.829488495e-18  2.908683858e-18
328.5220751  2.811565288e-18  2.890258993e-18
328.834721  2.790251114e-18  2.868348251e-18
329.165279  2.767913296e-18  2.845385213e-18
329.4779249  2.746970871e-18  2.823856624e-18
329.7387739  2.729634394e-18  2.806034912e-18
329.9195339  2.717692969e-18  2.793759255e-18
330  2.712396106e-18  2.788314137e-18
330.0804661  2.707110854e-18  2.782880955e-18
330.2612261  2.695280193e-18  2.770719161e-18
330.5220751  2.678310144e-18  2.753274133e-18
330.834721  2.658128501e-18  2.73252762e-18
331.165279  2.63697648e-18  2.71078357e-18
331.4779249  2.617144725e-18  2.690396737e-18
331.7387739  2.600726903e-18  2.673519392e-18
331.9195339  2.589417838e-18  2.661893795e-18
332  2.584401364e-18  2.656736913e-18
332.0804661  2.579395821e-18  2.651591268e-18
332.2612261  2.568191025e-18  2.640072859e-18
332.5220751  2.552118146e-18  2.62355011e-18
332.834721  2.533002564e-18  2.603899498e-18
333.165279  2.512966811e-18  2.583302958e-18
333.4779249  2.494180661e-18  2.563990997e-18
333.7387739  2.478627723e-18  2.548002743e-18
333.9195339  2.467914031e-18  2.536989182e-18
334  2.463161551e-18  2.532103684e-18
334.0804661  2.458419364e-18  2.527228767e-18
334.2612261  2.447803863e-18  2.516316146e-18
334.5220751  2.43257576e-18  2.500661819e-18
334.834721  2.414464036e-18  2.482043161e-18
335.165279  2.395479478e-18  2.462527238e-18
335.4779249  2.377678039e-18  2.44422755e-18
335.7387739  2.362939656e-18  2.429076651e-18
335.9195339  2.352786713e-18  2.418639533e-18
336  2.348282881e-18  2.414009642e-18
336.0804661  2.343788746e-18  2.40938972e-18
336.2612261  2.333728303e-18  2.399047692e-18
336.5220751  2.319295929e-18  2.384211367e-18
336.834721  2.30212983e-18  2.366564801e-18
337.165279  2.284135543e-18  2.348066867e-18
337.4779249  2.267261798e-18  2.330720837e-18
337.7387739  2.253290845e-18  2.316358847e-18
337.9195339  2.24366623e-18  2.306464846e-18
338  2.239396675e-18  2.302075789e-18
338.0804661  2.235136258e-18  2.297696126e-18
338.2612261  2.225598813e-18  2.287891735e-18
338.5220751  2.211916237e-18  2.273826193e-18
338.834721  2.195641222e-18  2.257095652e-18
339.165279  2.178580145e-18  2.239557048e-18
339.4779249  2.162580686e-18  2.223109776e-18
339.7387739  2.14933302e-18  2.209491317e-18
339.9195339  2.140206361e-18  2.200109209e-18
340  2.136157621e-18  2.195947148e-18
340.0804661  2.132117495e-18  2.191793942e-18
340.2612261  2.123073013e-18  2.182496311e-18
340.5220751  2.110097202e-18  2.169157316e-18
340.834721  2.094662172e-18  2.15329027e-18
341.165279  2.078480839e-18  2.136656033e-18
341.4779249  2.063305623e-18  2.121056074e-18
341.7387739  2.050739876e-18  2.108138621e-18
341.9195339  2.042082713e-18  2.09923915e-18
342  2.038242171e-18  2.095291114e-18
342.0804661  2.034409753e-18  2.091351429e-18
342.2612261  2.025830085e-18  2.082531623e-18
342.5220751  2.013520707e-18  2.069877714e-18
342.834721  1.998877767e-18  2.054824928e-18
343.165279  1.983526062e-18  2.03904354e-18
343.4779249  1.969128178e-18  2.02424267e-18
343.7387739  1.957205571e-18  2.011986358e-18
343.9195339  1.948991221e-18  2.003542094e-18
344  1.94534705e-18  1.999795925e-18
344.0804661  1.941710542e-18  1.996057634e-18
344.2612261  1.933569298e-18  1.987688522e-18
344.5220751  1.921888539e-18  1.975680827e-18
344.834721  1.907992781e-18  1.961396137e-18
345.165279  1.893423711e-18  1.946419289e-18
345.4779249  1.879759169e-18  1.932372286e-18
345.7387739  1.868443335e-18  1.92073973e-18
345.9195339  1.860646774e-18  1.912724949e-18
346  1.85718788e-18  1.909169243e-18
346.0804661  1.853736218e-18  1.905620972e-18
346.2612261  1.846008646e-18  1.89767711e-18
346.5220751  1.834921038e-18  1.886279168e-18
346.834721  1.82173034e-18  1.872719272e-18
347.165279  1.807899824e-18  1.85850165e-18
347.4779249  1.794927355e-18  1.845166091e-18
347.7387739  1.784184177e-18  1.834122219e-18
347.9195339  1.776781929e-18  1.826512786e-18
348  1.773497904e-18  1.823136845e-18
348.0804661  1.770220707e-18  1.819767921e-18
348.2612261  1.762883583e-18  1.812225436e-18
348.5220751  1.752355849e-18  1.801403038e-18
348.834721  1.739830685e-18  1.788527304e-18
349.165279  1.726697357e-18  1.775026383e-18
349.4779249  1.714378234e-18  1.762362456e-18
349.7387739  1.704175691e-18  1.751874352e-18
349.9195339  1.697145721e-18  1.744647618e-18
350  1.694026799e-18  1.7414414e-18
350.0804661  1.690914323e-18  1.738241808e-18
350.2612261  1.68394585e-18  1.731078293e-18
350.5220751  1.673946753e-18  1.720799327e-18
350.834721  1.662050021e-18  1.708569615e-18
351.165279  1.649575049e-18  1.695745478e-18
351.4779249  1.637872915e-18  1.683715809e-18
351.7387739  1.628180948e-18  1.67375257e-18
351.9195339  1.621502569e-18  1.666887268e-18
352  1.618539577e-18  1.663841344e-18
352.0804661  1.615582675e-18  1.660801681e-18
352.2612261  1.608962387e-18  1.653996096e-18
352.5220751  1.599462596e-18  1.644230412e-18
352.834721  1.588159458e-18  1.632610908e-18
353.165279  1.576306377e-18  1.620426067e-18
353.4779249  1.565187087e-18  1.608995557e-18
353.7387739  1.555977463e-18  1.599528161e-18
353.9195339  1.549631245e-18  1.593004317e-18
354  1.54681557e-18  1.590109834e-18
354.0804661  1.54400565e-18  1.587221265e-18
354.2612261  1.537714323e-18  1.58075385e-18
354.5220751  1.528686289e-18  1.571473127e-18
354.834721  1.517944018e-18  1.560430188e-18
355.165279  1.506678571e-18  1.548849429e-18
355.4779249  1.49611005e-18  1.537985102e-18
355.7387739  1.487356242e-18  1.528986282e-18
355.9195339  1.481323931e-18  1.522785131e-18
356  1.47864748e-18  1.520033767e-18
356.0804661  1.475976467e-18  1.517287995e-18
356.2612261  1.469996041e-18  1.511140181e-18
356.5220751  1.461413876e-18  1.502317807e-18
356.834721  1.45120172e-18  1.49181982e-18
357.165279  1.440491716e-18  1.48081005e-18
357.4779249  1.430443816e-18  1.470480918e-18
357.7387739  1.422120897e-18  1.461925046e-18
357.9195339  1.416385335e-18  1.45602895e-18
358  1.4138405e-18  1.453412886e-18
358.0804661  1.411300808e-18  1.45080211e-18
358.2612261  1.405614303e-18  1.444956444e-18
358.5220751  1.397453676e-18  1.436567406e-18
358.834721  1.387742725e-18  1.426584654e-18
359.165279  1.377557902e-18  1.416114764e-18
359.4779249  1.368002284e-18  1.406291691e-18
359.7387739  1.360086815e-18  1.398154674e-18
359.9195339  1.354631871e-18  1.39254705e-18
360  1.3522115e-18  1.390058934e-18
360.0804661  1.349795993e-18  1.387575819e-18
360.2612261  1.344387448e-18  1.382015893e-18
360.5220751  1.336625477e-18  1.37403667e-18
360.834721  1.32738855e-18  1.364541207e-18
361.165279  1.317700447e-18  1.354581942e-18
361.4779249  1.308610458e-18  1.34523753e-18
361.7387739  1.301080398e-18  1.337496709e-18
361.9195339  1.295890898e-18  1.33216196e-18
362  1.293588264e-18  1.329794877e-18
362.0804661  1.291290232e-18  1.327432524e-18
362.2612261  1.286144632e-18  1.322142902e-18
362.5220751  1.278759796e-18  1.31455137e-18
362.834721  1.269971321e-18  1.305516912e-18
363.165279  1.260753169e-18  1.29604075e-18
363.4779249  1.252103734e-18  1.287149224e-18
363.7387739  1.244938344e-18  1.279783279e-18
363.9195339  1.240000015e-18  1.27470673e-18
364  1.237808789e-18  1.272454173e-18
364.0804661  1.235621918e-18  1.270206093e-18
364.2612261  1.230725135e-18  1.265172253e-18
364.5220751  1.223697184e-18  1.257947594e-18
364.834721  1.215333101e-18  1.249349406e-18
365.165279  1.206559705e-18  1.240330449e-18
365.4779249  1.198327228e-18  1.231867552e-18
365.7387739  1.19150699e-18  1.22485642e-18
365.9195339  1.186806397e-18  1.220024261e-18
366  1.184720622e-18  1.217880106e-18
366.0804661  1.18263897e-18  1.21574019e-18
366.2612261  1.177977707e-18  1.210948462e-18
366.5220751  1.17128758e-18  1.204071083e-18
366.834721  1.163325239e-18  1.195885882e-18
367.165279  1.154972885e-18  1.187299751e-18
367.4779249  1.147135152e-18  1.179242646e-18
367.7387739  1.140641692e-18  1.172567439e-18
367.9195339  1.136166187e-18  1.167966667e-18
368  1.134180254e-18  1.165925149e-18
368.0804661  1.132198225e-18  1.163887645e-18
368.2612261  1.127759963e-18  1.15932516e-18
368.5220751  1.121389714e-18  1.152776611e-18
368.834721  1.11380779e-18  1.144982475e-18
369.165279  1.105854145e-18  1.136806213e-18
369.4779249  1.098390237e-18  1.129133396e-18
369.7387739  1.092206251e-18  1.122776324e-18
369.9195339  1.08794392e-18  1.118394694e-18
370  1.086052548e-18  1.116450383e-18
370.0804661  1.084164873e-18  1.114509874e-18
370.2612261  1.079937822e-18  1.11016451e-18
370.5220751  1.073870545e-18  1.103927415e-18
370.834721  1.06664895e-18  1.096503693e-18
371.165279  1.05907298e-18  1.088715676e-18
371.4779249  1.051963191e-18  1.081406889e-18
371.7387739  1.046072377e-18  1.075351196e-18
371.9195339  1.042011999e-18  1.071177171e-18
372  1.04021021e-18  1.069324951e-18
372.0804661  1.038411925e-18  1.067476334e-18
372.2612261  1.034384975e-18  1.063336672e-18
372.5220751  1.028604746e-18  1.057394658e-18
372.834721  1.021724552e-18  1.050321893e-18
373.165279  1.014506435e-18  1.042901745e-18
373.4779249  1.007732195e-18  1.0359379e-18
373.7387739  1.002119192e-18  1.030167793e-18
373.9195339  9.982501902e-19  1.0261905e-18
374  9.965332955e-19  1.024425551e-18
374.0804661  9.94819722e-19  1.022664016e-18
374.2612261  9.909824028e-19  1.018719293e-18
374.5220751  9.854742111e-19  1.013056931e-18
374.834721  9.789175804e-19  1.006316785e-18
375.165279  9.720386322e-19  9.992452996e-19
375.4779249  9.655824384e-19  9.926084015e-19
375.7387739  9.602327646e-19  9.871089942e-19
375.9195339  9.565451694e-19  9.833181859e-19
376  9.549087476e-19  9.816359618e-19
376.0804661  9.532754746e-19  9.799569746e-19
376.2612261  9.496179166e-19  9.761970442e-19
376.5220751  9.443676107e-19  9.70799786e-19
376.834721  9.381177236e-19  9.64374969e-19
377.165279  9.315603296e-19  9.576340382e-19
377.4779249  9.254056766e-19  9.513071208e-19
377.7387739  9.203056771e-19  9.46064376e-19
377.9195339  9.167900869e-19  9.42450387e-19
378  9.152299689e-19  9.408466024e-19
378.0804661  9.13672837e-19  9.392458875e-19
378.2612261  9.101857321e-19  9.35661181e-19
378.5220751  9.051799663e-19  9.305153074e-19
378.834721  8.992209605e-19  9.243895132e-19
379.165279  8.929685061e-19  9.179620571e-19
379.4779249  8.870998264e-19  9.119291173e-19
379.7387739  8.82236621e-19  9.069297942e-19
379.9195339  8.788841675e-19  9.034835079e-19
380  8.773964205e-19  9.0195412e-19
380.0804661  8.759115061e-19  9.004276439e-19
380.2612261  8.725860736e-19  8.970091349e-19
380.5220751  8.67812258e-19  8.921017036e-19
380.834721  8.621291687e-19  8.862595486e-19
381.165279  8.56165979e-19  8.801294535e-19
381.4779249  8.505685847e-19  8.743753922e-19
381.7387739  8.459300202e-19  8.696069976e-19
381.9195339  8.427323354e-19  8.663198119e-19
382  8.413132484e-19  8.648610056e-19
382.0804661  8.398968492e-19  8.634049624e-19
382.2612261  8.367248035e-19  8.601441334e-19
382.5220751  8.321710575e-19  8.554629313e-19
382.834721  8.267497624e-19  8.498898981e-19
383.165279  8.210610441e-19  8.440419566e-19
383.4779249  8.157210729e-19  8.385525234e-19
383.7387739  8.112956789e-19  8.340032658e-19
383.9195339  8.082448645e-19  8.308670612e-19
384  8.068909347e-19  8.29475236e-19
384.0804661  8.05539556e-19  8.280860331e-19
384.2612261  8.025130762e-19  8.249748443e-19
384.5220751  7.981681852e-19  8.205083429e-19
384.834721  7.929953532e-19  8.15190727e-19
385.165279  7.875671411e-19  8.096105831e-19
385.4779249  7.824715057e-19  8.043723245e-19
385.7387739  7.782484526e-19  8.000310712e-19
385.9195339  7.753370515e-19  7.970381821e-19
386  7.740449719e-19  7.957099381e-19
386.0804661  7.727553141e-19  7.943841837e-19
386.2612261  7.698670157e-19  7.914150439e-19
386.5220751  7.657203904e-19  7.871523575e-19
386.834721  7.607834333e-19  7.820772185e-19
387.165279  7.556025396e-19  7.767513153e-19
387.4779249  7.507388812e-19  7.717515265e-19
387.7387739  7.467079417e-19  7.676077639e-19
387.9195339  7.43928911e-19  7.647509502e-19
388  7.42695558e-19  7.634830765e-19
388.0804661  7.414645049e-19  7.622175671e-19
388.2612261  7.387074134e-19  7.593833066e-19
388.5220751  7.347490522e-19  7.553141537e-19
388.834721  7.300360798e-19  7.504692685e-19
389.165279  7.250900475e-19  7.453848003e-19
389.4779249  7.204466912e-19  7.406114797e-19
389.7387739  7.165982036e-19  7.366552758e-19
389.9195339  7.139448901e-19  7.339276979e-19
390  7.127673129e-19  7.327171612e-19
390.0804661  7.115919204e-19  7.315088703e-19
390.2612261  7.089594466e-19  7.288027153e-19
390.5220751  7.051799e-19  7.24917382e-19
390.834721  7.00679678e-19  7.20291202e-19
391.165279  6.959567369e-19  7.154360692e-19
391.4779249  6.915226509e-19  7.108778762e-19
391.7387739  6.878474854e-19  7.070998455e-19
391.9195339  6.853136017e-19  7.044950402e-19
392  6.841890118e-19  7.033389738e-19
392.0804661  6.830664976e-19  7.021850412e-19
392.2612261  6.805524144e-19  6.996005906e-19
392.5220751  6.769427522e-19  6.958898966e-19
392.834721  6.726446631e-19  6.91471507e-19
393.165279  6.681336885e-19  6.868342735e-19
393.4779249  6.638984456e-19  6.824804892e-19
393.7387739  6.603879726e-19  6.788717605e-19
393.9195339  6.579675754e-19  6.763836181e-19
394  6.568933368e-19  6.752793123e-19
394.0804661  6.558210709e-19  6.741770345e-19
394.2612261  6.534194918e-19  6.717082369e-19
394.5220751  6.499712719e-19  6.681635038e-19
394.834721  6.45865278e-19  6.639425861e-19
395.165279  6.415557525e-19  6.5951244e-19
395.4779249  6.375094944e-19  6.5535293e-19
395.7387739  6.341555541e-19  6.519051154e-19
395.9195339  6.31843024e-19  6.495278592e-19
396  6.308166443e-19  6.484727519e-19
396.0804661  6.297921399e-19  6.474195723e-19
396.2612261  6.274974988e-19  6.450607058e-19
396.5220751  6.242027381e-19  6.416737271e-19
396.834721  6.202793476e-19  6.376405237e-19
397.165279  6.161613248e-19  6.334072404e-19
397.4779249  6.122947279e-19  6.294324202e-19
397.7387739  6.090896035e-19  6.261375867e-19
397.9195339  6.068796256e-19  6.23865753e-19
398  6.058987474e-19  6.228574208e-19
398.0804661  6.049196523e-19  6.218509216e-19
398.2612261  6.027266845e-19  6.195965741e-19
398.5220751  5.995778321e-19  6.163595876e-19
398.834721  5.958280663e-19  6.125048685e-19
399.165279  5.918921375e-19  6.084587758e-19
399.4779249  5.881963819e-19  6.046595787e-19
399.7387739  5.851327727e-19  6.015102213e-19
399.9195339  5.830203187e-19  5.993386412e-19
