#L=7 M=2
#R     Re(V)   Im(V)

0.08046609183  -3.312340983e-16  2.016130338e-14
0.2612261349  2.784999252e-16  7.054930361e-11
0.5220750502  4.927914479e-18  9.024217608e-09
0.8347210423  -1.053470751e-16  2.432046463e-07
1.165278958  -4.18481826e-17  2.547617096e-06
1.47792495  -2.480252611e-15  1.367351164e-05
1.738773865  -1.517863172e-15  4.335549007e-05
1.919533908  -1.924079869e-16  8.771262575e-05
2  1.34880337e-15  0.0001175963896
2.080466092  2.117330635e-15  0.0001559060611
2.261226135  6.013927926e-16  0.0002831953806
2.52207505  -1.278300545e-15  0.0006207920799
2.834721042  4.345321315e-16  0.001443154567
3.165278958  -4.854555737e-16  0.003209108136
3.47792495  6.197804467e-17  0.006359453033
3.738773865  1.696553417e-16  0.01075163106
3.919533908  1.99887905e-16  0.01513920094
4  -1.795667615e-16  0.01753673113
4.080466092  7.0514764e-17  0.01484143455
4.261226135  8.040000999e-17  0.01028264052
4.52207505  2.615187606e-17  0.006158274851
4.834721042  -4.976776897e-17  0.003403194634
5.165278958  2.603929999e-17  0.001852833508
5.47792495  -2.682185293e-17  0.001055271803
5.738773865  8.660199479e-18  0.0006629793779
5.919533908  -6.61387703e-18  0.0004806872918
6  -7.473709791e-18  0.0004164753828
6.080466092  1.641038054e-20  0.0003607163455
6.261226135  -3.514820519e-18  0.0002606496284
6.52207505  -6.761313853e-18  0.0001617357622
6.834721042  2.107694588e-19  8.918167353e-05
7.165278958  -6.930537928e-18  4.512686889e-05
7.47792495  8.148761331e-18  2.145341056e-05
7.738773865  1.208452359e-18  9.725687054e-06
7.919533908  1.372166523e-18  4.383482149e-06
8  8.994701732e-19  2.54813583e-06
8.080466092  -2.305381001e-19  9.876851697e-07
8.261226135  2.548157699e-18  -1.690249183e-06
8.52207505  7.53293744e-19  -4.04829032e-06
8.834721042  1.026644415e-18  -5.356646977e-06
9.165278958  -1.115546332e-20  -5.69929972e-06
9.47792495  -2.833322101e-19  -5.499398467e-06
9.738773865  -9.729824021e-21  -5.135951851e-06
9.919533908  -1.833258593e-19  -4.832296755e-06
10  1.226144817e-19  -4.69004823e-06
10.08046609  3.103796376e-19  -4.545419898e-06
10.26122613  -7.581312551e-20  -4.217435944e-06
10.52207505  1.473336421e-19  -3.752013181e-06
10.83472104  -2.112363138e-20  -3.228573756e-06
11.16527896  -6.795548029e-20  -2.731698101e-06
11.47792495  1.059416166e-20  -2.320216352e-06
11.73877387  4.843202424e-20  -2.019603853e-06
11.91953391  -1.787953245e-20  -1.832787887e-06
12  2.962813409e-20  -1.754981958e-06
12.08046609  4.930250882e-20  -1.680341239e-06
12.26122613  -3.507910231e-20  -1.523700819e-06
12.52207505  -9.584896484e-21  -1.322658334e-06
12.83472104  -7.899218821e-20  -1.116369715e-06
13.16527896  -6.114828813e-20  -9.336998438e-07
13.47792495  6.754174443e-20  -7.893045131e-07
13.73877387  1.041777128e-19  -6.867477508e-07
13.91953391  2.257755133e-20  -6.239863767e-07
14  3.092654464e-20  -5.980296612e-07
14.08046609  1.190210682e-20  -5.732171606e-07
14.26122613  -9.288578621e-20  -5.213893972e-07
14.52207505  -3.749495042e-20  -4.552434648e-07
14.83472104  -4.690914145e-20  -3.876197672e-07
15.16527896  1.475129511e-21  -3.27747717e-07
15.47792495  -1.420222312e-20  -2.802702054e-07
15.73877387  -4.897171735e-20  -2.463778905e-07
15.91953391  2.297107049e-20  -2.255310993e-07
16  -4.277041417e-20  -2.168797294e-07
16.08046609  2.644159339e-20  -2.085911934e-07
16.26122613  2.162455657e-20  -1.912121749e-07
16.52207505  1.36560601e-20  -1.68877385e-07
16.83472104  -3.924736713e-21  -1.458180616e-07
17.16527896  3.38078104e-20  -1.251571685e-07
17.47792495  -1.34302011e-20  -1.085644708e-07
17.73877387  9.725917117e-22  -9.657907249e-08
17.91953391  1.709133771e-20  -8.913788005e-08
18  6.170858307e-20  -8.603245497e-08
18.08046609  -3.893287891e-20  -8.304699968e-08
18.26122613  -2.853281754e-20  -7.675221701e-08
18.52207505  1.419781835e-20  -6.858508769e-08
18.83472104  1.153178154e-20  -6.004720132e-08
19.16527896  -6.7973348e-21  -5.22888881e-08
19.47792495  -7.642592136e-21  -4.596967166e-08
19.73877387  -7.322789263e-21  -4.134742229e-08
19.91953391  3.62691383e-21  -3.844989476e-08
20  -4.304364128e-20  -3.723378767e-08
20.08046609  -2.444002067e-20  -3.606061308e-08
20.26122613  -1.662734182e-20  -3.35732417e-08
20.52207505  -9.966338895e-21  -3.031578936e-08
20.83472104  3.581866555e-21  -2.686935607e-08
21.16527896  -2.549057686e-20  -2.369570717e-08
21.47792495  2.062069461e-20  -2.107667012e-08
21.73877387  -1.495656691e-20  -1.913880157e-08
21.91953391  -8.290915406e-21  -1.791336739e-08
22  -1.158696532e-20  -1.739641004e-08
22.08046609  -2.977424083e-20  -1.689615267e-08
22.26122613  -7.805285688e-21  -1.583022563e-08
22.52207505  -3.828097903e-21  -1.442264775e-08
22.83472104  -4.325538353e-21  -1.291750496e-08
23.16527896  -1.421899635e-20  -1.151519737e-08
23.47792495  -2.200788117e-20  -1.034462537e-08
23.73877387  3.842541782e-20  -9.469791849e-09
23.91953391  -1.152309816e-20  -8.912375612e-09
24  2.47545109e-20  -8.676182944e-09
24.08046609  6.6199141e-21  -8.447005742e-09
24.26122613  -1.743161348e-20  -7.956583718e-09
24.52207505  1.730124916e-20  -7.30430963e-09
24.83472104  3.384028904e-20  -6.600408091e-09
25.16527896  6.0581563e-21  -5.937969764e-09
25.47792495  -2.926900621e-21  -5.379535084e-09
25.73877387  -7.552649726e-21  -4.958586404e-09
25.91953391  7.2177063e-21  -4.688623032e-09
26  -1.863149068e-20  -4.573796999e-09
26.08046609  -1.546778787e-20  -4.462124507e-09
26.26122613  9.552796988e-21  -4.22227118e-09
26.52207505  4.492568429e-21  -3.901289247e-09
26.83472104  3.591183946e-21  -3.552167613e-09
27.16527896  1.46175268e-20  -3.220760565e-09
27.47792495  1.036513827e-20  -2.939013461e-09
27.73877387  2.053022811e-20  -2.725058329e-09
27.91953391  8.397401961e-21  -2.587075302e-09
28  1.707107486e-20  -2.528193621e-09
28.08046609  1.395834253e-20  -2.470815259e-09
28.26122613  -1.433941157e-20  -2.34718412e-09
28.52207505  -1.622318227e-20  -2.180854486e-09
28.83472104  2.36574174e-20  -1.998711281e-09
29.16527896  -4.14446068e-20  -1.824514864e-09
29.47792495  -2.622727675e-21  -1.675334378e-09
29.73877387  -1.260903419e-20  -1.561322061e-09
29.91953391  1.915463428e-20  -1.487436684e-09
30  -1.49873895e-20  -1.455818005e-09
30.08046609  2.66688073e-20  -1.424953449e-09
30.26122613  7.062671203e-21  -1.358266807e-09
30.52207505  -3.162920748e-21  -1.268133326e-09
30.83472104  1.468683885e-20  -1.168845952e-09
31.16527896  -5.623498712e-21  -1.073271025e-09
31.47792495  -1.056291707e-20  -9.908977745e-10
31.73877387  3.998829968e-21  -9.275909447e-10
31.91953391  1.088496018e-20  -8.86391039e-10
32  -2.318671387e-21  -8.68716098e-10
32.08046609  -1.773217891e-20  -8.514366686e-10
32.26122613  -1.276059548e-21  -8.140119302e-10
32.52207505  1.247825303e-20  -7.63223558e-10
32.83472104  -1.57825081e-20  -7.069865044e-10
33.16527896  -6.955512477e-21  -6.525421261e-10
33.47792495  1.631224153e-20  -6.053541896e-10
33.73877387  1.27610582e-20  -5.689098459e-10
33.91953391  2.224498419e-21  -5.451032999e-10
34  8.225898851e-21  -5.348678383e-10
34.08046609  4.490058797e-21  -5.24848086e-10
34.26122613  -6.957652566e-21  -5.031003462e-10
34.52207505  6.330513587e-21  -4.734811494e-10
34.83472104  9.637644846e-21  -4.405337039e-10
35.16527896  1.492847994e-20  -4.084748345e-10
35.47792495  -1.214198153e-20  -3.805503786e-10
35.73877387  -7.584073107e-21  -3.588894216e-10
35.91953391  1.930597048e-22  -3.446928747e-10
36  7.207210234e-21  -3.385773031e-10
36.08046609  -9.329058172e-21  -3.325835269e-10
36.26122613  1.187027605e-20  -3.19549371e-10
36.52207505  1.368163468e-22  -3.017409776e-10
36.83472104  5.121130386e-21  -2.818504737e-10
37.16527896  3.985745002e-21  -2.624089698e-10
37.47792495  -4.634549249e-21  -2.453994329e-10
37.73877387  -1.349266286e-22  -2.321536767e-10
37.91953391  -8.370929143e-21  -2.234466915e-10
38  1.060722038e-20  -2.196893884e-10
38.08046609  -1.060263315e-20  -2.160030134e-10
38.26122613  -4.421873093e-21  -2.079729179e-10
38.52207505  7.402951412e-21  -1.969701742e-10
38.83472104  2.311406775e-21  -1.846359794e-10
39.16527896  7.178834498e-21  -1.725313658e-10
39.47792495  3.511199628e-21  -1.618986835e-10
39.73877387  3.417810118e-21  -1.535897209e-10
39.91953391  2.346009111e-21  -1.481133343e-10
40  4.762724304e-22  -1.457464293e-10
40.08046609  4.460448165e-26  -1.434219914e-10
40.26122613  4.302735276e-26  -1.383508649e-10
40.52207505  4.086083058e-26  -1.313845935e-10
40.83472104  3.842411364e-26  -1.235495334e-10
41.16527896  3.602401383e-26  -1.158322126e-10
41.47792495  3.39081762e-26  -1.090289131e-10
41.73877387  3.224950905e-26  -1.036956072e-10
41.91953391  3.115365752e-26  -1.00171988e-10
42  3.067935888e-26  -9.864692023e-11
42.08046609  3.021316836e-26  -9.714792351e-11
42.26122613  2.919468928e-26  -9.387308894e-11
42.52207505  2.779233305e-26  -8.936392944e-11
42.83472104  2.621036443e-26  -8.427724123e-11
43.16527896  2.464700695e-26  -7.925039564e-11
43.47792495  2.326430776e-26  -7.48044417e-11
43.73877387  2.217725392e-26  -7.13091107e-11
43.91953391  2.145748524e-26  -6.899475452e-11
44  2.114555999e-26  -6.799178491e-11
44.08046609  2.083872672e-26  -6.70051881e-11
44.26122613  2.016754698e-26  -6.484706563e-11
44.52207505  1.924143348e-26  -6.186922489e-11
44.83472104  1.819385911e-26  -5.850083684e-11
45.16527896  1.715548606e-26  -5.51620349e-11
45.47792495  1.623437142e-26  -5.220026757e-11
45.73877387  1.550830943e-26  -4.986567579e-11
45.91953391  1.50266037e-26  -4.83167912e-11
46  1.481760282e-26  -4.764476627e-11
46.08046609  1.461186655e-26  -4.698323847e-11
46.26122613  1.416131189e-26  -4.553451752e-11
46.52207505  1.353841998e-26  -4.353166052e-11
46.83472104  1.283208123e-26  -4.126048719e-11
47.16527896  1.213001516e-26  -3.900305227e-11
47.47792495  1.150553363e-26  -3.699508397e-11
47.73877387  1.101210948e-26  -3.540851979e-11
47.91953391  1.068414863e-26  -3.435398902e-11
48  1.054170124e-26  -3.389596131e-11
48.08046609  1.040138688e-26  -3.344479219e-11
48.26122613  1.009377898e-26  -3.245570463e-11
48.52207505  9.667756003e-27  -3.108586327e-11
48.83472104  9.183556725e-27  -2.952896087e-11
49.16527896  8.70106758e-27  -2.797755725e-11
49.47792495  8.270824068e-27  -2.659414512e-11
49.73877387  7.930124441e-27  -2.549865388e-11
49.91953391  7.703293214e-27  -2.476929698e-11
50  7.60467342e-27  -2.445219326e-11
50.08046609  7.507471734e-27  -2.413964934e-11
50.26122613  7.294171497e-27  -2.345380022e-11
50.52207505  6.9982776e-27  -2.250237806e-11
50.83472104  6.661270125e-27  -2.141875863e-11
51.16527896  6.324669449e-27  -2.033644722e-11
51.47792495  6.023824962e-27  -1.936910686e-11
51.73877387  5.785108973e-27  -1.860153551e-11
51.91953391  5.625929976e-27  -1.808970871e-11
52  5.55666038e-27  -1.78669781e-11
52.08046609  5.488348806e-27  -1.764732793e-11
52.26122613  5.338310671e-27  -1.716489282e-11
52.52207505  5.129860975e-27  -1.649464021e-11
52.83472104  4.891986532e-27  -1.572977477e-11
53.16527896  4.653886926e-27  -1.496418534e-11
53.47792495  4.440626266e-27  -1.427846347e-11
53.73877387  4.271088576e-27  -1.373332917e-11
53.91953391  4.157876329e-27  -1.336930463e-11
54  4.108568426e-27  -1.321075918e-11
54.08046609  4.059917379e-27  -1.305432579e-11
54.26122613  3.952972353e-27  -1.271045298e-11
54.52207505  3.804184685e-27  -1.223203864e-11
54.83472104  3.634088466e-27  -1.168510843e-11
55.16527896  3.463490922e-27  -1.113656625e-11
55.47792495  3.31038826e-27  -1.064427741e-11
55.73877387  3.188462514e-27  -1.025223534e-11
55.91953391  3.10693566e-27  -9.990092539e-12
56  3.071400049e-27  -9.875830744e-12
56.08046609  3.036321028e-27  -9.763037078e-12
56.26122613  2.959150548e-27  -9.514901836e-12
56.52207505  2.851647393e-27  -9.169234404e-12
56.83472104  2.728542615e-27  -8.773401256e-12
57.16527896  2.6048456e-27  -8.375663817e-12
57.47792495  2.493629661e-27  -8.018058239e-12
57.73877387  2.404917302e-27  -7.732811047e-12
57.91953391  2.345525378e-27  -7.541841267e-12
58  2.319618984e-27  -7.458541418e-12
58.08046609  2.29403405e-27  -7.376275197e-12
58.26122613  2.237709163e-27  -7.195167221e-12
58.52207505  2.15915027e-27  -6.942567649e-12
58.83472104  2.069050133e-27  -6.652858173e-12
59.16527896  1.978359764e-27  -6.361250854e-12
59.47792495  1.896680304e-27  -6.098617361e-12
59.73877387  1.831429338e-27  -5.88880832e-12
59.91953391  1.787694035e-27  -5.7481811e-12
60  1.768603987e-27  -5.686798644e-12
60.08046609  1.749742971e-27  -5.626152618e-12
60.26122613  1.708192815e-27  -5.492551556e-12
60.52207505  1.650175462e-27  -5.306001595e-12
60.83472104  1.583537802e-27  -5.091733759e-12
61.16527896  1.516355102e-27  -4.875713386e-12
61.47792495  1.455750672e-27  -4.680844898e-12
61.73877387  1.407267318e-27  -4.524950715e-12
61.91953391  1.374735584e-27  -4.420347636e-12
62  1.360526756e-27  -4.374660334e-12
62.08046609  1.346482929e-27  -4.329503581e-12
62.26122613  1.315525436e-27  -4.229962342e-12
62.52207505  1.272253152e-27  -4.090823922e-12
62.83472104  1.222483686e-27  -3.930794353e-12
63.16527896  1.172231143e-27  -3.769211492e-12
63.47792495  1.126831115e-27  -3.623231489e-12
63.73877387  1.090463077e-27  -3.506293094e-12
63.91953391  1.066035842e-27  -3.427749358e-12
64  1.055360441e-27  -3.393423495e-12
64.08046609  1.044805156e-27  -3.359483858e-12
64.26122613  1.021523919e-27  -3.284624981e-12
64.52207505  9.889492261e-28  -3.179883772e-12
64.83472104  9.514356716e-28  -3.059262066e-12
65.16527896  9.135041679e-28  -2.937296478e-12
65.47792495  8.791871673e-28  -2.826953024e-12
65.73877387  8.516630523e-28  -2.738451528e-12
65.91953391  8.331584035e-28  -2.678951373e-12
66  8.250668128e-28  -2.652933537e-12
66.08046609  8.17063523e-28  -2.627199626e-12
66.26122613  7.994013153e-28  -2.57040827e-12
66.52207505  7.746656514e-28  -2.490872806e-12
66.83472104  7.461454331e-28  -2.399168422e-12
67.16527896  7.17268932e-28  -2.306318441e-12
67.47792495  6.911094823e-28  -2.222204911e-12
67.73877387  6.701036028e-28  -2.154662257e-12
67.91953391  6.559685643e-28  -2.10921222e-12
68  6.497844308e-28  -2.089327654e-12
68.08046609  6.436658086e-28  -2.069653735e-12
68.26122613  6.301557784e-28  -2.026213359e-12
68.52207505  6.112185879e-28  -1.965322402e-12
68.83472104  5.893593107e-28  -1.895035719e-12
69.16527896  5.671991089e-28  -1.823781438e-12
69.47792495  5.470989602e-28  -1.759151086e-12
69.73877387  5.309408534e-28  -1.707196041e-12
69.91953391  5.200587482e-28  -1.672205539e-12
70  5.152954204e-28  -1.656889456e-12
70.08046609  5.105811183e-28  -1.641731011e-12
70.26122613  5.001667385e-28  -1.608244441e-12
70.52207505  4.855566903e-28  -1.561267049e-12
70.83472104  4.686742569e-28  -1.506982992e-12
71.16527896  4.51539091e-28  -1.451886295e-12
71.47792495  4.359785408e-28  -1.401852643e-12
71.73877387  4.234566975e-28  -1.3615897e-12
71.91953391  4.150168114e-28  -1.33445195e-12
72  4.113207617e-28  -1.322567611e-12
72.08046609  4.076617016e-28  -1.310802208e-12
72.26122613  3.995747085e-28  -1.284799156e-12
72.52207505  3.882208244e-28  -1.248291689e-12
72.83472104  3.75087778e-28  -1.206063473e-12
73.16527896  3.617431705e-28  -1.163155e-12
73.47792495  3.496113616e-28  -1.12414618e-12
73.73877387  3.398390712e-28  -1.092724196e-12
73.91953391  3.332474572e-28  -1.07152941e-12
74  3.303595341e-28  -1.062243535e-12
74.08046609  3.274997357e-28  -1.053048091e-12
74.26122613  3.211764384e-28  -1.032716056e-12
74.52207505  3.122921654e-28  -1.004149417e-12
74.83472104  3.020059157e-28  -9.710748389e-13
75.16527896  2.915428629e-28  -9.374317652e-13
75.47792495  2.820207006e-28  -9.068140461e-13
75.73877387  2.743433531e-28  -8.821281756e-13
75.91953391  2.691611267e-28  -8.654651585e-13
76  2.668897314e-28  -8.581616764e-13
76.08046609  2.646398772e-28  -8.50927458e-13
76.26122613  2.596631576e-28  -8.349252308e-13
76.52207505  2.526659369e-28  -8.124262513e-13
76.83472104  2.445571992e-28  -7.863532815e-13
77.16527896  2.363007819e-28  -7.598054599e-13
77.47792495  2.287793159e-28  -7.356208133e-13
77.73877387  2.227096889e-28  -7.161044339e-13
77.91953391  2.186099044e-28  -7.029219187e-13
78  2.168122325e-28  -6.971416544e-13
78.08046609  2.150311739e-28  -6.91414809e-13
78.26122613  2.110898836e-28  -6.787419188e-13
78.52207505  2.055447837e-28  -6.609121124e-13
78.83472104  1.991133234e-28  -6.402322881e-13
79.16527896  1.925584721e-28  -6.191557104e-13
79.47792495  1.865814417e-28  -5.999370674e-13
79.73877387  1.817540834e-28  -5.844150992e-13
79.91953391  1.784913045e-28  -5.739239059e-13
80  1.770601007e-28  -5.693219895e-13
80.08046609  1.756417944e-28  -5.647615437e-13
80.26122613  1.725020586e-28  -5.546659852e-13
80.52207505  1.680818959e-28  -5.404533204e-13
80.83472104  1.629510081e-28  -5.239553786e-13
81.16527896  1.577169311e-28  -5.071256406e-13
81.47792495  1.529399426e-28  -4.917656322e-13
81.73877387  1.490787193e-28  -4.793501907e-13
81.91953391  1.464673492e-28  -4.709535479e-13
82  1.453214705e-28  -4.672690706e-13
82.08046609  1.441856673e-28  -4.6361699e-13
82.26122613  1.416704177e-28  -4.555294149e-13
82.52207505  1.381272875e-28  -4.44136775e-13
82.83472104  1.3401126e-28  -4.309020319e-13
83.16527896  1.298088236e-28  -4.17389448e-13
83.47792495  1.259700908e-28  -4.050463228e-13
83.73877387  1.228648976e-28  -3.950618329e-13
83.91953391  1.207636131e-28  -3.883053278e-13
84  1.198412456e-28  -3.853395322e-13
84.08046609  1.18926796e-28  -3.823991958e-13
84.26122613  1.169010486e-28  -3.758855738e-13
84.52207505  1.140458268e-28  -3.667048462e-13
84.83472104  1.107264851e-28  -3.560317798e-13
85.16527896  1.073346678e-28  -3.451256742e-13
85.47792495  1.042338638e-28  -3.351552975e-13
85.73877387  1.017237719e-28  -3.270843061e-13
85.91953391  1.0002425e-28  -3.216196351e-13
86  9.927799392e-29  -3.19220111e-13
86.08046609  9.853799562e-29  -3.168407082e-13
86.26122613  9.689817261e-29  -3.115679941e-13
86.52207505  9.458563648e-29  -3.04132227e-13
86.83472104  9.189529902e-29  -2.954816712e-13
87.16527896  8.914405959e-29  -2.866352902e-13
87.47792495  8.662690966e-29  -2.785416045e-13
87.73877387  8.458787513e-29  -2.71985259e-13
87.91953391  8.320656361e-29  -2.67543767e-13
88  8.259984373e-29  -2.655929098e-13
88.08046609  8.199809635e-29  -2.636580413e-13
88.26122613  8.066422239e-29  -2.593690808e-13
88.52207505  7.878216607e-29  -2.533174857e-13
88.83472104  7.659116219e-29  -2.462724954e-13
89.16527896  7.43488785e-29  -2.390626192e-13
89.47792495  7.229585048e-29  -2.324612787e-13
89.73877387  7.063168263e-29  -2.271102858e-13
89.91953391  6.950374824e-29  -2.234835068e-13
90  6.900817265e-29  -2.218900248e-13
90.08046609  6.851656877e-29  -2.203093135e-13
90.26122613  6.742652417e-29  -2.16804366e-13
90.52207505  6.588773778e-29  -2.118565267e-13
90.83472104  6.409520022e-29  -2.060927717e-13
91.16527896  6.225939285e-29  -2.001898861e-13
91.47792495  6.057733529e-29  -1.947813703e-13
91.73877387  5.921301196e-29  -1.903945024e-13
91.91953391  5.828785783e-29  -1.874197465e-13
92  5.7881261e-29  -1.861123683e-13
92.08046609  5.747785221e-29  -1.848152409e-13
92.26122613  5.658311166e-29  -1.819382773e-13
92.52207505  5.531942886e-29  -1.778750106e-13
92.83472104  5.384645404e-29  -1.731387829e-13
93.16527896  5.233688775e-29  -1.682848984e-13
93.47792495  5.095280496e-29  -1.638344956e-13
93.73877387  4.982949145e-29  -1.602225747e-13
93.91953391  4.906741442e-29  -1.577721795e-13
94  4.873239706e-29  -1.566949591e-13
94.08046609  4.839995082e-29  -1.55626006e-13
94.26122613  4.7662402e-29  -1.532544792e-13
94.52207505  4.662025295e-29  -1.499035359e-13
94.83472104  4.540478614e-29  -1.459953037e-13
95.16527896  4.415830583e-29  -1.419873502e-13
95.47792495  4.301469309e-29  -1.383101588e-13
95.73877387  4.20860061e-29  -1.353240432e-13
95.91953391  4.145568777e-29  -1.332973072e-13
96  4.117852047e-29  -1.324060989e-13
96.08046609  4.090343618e-29  -1.315215883e-13
96.26122613  4.029298934e-29  -1.295587474e-13
96.52207505  3.94300569e-29  -1.2678406e-13
96.83472104  3.842304297e-29  -1.235460907e-13
97.16527896  3.738968343e-29  -1.202234093e-13
97.47792495  3.644100937e-29  -1.17173027e-13
97.73877387  3.567019725e-29  -1.146945449e-13
97.91953391  3.514680907e-29  -1.130116338e-13
98  3.491660399e-29  -1.122714286e-13
98.08046609  3.468809379e-29  -1.115366731e-13
98.26122613  3.418087453e-29  -1.099057518e-13
98.52207505  3.346356458e-29  -1.075993015e-13
98.83472104  3.262603339e-29  -1.049062898e-13
99.16527896  3.17660708e-29  -1.021411518e-13
99.47792495  3.097610889e-29  -9.960109516e-14
99.73877387  3.033391066e-29  -9.753616031e-14
99.91953391  2.989767431e-29  -9.61334787e-14
100  2.970575555e-29  -9.551637991e-14
100.0804661  2.951522163e-29  -9.490373399e-14
100.2612261  2.909219642e-29  -9.35435317e-14
100.5220751  2.84937128e-29  -9.161915753e-14
100.834721  2.779455937e-29  -8.937108798e-14
101.165279  2.707626373e-29  -8.706146824e-14
101.4779249  2.641605611e-29  -8.493862569e-14
101.7387739  2.587906661e-29  -8.321198074e-14
101.9195339  2.551415394e-29  -8.203863448e-14
102  2.535357633e-29  -8.152231055e-14
102.0804661  2.519413477e-29  -8.100963951e-14
102.2612261  2.484005981e-29  -7.9871141e-14
102.5220751  2.433893108e-29  -7.825980337e-14
102.834721  2.375321548e-29  -7.637648368e-14
103.165279  2.315112757e-29  -7.444052023e-14
103.4779249  2.25974229e-29  -7.266012903e-14
103.7387739  2.214683746e-29  -7.121130912e-14
103.9195339  2.184052538e-29  -7.022638816e-14
104  2.170570461e-29  -6.979288322e-14
104.0804661  2.157181939e-29  -6.936238647e-14
104.2612261  2.127443224e-29  -6.840616288e-14
104.5220751  2.085337813e-29  -6.705229849e-14
104.834721  2.03610163e-29  -6.546915009e-14
105.165279  1.985461991e-29  -6.384087473e-14
105.4779249  1.938866843e-29  -6.234264658e-14
105.7387739  1.90093139e-29  -6.112286374e-14
105.9195339  1.875133163e-29  -6.029334326e-14
106  1.863775853e-29  -5.992815842e-14
106.0804661  1.852495872e-29  -5.956546004e-14
106.2612261  1.827435343e-29  -5.875965961e-14
106.5220751  1.791940807e-29  -5.761836243e-14
106.834721  1.750415861e-29  -5.628316242e-14
107.165279  1.707685192e-29  -5.490919338e-14
107.4779249  1.66834713e-29  -5.364431081e-14
107.7387739  1.636305437e-29  -5.261403686e-14
107.9195339  1.614507679e-29  -5.191314813e-14
108  1.604909541e-29  -5.160452803e-14
108.0804661  1.595375549e-29  -5.129797046e-14
108.2612261  1.574189717e-29  -5.061675768e-14
108.5220751  1.544172765e-29  -4.965158763e-14
108.834721  1.50904036e-29  -4.852193444e-14
109.165279  1.472869849e-29  -4.735890181e-14
109.4779249  1.439554613e-29  -4.628767818e-14
109.7387739  1.412406721e-29  -4.541476036e-14
109.9195339  1.393931966e-29  -4.482072001e-14
110  1.38579542e-29  -4.455909616e-14
110.0804661  1.377712266e-29  -4.429918908e-14
110.2612261  1.359746851e-29  -4.372152615e-14
110.5220751  1.334284255e-29  -4.290279762e-14
110.834721  1.30446954e-29  -4.19441303e-14
111.165279  1.273759118e-29  -4.095666229e-14
111.4779249  1.245459454e-29  -4.00467102e-14
111.7387739  1.222388882e-29  -3.930489521e-14
111.9195339  1.206683738e-29  -3.879990939e-14
112  1.199765644e-29  -3.857746384e-14
112.0804661  1.192892138e-29  -3.8356452e-14
112.2612261  1.177612351e-29  -3.786514319e-14
112.5220751  1.155949184e-29  -3.716858211e-14
112.834721  1.130572784e-29  -3.635262512e-14
113.165279  1.104421916e-29  -3.551176579e-14
113.4779249  1.080312788e-29  -3.473655688e-14
113.7387739  1.060650414e-29  -3.410432963e-14
113.9195339  1.047261185e-29  -3.367381014e-14
114  1.041362159e-29  -3.348413187e-14
114.0804661  1.035500488e-29  -3.329565472e-14
114.2612261  1.022467616e-29  -3.287659359e-14
114.5220751  1.003984331e-29  -3.228227898e-14
114.834721  9.823242038e-30  -3.158581565e-14
115.165279  9.599930561e-30  -3.086777622e-14
115.4779249  9.393962716e-30  -3.020550379e-14
115.7387739  9.225917903e-30  -2.96651697e-14
115.9195339  9.111452027e-30  -2.929711422e-14
116  9.061011655e-30  -2.913492742e-14
116.0804661  9.010885205e-30  -2.897374999e-14
116.2612261  8.899414026e-30  -2.861532371e-14
116.5220751  8.741277803e-30  -2.810684987e-14
116.834721  8.555890055e-30  -2.751075103e-14
117.165279  8.364676624e-30  -2.689592019e-14
117.4779249  8.188238203e-30  -2.632859716e-14
117.7387739  8.044230991e-30  -2.586555397e-14
117.9195339  7.946109977e-30  -2.555005404e-14
118  7.902864658e-30  -2.541100232e-14
118.0804661  7.859883934e-30  -2.527280138e-14
118.2612261  7.764287051e-30  -2.496541758e-14
118.5220751  7.628631412e-30  -2.452922818e-14
118.834721  7.469538922e-30  -2.401767955e-14
119.165279  7.305378649e-30  -2.348983588e-14
119.4779249  7.153840158e-30  -2.30025765e-14
119.7387739  7.030110476e-30  -2.260473402e-14
119.9195339  6.945781992e-30  -2.233358281e-14
120  6.908609325e-30  -2.22140572e-14
120.0804661  6.871660319e-30  -2.209525076e-14
120.2612261  6.789465463e-30  -2.183096005e-14
120.5220751  6.672795261e-30  -2.145581674e-14
120.834721  6.535918866e-30  -2.101570211e-14
121.165279  6.394625434e-30  -2.056138486e-14
121.4779249  6.264143302e-30  -2.014183044e-14
121.7387739  6.157567999e-30  -1.979914645e-14
121.9195339  6.084911318e-30  -1.956552494e-14
122  6.052878515e-30  -1.946252614e-14
122.0804661  6.021035297e-30  -1.936013693e-14
122.2612261  5.950187173e-30  -1.913233069e-14
122.5220751  5.849595763e-30  -1.88088874e-14
122.834721  5.731541638e-30  -1.842929421e-14
123.165279  5.609630352e-30  -1.803729863e-14
123.4779249  5.497003615e-30  -1.767515675e-14
123.7387739  5.404980567e-30  -1.737926431e-14
123.9195339  5.342228166e-30  -1.71774892e-14
124  5.314557639e-30  -1.708851693e-14
124.0804661  5.287048245e-30  -1.700006277e-14
124.2612261  5.225832983e-30  -1.68032302e-14
124.5220751  5.138895771e-30  -1.652369084e-14
124.834721  5.036831726e-30  -1.619551241e-14
125.165279  4.931393177e-30  -1.585648355e-14
125.4779249  4.833948044e-30  -1.554315685e-14
125.7387739  4.754302759e-30  -1.528706408e-14
125.9195339  4.699977113e-30  -1.511238449e-14
126  4.676018728e-30  -1.503534831e-14
126.0804661  4.652197652e-30  -1.495875362e-14
126.2612261  4.599181863e-30  -1.478828577e-14
126.5220751  4.523870398e-30  -1.454612804e-14
126.834721  4.435426004e-30  -1.426174246e-14
127.165279  4.344024005e-30  -1.396784696e-14
127.4779249  4.259520557e-30  -1.369613317e-14
127.7387739  4.19043065e-30  -1.347398033e-14
127.9195339  4.143293095e-30  -1.332241345e-14
128  4.122501722e-30  -1.325556053e-14
128.0804661  4.101827649e-30  -1.318908477e-14
128.2612261  4.055809091e-30  -1.304111593e-14
128.5220751  3.990421505e-30  -1.28308676e-14
128.834721  3.913607172e-30  -1.258387752e-14
129.165279  3.834196029e-30  -1.232853761e-14
129.4779249  3.760752541e-30  -1.20923862e-14
129.7387739  3.700686445e-30  -1.189924868e-14
129.9195339  3.659695669e-30  -1.176744626e-14
130  3.641612947e-30  -1.170930277e-14
130.0804661  3.623630679e-30  -1.165148229e-14
130.2612261  3.583598188e-30  -1.152276115e-14
130.5220751  3.526702664e-30  -1.133981834e-14
130.834721  3.459843867e-30  -1.112483945e-14
131.165279  3.390701083e-30  -1.09025166e-14
131.4779249  3.32673244e-30  -1.069683076e-14
131.7387739  3.274399511e-30  -1.052855859e-14
131.9195339  3.238677747e-30  -1.041369823e-14
132  3.222917237e-30  -1.036302163e-14
132.0804661  3.207242959e-30  -1.031262229e-14
132.2612261  3.172343793e-30  -1.020040694e-14
132.5220751  3.122732497e-30  -1.004088595e-14
132.834721  3.064416121e-30  -9.853374507e-15
133.165279  3.004087494e-30  -9.659392838e-15
133.4779249  2.948254913e-30  -9.47986783e-15
133.7387739  2.902564673e-30  -9.332954672e-15
133.9195339  2.871370074e-30  -9.23265104e-15
134  2.857605124e-30  -9.188390992e-15
134.0804661  2.843914365e-30  -9.144369498e-15
134.2612261  2.813427515e-30  -9.046341574e-15
134.5220751  2.770078906e-30  -8.906957736e-15
134.834721  2.719109361e-30  -8.743069415e-15
135.165279  2.666364033e-30  -8.57347121e-15
135.4779249  2.617533892e-30  -8.416461965e-15
135.7387739  2.577562638e-30  -8.287937728e-15
135.9195339  2.550266641e-30  -8.200169728e-15
136  2.538220433e-30  -8.16143615e-15
136.0804661  2.5262382e-30  -8.122908278e-15
136.2612261  2.499552495e-30  -8.037102621e-15
136.5220751  2.461600421e-30  -7.915070891e-15
136.834721  2.416963621e-30  -7.771544981e-15
137.165279  2.370757179e-30  -7.62297202e-15
137.4779249  2.327967193e-30  -7.485384388e-15
137.7387739  2.292930556e-30  -7.372727005e-15
137.9195339  2.268999271e-30  -7.295777954e-15
138  2.258436643e-30  -7.261814704e-15
138.0804661  2.247929301e-30  -7.22802922e-15
138.2612261  2.22452541e-30  -7.152775961e-15
138.5220751  2.191233677e-30  -7.045729168e-15
138.834721  2.152067391e-30  -6.919793243e-15
139.165279  2.11151148e-30  -6.789389094e-15
139.4779249  2.073942836e-30  -6.668590251e-15
139.7387739  2.04317317e-30  -6.569652956e-15
139.9195339  2.022152034e-30  -6.502061247e-15
140  2.012872736e-30  -6.472224437e-15
140.0804661  2.003641314e-30  -6.442541568e-15
140.2612261  1.983076893e-30  -6.376418388e-15
140.5220751  1.953818281e-30  -6.28233976e-15
140.834721  1.919387666e-30  -6.17163099e-15
141.165279  1.883724895e-30  -6.056960323e-15
141.4779249  1.850679233e-30  -5.950704752e-15
141.7387739  1.823606917e-30  -5.863655978e-15
141.9195339  1.80510801e-30  -5.804174286e-15
142  1.796941124e-30  -5.777914343e-15
142.0804661  1.788815782e-30  -5.751787984e-15
142.2612261  1.770713192e-30  -5.693580614e-15
142.5220751  1.744952093e-30  -5.610747952e-15
142.834721  1.714629436e-30  -5.513247976e-15
143.165279  1.683212595e-30  -5.412229743e-15
143.4779249  1.654092934e-30  -5.3185979e-15
143.7387739  1.630230882e-30  -5.241871463e-15
143.9195339  1.61392241e-30  -5.189432931e-15
144  1.606721726e-30  -5.16627973e-15
144.0804661  1.599557163e-30  -5.143242677e-15
144.2612261  1.583593279e-30  -5.09191214e-15
144.5220751  1.560871297e-30  -5.018851501e-15
144.834721  1.5341192e-30  -4.932832363e-15
145.165279  1.506394006e-30  -4.843684313e-15
145.4779249  1.480688899e-30  -4.761031687e-15
145.7387739  1.459619685e-30  -4.693285385e-15
145.9195339  1.445217237e-30  -4.646975514e-15
146  1.438857406e-30  -4.626526009e-15
146.0804661  1.432529044e-30  -4.606177688e-15
146.2612261  1.418426786e-30  -4.560833052e-15
146.5220751  1.398350747e-30  -4.496280223e-15
146.834721  1.374708136e-30  -4.420259379e-15
147.165279  1.350198866e-30  -4.341451866e-15
147.4779249  1.327469208e-30  -4.268366547e-15
147.7387739  1.308834337e-30  -4.208447672e-15
147.9195339  1.296093597e-30  -4.167480886e-15
148  1.29046693e-30  -4.149388807e-15
148.0804661  1.284867728e-30  -4.13138504e-15
148.2612261  1.272388992e-30  -4.091260704e-15
148.5220751  1.254620954e-30  -4.034129061e-15
148.834721  1.233691409e-30  -3.966831852e-15
149.165279  1.211988909e-30  -3.897049275e-15
149.4779249  1.191856914e-30  -3.832316522e-15
149.7387739  1.175347863e-30  -3.779233047e-15
149.9195339  1.164058526e-30  -3.742933124e-15
150  1.159072309e-30  -3.726900359e-15
150.0804661  1.154110108e-30  -3.710944814e-15
150.2612261  1.143049863e-30  -3.67538152e-15
150.5220751  1.127298759e-30  -3.624735159e-15
150.834721  1.108740744e-30  -3.56506341e-15
151.165279  1.089492398e-30  -3.503171956e-15
151.4779249  1.071632374e-30  -3.445744539e-15
151.7387739  1.056983091e-30  -3.398640991e-15
151.9195339  1.046963758e-30  -3.366424663e-15
152  1.042538013e-30  -3.352194049e-15
152.0804661  1.038133304e-30  -3.338031074e-15
152.2612261  1.028314644e-30  -3.306459992e-15
152.5220751  1.014329278e-30  -3.261491213e-15
152.834721  9.978479604e-31  -3.20849691e-15
153.165279  9.80749269e-31  -3.153517493e-15
153.4779249  9.648798841e-31  -3.10249081e-15
153.7387739  9.518604856e-31  -3.06062802e-15
153.9195339  9.429543888e-31  -3.031991208e-15
154  9.390199867e-31  -3.019340466e-15
154.0804661  9.35104043e-31  -3.006749076e-15
154.2612261  9.263740286e-31  -2.978678442e-15
154.5220751  9.139371905e-31  -2.938688826e-15
154.834721  8.992775567e-31  -2.891551996e-15
155.165279  8.840650678e-31  -2.842637507e-15
155.4779249  8.699428371e-31  -2.797228651e-15
155.7387739  8.583543127e-31  -2.759966718e-15
155.9195339  8.504257073e-31  -2.734472948e-15
156  8.469227832e-31  -2.723209588e-15
156.0804661  8.434360829e-31  -2.711998394e-15
156.2612261  8.356622439e-31  -2.687002263e-15
156.5220751  8.245857558e-31  -2.651386739e-15
156.834721  8.115268185e-31  -2.609396815e-15
157.165279  7.979721625e-31  -2.565812949e-15
157.4779249  7.85385962e-31  -2.52534307e-15
157.7387739  7.750557056e-31  -2.492126993e-15
157.9195339  7.679868338e-31  -2.469397625e-15
158  7.648634485e-31  -2.45935464e-15
158.0804661  7.617543465e-31  -2.449357581e-15
158.2612261  7.548217294e-31  -2.427066329e-15
158.5220751  7.449422632e-31  -2.395299729e-15
158.834721  7.33292167e-31  -2.357839817e-15
159.165279  7.211970222e-31  -2.318948887e-15
159.4779249  7.099634535e-31  -2.282828284e-15
159.7387739  7.007414875e-31  -2.253175821e-15
159.9195339  6.94430009e-31  -2.232881788e-15
160  6.916410184e-31  -2.223914022e-15
160.0804661  6.888646229e-31  -2.214986753e-15
160.2612261  6.826732941e-31  -2.195079052e-15
160.5220751  6.738488344e-31  -2.166704737e-15
160.834721  6.63440717e-31  -2.133238304e-15
161.165279  6.526325479e-31  -2.098485537e-15
161.4779249  6.425920132e-31  -2.066201035e-15
161.7387739  6.343477905e-31  -2.039692425e-15
161.9195339  6.287046068e-31  -2.021547238e-15
162  6.262107035e-31  -2.0135283e-15
162.0804661  6.237279239e-31  -2.005545129e-15
162.2612261  6.18190854e-31  -1.987741143e-15
162.5220751  6.102977003e-31  -1.962361365e-15
162.834721  6.009861823e-31  -1.932420955e-15
163.165279  5.91314625e-31  -1.901322869e-15
163.4779249  5.823279974e-31  -1.872427118e-15
163.7387739  5.749476875e-31  -1.848696347e-15
163.9195339  5.698950946e-31  -1.832450155e-15
164  5.676619941e-31  -1.825269807e-15
164.0804661  5.654387329e-31  -1.818121096e-15
164.2612261  5.604800005e-31  -1.802176705e-15
164.5220751  5.534102202e-31  -1.779444416e-15
164.834721  5.45068423e-31  -1.752622063e-15
165.165279  5.364022134e-31  -1.724756589e-15
165.4779249  5.283480055e-31  -1.698858955e-15
165.7387739  5.217321866e-31  -1.677586341e-15
165.9195339  5.172023035e-31  -1.663020879e-15
166  5.152000524e-31  -1.656582808e-15
166.0804661  5.132065174e-31  -1.650172762e-15
166.2612261  5.087597801e-31  -1.635874649e-15
166.5220751  5.024190414e-31  -1.615486533e-15
166.834721  4.949360486e-31  -1.591425593e-15
167.165279  4.87160406e-31  -1.566423663e-15
167.4779249  4.799323582e-31  -1.543182478e-15
167.7387739  4.739940501e-31  -1.524088343e-15
167.9195339  4.699274799e-31  -1.511012626e-15
168  4.681298657e-31  -1.505232548e-15
168.0804661  4.663399837e-31  -1.499477331e-15
168.2612261  4.623471748e-31  -1.486638787e-15
168.5220751  4.566528984e-31  -1.468329316e-15
168.834721  4.499315897e-31  -1.446717509e-15
169.165279  4.429459844e-31  -1.424255877e-15
169.4779249  4.364510064e-31  -1.403371817e-15
169.7387739  4.311139913e-31  -1.38621109e-15
169.9195339  4.274586776e-31  -1.374457734e-15
170  4.258427246e-31  -1.369261772e-15
170.0804661  4.242336409e-31  -1.364087897e-15
170.2612261  4.206438559e-31  -1.352545243e-15
170.5220751  4.155236355e-31  -1.336081601e-15
170.834721  4.09478836e-31  -1.316645052e-15
171.165279  4.031950811e-31  -1.296440162e-15
171.4779249  3.97351491e-31  -1.277650586e-15
171.7387739  3.925488773e-31  -1.262208182e-15
171.9195339  3.892591252e-31  -1.251630258e-15
172  3.878046637e-31  -1.246953559e-15
172.0804661  3.863563133e-31  -1.242296509e-15
172.2612261  3.831248569e-31  -1.23190603e-15
172.5220751  3.785151077e-31  -1.217083766e-15
172.834721  3.730720029e-31  -1.199581916e-15
173.165279  3.674126188e-31  -1.181384639e-15
173.4779249  3.621486355e-31  -1.164458739e-15
173.7387739  3.578216262e-31  -1.150545602e-15
173.9195339  3.548572642e-31  -1.141013943e-15
174  3.535465606e-31  -1.136799485e-15
174.0804661  3.522413008e-31  -1.132602531e-15
174.2612261  3.4932887e-31  -1.123237852e-15
174.5220751  3.451736686e-31  -1.109877149e-15
174.834721  3.402664447e-31  -1.09409838e-15
175.165279  3.351632573e-31  -1.077689506e-15
175.4779249  3.304157049e-31  -1.062424147e-15
175.7387739  3.265125412e-31  -1.04987385e-15
175.9195339  3.238382002e-31  -1.041274729e-15
176  3.226556396e-31  -1.037472304e-15
176.0804661  3.214779348e-31  -1.033685493e-15
176.2612261  3.188499165e-31  -1.025235319e-15
176.5220751  3.151000055e-31  -1.013177793e-15
176.834721  3.106706812e-31  -9.989356696e-16
177.165279  3.060636152e-31  -9.841220331e-16
177.4779249  3.017768104e-31  -9.703381699e-16
177.7387739  2.982518623e-31  -9.59003993e-16
177.9195339  2.958363567e-31  -9.512371362e-16
178  2.947681694e-31  -9.478024692e-16
178.0804661  2.937043193e-31  -9.443817479e-16
178.2612261  2.91330187e-31  -9.367479234e-16
178.5220751  2.879421169e-31  -9.258538664e-16
178.834721  2.839395371e-31  -9.129839051e-16
179.165279  2.797755783e-31  -8.995950427e-16
179.4779249  2.759003712e-31  -8.871346374e-16
179.7387739  2.727133543e-31  -8.768870504e-16
179.9195339  2.705291475e-31  -8.698639154e-16
180  2.695631744e-31  -8.667579095e-16
180.0804661  2.686010799e-31  -8.636643749e-16
180.2612261  2.664538725e-31  -8.567602084e-16
180.5220751  2.63389263e-31  -8.469062122e-16
180.834721  2.59768232e-31  -8.352630888e-16
181.165279  2.560005311e-31  -8.23148361e-16
181.4779249  2.524934778e-31  -8.118717234e-16
181.7387739  2.496087776e-31  -8.025962105e-16
181.9195339  2.476315213e-31  -7.962385076e-16
182  2.467570099e-31  -7.934265892e-16
182.0804661  2.458859714e-31  -7.906258374e-16
182.2612261  2.439418438e-31  -7.843746574e-16
182.5220751  2.411667455e-31  -7.754515602e-16
182.834721  2.378872769e-31  -7.649067024e-16
183.165279  2.344743762e-31  -7.539328047e-16
183.4779249  2.312970237e-31  -7.437162927e-16
183.7387739  2.28683111e-31  -7.353114744e-16
183.9195339  2.268912467e-31  -7.295498843e-16
184  2.260986758e-31  -7.270014385e-16
184.0804661  2.253092181e-31  -7.244630033e-16
184.2612261  2.235470528e-31  -7.187969077e-16
184.5220751  2.210313947e-31  -7.107080188e-16
184.834721  2.180580639e-31  -7.011475215e-16
185.165279  2.149632268e-31  -6.911963308e-16
185.4779249  2.120814942e-31  -6.819303599e-16
185.7387739  2.097104193e-31  -6.743063665e-16
185.9195339  2.080848335e-31  -6.690794306e-16
186  2.073657607e-31  -6.667673119e-16
186.0804661  2.066494821e-31  -6.644641781e-16
186.2612261  2.050505519e-31  -6.593229513e-16
186.5220751  2.027676633e-31  -6.519825133e-16
186.834721  2.000690451e-31  -6.433053317e-16
187.165279  1.972596762e-31  -6.3427204e-16
187.4779249  1.946433178e-31  -6.25859358e-16
187.7387739  1.924902718e-31  -6.189364181e-16
187.9195339  1.91013996e-31  -6.141895762e-16
188  1.90360926e-31  -6.120896841e-16
188.0804661  1.897103669e-31  -6.099978655e-16
188.2612261  1.88258043e-31  -6.053280391e-16
188.5220751  1.861842381e-31  -5.986598925e-16
188.834721  1.837324197e-31  -5.907762748e-16
189.165279  1.811795603e-31  -5.825677683e-16
189.4779249  1.788016999e-31  -5.749219563e-16
189.7387739  1.768446333e-31  -5.686291721e-16
189.9195339  1.755025846e-31  -5.643139262e-16
190  1.749088544e-31  -5.624048363e-16
190.0804661  1.743173829e-31  -5.605030091e-16
190.2612261  1.72996881e-31  -5.562570452e-16
190.5220751  1.711110985e-31  -5.501934689e-16
190.834721  1.68881255e-31  -5.430235931e-16
191.165279  1.665591453e-31  -5.355570431e-16
191.4779249  1.643958704e-31  -5.286012128e-16
191.7387739  1.626151621e-31  -5.228754939e-16
191.9195339  1.613939166e-31  -5.189486809e-16
192  1.608535956e-31  -5.172113237e-16
192.0804661  1.603153088e-31  -5.154805072e-16
192.2612261  1.591134679e-31  -5.116160883e-16
192.5220751  1.573969568e-31  -5.060967898e-16
192.834721  1.553669827e-31  -4.995695773e-16
193.165279  1.5325268e-31  -4.927712135e-16
193.4779249  1.51282689e-31  -4.864368716e-16
193.7387739  1.496608571e-31  -4.812220064e-16
193.9195339  1.485484531e-31  -4.776451641e-16
194  1.480562562e-31  -4.760625459e-16
194.0804661  1.475658932e-31  -4.744858246e-16
194.2612261  1.464709837e-31  -4.709652344e-16
194.5220751  1.449070293e-31  -4.659364693e-16
194.834721  1.430572165e-31  -4.599885505e-16
195.165279  1.411302625e-31  -4.537925909e-16
195.4779249  1.39334557e-31  -4.480186493e-16
195.7387739  1.378560069e-31  -4.43264495e-16
195.9195339  1.368417726e-31  -4.400033092e-16
196  1.363929843e-31  -4.385602678e-16
196.0804661  1.359458512e-31  -4.371225484e-16
196.2612261  1.34947406e-31  -4.339121312e-16
196.5220751  1.335210914e-31  -4.293259357e-16
196.834721  1.318338485e-31  -4.239007468e-16
197.165279  1.300759787e-31  -4.182484631e-16
197.4779249  1.284375942e-31  -4.129803741e-16
197.7387739  1.270883988e-31  -4.086421489e-16
197.9195339  1.261628022e-31  -4.056659702e-16
198  1.257532103e-31  -4.043489616e-16
198.0804661  1.253451138e-31  -4.030367612e-16
198.2612261  1.24433782e-31  -4.001064499e-16
198.5220751  1.231317792e-31  -3.959199685e-16
198.834721  1.215913858e-31  -3.90966962e-16
199.165279  1.199862752e-31  -3.858058628e-16
199.4779249  1.18490046e-31  -3.809948624e-16
199.7387739  1.172577527e-31  -3.770325261e-16
199.9195339  1.1641227e-31  -3.743139471e-16
200  1.160381076e-31  -3.73110859e-16
200.0804661  1.156652976e-31  -3.719121195e-16
200.2612261  1.148327157e-31  -3.69235022e-16
200.5220751  1.136431025e-31  -3.654099199e-16
200.834721  1.122354943e-31  -3.608838732e-16
201.165279  1.107685351e-31  -3.561669882e-16
201.4779249  1.094008882e-31  -3.517694336e-16
201.7387739  1.082743505e-31  -3.481471456e-16
201.9195339  1.07501351e-31  -3.4566163e-16
202  1.071592455e-31  -3.445616185e-16
202.0804661  1.068183644e-31  -3.434655435e-16
202.2612261  1.060570438e-31  -3.410175806e-16
202.5220751  1.049691437e-31  -3.375195287e-16
202.834721  1.03681724e-31  -3.333799379e-16
203.165279  1.023398303e-31  -3.290651905e-16
203.4779249  1.010886047e-31  -3.250419791e-16
203.7387739  1.000578341e-31  -3.21727622e-16
203.9195339  9.935047879e-32  -3.194531801e-16
204  9.903740753e-32  -3.184465256e-16
204.0804661  9.872544571e-32  -3.174434383e-16
204.2612261  9.802867362e-32  -3.152030258e-16
204.5220751  9.703291536e-32  -3.120012481e-16
204.834721  9.585438934e-32  -3.08211796e-16
205.165279  9.462582577e-32  -3.042614523e-16
205.4779249  9.348011384e-32  -3.005775111e-16
205.7387739  9.253614963e-32  -2.975422729e-16
205.9195339  9.188830288e-32  -2.954591757e-16
206  9.160155368e-32  -2.945371576e-16
206.0804661  9.131581077e-32  -2.936183751e-16
206.2612261  9.067756346e-32  -2.91566144e-16
206.5220751  8.976535707e-32  -2.886330205e-16
206.834721  8.868558671e-32  -2.851611089e-16
207.165279  8.755981794e-32  -2.815412933e-16
207.4779249  8.650982554e-32  -2.781651303e-16
207.7387739  8.564462087e-32  -2.753831368e-16
207.9195339  8.505077187e-32  -2.734736649e-16
208  8.478790864e-32  -2.726284501e-16
208.0804661  8.452595903e-32  -2.71786173e-16
208.2612261  8.394082536e-32  -2.699047244e-16
208.5220751  8.310445363e-32  -2.672154409e-16
208.834721  8.211432945e-32  -2.640317792e-16
209.165279  8.108188748e-32  -2.607120481e-16
209.4779249  8.011881131e-32  -2.57615357e-16
209.7387739  7.932513221e-32  -2.55063348e-16
209.9195339  7.878032635e-32  -2.533115702e-16
210  7.853915872e-32  -2.525361158e-16
210.0804661  7.829882135e-32  -2.51763331e-16
210.2612261  7.776193548e-32  -2.500370193e-16
210.5220751  7.699445803e-32  -2.475692595e-16
210.834721  7.608578639e-32  -2.446475016e-16
211.165279  7.513815366e-32  -2.416004676e-16
211.4779249  7.425407283e-32  -2.387577794e-16
211.7387739  7.352540952e-32  -2.364148233e-16
211.9195339  7.302518771e-32  -2.348064018e-16
212  7.280374426e-32  -2.340943688e-16
212.0804661  7.258305598e-32  -2.333847641e-16
212.2612261  7.209003791e-32  -2.317995056e-16
212.5220751  7.138520671e-32  -2.295331796e-16
212.834721  7.055061022e-32  -2.268496042e-16
213.165279  6.96801165e-32  -2.240506043e-16
213.4779249  6.886789698e-32  -2.214389801e-16
213.7387739  6.819838549e-32  -2.192862217e-16
213.9195339  6.773873054e-32  -2.178082396e-16
214  6.75352351e-32  -2.17153917e-16
214.0804661  6.733242715e-32  -2.165018049e-16
214.2612261  6.687933033e-32  -2.150449099e-16
214.5220751  6.623151499e-32  -2.129619137e-16
214.834721  6.546434466e-32  -2.104951414e-16
215.165279  6.466407591e-32  -2.07921944e-16
215.4779249  6.391728595e-32  -2.055207032e-16
215.7387739  6.330163885e-32  -2.035411413e-16
215.9195339  6.28789282e-32  -2.021819504e-16
216  6.269177896e-32  -2.015801876e-16
216.0804661  6.250525613e-32  -2.00980439e-16
216.2612261  6.208852105e-32  -1.996404621e-16
216.5220751  6.149264285e-32  -1.977244654e-16
216.834721  6.07869003e-32  -1.954552091e-16
217.165279  6.005061806e-32  -1.93087755e-16
217.4779249  5.936345351e-32  -1.908782347e-16
217.7387739  5.879689865e-32  -1.890565248e-16
217.9195339  5.840786236e-32  -1.87805611e-16
218  5.823561337e-32  -1.872517587e-16
218.0804661  5.806393563e-32  -1.866997433e-16
218.2612261  5.768034879e-32  -1.854663518e-16
218.5220751  5.713182221e-32  -1.837026103e-16
218.834721  5.648209085e-32  -1.816134533e-16
219.165279  5.580416089e-32  -1.79433626e-16
219.4779249  5.517137894e-32  -1.773989685e-16
219.7387739  5.464960511e-32  -1.757212482e-16
219.9195339  5.429128884e-32  -1.745691121e-16
220  5.413263358e-32  -1.740589694e-16
220.0804661  5.397449973e-32  -1.735505032e-16
220.2612261  5.362115728e-32  -1.7241436e-16
220.5220751  5.311583823e-32  -1.707895487e-16
220.834721  5.251722223e-32  -1.688647489e-16
221.165279  5.189255125e-32  -1.668561714e-16
221.4779249  5.130941175e-32  -1.64981135e-16
221.7387739  5.082852057e-32  -1.634348695e-16
221.9195339  5.049825257e-32  -1.623729203e-16
222  5.035200947e-32  -1.619026878e-16
222.0804661  5.020624266e-32  -1.614339868e-16
222.2612261  4.988051812e-32  -1.603866467e-16
222.5220751  4.941465797e-32  -1.588887122e-16
222.834721  4.886272814e-32  -1.571140278e-16
223.165279  4.828670761e-32  -1.552618819e-16
223.4779249  4.774892093e-32  -1.535326737e-16
223.7387739  4.730538409e-32  -1.521065179e-16
223.9195339  4.7000746e-32  -1.511269795e-16
224  4.686584547e-32  -1.506932181e-16
224.0804661  4.673138037e-32  -1.502608568e-16
224.2612261  4.643089599e-32  -1.492946744e-16
224.5220751  4.600110076e-32  -1.479127037e-16
224.834721  4.549184642e-32  -1.462752388e-16
225.165279  4.496030269e-32  -1.445661042e-16
225.4779249  4.446398344e-32  -1.429702311e-16
225.7387739  4.40546047e-32  -1.416539079e-16
225.9195339  4.377340555e-32  -1.407497354e-16
226  4.364887851e-32  -1.403493291e-16
226.0804661  4.352474988e-32  -1.399502039e-16
226.2612261  4.324735115e-32  -1.390582514e-16
226.5220751  4.285054524e-32  -1.377823551e-16
226.834721  4.238033147e-32  -1.362704219e-16
227.165279  4.188948136e-32  -1.346921343e-16
227.4779249  4.143110716e-32  -1.332182703e-16
227.7387739  4.105298855e-32  -1.320024614e-16
227.9195339  4.079324165e-32  -1.311672669e-16
228  4.067820933e-32  -1.307973901e-16
228.0804661  4.056354181e-32  -1.304286863e-16
228.2612261  4.030727482e-32  -1.296046811e-16
228.5220751  3.994066867e-32  -1.284258896e-16
228.834721  3.950619824e-32  -1.270288862e-16
229.165279  3.905260956e-32  -1.255704096e-16
229.4779249  3.862898437e-32  -1.242082781e-16
229.7387739  3.827949607e-32  -1.230845276e-16
229.9195339  3.803939839e-32  -1.223125136e-16
230  3.793306321e-32  -1.219706017e-16
230.0804661  3.782706232e-32  -1.216297646e-16
230.2612261  3.759015352e-32  -1.208680041e-16
230.5220751  3.725121487e-32  -1.197781752e-16
230.834721  3.684949427e-32  -1.184864761e-16
231.165279  3.643005058e-32  -1.171377899e-16
231.4779249  3.603827198e-32  -1.158780585e-16
231.7387739  3.571502551e-32  -1.148386864e-16
231.9195339  3.549293932e-32  -1.141245868e-16
232  3.539457678e-32  -1.138083102e-16
232.0804661  3.529652081e-32  -1.134930194e-16
232.2612261  3.507735901e-32  -1.127883229e-16
232.5220751  3.476378721e-32  -1.11780059e-16
232.834721  3.439209641e-32  -1.105849182e-16
233.165279  3.400396558e-32  -1.093369159e-16
233.4779249  3.364139561e-32  -1.081711024e-16
233.7387739  3.334221985e-32  -1.072091276e-16
233.9195339  3.313665631e-32  -1.065481552e-16
234  3.304560776e-32  -1.062553962e-16
234.0804661  3.295484055e-32  -1.059635418e-16
234.2612261  3.275196086e-32  -1.053111991e-16
234.5220751  3.246166395e-32  -1.043777736e-16
234.834721  3.211752937e-32  -1.032712375e-16
235.165279  3.175813555e-32  -1.021156367e-16
235.4779249  3.142237461e-32  -1.010360254e-16
235.7387739  3.114529439e-32  -1.00145097e-16
235.9195339  3.095489895e-32  -9.953289635e-17
236  3.087056507e-32  -9.926172781e-17
236.0804661  3.078648959e-32  -9.89913901e-17
236.2612261  3.059855903e-32  -9.838711505e-17
236.5220751  3.032963326e-32  -9.752240668e-17
236.834721  3.001080361e-32  -9.649723652e-17
237.165279  2.96778021e-32  -9.542649793e-17
237.4779249  2.936666568e-32  -9.442606473e-17
237.7387739  2.910988266e-32  -9.360040033e-17
237.9195339  2.89334219e-32  -9.303300546e-17
238  2.885525698e-32  -9.278167269e-17
238.0804661  2.877732954e-32  -9.253110352e-17
238.2612261  2.860313419e-32  -9.197099288e-17
238.5220751  2.835384571e-32  -9.116942656e-17
238.834721  2.805827035e-32  -9.021902865e-17
239.165279  2.774952519e-32  -8.922628434e-17
239.4779249  2.7461023e-32  -8.829862958e-17
239.7387739  2.722289853e-32  -8.75329602e-17
239.9195339  2.705924847e-32  -8.700675707e-17
240  2.698675518e-32  -8.677366095e-17
240.0804661  2.691448031e-32  -8.654126713e-17
240.2612261  2.675291379e-32  -8.602176348e-17
240.5220751  2.652168222e-32  -8.527825765e-17
240.834721  2.624749185e-32  -8.439662138e-17
241.165279  2.59610557e-32  -8.347560982e-17
241.4779249  2.569337295e-32  -8.261489824e-17
241.7387739  2.547241274e-32  -8.19044191e-17
241.9195339  2.532054832e-32  -8.141611173e-17
242  2.525327308e-32  -8.119979381e-17
242.0804661  2.518619886e-32  -8.098412225e-17
242.2612261  2.503625206e-32  -8.050198082e-17
242.5220751  2.482163581e-32  -7.981190016e-17
242.834721  2.456712509e-32  -7.899354215e-17
243.165279  2.430122119e-32  -7.813855035e-17
243.4779249  2.405270188e-32  -7.733945722e-17
243.7387739  2.384754222e-32  -7.667978345e-17
243.9195339  2.370652789e-32  -7.622636364e-17
244  2.36440567e-32  -7.602549273e-17
244.0804661  2.358177065e-32  -7.582521713e-17
244.2612261  2.344252243e-32  -7.53774761e-17
244.5220751  2.32432055e-32  -7.473658912e-17
244.834721  2.300681748e-32  -7.397650316e-17
245.165279  2.275982351e-32  -7.318231463e-17
245.4779249  2.252895538e-32  -7.243997743e-17
245.7387739  2.233835081e-32  -7.182710431e-17
245.9195339  2.220733206e-32  -7.140582447e-17
246  2.214928677e-32  -7.121918466e-17
246.0804661  2.20914121e-32  -7.10330935e-17
246.2612261  2.196202102e-32  -7.061704727e-17
246.5220751  2.177680116e-32  -7.002148823e-17
246.834721  2.155711333e-32  -6.931510034e-17
247.165279  2.132754684e-32  -6.857694844e-17
247.4779249  2.111294789e-32  -6.78869234e-17
247.7387739  2.093576006e-32  -6.731719074e-17
247.9195339  2.081395584e-32  -6.692553941e-17
248  2.075999078e-32  -6.675201925e-17
248.0804661  2.070618307e-32  -6.657900505e-17
248.2612261  2.058587991e-32  -6.619218027e-17
248.5220751  2.041365797e-32  -6.563841498e-17
248.834721  2.020936967e-32  -6.498154301e-17
249.165279  1.999587507e-32  -6.429506892e-17
249.4779249  1.979628137e-32  -6.365329201e-17
249.7387739  1.963146914e-32  -6.312335203e-17
249.9195339  1.951816499e-32  -6.275903198e-17
250  1.946796396e-32  -6.259761474e-17
250.0804661  1.941790813e-32  -6.243666441e-17
250.2612261  1.930598919e-32  -6.207679839e-17
250.5220751  1.914575957e-32  -6.15615934e-17
250.834721  1.895568072e-32  -6.095041071e-17
251.165279  1.875701749e-32  -6.031162568e-17
251.4779249  1.857127229e-32  -5.971437747e-17
251.7387739  1.841788269e-32  -5.922116598e-17
251.9195339  1.831242462e-32  -5.888207436e-17
252  1.826569816e-32  -5.873182932e-17
252.0804661  1.821910579e-32  -5.858201544e-17
252.2612261  1.811492684e-32  -5.82470367e-17
252.5220751  1.796576885e-32  -5.776743164e-17
252.834721  1.778880974e-32  -5.719843439e-17
253.165279  1.76038419e-32  -5.66036857e-17
253.4779249  1.743088579e-32  -5.604755976e-17
253.7387739  1.728804593e-32  -5.558827009e-17
253.9195339  1.718983488e-32  -5.527248067e-17
254  1.714631784e-32  -5.513255524e-17
254.0804661  1.710292469e-32  -5.49930282e-17
254.2612261  1.700589554e-32  -5.468103905e-17
254.5220751  1.686696566e-32  -5.423432161e-17
254.834721  1.670212782e-32  -5.370429927e-17
255.165279  1.652981433e-32  -5.315023963e-17
255.4779249  1.636867638e-32  -5.263211397e-17
255.7387739  1.62355862e-32  -5.22041736e-17
255.9195339  1.614407305e-32  -5.190992068e-17
256  1.610352235e-32  -5.177953331e-17
256.0804661  1.606308621e-32  -5.164951426e-17
256.2612261  1.597266579e-32  -5.135877494e-17
256.5220751  1.584319064e-32  -5.094245841e-17
256.834721  1.568955853e-32  -5.044846717e-17
257.165279  1.552894478e-32  -4.993202704e-17
257.4779249  1.53787345e-32  -4.944903842e-17
257.7387739  1.525466019e-32  -4.905008782e-17
257.9195339  1.516934122e-32  -4.877575177e-17
258  1.51315339e-32  -4.86541855e-17
258.0804661  1.509383256e-32  -4.853295997e-17
258.2612261  1.500952451e-32  -4.826187447e-17
258.5220751  1.488879456e-32  -4.78736774e-17
258.834721  1.474552816e-32  -4.741301621e-17
259.165279  1.459573812e-32  -4.693137884e-17
259.4779249  1.44556383e-32  -4.648089957e-17
259.7387739  1.433990633e-32  -4.610877305e-17
259.9195339  1.426031919e-32  -4.585286724e-17
260  1.422505057e-32  -4.573946395e-17
260.0804661  1.418988006e-32  -4.562637609e-17
260.2612261  1.411122871e-32  -4.537347925e-17
260.5220751  1.399859257e-32  -4.501130713e-17
260.834721  1.386492058e-32  -4.458149599e-17
261.165279  1.372514987e-32  -4.41320749e-17
261.4779249  1.359441002e-32  -4.371169182e-17
261.7387739  1.348640179e-32  -4.336440037e-17
261.9195339  1.341212181e-32  -4.312555929e-17
262  1.33792039e-32  -4.301971448e-17
262.0804661  1.334637684e-32  -4.291416184e-17
262.2612261  1.327296363e-32  -4.267810777e-17
262.5220751  1.316782287e-32  -4.234003641e-17
262.834721  1.304303667e-32  -4.193879682e-17
263.165279  1.291254615e-32  -4.151921541e-17
263.4779249  1.279047659e-32  -4.112671094e-17
263.7387739  1.268962361e-32  -4.080242657e-17
263.9195339  1.262026047e-32  -4.057939518e-17
264  1.258952046e-32  -4.048055324e-17
264.0804661  1.255886466e-32  -4.038198207e-17
264.2612261  1.249030481e-32  -4.016153361e-17
264.5220751  1.239210932e-32  -3.984579417e-17
264.834721  1.227555744e-32  -3.947103135e-17
265.165279  1.215366752e-32  -3.907910445e-17
265.4779249  1.203963408e-32  -3.871243944e-17
265.7387739  1.194541352e-32  -3.840948108e-17
265.9195339  1.188060825e-32  -3.820110515e-17
266  1.185188721e-32  -3.810875504e-17
266.0804661  1.182324426e-32  -3.801665602e-17
266.2612261  1.175918389e-32  -3.781067526e-17
266.5220751  1.166742763e-32  -3.751564065e-17
266.834721  1.155851076e-32  -3.716542753e-17
267.165279  1.144459619e-32  -3.679914472e-17
267.4779249  1.133801533e-32  -3.645644287e-17
267.7387739  1.12499461e-32  -3.617326358e-17
267.9195339  1.118936835e-32  -3.597848089e-17
268  1.116252002e-32  -3.589215231e-17
268.0804661  1.113574414e-32  -3.58060567e-17
268.2612261  1.107585753e-32  -3.561349631e-17
268.5220751  1.099007474e-32  -3.533766891e-17
268.834721  1.088824119e-32  -3.50102316e-17
269.165279  1.078172635e-32  -3.466774204e-17
269.4779249  1.068206083e-32  -3.434727586e-17
269.7387739  1.059969992e-32  -3.408245124e-17
269.9195339  1.054304549e-32  -3.390028363e-17
270  1.051793517e-32  -3.381954349e-17
270.0804661  1.049289211e-32  -3.373901962e-17
270.2612261  1.043687929e-32  -3.355891508e-17
270.5220751  1.035664101e-32  -3.330091556e-17
270.834721  1.026138261e-32  -3.299462014e-17
271.165279  1.016173728e-32  -3.267421889e-17
271.4779249  1.006849213e-32  -3.237439687e-17
271.7387739  9.991431407e-33  -3.212661454e-17
271.9195339  9.938419986e-33  -3.195616074e-17
272  9.914923566e-33  -3.188060996e-17
272.0804661  9.891489622e-33  -3.180526007e-17
272.2612261  9.839074172e-33  -3.163672256e-17
272.5220751  9.763985056e-33  -3.139527976e-17
272.834721  9.674833486e-33  -3.110862033e-17
273.165279  9.581568911e-33  -3.080873586e-17
273.4779249  9.49428786e-33  -3.052809092e-17
273.7387739  9.422151041e-33  -3.029614099e-17
273.9195339  9.372524206e-33  -3.013657005e-17
274  9.350527252e-33  -3.006584067e-17
274.0804661  9.32858836e-33  -2.9995298e-17
274.2612261  9.279515397e-33  -2.983750798e-17
274.5220751  9.209210906e-33  -2.961144975e-17
274.834721  9.125734256e-33  -2.934303754e-17
275.165279  9.038399671e-33  -2.906222047e-17
275.4779249  8.956661867e-33  -2.879939937e-17
275.7387739  8.88910185e-33  -2.858216577e-17
275.9195339  8.842621197e-33  -2.843271111e-17
276  8.822018138e-33  -2.836646369e-17
276.0804661  8.801469068e-33  -2.830038987e-17
276.2612261  8.755503435e-33  -2.815259121e-17
276.5220751  8.689647215e-33  -2.794083602e-17
276.834721  8.611446943e-33  -2.768938957e-17
277.165279  8.529626364e-33  -2.742630232e-17
277.4779249  8.45304339e-33  -2.718005615e-17
277.7387739  8.389739799e-33  -2.697650874e-17
277.9195339  8.346185266e-33  -2.683646277e-17
278  8.326878648e-33  -2.677438395e-17
278.0804661  8.30762226e-33  -2.671246664e-17
278.2612261  8.264546871e-33  -2.657396131e-17
278.5220751  8.202828394e-33  -2.63755107e-17
278.834721  8.129536531e-33  -2.613984683e-17
279.165279  8.052845848e-33  -2.589325433e-17
279.4779249  7.981059017e-33  -2.566242976e-17
279.7387739  7.921715973e-33  -2.547161715e-17
279.9195339  7.88088431e-33  -2.534032634e-17
280  7.862784125e-33  -2.528212671e-17
280.0804661  7.844730693e-33  -2.52240774e-17
280.2612261  7.804345029e-33  -2.509422067e-17
280.5220751  7.746477447e-33  -2.490815228e-17
280.834721  7.677754057e-33  -2.468717795e-17
281.165279  7.605838388e-33  -2.445593911e-17
281.4779249  7.538516276e-33  -2.423947048e-17
281.7387739  7.482860367e-33  -2.406051354e-17
281.9195339  7.444563747e-33  -2.393737396e-17
282  7.42758681e-33  -2.388278603e-17
282.0804661  7.410653414e-33  -2.382833811e-17
282.2612261  7.372772153e-33  -2.370653407e-17
282.5220751  7.31849034e-33  -2.353199543e-17
282.834721  7.254021203e-33  -2.332470029e-17
283.165279  7.186552486e-33  -2.310776026e-17
283.4779249  7.123388687e-33  -2.290466233e-17
283.7387739  7.071167121e-33  -2.273674824e-17
283.9195339  7.035231872e-33  -2.262120144e-17
284  7.019301265e-33  -2.25699779e-17
284.0804661  7.003411228e-33  -2.251888482e-17
284.2612261  6.967862997e-33  -2.240458244e-17
284.5220751  6.916921768e-33  -2.224078517e-17
284.834721  6.856416275e-33  -2.20462348e-17
285.165279  6.793091071e-33  -2.184261789e-17
285.4779249  6.733802152e-33  -2.165197931e-17
285.7387739  6.684781071e-33  -2.149435611e-17
285.9195339  6.651046517e-33  -2.138588547e-17
286  6.636091077e-33  -2.13377975e-17
286.0804661  6.621173457e-33  -2.128983114e-17
286.2612261  6.587799693e-33  -2.118252058e-17
286.5220751  6.53997218e-33  -2.10287352e-17
286.834721  6.48316141e-33  -2.084606491e-17
287.165279  6.4236989e-33  -2.065486817e-17
287.4779249  6.368022535e-33  -2.047584546e-17
287.7387739  6.321985478e-33  -2.032781714e-17
287.9195339  6.29030289e-33  -2.022594442e-17
288  6.27625674e-33  -2.01807802e-17
288.0804661  6.262245866e-33  -2.01357294e-17
288.2612261  6.230899782e-33  -2.003493868e-17
288.5220751  6.185975948e-33  -1.989048984e-17
288.834721  6.132610915e-33  -1.971889902e-17
289.165279  6.076751073e-33  -1.953928636e-17
289.4779249  6.024444339e-33  -1.937109842e-17
289.7387739  5.98119084e-33  -1.92320204e-17
289.9195339  5.951422472e-33  -1.913630269e-17
290  5.938224599e-33  -1.909386603e-17
290.0804661  5.925059642e-33  -1.905153521e-17
290.2612261  5.895605277e-33  -1.895682716e-17
290.5220751  5.853390567e-33  -1.882108928e-17
290.834721  5.803240615e-33  -1.865983629e-17
291.165279  5.750742544e-33  -1.849103312e-17
291.4779249  5.701580364e-33  -1.833295623e-17
291.7387739  5.660924674e-33  -1.820223125e-17
291.9195339  5.63294288e-33  -1.811225812e-17
292  5.620536743e-33  -1.807236722e-17
292.0804661  5.608161338e-33  -1.803257514e-17
292.2612261  5.58047269e-33  -1.79435446e-17
292.5220751  5.540786791e-33  -1.78159379e-17
292.834721  5.493638138e-33  -1.766433534e-17
293.165279  5.444278537e-33  -1.750562366e-17
293.4779249  5.398052265e-33  -1.735698694e-17
293.7387739  5.359822177e-33  -1.723406128e-17
293.9195339  5.333508613e-33  -1.71494522e-17
294  5.321841791e-33  -1.711193851e-17
294.0804661  5.310203672e-33  -1.707451711e-17
294.2612261  5.284163912e-33  -1.699078843e-17
294.5220751  5.246839626e-33  -1.68707753e-17
294.834721  5.202494021e-33  -1.672818571e-17
295.165279  5.156065799e-33  -1.657889963e-17
295.4779249  5.112581914e-33  -1.643908082e-17
295.7387739  5.076617695e-33  -1.632344088e-17
295.9195339  5.051862584e-33  -1.624384288e-17
296  5.040886446e-33  -1.620855003e-17
296.0804661  5.02993713e-33  -1.617334342e-17
296.2612261  5.005437875e-33  -1.60945681e-17
296.5220751  4.970320084e-33  -1.598164977e-17
296.834721  4.928593586e-33  -1.58474817e-17
297.165279  4.884904584e-33  -1.570700336e-17
297.4779249  4.843983505e-33  -1.557542504e-17
297.7387739  4.810136918e-33  -1.546659416e-17
297.9195339  4.786838375e-33  -1.539167964e-17
298  4.776507789e-33  -1.53584625e-17
298.0804661  4.766202277e-33  -1.532532599e-17
298.2612261  4.743142929e-33  -1.525118057e-17
298.5220751  4.710087647e-33  -1.514489407e-17
298.834721  4.670809506e-33  -1.501859849e-17
299.165279  4.62968133e-33  -1.488635427e-17
299.4779249  4.591156327e-33  -1.476248033e-17
299.7387739  4.559289733e-33  -1.466001595e-17
299.9195339  4.537353155e-33  -1.458948072e-17
300  4.527626208e-33  -1.455820453e-17
300.0804661  4.517922713e-33  -1.452700375e-17
300.2612261  4.496209853e-33  -1.445718786e-17
300.5220751  4.465083364e-33  -1.435710323e-17
300.834721  4.428094996e-33  -1.423817022e-17
301.165279  4.38936195e-33  -1.411362734e-17
301.4779249  4.353078147e-33  -1.399695979e-17
301.7387739  4.323063682e-33  -1.390045079e-17
301.9195339  4.302401179e-33  -1.383401223e-17
302  4.293238934e-33  -1.38045518e-17
302.0804661  4.284098634e-33  -1.377516192e-17
302.2612261  4.263645467e-33  -1.370939647e-17
302.5220751  4.234323529e-33  -1.361511422e-17
302.834721  4.199477576e-33  -1.350306997e-17
303.165279  4.162985679e-33  -1.338573332e-17
303.4779249  4.128799142e-33  -1.327580936e-17
303.7387739  4.100517968e-33  -1.31848736e-17
303.9195339  4.081047849e-33  -1.312226906e-17
304  4.072414115e-33  -1.3094508e-17
304.0804661  4.063800923e-33  -1.3066813e-17
304.2612261  4.044526769e-33  -1.300483857e-17
304.5220751  4.016893886e-33  -1.291598734e-17
304.834721  3.984053353e-33  -1.281039134e-17
305.165279  3.949659446e-33  -1.26998006e-17
305.4779249  3.917436342e-33  -1.25961899e-17
305.7387739  3.890777955e-33  -1.251047208e-17
305.9195339  3.872424254e-33  -1.245145728e-17
306  3.864285372e-33  -1.242528739e-17
306.0804661  3.85616573e-33  -1.239917935e-17
306.2612261  3.837995556e-33  -1.234075468e-17
306.5220751  3.811944312e-33  -1.225698907e-17
306.834721  3.78098178e-33  -1.215743163e-17
307.165279  3.748552697e-33  -1.205315862e-17
307.4779249  3.71816853e-33  -1.195546086e-17
307.7387739  3.693030124e-33  -1.187463042e-17
307.9195339  3.675722166e-33  -1.181897812e-17
308  3.668046823e-33  -1.17942987e-17
308.0804661  3.660389506e-33  -1.176967723e-17
308.2612261  3.643253499e-33  -1.171457783e-17
308.5220751  3.618683945e-33  -1.163557648e-17
308.834721  3.589480842e-33  -1.154167634e-17
309.165279  3.558892658e-33  -1.144332258e-17
309.4779249  3.530231557e-33  -1.13511652e-17
309.7387739  3.506517449e-33  -1.127491446e-17
309.9195339  3.490189447e-33  -1.122241313e-17
310  3.482948494e-33  -1.119913045e-17
310.0804661  3.475724438e-33  -1.11759021e-17
310.2612261  3.459557611e-33  -1.112391902e-17
310.5220751  3.4363767e-33  -1.104938273e-17
310.834721  3.40882264e-33  -1.096078495e-17
311.165279  3.379959971e-33  -1.086797945e-17
311.4779249  3.352914049e-33  -1.078101554e-17
311.7387739  3.330535136e-33  -1.070905801e-17
311.9195339  3.315125828e-33  -1.065951067e-17
312  3.308292122e-33  -1.063753745e-17
312.0804661  3.301474259e-33  -1.061561518e-17
312.2612261  3.286216087e-33  -1.05665538e-17
312.5220751  3.264337161e-33  -1.049620394e-17
312.834721  3.238329327e-33  -1.041257792e-17
313.165279  3.211084696e-33  -1.032497508e-17
313.4779249  3.185553449e-33  -1.024288148e-17
313.7387739  3.164426723e-33  -1.017495026e-17
313.9195339  3.149879035e-33  -1.012817338e-17
314  3.143427283e-33  -1.010742831e-17
314.0804661  3.136990395e-33  -1.008673103e-17
314.2612261  3.122584487e-33  -1.004041004e-17
314.5220751  3.101926799e-33  -9.973986964e-18
314.834721  3.077369382e-33  -9.895024637e-18
315.165279  3.05164263e-33  -9.812302411e-18
315.4779249  3.02753239e-33  -9.734777944e-18
315.7387739  3.007580484e-33  -9.670624256e-18
315.9195339  2.993841216e-33  -9.626446784e-18
316  2.987747846e-33  -9.606854061e-18
316.0804661  2.981668424e-33  -9.587306189e-18
316.2612261  2.968062214e-33  -9.543556555e-18
316.5220751  2.948550492e-33  -9.48081824e-18
316.834721  2.925354172e-33  -9.406232407e-18
317.165279  2.901051918e-33  -9.328090535e-18
317.4779249  2.87827535e-33  -9.254854378e-18
317.7387739  2.859426123e-33  -9.194246263e-18
317.9195339  2.846445667e-33  -9.152508688e-18
318  2.840688695e-33  -9.133997626e-18
318.0804661  2.83494482e-33  -9.115528673e-18
318.2612261  2.822089286e-33  -9.074192776e-18
318.5220751  2.803653329e-33  -9.014913494e-18
318.834721  2.781734801e-33  -8.944436294e-18
319.165279  2.758769943e-33  -8.87059471e-18
319.4779249  2.73724558e-33  -8.801384913e-18
319.7387739  2.719431735e-33  -8.74410598e-18
319.9195339  2.70716381e-33  -8.704659491e-18
320  2.701722728e-33  -8.687164146e-18
320.0804661  2.696293946e-33  -8.669708351e-18
320.2612261  2.684143353e-33  -8.630639131e-18
320.5220751  2.666717662e-33  -8.574608276e-18
320.834721  2.645999194e-33  -8.507989767e-18
321.165279  2.624290455e-33  -8.438187129e-18
321.4779249  2.60394227e-33  -8.372759235e-18
321.7387739  2.587100999e-33  -8.318607533e-18
321.9195339  2.575502412e-33  -8.281313244e-18
322  2.570358078e-33  -8.264772067e-18
322.0804661  2.565225301e-33  -8.24826805e-18
322.2612261  2.553736957e-33  -8.21132824e-18
322.5220751  2.537260395e-33  -8.158349226e-18
322.834721  2.517669424e-33  -8.095356094e-18
323.165279  2.497140927e-33  -8.029348423e-18
323.4779249  2.47789794e-33  -7.967474204e-18
323.7387739  2.461970601e-33  -7.916261174e-18
323.9195339  2.45100102e-33  -7.880989402e-18
324  2.446135561e-33  -7.865344921e-18
324.0804661  2.441280964e-33  -7.84973537e-18
324.2612261  2.430415008e-33  -7.814796794e-18
324.5220751  2.414830479e-33  -7.764686042e-18
324.834721  2.396299242e-33  -7.705100394e-18
325.165279  2.37688012e-33  -7.642659827e-18
325.4779249  2.358676036e-33  -7.584126112e-18
325.7387739  2.343607853e-33  -7.535675627e-18
325.9195339  2.333229605e-33  -7.502305235e-18
326  2.328626322e-33  -7.487503764e-18
326.0804661  2.324033255e-33  -7.472735138e-18
326.2612261  2.313752446e-33  -7.439678056e-18
326.5220751  2.299006614e-33  -7.392264061e-18
326.834721  2.281471798e-33  -7.335882325e-18
327.165279  2.263095838e-33  -7.276795957e-18
327.4779249  2.245868708e-33  -7.221403557e-18
327.7387739  2.231608496e-33  -7.175551033e-18
327.9195339  2.221786373e-33  -7.143968815e-18
328  2.217429665e-33  -7.129960183e-18
328.0804661  2.213082565e-33  -7.115982447e-18
328.2612261  2.203352101e-33  -7.084694952e-18
328.5220751  2.189395113e-33  -7.039817422e-18
328.834721  2.172797545e-33  -6.986449324e-18
329.165279  2.155402854e-33  -6.930518146e-18
329.4779249  2.139094769e-33  -6.87808086e-18
329.7387739  2.125594675e-33  -6.834672432e-18
329.9195339  2.116295763e-33  -6.804772556e-18
330  2.112171041e-33  -6.791509855e-18
330.0804661  2.10805536e-33  -6.778276229e-18
330.2612261  2.098842701e-33  -6.748653691e-18
330.5220751  2.085627948e-33  -6.706162753e-18
330.834721  2.069912293e-33  -6.655630375e-18
331.165279  2.053440994e-33  -6.602668289e-18
331.4779249  2.0379978e-33  -6.553011985e-18
331.7387739  2.025213071e-33  -6.511903756e-18
331.9195339  2.016406585e-33  -6.483587234e-18
332  2.012500205e-33  -6.471026594e-18
332.0804661  2.008602336e-33  -6.458493322e-18
332.2612261  1.999877046e-33  -6.430437878e-18
332.5220751  1.987360927e-33  -6.390193342e-18
332.834721  1.972475425e-33  -6.342330252e-18
333.165279  1.956873376e-33  -6.292163163e-18
333.4779249  1.942244406e-33  -6.24512493e-18
333.7387739  1.930133171e-33  -6.206182265e-18
333.9195339  1.921790307e-33  -6.179356483e-18
334  1.918089502e-33  -6.167456851e-18
334.0804661  1.914396712e-33  -6.155582994e-18
334.2612261  1.906130311e-33  -6.12900307e-18
334.5220751  1.894272029e-33  -6.090873752e-18
334.834721  1.880168241e-33  -6.0455242e-18
335.165279  1.865384768e-33  -5.997989176e-18
335.4779249  1.851522603e-33  -5.953416538e-18
335.7387739  1.840045671e-33  -5.916513421e-18
335.9195339  1.832139469e-33  -5.891091686e-18
336  1.828632288e-33  -5.879814639e-18
336.0804661  1.825132658e-33  -5.868561871e-18
336.2612261  1.817298487e-33  -5.843371746e-18
336.5220751  1.806059847e-33  -5.807234839e-18
336.834721  1.792692427e-33  -5.764253014e-18
337.165279  1.778680089e-33  -5.71919751e-18
337.4779249  1.765540328e-33  -5.676947704e-18
337.7387739  1.754661002e-33  -5.641966138e-18
337.9195339  1.747166214e-33  -5.617867272e-18
338  1.743841467e-33  -5.607176826e-18
338.0804661  1.740523836e-33  -5.59650926e-18
338.2612261  1.733096929e-33  -5.572628659e-18
338.5220751  1.722442165e-33  -5.538369153e-18
338.834721  1.709768641e-33  -5.497618495e-18
339.165279  1.696483003e-33  -5.454899634e-18
339.4779249  1.684024059e-33  -5.414838936e-18
339.7387739  1.673707963e-33  -5.381668391e-18
339.9195339  1.666600939e-33  -5.358816348e-18
340  1.663448143e-33  -5.348678795e-18
340.0804661  1.660302055e-33  -5.338562812e-18
340.2612261  1.653259023e-33  -5.315916529e-18
340.5220751  1.643154624e-33  -5.283426676e-18
340.834721  1.631135205e-33  -5.244779238e-18
341.165279  1.618534633e-33  -5.204263149e-18
341.4779249  1.606717535e-33  -5.166266255e-18
341.7387739  1.596932457e-33  -5.134803153e-18
341.9195339  1.590191034e-33  -5.11312667e-18
342  1.587200364e-33  -5.10351042e-18
342.0804661  1.58421602e-33  -5.093914512e-18
342.2612261  1.577534944e-33  -5.072432067e-18
342.5220751  1.567949503e-33  -5.041610882e-18
342.834721  1.556546893e-33  -5.004946741e-18
343.165279  1.544592361e-33  -4.96650794e-18
343.4779249  1.53338058e-33  -4.930457391e-18
343.7387739  1.524096322e-33  -4.900604634e-18
343.9195339  1.517699722e-33  -4.880036901e-18
344  1.514861968e-33  -4.870912339e-18
344.0804661  1.512030181e-33  -4.861806966e-18
344.2612261  1.50569051e-33  -4.841422281e-18
344.5220751  1.496594581e-33  -4.812175081e-18
344.834721  1.48577381e-33  -4.777381795e-18
345.165279  1.474428725e-33  -4.740902617e-18
345.4779249  1.463788003e-33  -4.706688265e-18
345.7387739  1.454976246e-33  -4.678354794e-18
345.9195339  1.448904983e-33  -4.658833154e-18
346  1.446211506e-33  -4.650172504e-18
346.0804661  1.443523661e-33  -4.641529963e-18
346.2612261  1.43750612e-33  -4.622181061e-18
346.5220751  1.428872085e-33  -4.594419041e-18
346.834721  1.418600351e-33  -4.561391138e-18
347.165279  1.407830385e-33  -4.526761209e-18
347.4779249  1.397728588e-33  -4.494279724e-18
347.7387739  1.389362764e-33  -4.467380113e-18
347.9195339  1.383598556e-33  -4.448845783e-18
348  1.381041252e-33  -4.440622987e-18
348.0804661  1.378489265e-33  -4.432417284e-18
348.2612261  1.37277577e-33  -4.414046018e-18
348.5220751  1.364577714e-33  -4.387685851e-18
348.834721  1.354824238e-33  -4.356324365e-18
349.165279  1.344597179e-33  -4.323440109e-18
349.4779249  1.33500415e-33  -4.292594523e-18
349.7387739  1.327059324e-33  -4.267048599e-18
349.9195339  1.321585013e-33  -4.249446409e-18
350  1.319156276e-33  -4.241637007e-18
350.0804661  1.316732559e-33  -4.233843747e-18
350.2612261  1.311306137e-33  -4.216395538e-18
350.5220751  1.303519736e-33  -4.191359014e-18
350.834721  1.294255627e-33  -4.161571046e-18
351.165279  1.284541237e-33  -4.130335234e-18
351.4779249  1.275428663e-33  -4.101034513e-18
351.7387739  1.267881428e-33  -4.076767007e-18
351.9195339  1.262680904e-33  -4.060045158e-18
352  1.260373592e-33  -4.052626187e-18
352.0804661  1.258071022e-33  -4.045222465e-18
352.2612261  1.252915735e-33  -4.028646069e-18
352.5220751  1.245518149e-33  -4.004859748e-18
352.834721  1.236716278e-33  -3.976558066e-18
353.165279  1.22748616e-33  -3.946879393e-18
353.4779249  1.218827454e-33  -3.919038044e-18
353.7387739  1.211655823e-33  -3.895978264e-18
353.9195339  1.206713958e-33  -3.880088107e-18
354  1.204521362e-33  -3.873038e-18
354.0804661  1.202333248e-33  -3.866002301e-18
354.2612261  1.197434127e-33  -3.850249586e-18
354.5220751  1.190403903e-33  -3.827644486e-18
354.834721  1.182038785e-33  -3.800747146e-18
355.165279  1.173266264e-33  -3.772539838e-18
355.4779249  1.165036447e-33  -3.746077546e-18
355.7387739  1.158219766e-33  -3.724159077e-18
355.9195339  1.153522343e-33  -3.709054905e-18
356  1.151438162e-33  -3.702353395e-18
356.0804661  1.149358217e-33  -3.695665505e-18
356.2612261  1.144701196e-33  -3.680691245e-18
356.5220751  1.138018176e-33  -3.659202549e-18
356.834721  1.130065863e-33  -3.633632551e-18
357.165279  1.121725872e-33  -3.606816004e-18
357.4779249  1.113901468e-33  -3.581657286e-18
357.7387739  1.107420324e-33  -3.56081771e-18
357.9195339  1.102953983e-33  -3.54645656e-18
358  1.100972293e-33  -3.540084603e-18
358.0804661  1.098994608e-33  -3.533725522e-18
358.2612261  1.094566468e-33  -3.519487207e-18
358.5220751  1.088211703e-33  -3.499053988e-18
358.834721  1.080649685e-33  -3.47473895e-18
359.165279  1.072718656e-33  -3.44923739e-18
359.4779249  1.065277598e-33  -3.425311285e-18
359.7387739  1.05911374e-33  -3.405491916e-18
359.9195339  1.054865918e-33  -3.391833399e-18
360  1.05298115e-33  -3.385773084e-18
360.0804661  1.05110017e-33  -3.379724948e-18
360.2612261  1.046888479e-33  -3.366182609e-18
360.5220751  1.040844152e-33  -3.346747578e-18
360.834721  1.033651261e-33  -3.323619436e-18
361.165279  1.026107034e-33  -3.299361606e-18
361.4779249  1.019028565e-33  -3.276601379e-18
361.7387739  1.013164829e-33  -3.257747025e-18
361.9195339  1.009123712e-33  -3.24475315e-18
362  1.007330627e-33  -3.238987634e-18
362.0804661  1.005541126e-33  -3.233233642e-18
362.2612261  1.001534193e-33  -3.220349684e-18
362.5220751  9.957835447e-34  -3.201858953e-18
362.834721  9.889398683e-34  -3.179853682e-18
363.165279  9.817615968e-34  -3.156772549e-18
363.4779249  9.750261924e-34  -3.135115418e-18
363.7387739  9.694464283e-34  -3.117174152e-18
363.9195339  9.656009005e-34  -3.104809178e-18
364  9.638945699e-34  -3.099322614e-18
364.0804661  9.621916308e-34  -3.093846955e-18
364.2612261  9.583784548e-34  -3.081586006e-18
364.5220751  9.529057162e-34  -3.063988871e-18
364.834721  9.463925178e-34  -3.043046225e-18
365.165279  9.395605831e-34  -3.021078709e-18
365.4779249  9.331498681e-34  -3.000465589e-18
365.7387739  9.278388778e-34  -2.983388543e-18
365.9195339  9.241784773e-34  -2.97161883e-18
366  9.225542624e-34  -2.966396302e-18
366.0804661  9.209332581e-34  -2.961184098e-18
366.2612261  9.173034843e-34  -2.949512864e-18
366.5220751  9.120938129e-34  -2.932761599e-18
366.834721  9.058934557e-34  -2.912824868e-18
367.165279  8.993893904e-34  -2.891911588e-18
367.4779249  8.932860666e-34  -2.872286859e-18
367.7387739  8.882295418e-34  -2.856028026e-18
367.9195339  8.84744419e-34  -2.844821904e-18
368  8.831979523e-34  -2.839849369e-18
368.0804661  8.81654526e-34  -2.834886611e-18
368.2612261  8.781984056e-34  -2.823773744e-18
368.5220751  8.732378259e-34  -2.807823413e-18
368.834721  8.673337028e-34  -2.788839198e-18
369.165279  8.61140117e-34  -2.768924239e-18
369.4779249  8.553278945e-34  -2.750235522e-18
369.7387739  8.505123603e-34  -2.734751574e-18
369.9195339  8.47193239e-34  -2.724079216e-18
370  8.457204074e-34  -2.719343449e-18
370.0804661  8.442504557e-34  -2.714616942e-18
370.2612261  8.409588068e-34  -2.704032919e-18
370.5220751  8.362341557e-34  -2.688841197e-18
370.834721  8.306106244e-34  -2.670759201e-18
371.165279  8.247111373e-34  -2.651789892e-18
371.4779249  8.191746709e-34  -2.633987846e-18
371.7387739  8.14587433e-34  -2.619237966e-18
371.9195339  8.114255743e-34  -2.609071272e-18
372  8.100225025e-34  -2.604559812e-18
372.0804661  8.086221596e-34  -2.600057126e-18
372.2612261  8.054863314e-34  -2.589974132e-18
372.5220751  8.009852071e-34  -2.575501142e-18
372.834721  7.956275289e-34  -2.558273975e-18
373.165279  7.900067055e-34  -2.540200686e-18
373.4779249  7.847315349e-34  -2.523238815e-18
373.7387739  7.80360631e-34  -2.509184538e-18
373.9195339  7.773477991e-34  -2.499497028e-18
374  7.760108353e-34  -2.495198132e-18
374.0804661  7.746764578e-34  -2.490907553e-18
374.2612261  7.716882975e-34  -2.481299372e-18
374.5220751  7.673990113e-34  -2.46750753e-18
374.834721  7.622932948e-34  -2.451090525e-18
375.165279  7.569365864e-34  -2.433866476e-18
375.4779249  7.519090811e-34  -2.417700952e-18
375.7387739  7.477432346e-34  -2.404306019e-18
375.9195339  7.448716659e-34  -2.39507273e-18
376  7.435973672e-34  -2.390975329e-18
376.0804661  7.423255206e-34  -2.386885812e-18
376.2612261  7.394773421e-34  -2.377727731e-18
376.5220751  7.353888743e-34  -2.364581604e-18
376.834721  7.305220223e-34  -2.348932647e-18
377.165279  7.254157114e-34  -2.33251373e-18
377.4779249  7.206230191e-34  -2.317103228e-18
377.7387739  7.166515965e-34  -2.30433345e-18
377.9195339  7.139139699e-34  -2.29553084e-18
378  7.126990898e-34  -2.291624494e-18
378.0804661  7.11486535e-34  -2.287725625e-18
378.2612261  7.087710902e-34  -2.278994339e-18
378.5220751  7.048730483e-34  -2.26646051e-18
378.834721  7.002327085e-34  -2.251539885e-18
379.165279  6.953638573e-34  -2.2358845e-18
379.4779249  6.907938555e-34  -2.22119004e-18
379.7387739  6.870068268e-34  -2.209013165e-18
379.9195339  6.843962365e-34  -2.200619029e-18
380  6.832377124e-34  -2.196893892e-18
380.0804661  6.820813941e-34  -2.193175847e-18
380.2612261  6.794918453e-34  -2.184849368e-18
380.5220751  6.757744255e-34  -2.172896315e-18
380.834721  6.713489447e-34  -2.158666551e-18
381.165279  6.667053469e-34  -2.143735449e-18
381.4779249  6.623465978e-34  -2.129720255e-18
381.7387739  6.587344994e-34  -2.118105854e-18
381.9195339  6.56244429e-34  -2.11009924e-18
382  6.551393712e-34  -2.106546019e-18
382.0804661  6.540364064e-34  -2.102999527e-18
382.2612261  6.515663015e-34  -2.095057111e-18
382.5220751  6.480202521e-34  -2.083655085e-18
382.834721  6.437986333e-34  -2.070080822e-18
383.165279  6.393687693e-34  -2.055836963e-18
383.4779249  6.352104782e-34  -2.042466325e-18
383.7387739  6.317643778e-34  -2.031385677e-18
383.9195339  6.29388677e-34  -2.023746808e-18
384  6.283343578e-34  -2.020356733e-18
384.0804661  6.272820252e-34  -2.016973045e-18
384.2612261  6.249252739e-34  -2.009395108e-18
384.5220751  6.215418621e-34  -1.998516029e-18
384.834721  6.17513724e-34  -1.985563888e-18
385.165279  6.132867188e-34  -1.971972305e-18
385.4779249  6.093186946e-34  -1.959213454e-18
385.7387739  6.060301593e-34  -1.948639443e-18
385.9195339  6.03763021e-34  -1.941349648e-18
386  6.027568651e-34  -1.938114438e-18
386.0804661  6.017525952e-34  -1.934885292e-18
386.2612261  5.995034472e-34  -1.927653344e-18
386.5220751  5.96274427e-34  -1.917270699e-18
386.834721  5.924299672e-34  -1.904909159e-18
387.165279  5.883955514e-34  -1.891936832e-18
387.4779249  5.8460817e-34  -1.879758822e-18
387.7387739  5.814692355e-34  -1.86966584e-18
387.9195339  5.793051755e-34  -1.862707486e-18
388  5.783447507e-34  -1.85961932e-18
388.0804661  5.773861169e-34  -1.856536913e-18
388.2612261  5.752391411e-34  -1.849633491e-18
388.5220751  5.721567241e-34  -1.839722236e-18
388.834721  5.684866834e-34  -1.827921527e-18
389.165279  5.646351567e-34  -1.815537264e-18
389.4779249  5.610193268e-34  -1.803910864e-18
389.7387739  5.580224696e-34  -1.79427472e-18
389.9195339  5.559563068e-34  -1.787631145e-18
390  5.550393152e-34  -1.784682635e-18
390.0804661  5.541240248e-34  -1.781739595e-18
390.2612261  5.5207409e-34  -1.775148201e-18
390.5220751  5.491309179e-34  -1.765684677e-18
390.834721  5.456265482e-34  -1.754416668e-18
391.165279  5.419487449e-34  -1.742590998e-18
391.4779249  5.38495876e-34  -1.731488586e-18
391.7387739  5.356339865e-34  -1.722286419e-18
391.9195339  5.336608249e-34  -1.715941882e-18
392  5.32785095e-34  -1.713126046e-18
392.0804661  5.319109816e-34  -1.710315407e-18
392.2612261  5.299532388e-34  -1.704020449e-18
392.5220751  5.271423574e-34  -1.694982294e-18
392.834721  5.237953907e-34  -1.684220401e-18
393.165279  5.202826479e-34  -1.67292547e-18
393.4779249  5.169846203e-34  -1.662320937e-18
393.7387739  5.142509784e-34  -1.65353114e-18
393.9195339  5.123661899e-34  -1.64747076e-18
394  5.115296692e-34  -1.644780997e-18
394.0804661  5.106946846e-34  -1.642096173e-18
394.2612261  5.0882455e-34  -1.636082912e-18
394.5220751  5.061393853e-34  -1.627448988e-18
394.834721  5.029420052e-34  -1.617168079e-18
395.165279  4.995861329e-34  -1.606377552e-18
395.4779249  4.964352696e-34  -1.596246214e-18
395.7387739  4.938235215e-34  -1.587848355e-18
395.9195339  4.920227303e-34  -1.582058061e-18
396  4.912234777e-34  -1.579488131e-18
396.0804661  4.904256855e-34  -1.576922897e-18
396.2612261  4.886388246e-34  -1.571177395e-18
396.5220751  4.860731602e-34  -1.562927715e-18
396.834721  4.830179752e-34  -1.553104022e-18
397.165279  4.79811228e-34  -1.542792994e-18
397.4779249  4.768002689e-34  -1.533111506e-18
397.7387739  4.743044052e-34  -1.525086264e-18
397.9195339  4.725834724e-34  -1.519552749e-18
398  4.718196524e-34  -1.517096749e-18
398.0804661  4.710572209e-34  -1.514645214e-18
398.2612261  4.69349534e-34  -1.509154289e-18
398.5220751  4.668974899e-34  -1.501269946e-18
398.834721  4.639775083e-34  -1.491880989e-18
399.165279  4.609125596e-34  -1.482025902e-18
399.4779249  4.580346364e-34  -1.47277218e-18
399.7387739  4.556489721e-34  -1.465101275e-18
399.9195339  4.540039821e-34  -1.459811947e-18
