#L=6 M=-4
#R     Re(V)   Im(V)

0.08046609183  1.814834497e-09  2.023439048e-15
0.2612261349  2.124828399e-06  6.002601577e-16
0.5220750502  0.000135465244  2.381337415e-16
0.8347210423  0.00226509673  1.320775472e-16
1.165278958  0.01678805664  6.837171411e-17
1.47792495  0.06997901365  2.648898073e-17
1.738773865  0.1857982046  1.081120347e-16
1.919533908  0.3365824437  2.959515783e-11
2  0.4304976465  -4.62086052e-07
2.080466092  0.3267989823  1.592364796e-11
2.261226135  0.182511821  1.824057401e-16
2.52207505  0.08567393561  -1.651047435e-17
2.834721042  0.03970096266  -9.312427556e-18
3.165278958  0.02237342945  -3.18197795e-18
3.47792495  0.01855383202  -4.650592223e-18
3.738773865  0.02082535215  -7.768578112e-18
3.919533908  0.02480572098  -9.644083681e-18
4  0.02720238223  -1.406164715e-17
4.080466092  0.02342834327  -1.130205516e-17
4.261226135  0.01685333278  -5.331680144e-18
4.52207505  0.01061264029  -5.114092588e-18
4.834721042  0.006192480202  -5.026839352e-18
5.165278958  0.003548809516  -3.878583631e-18
5.47792495  0.002109985072  -1.388487874e-18
5.738773865  0.001368476219  1.050127897e-19
5.919533908  0.001012066633  1.987316697e-19
6  0.0008840933422  -2.927893001e-19
6.080466092  0.0007717221089  -3.984042412e-20
6.261226135  0.0005665877392  -7.639840749e-19
6.52207505  0.0003581126495  -3.295681878e-19
6.834721042  0.0001999110557  -1.289856659e-18
7.165278958  0.0001004014461  -5.011918307e-19
7.47792495  4.518471348e-05  1.553990249e-19
7.738773865  1.712518972e-05  2.545422793e-19
7.919533908  4.124470825e-06  -4.292628114e-19
8  -3.806756893e-07  -2.459806704e-19
8.080466092  -4.227915057e-06  -8.33520435e-21
8.261226135  -1.086578593e-05  -4.522772073e-19
8.52207505  -1.67294997e-05  5.736124062e-20
8.834721042  -1.991605224e-05  -6.78993783e-20
9.165278958  -2.056760087e-05  5.702510961e-20
9.47792495  -1.976696392e-05  -1.10632492e-21
9.738773865  -1.854671965e-05  2.427854156e-19
9.919533908  -1.754933641e-05  3.975405281e-19
10  -1.708354321e-05  5.813181107e-20
10.08046609  -1.660991739e-05  2.319052187e-20
10.26122613  -1.553353171e-05  6.477839474e-19
10.52207505  -1.399552475e-05  2.653252173e-19
10.83472104  -1.224409589e-05  2.597221813e-19
11.16527896  -1.055392009e-05  -2.912272556e-19
11.47792495  -9.128970647e-06  2.891433925e-19
11.73877387  -8.07053702e-06  -1.511592047e-19
11.91953391  -7.404142654e-06  -7.276872961e-21
12  -7.124431704e-06  -9.666482911e-21
12.08046609  -6.854816278e-06  -3.422236615e-19
12.26122613  -6.284631523e-06  -4.03378599e-20
12.52207505  -5.543201244e-06  1.055282387e-19
12.83472104  -4.769370764e-06  3.887896377e-20
13.16527896  -4.070913466e-06  5.059918472e-19
13.47792495  -3.508141514e-06  4.180093632e-19
13.73877387  -3.101562441e-06  8.734635537e-20
13.91953391  -2.849466486e-06  -8.548292351e-20
14  -2.74439446e-06  -7.733054075e-20
14.08046609  -2.643478911e-06  2.883702105e-19
14.26122613  -2.431085131e-06  -1.577913391e-19
14.52207505  -2.156523496e-06  -1.633782322e-19
14.83472104  -1.871135149e-06  -3.151868309e-19
15.16527896  -1.613733259e-06  -2.229554295e-19
15.47792495  -1.405814055e-06  1.180967374e-19
15.73877387  -1.254935373e-06  -1.078204799e-19
15.91953391  -1.160957176e-06  1.040328708e-19
16  -1.121666092e-06  -7.682764273e-20
16.08046609  -1.083852419e-06  -3.334709956e-20
16.26122613  -1.003989604e-06  1.704006396e-19
16.52207505  -9.000914285e-07  -2.216447329e-19
16.83472104  -7.911150817e-07  1.54523044e-19
17.16527896  -6.917390119e-07  -2.331095722e-20
17.47792495  -6.105226245e-07  2.981008271e-20
17.73877387  -5.509424168e-07  -1.92095266e-21
17.91953391  -5.135110012e-07  1.875589935e-19
18  -4.97780449e-07  1.455844785e-20
18.08046609  -4.82593243e-07  1.660074064e-19
18.26122613  -4.503523489e-07  -6.454592861e-21
18.52207505  -4.080391707e-07  4.669645359e-20
18.83472104  -3.631460533e-07  1.068225509e-19
19.16527896  -3.216755526e-07  -1.329833024e-19
19.47792495  -2.873426508e-07  2.670173123e-19
19.73877387  -2.618655107e-07  5.281434885e-20
19.91953391  -2.457182389e-07  -1.390034688e-19
20  -2.388971815e-07  -5.739562889e-20
20.08046609  -2.322909684e-07  1.250237875e-19
20.26122613  -2.181956666e-07  -6.961464226e-20
20.52207505  -1.995393846e-07  -9.881313594e-20
20.83472104  -1.795288029e-07  2.165948384e-20
21.16527896  -1.608199028e-07  -7.068915452e-20
21.47792495  -1.45146602e-07  1.561726079e-19
21.73877387  -1.333947735e-07  1.944990187e-19
21.91953391  -1.258877129e-07  9.372188159e-20
22  -1.227018941e-07  1.343999658e-20
22.08046609  -1.196077858e-07  2.312893256e-19
22.26122613  -1.129764823e-07  -7.397156435e-20
22.52207505  -1.041335694e-07  1.066894499e-19
22.83472104  -9.455775972e-08  4.969619842e-20
23.16527896  -8.55104539e-08  1.476999424e-19
23.47792495  -7.78529573e-08  2.218408768e-20
23.73877387  -7.205973477e-08  -5.459254362e-20
23.91953391  -6.833388601e-08  1.786792019e-19
24  -6.67464581e-08  -2.90477317e-21
24.08046609  -6.520102182e-08  4.606888046e-20
24.26122613  -6.187609407e-08  -2.025744945e-19
24.52207505  -5.741374606e-08  -6.328411526e-20
24.83472104  -5.254187668e-08  8.958438669e-21
25.16527896  -4.789738842e-08  3.495090858e-20
25.47792495  -4.393173013e-08  1.08185817e-19
25.73877387  -4.090849149e-08  -1.293477912e-19
25.91953391  -3.895284353e-08  -6.38559091e-20
26  -3.811680253e-08  -1.633638678e-19
26.08046609  -3.730120416e-08  5.416058866e-20
26.26122613  -3.554070995e-08  6.946454849e-20
26.52207505  -3.316496787e-08  6.880985543e-20
26.83472104  -3.055297016e-08  5.939526745e-21
27.16527896  -2.804365644e-08  -8.417742008e-20
27.47792495  -2.588492303e-08  -8.04022084e-20
27.73877387  -2.422835802e-08  2.307435246e-20
27.91953391  -2.31514335e-08  -1.257199606e-20
28  -2.268970803e-08  -1.388434925e-20
28.08046609  -2.223847639e-08  6.972502967e-21
28.26122613  -2.126171985e-08  -1.22790335e-19
28.52207505  -1.9937366e-08  2.230752371e-19
28.83472104  -1.847249421e-08  -5.63990523e-20
29.16527896  -1.705583747e-08  -5.33628115e-20
29.47792495  -1.582915595e-08  2.332005826e-20
29.73877387  -1.488246244e-08  1.57382237e-20
29.91953391  -1.426436649e-08  1.062418386e-19
30  -1.399869307e-08  -5.227911768e-20
30.08046609  -1.373865963e-08  -5.510603736e-20
30.26122613  -1.317439514e-08  -2.093834715e-20
30.52207505  -1.240617739e-08  -2.694870991e-20
30.83472104  -1.155197542e-08  -4.315347425e-20
31.16527896  -1.072109956e-08  2.5895557e-19
31.47792495  -9.997555346e-09  5.606563834e-20
31.73877387  -9.436381463e-09  -1.649643624e-20
31.91953391  -9.06861003e-09  -4.705756982e-21
32  -8.910183958e-09  -8.146465659e-20
32.08046609  -8.754913035e-09  6.174525049e-20
32.26122613  -8.41725424e-09  4.578555601e-20
32.52207505  -7.955890671e-09  1.02276679e-21
32.83472104  -7.440519048e-09  -1.559967682e-20
33.16527896  -6.936669057e-09  8.025354369e-20
33.47792495  -6.495713214e-09  -2.044558029e-20
33.73877387  -6.152214918e-09  1.199158325e-20
33.91953391  -5.926351914e-09  1.16439833e-19
34  -5.828867054e-09  -6.746771803e-20
34.08046609  -5.733210539e-09  -5.563621653e-20
34.26122613  -5.524796198e-09  1.017604121e-19
34.52207505  -5.239119773e-09  -3.486410952e-20
34.83472104  -4.918698655e-09  8.790790858e-21
35.16527896  -4.604029616e-09  -3.402908721e-20
35.47792495  -4.327420553e-09  -2.099461312e-20
35.73877387  -4.111109449e-09  1.77531157e-20
35.91953391  -3.968457475e-09  -4.386909878e-20
36  -3.906781064e-09  1.510065569e-20
36.08046609  -3.846197714e-09  -1.548930091e-20
36.26122613  -3.713976774e-09  -8.98770043e-21
36.52207505  -3.53222588e-09  -1.22239478e-20
36.83472104  -3.327628876e-09  -1.209218999e-19
37.16527896  -3.125898e-09  -1.177405688e-19
37.47792495  -2.947866562e-09  7.770917728e-20
37.73877387  -2.808161499e-09  -2.206586851e-20
37.91953391  -2.715786641e-09  1.007939263e-20
38  -2.675786173e-09  -1.032425923e-19
38.08046609  -2.636457616e-09  9.353448769e-22
38.26122613  -2.550494534e-09  4.236961922e-21
38.52207505  -2.432029679e-09  6.575571355e-21
38.83472104  -2.298239331e-09  -1.306553977e-21
39.16527896  -2.16584819e-09  -5.997181543e-22
39.47792495  -2.048596197e-09  1.152383917e-21
39.73877387  -1.95629949e-09  2.419626296e-21
39.91953391  -1.895127128e-09  1.578445295e-22
40  -1.868601282e-09  1.098248333e-21
40.08046609  -1.842498908e-09  1.207917637e-24
40.26122613  -1.785367411e-09  1.170462992e-24
40.52207505  -1.706455023e-09  1.118729086e-24
40.83472104  -1.617072272e-09  1.06013095e-24
41.16527896  -1.528337054e-09  1.001957328e-24
41.47792495  -1.44949737e-09  9.502710859e-25
41.73877387  -1.387262905e-09  9.094710032e-25
41.91953391  -1.345926877e-09  8.823716557e-25
42  -1.327980045e-09  8.706059531e-25
42.08046609  -1.310306186e-09  8.590192076e-25
42.26122613  -1.27157485e-09  8.336274619e-25
42.52207505  -1.217966755e-09  7.98482712e-25
42.83472104  -1.157084248e-09  7.585689547e-25
43.16527896  -1.096464862e-09  7.188276962e-25
43.47792495  -1.042449252e-09  6.834157849e-25
43.73877387  -9.997015197e-10  6.553909432e-25
43.91953391  -9.712533372e-10  6.367406954e-25
44  -9.58887918e-10  6.28634092e-25
44.08046609  -9.467020909e-10  6.206452267e-25
44.26122613  -9.199675254e-10  6.031184032e-25
44.52207505  -8.828944773e-10  5.788138088e-25
44.83472104  -8.406888322e-10  5.511443524e-25
45.16527896  -7.985529224e-10  5.235206136e-25
45.47792495  -7.609079077e-10  4.988410456e-25
45.73877387  -7.310464204e-10  4.79264254e-25
45.91953391  -7.111386505e-10  4.662129863e-25
46  -7.024764351e-10  4.605341538e-25
46.08046609  -6.939345956e-10  4.549342381e-25
46.26122613  -6.751753936e-10  4.426359562e-25
46.52207505  -6.491170834e-10  4.255524766e-25
46.83472104  -6.193854758e-10  4.060608324e-25
47.16527896  -5.896302146e-10  3.865536812e-25
47.47792495  -5.629819548e-10  3.690834386e-25
47.73877387  -5.417984521e-10  3.551958176e-25
47.91953391  -5.276530896e-10  3.459223071e-25
48  -5.21492324e-10  3.418833916e-25
48.08046609  -5.154136292e-10  3.378982806e-25
48.26122613  -5.020513295e-10  3.291381357e-25
48.52207505  -4.834605317e-10  3.169502573e-25
48.83472104  -4.622060259e-10  3.030160876e-25
49.16527896  -4.408867311e-10  2.890394431e-25
49.47792495  -4.21751115e-10  2.764943892e-25
49.73877387  -4.065098343e-10  2.665024095e-25
49.91953391  -3.96317208e-10  2.5982026e-25
50  -3.918740917e-10  2.569074124e-25
50.08046609  -3.874878122e-10  2.540318262e-25
50.26122613  -3.778374732e-10  2.477051931e-25
50.52207505  -3.643915726e-10  2.388902405e-25
50.83472104  -3.489903908e-10  2.287934317e-25
51.16527896  -3.335102285e-10  2.186448444e-25
51.47792495  -3.195871842e-10  2.095170828e-25
51.73877387  -3.084776158e-10  2.022337984e-25
51.91953391  -3.010378382e-10  1.973563797e-25
52  -2.977921029e-10  1.95228519e-25
52.08046609  -2.945863002e-10  1.931268377e-25
52.26122613  -2.8752752e-10  1.884991959e-25
52.52207505  -2.776792646e-10  1.820428113e-25
52.83472104  -2.663794087e-10  1.74634777e-25
53.16527896  -2.549998373e-10  1.671744822e-25
53.47792495  -2.447455195e-10  1.604518886e-25
53.73877387  -2.365496503e-10  1.550787864e-25
53.91953391  -2.310540982e-10  1.51475976e-25
54  -2.286547687e-10  1.499030076e-25
54.08046609  -2.262838715e-10  1.483486792e-25
54.26122613  -2.210595895e-10  1.449237098e-25
54.52207505  -2.137617264e-10  1.401393283e-25
54.83472104  -2.053747808e-10  1.34640959e-25
55.16527896  -1.969136632e-10  1.290939635e-25
55.47792495  -1.892758133e-10  1.240866912e-25
55.73877387  -1.831617168e-10  1.200783713e-25
55.91953391  -1.79057197e-10  1.173875031e-25
56  -1.772639379e-10  1.162118664e-25
56.08046609  -1.754911746e-10  1.150496665e-25
56.26122613  -1.715822002e-10  1.124869952e-25
56.52207505  -1.661154015e-10  1.089030351e-25
56.83472104  -1.598234322e-10  1.047781042e-25
57.16527896  -1.534653351e-10  1.006098208e-25
57.47792495  -1.477165021e-10  9.684096277e-26
57.73877387  -1.431079244e-10  9.381964088e-26
57.91953391  -1.400106828e-10  9.178913072e-26
58  -1.386566257e-10  9.090142896e-26
58.08046609  -1.373175138e-10  9.002352515e-26
58.26122613  -1.343628601e-10  8.808649368e-26
58.52207505  -1.30226259e-10  8.537459334e-26
58.83472104  -1.254586735e-10  8.22490281e-26
59.16527896  -1.206335661e-10  7.908575222e-26
59.47792495  -1.162641771e-10  7.622123922e-26
59.73877387  -1.127567243e-10  7.392180007e-26
59.91953391  -1.103970826e-10  7.237485054e-26
60  -1.09364867e-10  7.169814385e-26
60.08046609  -1.083436668e-10  7.102865862e-26
60.26122613  -1.060891168e-10  6.955060581e-26
60.52207505  -1.02929512e-10  6.747921116e-26
60.83472104  -9.928323862e-11  6.508876312e-26
61.16527896  -9.558766582e-11  6.266599503e-26
61.47792495  -9.223636493e-11  6.0468927e-26
61.73877387  -8.954278154e-11  5.870304976e-26
61.91953391  -8.772892988e-11  5.751391287e-26
62  -8.693501942e-11  5.69934358e-26
62.08046609  -8.614930928e-11  5.647833474e-26
62.26122613  -8.441369247e-11  5.534048757e-26
62.52207505  -8.197905316e-11  5.374437061e-26
62.83472104  -7.916600738e-11  5.190017543e-26
63.16527896  -7.631108927e-11  5.002852931e-26
63.47792495  -7.371867679e-11  4.832897837e-26
63.73877387  -7.163258911e-11  4.696136719e-26
63.91953391  -7.02265584e-11  4.603959226e-26
64  -6.961082231e-11  4.563592392e-26
64.08046609  -6.900124841e-11  4.523629543e-26
64.26122613  -6.765400748e-11  4.435306229e-26
64.52207505  -6.576249776e-11  4.311301383e-26
64.83472104  -6.357451502e-11  4.167860161e-26
65.16527896  -6.135115892e-11  4.022099909e-26
65.47792495  -5.932971025e-11  3.889576438e-26
65.73877387  -5.770127176e-11  3.782818189e-26
65.91953391  -5.660277015e-11  3.710801893e-26
66  -5.612146937e-11  3.679248458e-26
66.08046609  -5.564484012e-11  3.648001282e-26
66.26122613  -5.459090646e-11  3.578906801e-26
66.52207505  -5.31099713e-11  3.481818673e-26
66.83472104  -5.139508681e-11  3.36939314e-26
67.16527896  -4.965040805e-11  3.255014334e-26
67.47792495  -4.806229997e-11  3.150900093e-26
67.73877387  -4.678162068e-11  3.066940472e-26
67.91953391  -4.591702092e-11  3.010258468e-26
68  -4.553802519e-11  2.985412015e-26
68.08046609  -4.516260034e-11  2.960799664e-26
68.26122613  -4.433206763e-11  2.906351051e-26
68.52207505  -4.316413464e-11  2.829782926e-26
68.83472104  -4.181033861e-11  2.741029869e-26
69.16527896  -4.043148119e-11  2.650633821e-26
69.47792495  -3.917497316e-11  2.568258836e-26
69.73877387  -3.816070856e-11  2.501765006e-26
69.91953391  -3.747545461e-11  2.456840673e-26
70  -3.717494219e-11  2.437139481e-26
70.08046609  -3.687718066e-11  2.417618633e-26
70.26122613  -3.621817067e-11  2.37441482e-26
70.52207505  -3.529075943e-11  2.313614979e-26
70.83472104  -3.421474176e-11  2.243072701e-26
71.16527896  -3.311764828e-11  2.17114872e-26
71.47792495  -3.211685632e-11  2.105538137e-26
71.73877387  -3.130826022e-11  2.052527659e-26
71.91953391  -3.076157252e-11  2.016687544e-26
72  -3.052172724e-11  2.000963609e-26
72.08046609  -3.028401679e-11  1.985379629e-26
72.26122613  -2.97576956e-11  1.950874716e-26
72.52207505  -2.901650015e-11  1.902282934e-26
72.83472104  -2.815576641e-11  1.845854382e-26
73.16527896  -2.727729827e-11  1.788263185e-26
73.47792495  -2.647514821e-11  1.735675301e-26
73.73877387  -2.582647885e-11  1.693149405e-26
73.91953391  -2.538762316e-11  1.664378613e-26
74  -2.519501051e-11  1.651751185e-26
74.08046609  -2.500406614e-11  1.639233128e-26
74.26122613  -2.458112598e-11  1.611505737e-26
74.52207505  -2.398512617e-11  1.572432787e-26
74.83472104  -2.329241789e-11  1.527019759e-26
75.16527896  -2.258476973e-11  1.480627292e-26
75.47792495  -2.193799424e-11  1.438225556e-26
75.73877387  -2.141453713e-11  1.403908408e-26
75.91953391  -2.10601689e-11  1.380676501e-26
76  -2.09045795e-11  1.370476268e-26
76.08046609  -2.075030239e-11  1.360362067e-26
76.26122613  -2.040845352e-11  1.337950912e-26
76.52207505  -1.992642615e-11  1.306349843e-26
76.83472104  -1.936573345e-11  1.26959158e-26
77.16527896  -1.87924355e-11  1.232006932e-26
77.47792495  -1.826798797e-11  1.197624854e-26
77.73877387  -1.784320138e-11  1.169776413e-26
77.91953391  -1.755545781e-11  1.15091233e-26
78  -1.742907598e-11  1.142626906e-26
78.08046609  -1.730373287e-11  1.13440958e-26
78.26122613  -1.702589879e-11  1.116195149e-26
78.52207505  -1.663390461e-11  1.090496535e-26
78.83472104  -1.617759041e-11  1.060581186e-26
79.16527896  -1.571062118e-11  1.029967308e-26
79.47792495  -1.5283082e-11  1.001938412e-26
79.73877387  -1.493652978e-11  9.792189115e-27
79.91953391  -1.470164681e-11  9.638202983e-27
80  -1.459844752e-11  9.570546911e-27
80.08046609  -1.449607531e-11  9.503433058e-27
80.26122613  -1.426908258e-11  9.354619662e-27
80.52207505  -1.39486403e-11  9.144541992e-27
80.83472104  -1.35753481e-11  8.899816614e-27
81.16527896  -1.319303099e-11  8.649174634e-27
81.47792495  -1.28427155e-11  8.419512483e-27
81.73877387  -1.255855728e-11  8.233222159e-27
81.91953391  -1.236585852e-11  8.106891426e-27
82  -1.228116639e-11  8.051368397e-27
82.08046609  -1.219713651e-11  7.996279537e-27
82.26122613  -1.201075566e-11  7.874090744e-27
82.52207505  -1.174750402e-11  7.701506489e-27
82.83472104  -1.144062324e-11  7.500319554e-27
83.16527896  -1.112608163e-11  7.29411028e-27
83.47792495  -1.083764863e-11  7.105017465e-27
83.73877387  -1.060352829e-11  6.951531304e-27
83.91953391  -1.044468003e-11  6.847392512e-27
84  -1.03748441e-11  6.801609009e-27
84.08046609  -1.030554131e-11  6.756175025e-27
84.26122613  -1.015177913e-11  6.655370597e-27
84.52207505  -9.934488873e-12  6.512918011e-27
84.83472104  -9.681020264e-12  6.346747382e-27
85.16527896  -9.421033953e-12  6.176303834e-27
85.47792495  -9.182454535e-12  6.019894359e-27
85.73877387  -8.988675511e-12  5.892855423e-27
85.91953391  -8.857133588e-12  5.806618298e-27
86  -8.799285789e-12  5.768694055e-27
86.08046609  -8.741869378e-12  5.731052624e-27
86.26122613  -8.614442826e-12  5.647513481e-27
86.52207505  -8.434281586e-12  5.529402182e-27
86.83472104  -8.223992164e-12  5.39153925e-27
87.16527896  -8.008144689e-12  5.250032533e-27
87.47792495  -7.809932374e-12  5.120087191e-27
87.73877387  -7.648841394e-12  5.014478099e-27
87.91953391  -7.539437449e-12  4.942754336e-27
88  -7.49131186e-12  4.911203843e-27
88.08046609  -7.443537029e-12  4.879883304e-27
88.26122613  -7.337479265e-12  4.810353253e-27
88.52207505  -7.187460685e-12  4.712003078e-27
88.83472104  -7.012249845e-12  4.597137195e-27
89.16527896  -6.832288139e-12  4.479156708e-27
89.47792495  -6.666920158e-12  4.370743672e-27
89.73877387  -6.53244351e-12  4.28258258e-27
89.91953391  -6.44107346e-12  4.222681598e-27
90  -6.400870133e-12  4.196324834e-27
90.08046609  -6.360953335e-12  4.170155916e-27
90.26122613  -6.272316726e-12  4.11204694e-27
90.52207505  -6.146884834e-12  4.02981547e-27
90.83472104  -6.000305663e-12  3.933720126e-27
91.16527896  -5.849655975e-12  3.834956206e-27
91.47792495  -5.711135303e-12  3.744143907e-27
91.73877387  -5.59842756e-12  3.670254218e-27
91.91953391  -5.521815446e-12  3.620028341e-27
92  -5.488097149e-12  3.597923076e-27
92.08046609  -5.454613957e-12  3.575971944e-27
92.26122613  -5.380244695e-12  3.52721645e-27
92.52207505  -5.274958305e-12  3.458192101e-27
92.83472104  -5.151853737e-12  3.377486393e-27
93.16527896  -5.025253344e-12  3.294488869e-27
93.47792495  -4.908775149e-12  3.218127323e-27
93.73877387  -4.813951411e-12  3.155962148e-27
93.91953391  -4.749469263e-12  3.113688515e-27
94  -4.721082685e-12  3.095078654e-27
94.08046609  -4.69288984e-12  3.076595802e-27
94.26122613  -4.63025585e-12  3.035533796e-27
94.52207505  -4.541547406e-12  2.977377727e-27
94.83472104  -4.437771989e-12  2.909343952e-27
95.16527896  -4.330987268e-12  2.839337317e-27
95.47792495  -4.232683346e-12  2.774890581e-27
95.73877387  -4.152613907e-12  2.722398127e-27
95.91953391  -4.098143519e-12  2.68668807e-27
96  -4.074158782e-12  2.670963997e-27
96.08046609  -4.050334336e-12  2.655345009e-27
96.26122613  -3.997393089e-12  2.620637436e-27
96.52207505  -3.922383314e-12  2.571462031e-27
96.83472104  -3.83458917e-12  2.513905365e-27
97.16527896  -3.744198535e-12  2.454646473e-27
97.47792495  -3.660940349e-12  2.40006352e-27
97.73877387  -3.593092324e-12  2.355583263e-27
97.91953391  -3.546918576e-12  2.325312371e-27
98  -3.526582533e-12  2.311980333e-27
98.08046609  -3.506379632e-12  2.298735582e-27
98.26122613  -3.461476028e-12  2.269297379e-27
98.52207505  -3.397830654e-12  2.227572323e-27
98.83472104  -3.323301903e-12  2.178712271e-27
99.16527896  -3.246527729e-12  2.12838015e-27
99.47792495  -3.175773782e-12  2.081994809e-27
99.73877387  -3.118088284e-12  2.044176968e-27
99.91953391  -3.078816357e-12  2.018430818e-27
100  -3.061516342e-12  2.00708916e-27
100.0804661  -3.044327334e-12  1.995820276e-27
100.2612261  -3.006114384e-12  1.970768377e-27
100.5220751  -2.9519328e-12  1.935247656e-27
100.834721  -2.888456782e-12  1.893633627e-27
101.165279  -2.823034581e-12  1.850743707e-27
101.4779249  -2.7627115e-12  1.811196703e-27
101.7387739  -2.713507879e-12  1.778939466e-27
101.9195339  -2.679998677e-12  1.756971282e-27
102  -2.665234213e-12  1.747291897e-27
102.0804661  -2.650562636e-12  1.737673407e-27
102.2612261  -2.617939537e-12  1.71628614e-27
102.5220751  -2.571667804e-12  1.685951011e-27
102.834721  -2.517434397e-12  1.650396315e-27
103.165279  -2.461510451e-12  1.613733324e-27
103.4779249  -2.409919876e-12  1.579911233e-27
103.7387739  -2.367820673e-12  1.552311559e-27
103.9195339  -2.339140188e-12  1.533509017e-27
104  -2.326500804e-12  1.525222805e-27
104.0804661  -2.313939411e-12  1.516987724e-27
104.2612261  -2.286002946e-12  1.498672952e-27
104.5220751  -2.246365499e-12  1.472687172e-27
104.834721  -2.19988802e-12  1.442217158e-27
105.165279  -2.151938893e-12  1.410782352e-27
105.4779249  -2.107684201e-12  1.381769568e-27
105.7387739  -2.071556064e-12  1.358084444e-27
105.9195339  -2.046935485e-12  1.341943522e-27
106  -2.036083222e-12  1.334828923e-27
106.0804661  -2.025296663e-12  1.3277574e-27
106.2612261  -2.001302887e-12  1.312027401e-27
106.5220751  -1.967248653e-12  1.289701901e-27
106.834721  -1.927301411e-12  1.263513024e-27
107.165279  -1.886070361e-12  1.236482499e-27
107.4779249  -1.84799874e-12  1.211523253e-27
107.7387739  -1.816905674e-12  1.191139055e-27
107.9195339  -1.795709809e-12  1.177243329e-27
108  -1.78636538e-12  1.171117247e-27
108.0804661  -1.777076483e-12  1.16502757e-27
108.2612261  -1.756410366e-12  1.151479141e-27
108.5220751  -1.727070065e-12  1.132244032e-27
108.834721  -1.692638843e-12  1.109671383e-27
109.165279  -1.657085357e-12  1.086362993e-27
109.4779249  -1.624241796e-12  1.064831194e-27
109.7387739  -1.597408011e-12  1.047239323e-27
109.9195339  -1.579110185e-12  1.035243513e-27
110  -1.571041965e-12  1.029954096e-27
110.0804661  -1.563020823e-12  1.024695543e-27
110.2612261  -1.545172102e-12  1.01299416e-27
110.5220751  -1.519824253e-12  9.963764495e-28
110.834721  -1.490066854e-12  9.768678968e-28
111.165279  -1.459326426e-12  9.567148836e-28
111.4779249  -1.430917018e-12  9.380900556e-28
111.7387739  -1.407697281e-12  9.228675068e-28
111.9195339  -1.391859288e-12  9.124843304e-28
112  -1.384874515e-12  9.079052065e-28
112.0804661  -1.377929772e-12  9.033523259e-28
112.2612261  -1.362473652e-12  8.932195005e-28
112.5220751  -1.340517396e-12  8.78825273e-28
112.834721  -1.314732095e-12  8.619207745e-28
113.165279  -1.288084024e-12  8.444506553e-28
113.4779249  -1.263446574e-12  8.282986724e-28
113.7387739  -1.243302443e-12  8.1509245e-28
113.9195339  -1.22955847e-12  8.060820854e-28
114  -1.223496194e-12  8.021077378e-28
114.0804661  -1.217468053e-12  7.981557691e-28
114.2612261  -1.20404972e-12  7.893588895e-28
114.5220751  -1.184983007e-12  7.768590078e-28
114.834721  -1.162583202e-12  7.621739955e-28
115.165279  -1.139424713e-12  7.469915998e-28
115.4779249  -1.118005095e-12  7.329491844e-28
115.7387739  -1.100485797e-12  7.214637674e-28
115.9195339  -1.088529487e-12  7.136253706e-28
116  -1.083254888e-12  7.101674138e-28
116.0804661  -1.078009478e-12  7.067285933e-28
116.2612261  -1.066331626e-12  6.990727493e-28
116.5220751  -1.049733632e-12  6.88191327e-28
116.834721  -1.030227409e-12  6.754033082e-28
117.165279  -1.010052774e-12  6.621770873e-28
117.4779249  -9.913858458e-13  6.499392987e-28
117.7387739  -9.761128291e-13  6.399265132e-28
117.9195339  -9.656868211e-13  6.330913619e-28
118  -9.610866192e-13  6.300755311e-28
118.0804661  -9.565114447e-13  6.270761078e-28
118.2612261  -9.463241857e-13  6.203974771e-28
118.5220751  -9.318410908e-13  6.109025538e-28
118.834721  -9.148146792e-13  5.997402662e-28
119.165279  -8.971983043e-13  5.881912064e-28
119.4779249  -8.808924398e-13  5.775012998e-28
119.7387739  -8.675468468e-13  5.687521075e-28
119.9195339  -8.584342935e-13  5.627780395e-28
120  -8.544130237e-13  5.601417488e-28
120.0804661  -8.504132679e-13  5.575195624e-28
120.2612261  -8.415059479e-13  5.516800426e-28
120.5220751  -8.288393839e-13  5.433760126e-28
120.834721  -8.139437174e-13  5.336106129e-28
121.165279  -7.985263953e-13  5.235032228e-28
121.4779249  -7.842509044e-13  5.14144402e-28
121.7387739  -7.725633808e-13  5.064822179e-28
121.9195339  -7.64581043e-13  5.01249104e-28
122  -7.610580206e-13  4.989394576e-28
122.0804661  -7.575535383e-13  4.966419659e-28
122.2612261  -7.497480647e-13  4.915248018e-28
122.5220751  -7.386457064e-13  4.842462442e-28
122.834721  -7.255854657e-13  4.756841251e-28
123.165279  -7.120631615e-13  4.668190834e-28
123.4779249  -6.995380212e-13  4.586077689e-28
123.7387739  -6.892803918e-13  4.518830043e-28
123.9195339  -6.82272997e-13  4.4728905e-28
124  -6.791798392e-13  4.452612172e-28
124.0804661  -6.761026975e-13  4.432438842e-28
124.2612261  -6.692480884e-13  4.387500942e-28
124.5220751  -6.594959571e-13  4.323567273e-28
124.834721  -6.480206062e-13  4.248336408e-28
125.165279  -6.361352777e-13  4.170417785e-28
125.4779249  -6.251227226e-13  4.098220946e-28
125.7387739  -6.161011717e-13  4.039076865e-28
125.9195339  -6.099367898e-13  3.998664002e-28
126  -6.072153842e-13  3.980822831e-28
126.0804661  -6.045078467e-13  3.963072577e-28
126.2612261  -5.984757595e-13  3.923527021e-28
126.5220751  -5.898919094e-13  3.867252448e-28
126.834721  -5.797883379e-13  3.801014784e-28
127.165279  -5.693203975e-13  3.732388367e-28
127.4779249  -5.596180105e-13  3.668780817e-28
127.7387739  -5.516674752e-13  3.616658171e-28
127.9195339  -5.462337165e-13  3.581035175e-28
128  -5.438345493e-13  3.565306556e-28
128.0804661  -5.414474175e-13  3.549656839e-28
128.2612261  -5.361284708e-13  3.514786536e-28
128.5220751  -5.285577927e-13  3.465154184e-28
128.834721  -5.196442569e-13  3.406718235e-28
129.165279  -5.104063612e-13  3.346155826e-28
129.4779249  -5.018413783e-13  3.290004945e-28
129.7387739  -4.94820926e-13  3.243979798e-28
129.9195339  -4.900218042e-13  3.212517398e-28
130  -4.879025813e-13  3.198624056e-28
130.0804661  -4.857938264e-13  3.184799341e-28
130.2612261  -4.810945634e-13  3.153991601e-28
130.5220751  -4.744044942e-13  3.110132403e-28
130.834721  -4.665256134e-13  3.058479514e-28
131.165279  -4.58357531e-13  3.004930658e-28
131.4779249  -4.507821322e-13  2.955267358e-28
131.7387739  -4.445711364e-13  2.9145489e-28
131.9195339  -4.403244735e-13  2.886708346e-28
132  -4.384489794e-13  2.874412858e-28
132.0804661  -4.365826094e-13  2.862177185e-28
132.2612261  -4.324229848e-13  2.834907243e-28
132.5220751  -4.264999547e-13  2.79607665e-28
132.834721  -4.195225652e-13  2.750333818e-28
133.165279  -4.122869227e-13  2.702897913e-28
133.4779249  -4.055743273e-13  2.658891036e-28
133.7387739  -4.000692955e-13  2.622800784e-28
133.9195339  -3.963045678e-13  2.598119732e-28
134  -3.946417183e-13  2.587218314e-28
134.0804661  -3.929868379e-13  2.576369139e-28
134.2612261  -3.89298131e-13  2.55218647e-28
134.5220751  -3.840446125e-13  2.517745106e-28
134.834721  -3.778543228e-13  2.477162395e-28
135.165279  -3.714330689e-13  2.435065513e-28
135.4779249  -3.654742882e-13  2.396000544e-28
135.7387739  -3.605862225e-13  2.363955039e-28
135.9195339  -3.572427681e-13  2.342035799e-28
136  -3.557658218e-13  2.332353137e-28
136.0804661  -3.542958499e-13  2.322716197e-28
136.2612261  -3.510189266e-13  2.301233127e-28
136.5220751  -3.463509772e-13  2.270630675e-28
136.834721  -3.40849298e-13  2.234562402e-28
137.165279  -3.351407556e-13  2.197137962e-28
137.4779249  -3.298418845e-13  2.162399272e-28
137.7387739  -3.254940796e-13  2.133895644e-28
137.9195339  -3.225196028e-13  2.114395372e-28
138  -3.21205503e-13  2.10578031e-28
138.0804661  -3.198975188e-13  2.09720534e-28
138.2612261  -3.169813816e-13  2.078087535e-28
138.5220751  -3.128265907e-13  2.050849282e-28
138.834721  -3.079285366e-13  2.018738294e-28
139.165279  -3.028449392e-13  1.985410909e-28
139.4779249  -2.981248916e-13  1.954466909e-28
139.7387739  -2.942510928e-13  1.929070802e-28
139.9195339  -2.916004122e-13  1.911693295e-28
140  -2.904292359e-13  1.90401522e-28
140.0804661  -2.892634324e-13  1.896372368e-28
140.2612261  -2.866640051e-13  1.87933087e-28
140.5220751  -2.829597754e-13  1.855046436e-28
140.834721  -2.78591856e-13  1.826410941e-28
141.165279  -2.740572826e-13  1.796682884e-28
141.4779249  -2.698458927e-13  1.769073575e-28
141.7387739  -2.663887509e-13  1.746409016e-28
141.9195339  -2.64022749e-13  1.730897824e-28
142  -2.62977245e-13  1.724043639e-28
142.0804661  -2.619364698e-13  1.717220456e-28
142.2612261  -2.596155786e-13  1.702005004e-28
142.5220751  -2.563076827e-13  1.680318881e-28
142.834721  -2.524062156e-13  1.654741385e-28
143.165279  -2.483548555e-13  1.62818121e-28
143.4779249  -2.445912815e-13  1.603507723e-28
143.7387739  -2.415010542e-13  1.583248605e-28
143.9195339  -2.393857944e-13  1.569381245e-28
144  -2.384509941e-13  1.563252819e-28
144.0804661  -2.375203633e-13  1.557151728e-28
144.2612261  -2.354448786e-13  1.543545129e-28
144.5220751  -2.324862445e-13  1.524148719e-28
144.834721  -2.289959342e-13  1.501266712e-28
145.165279  -2.25370626e-13  1.477499676e-28
145.4779249  -2.220020053e-13  1.45541545e-28
145.7387739  -2.192354612e-13  1.437278356e-28
145.9195339  -2.173414427e-13  1.424861424e-28
146  -2.165043325e-13  1.419373442e-28
146.0804661  -2.156709051e-13  1.413909603e-28
146.2612261  -2.138120182e-13  1.401722989e-28
146.5220751  -2.111617042e-13  1.384347885e-28
146.834721  -2.080344431e-13  1.36384598e-28
147.165279  -2.047854402e-13  1.342545952e-28
147.4779249  -2.017657534e-13  1.322749289e-28
147.7387739  -1.992852471e-13  1.306487422e-28
147.9195339  -1.975867756e-13  1.29535247e-28
148  -1.968360196e-13  1.290430614e-28
148.0804661  -1.960885219e-13  1.285530119e-28
148.2612261  -1.94421133e-13  1.27459894e-28
148.5220751  -1.92043461e-13  1.25901124e-28
148.834721  -1.892373149e-13  1.240614522e-28
149.165279  -1.863212416e-13  1.221497135e-28
149.4779249  -1.836103504e-13  1.203724896e-28
149.7387739  -1.813830389e-13  1.189122939e-28
149.9195339  -1.79857693e-13  1.179122976e-28
150  -1.791833981e-13  1.174702389e-28
150.0804661  -1.785119908e-13  1.170300732e-28
150.2612261  -1.770141905e-13  1.160481354e-28
150.5220751  -1.748780109e-13  1.146476846e-28
150.834721  -1.723563589e-13  1.129945233e-28
151.165279  -1.697353238e-13  1.112762077e-28
151.4779249  -1.67298155e-13  1.096784324e-28
151.7387739  -1.65295332e-13  1.083654085e-28
151.9195339  -1.639235108e-13  1.074660608e-28
152  -1.633170273e-13  1.070684584e-28
152.0804661  -1.627131069e-13  1.066725363e-28
152.2612261  -1.613657358e-13  1.057892178e-28
152.5220751  -1.594438034e-13  1.045292247e-28
152.834721  -1.571746065e-13  1.030415695e-28
153.165279  -1.548154496e-13  1.014949378e-28
153.4779249  -1.526213006e-13  1.000564831e-28
153.7387739  -1.50817831e-13  9.887415249e-29
153.9195339  -1.495823682e-13  9.806419965e-29
154  -1.490361202e-13  9.770608671e-29
154.0804661  -1.484921507e-13  9.734946759e-29
154.2612261  -1.472784243e-13  9.655376479e-29
154.5220751  -1.455468668e-13  9.541857892e-29
154.834721  -1.43502045e-13  9.407802104e-29
155.165279  -1.413756961e-13  9.268401515e-29
155.4779249  -1.393976433e-13  9.138723021e-29
155.7387739  -1.3777148e-13  9.032113931e-29
155.9195339  -1.36657316e-13  8.959070832e-29
156  -1.361646561e-13  8.926772705e-29
156.0804661  -1.356740249e-13  8.89460758e-29
156.2612261  -1.34579214e-13  8.822833244e-29
156.5220751  -1.330170783e-13  8.720421713e-29
156.834721  -1.311719792e-13  8.599459485e-29
157.165279  -1.292529095e-13  8.473647845e-29
157.4779249  -1.27467303e-13  8.356585873e-29
157.7387739  -1.259990752e-13  8.260330819e-29
157.9195339  -1.249929757e-13  8.19437228e-29
158  -1.245480617e-13  8.165204319e-29
158.0804661  -1.241049568e-13  8.136154953e-29
158.2612261  -1.23116114e-13  8.071327741e-29
158.5220751  -1.217049779e-13  7.978815544e-29
158.834721  -1.200379223e-13  7.869525608e-29
159.165279  -1.183036758e-13  7.755830729e-29
159.4779249  -1.166897068e-13  7.650021081e-29
159.7387739  -1.153623665e-13  7.563002425e-29
159.9195339  -1.144526821e-13  7.503364736e-29
160  -1.140503713e-13  7.476989774e-29
160.0804661  -1.136496758e-13  7.450720714e-29
160.2612261  -1.12755401e-13  7.392093259e-29
160.5220751  -1.114790414e-13  7.308416831e-29
160.834721  -1.099709333e-13  7.209547281e-29
161.165279  -1.084017248e-13  7.106672067e-29
161.4779249  -1.069410546e-13  7.010912482e-29
161.7387739  -1.057395742e-13  6.932145033e-29
161.9195339  -1.049160344e-13  6.878154867e-29
162  -1.045517918e-13  6.854275612e-29
162.0804661  -1.041889937e-13  6.830491055e-29
162.2612261  -1.033792336e-13  6.777404261e-29
162.5220751  -1.02223341e-13  6.701625494e-29
162.834721  -1.008573332e-13  6.612071845e-29
163.165279  -9.943570275e-14  6.518871657e-29
163.4779249  -9.811214403e-14  6.432100918e-29
163.7387739  -9.70232559e-14  6.360714868e-29
163.9195339  -9.627679144e-14  6.311777657e-29
164  -9.594661239e-14  6.29013156e-29
164.0804661  -9.561772682e-14  6.268570262e-29
164.2612261  -9.488360126e-14  6.220441972e-29
164.5220751  -9.383553464e-14  6.151732127e-29
164.834721  -9.259674058e-14  6.070518445e-29
165.165279  -9.130725687e-14  5.985981618e-29
165.4779249  -9.010649937e-14  5.907261563e-29
165.7387739  -8.911847181e-14  5.842487798e-29
165.9195339  -8.844106193e-14  5.798077712e-29
166  -8.814140432e-14  5.77843256e-29
166.0804661  -8.78429065e-14  5.758863442e-29
166.2612261  -8.717656027e-14  5.715178675e-29
166.5220751  -8.622513513e-14  5.652804516e-29
166.834721  -8.510038118e-14  5.579067151e-29
167.165279  -8.392938489e-14  5.502298201e-29
167.4779249  -8.283875869e-14  5.430798206e-29
167.7387739  -8.194120256e-14  5.371955626e-29
167.9195339  -8.132574327e-14  5.331606939e-29
168  -8.105346955e-14  5.313757038e-29
168.0804661  -8.078223711e-14  5.295975402e-29
168.2612261  -8.017671098e-14  5.256277919e-29
168.5220751  -7.931201717e-14  5.19958975e-29
168.834721  -7.828962805e-14  5.132563286e-29
169.165279  -7.722501072e-14  5.062768398e-29
169.4779249  -7.623328179e-14  4.997751977e-29
169.7387739  -7.541698345e-14  4.944236549e-29
169.9195339  -7.485717356e-14  4.907536161e-29
170  -7.460950047e-14  4.891299046e-29
170.0804661  -7.436276347e-14  4.875123298e-29
170.2612261  -7.381188314e-14  4.83900832e-29
170.5220751  -7.302512684e-14  4.78742963e-29
170.834721  -7.209474035e-14  4.726434736e-29
171.165279  -7.112575286e-14  4.662909212e-29
171.4779249  -7.022294608e-14  4.603722407e-29
171.7387739  -6.947972272e-14  4.554997678e-29
171.9195339  -6.896996514e-14  4.521578653e-29
172  -6.874442023e-14  4.50679223e-29
172.0804661  -6.851971787e-14  4.492061044e-29
172.2612261  -6.801799767e-14  4.459168939e-29
172.5220751  -6.730136465e-14  4.412187437e-29
172.834721  -6.645377104e-14  4.356620334e-29
173.165279  -6.557085763e-14  4.298737712e-29
173.4779249  -6.474810331e-14  4.244799039e-29
173.7387739  -6.407067751e-14  4.20038791e-29
173.9195339  -6.36059937e-14  4.169923861e-29
174  -6.340037753e-14  4.15644394e-29
174.0804661  -6.319552065e-14  4.143013797e-29
174.2612261  -6.273807998e-14  4.113024599e-29
174.5220751  -6.208461689e-14  4.070184432e-29
174.834721  -6.131161944e-14  4.019507754e-29
175.165279  -6.050627356e-14  3.966710355e-29
175.4779249  -5.97556742e-14  3.917502065e-29
175.7387739  -5.913756495e-14  3.876979649e-29
175.9195339  -5.871352054e-14  3.849179865e-29
176  -5.85258739e-14  3.836878003e-29
176.0804661  -5.833891234e-14  3.824621053e-29
176.2612261  -5.792140309e-14  3.797249705e-29
176.5220751  -5.732491426e-14  3.758144695e-29
176.834721  -5.661920804e-14  3.711879539e-29
177.165279  -5.588384703e-14  3.663670255e-29
177.4779249  -5.519836138e-14  3.618730733e-29
177.7387739  -5.463378924e-14  3.581718139e-29
177.9195339  -5.42464293e-14  3.556323339e-29
178  -5.407500469e-14  3.545084971e-29
178.0804661  -5.390419891e-14  3.533887173e-29
178.2612261  -5.35227422e-14  3.508879381e-29
178.5220751  -5.297769985e-14  3.473147133e-29
178.834721  -5.233276614e-14  3.430866142e-29
179.165279  -5.166062206e-14  3.386801275e-29
179.4779249  -5.103396409e-14  3.345718417e-29
179.7387739  -5.051776857e-14  3.311877329e-29
179.9195339  -5.016356122e-14  3.288655969e-29
180  -5.000679791e-14  3.278378777e-29
180.0804661  -4.985059423e-14  3.268138272e-29
180.2612261  -4.950172536e-14  3.245266896e-29
180.5220751  -4.90031912e-14  3.212583663e-29
180.834721  -4.841320542e-14  3.173904985e-29
181.165279  -4.779822976e-14  3.133588003e-29
181.4779249  -4.722478052e-14  3.095993438e-29
181.7387739  -4.675234792e-14  3.065021389e-29
181.9195339  -4.642813509e-14  3.043766429e-29
182  -4.628463743e-14  3.034358915e-29
182.0804661  -4.614164643e-14  3.024984616e-29
182.2612261  -4.582226671e-14  3.004046508e-29
182.5220751  -4.536582356e-14  2.974122706e-29
182.834721  -4.482557483e-14  2.938704723e-29
183.165279  -4.426235529e-14  2.901780803e-29
183.4779249  -4.373708586e-14  2.867344842e-29
183.7387739  -4.330428623e-14  2.838971077e-29
183.9195339  -4.300724057e-14  2.819497161e-29
184  -4.287575898e-14  2.810877403e-29
184.0804661  -4.274473657e-14  2.802287749e-29
184.2612261  -4.245207126e-14  2.783101003e-29
184.5220751  -4.203376318e-14  2.755677285e-29
184.834721  -4.153858394e-14  2.723213997e-29
185.165279  -4.102227159e-14  2.689365249e-29
185.4779249  -4.054067563e-14  2.657792463e-29
185.7387739  -4.014380756e-14  2.631774323e-29
185.9195339  -3.987139477e-14  2.613915305e-29
186  -3.975080906e-14  2.606009867e-29
186.0804661  -3.963063997e-14  2.598131742e-29
186.2612261  -3.936220141e-14  2.580533269e-29
186.5220751  -3.897848129e-14  2.555377091e-29
186.834721  -3.852418559e-14  2.525594073e-29
187.165279  -3.805043103e-14  2.494535358e-29
187.4779249  -3.760846569e-14  2.465560702e-29
187.7387739  -3.724420788e-14  2.441680447e-29
187.9195339  -3.699415363e-14  2.425287225e-29
188  -3.688345848e-14  2.418030199e-29
188.0804661  -3.677314171e-14  2.410797979e-29
188.2612261  -3.652669697e-14  2.394641391e-29
188.5220751  -3.61743805e-14  2.371543995e-29
188.834721  -3.575720997e-14  2.344194853e-29
189.165279  -3.532210731e-14  2.315670105e-29
189.4779249  -3.49161413e-14  2.289055516e-29
189.7387739  -3.458151008e-14  2.267117541e-29
189.9195339  -3.435177096e-14  2.252056152e-29
190  -3.425006305e-14  2.245388317e-29
190.0804661  -3.414869914e-14  2.238743035e-29
190.2612261  -3.392224164e-14  2.223896784e-29
190.5220751  -3.359846693e-14  2.202670547e-29
190.834721  -3.321504316e-14  2.177533798e-29
191.165279  -3.281508078e-14  2.151312799e-29
191.4779249  -3.244184876e-14  2.126844207e-29
191.7387739  -3.213416071e-14  2.10667259e-29
191.9195339  -3.192289874e-14  2.092822538e-29
192  -3.182936548e-14  2.086690623e-29
192.0804661  -3.173614529e-14  2.080579232e-29
192.2612261  -3.152786979e-14  2.066924969e-29
192.5220751  -3.123006184e-14  2.047401078e-29
192.834721  -3.087734459e-14  2.024277406e-29
193.165279  -3.050936178e-14  2.000152946e-29
193.4779249  -3.01659242e-14  1.977637637e-29
193.7387739  -2.988276325e-14  1.959073984e-29
193.9195339  -2.968832335e-14  1.946326764e-29
194  -2.960223299e-14  1.940682796e-29
194.0804661  -2.951642782e-14  1.935057523e-29
194.2612261  -2.932470844e-14  1.922488658e-29
194.5220751  -2.905054778e-14  1.904515051e-29
194.834721  -2.872579809e-14  1.883224896e-29
195.165279  -2.838694689e-14  1.861010265e-29
195.4779249  -2.80706546e-14  1.840274565e-29
195.7387739  -2.780984302e-14  1.823176107e-29
195.9195339  -2.76307332e-14  1.811433907e-29
196  -2.755142604e-14  1.806234635e-29
196.0804661  -2.747237891e-14  1.801052412e-29
196.2612261  -2.729574974e-14  1.789472839e-29
196.5220751  -2.704314482e-14  1.772912399e-29
196.834721  -2.674389254e-14  1.753293819e-29
197.165279  -2.6431604e-14  1.7328206e-29
197.4779249  -2.614006699e-14  1.713707824e-29
197.7387739  -2.589963979e-14  1.697945738e-29
197.9195339  -2.573451366e-14  1.68712029e-29
198  -2.566139432e-14  1.682326684e-29
198.0804661  -2.558851231e-14  1.677548637e-29
198.2612261  -2.542565021e-14  1.666871616e-29
198.5220751  -2.519271304e-14  1.651600567e-29
198.834721  -2.491672802e-14  1.633507358e-29
199.165279  -2.462868247e-14  1.614623477e-29
199.4779249  -2.435974226e-14  1.596992116e-29
199.7387739  -2.413792453e-14  1.582450043e-29
199.9195339  -2.398556581e-14  1.572461609e-29
200  -2.391809642e-14  1.568038406e-29
200.0804661  -2.385084384e-14  1.563629417e-29
200.2612261  -2.370055335e-14  1.553776573e-29
200.5220751  -2.348557789e-14  1.53968307e-29
200.834721  -2.323084463e-14  1.522983098e-29
201.165279  -2.29649453e-14  1.505551094e-29
201.4779249  -2.271665051e-14  1.489273219e-29
201.7387739  -2.251183741e-14  1.475845946e-29
201.9195339  -2.237114622e-14  1.46662242e-29
202  -2.230884037e-14  1.462537732e-29
202.0804661  -2.224673275e-14  1.45846604e-29
202.2612261  -2.210793262e-14  1.449366489e-29
202.5220751  -2.190937568e-14  1.436349361e-29
202.834721  -2.167407082e-14  1.42092309e-29
203.165279  -2.14284205e-14  1.404818583e-29
203.4779249  -2.11990052e-14  1.389778423e-29
203.7387739  -2.10097442e-14  1.377370725e-29
203.9195339  -2.087972495e-14  1.368846837e-29
204  -2.082214229e-14  1.365071795e-29
204.0804661  -2.076474106e-14  1.361308646e-29
204.2612261  -2.06364524e-14  1.352898214e-29
204.5220751  -2.045291669e-14  1.340865858e-29
204.834721  -2.023538905e-14  1.326605037e-29
205.165279  -2.000826941e-14  1.311715378e-29
205.4779249  -1.979613391e-14  1.297808058e-29
205.7387739  -1.962110904e-14  1.286333661e-29
205.9195339  -1.950085963e-14  1.278450271e-29
206  -1.944760117e-14  1.274958717e-29
206.0804661  -1.939450888e-14  1.271478058e-29
206.2612261  -1.927584459e-14  1.263698586e-29
206.5220751  -1.910606372e-14  1.252567979e-29
206.834721  -1.890481656e-14  1.239374484e-29
207.165279  -1.869466977e-14  1.225597542e-29
207.4779249  -1.849836358e-14  1.212727971e-29
207.7387739  -1.833638142e-14  1.202108637e-29
207.9195339  -1.822508369e-14  1.194812107e-29
208  -1.817578753e-14  1.191580316e-29
208.0804661  -1.812664369e-14  1.188358512e-29
208.2612261  -1.801679907e-14  1.181157246e-29
208.5220751  -1.785962418e-14  1.17085307e-29
208.834721  -1.767329946e-14  1.158637871e-29
209.165279  -1.747871187e-14  1.145880969e-29
209.4779249  -1.729691852e-14  1.13396284e-29
209.7387739  -1.714689579e-14  1.124127551e-29
209.9195339  -1.704380701e-14  1.117369188e-29
210  -1.699814458e-14  1.11437562e-29
210.0804661  -1.69526219e-14  1.111391214e-29
210.2612261  -1.685086632e-14  1.104720254e-29
210.5220751  -1.670525416e-14  1.095174116e-29
210.834721  -1.653261858e-14  1.083856358e-29
211.165279  -1.635230612e-14  1.072035315e-29
211.4779249  -1.618382968e-14  1.060990224e-29
211.7387739  -1.604478216e-14  1.051874455e-29
211.9195339  -1.594922744e-14  1.045610015e-29
212  -1.590690017e-14  1.042835096e-29
212.0804661  -1.586470123e-14  1.04006859e-29
212.2612261  -1.577037069e-14  1.033884406e-29
212.5220751  -1.563537307e-14  1.025034143e-29
212.834721  -1.547530553e-14  1.014540329e-29
213.165279  -1.530810083e-14  1.003578613e-29
213.4779249  -1.515185386e-14  9.933352704e-30
213.7387739  -1.50228865e-14  9.848803429e-30
213.9195339  -1.493425203e-14  9.790695856e-30
214  -1.489498837e-14  9.764955126e-30
214.0804661  -1.485584264e-14  9.739291709e-30
214.2612261  -1.476833315e-14  9.681921656e-30
214.5220751  -1.46430875e-14  9.599812285e-30
214.834721  -1.4494568e-14  9.502444886e-30
215.165279  -1.433940878e-14  9.400724578e-30
215.4779249  -1.419440163e-14  9.30565983e-30
215.7387739  -1.407469975e-14  9.22718488e-30
215.9195339  -1.39924268e-14  9.17324783e-30
216  -1.395597953e-14  9.149353493e-30
216.0804661  -1.391964073e-14  9.12553026e-30
216.2612261  -1.38384024e-14  9.072271497e-30
216.5220751  -1.372212333e-14  8.996040493e-30
216.834721  -1.358422301e-14  8.905634889e-30
217.165279  -1.34401418e-14  8.811177178e-30
217.4779249  -1.3305473e-14  8.722890111e-30
217.7387739  -1.319429443e-14  8.650002927e-30
217.9195339  -1.311787392e-14  8.599902664e-30
218  -1.308401781e-14  8.577707053e-30
218.0804661  -1.305026153e-14  8.555576886e-30
218.2612261  -1.297479329e-14  8.506100917e-30
218.5220751  -1.286676506e-14  8.435279053e-30
218.834721  -1.273863734e-14  8.351280237e-30
219.165279  -1.260475225e-14  8.263506959e-30
219.4779249  -1.247959994e-14  8.181458781e-30
219.7387739  -1.237626797e-14  8.113715723e-30
219.9195339  -1.230523571e-14  8.067147923e-30
220  -1.227376535e-14  8.046516377e-30
220.0804661  -1.224238694e-14  8.025945111e-30
220.2612261  -1.217223181e-14  7.979952345e-30
220.5220751  -1.20718016e-14  7.914111641e-30
220.834721  -1.195267423e-14  7.836013337e-30
221.165279  -1.182818067e-14  7.75439702e-30
221.4779249  -1.171179496e-14  7.678096108e-30
221.7387739  -1.161569206e-14  7.61509233e-30
221.9195339  -1.15496244e-14  7.571779254e-30
222  -1.152035231e-14  7.552588868e-30
222.0804661  -1.149116499e-14  7.533454048e-30
222.2612261  -1.142590584e-14  7.490671026e-30
222.5220751  -1.133247772e-14  7.429420799e-30
222.834721  -1.122164568e-14  7.356760792e-30
223.165279  -1.110580898e-14  7.280819807e-30
223.4779249  -1.099750507e-14  7.209817208e-30
223.7387739  -1.090806723e-14  7.151182956e-30
223.9195339  -1.08465772e-14  7.110870917e-30
224  -1.081933215e-14  7.093009425e-30
224.0804661  -1.079216528e-14  7.07519919e-30
224.2612261  -1.073142107e-14  7.035376102e-30
224.5220751  -1.064445059e-14  6.978359418e-30
224.834721  -1.054126966e-14  6.910715377e-30
225.165279  -1.043341849e-14  6.840009594e-30
225.4779249  -1.033257048e-14  6.773894984e-30
225.7387739  -1.024928216e-14  6.719292282e-30
225.9195339  -1.019201603e-14  6.681749373e-30
226  -1.016664146e-14  6.665114142e-30
226.0804661  -1.014133906e-14  6.648526227e-30
226.2612261  -1.008476141e-14  6.611434676e-30
226.5220751  -1.000375076e-14  6.558325175e-30
226.834721  -9.907631835e-15  6.495310896e-30
227.165279  -9.807152191e-15  6.429437786e-30
227.4779249  -9.713187587e-15  6.367835848e-30
227.7387739  -9.635577199e-15  6.316955516e-30
227.9195339  -9.58221134e-15  6.281969573e-30
228  -9.558564013e-15  6.266466702e-30
228.0804661  -9.534983357e-15  6.251007539e-30
228.2612261  -9.482253493e-15  6.216438545e-30
228.5220751  -9.406747127e-15  6.166937582e-30
228.834721  -9.317151091e-15  6.108199619e-30
229.165279  -9.223480979e-15  6.046790747e-30
229.4779249  -9.135875721e-15  5.989357912e-30
229.7387739  -9.063511494e-15  5.941916893e-30
229.9195339  -9.013749598e-15  5.909293659e-30
230  -8.991698369e-15  5.894837168e-30
230.0804661  -8.96970877e-15  5.880421082e-30
230.2612261  -8.920534792e-15  5.848183279e-30
230.5220751  -8.850115535e-15  5.802017356e-30
230.834721  -8.766548601e-15  5.747231992e-30
231.165279  -8.679173234e-15  5.689949871e-30
231.4779249  -8.597447217e-15  5.636371387e-30
231.7387739  -8.529933562e-15  5.592110338e-30
231.9195339  -8.483504122e-15  5.561671818e-30
232  -8.462928812e-15  5.54818292e-30
232.0804661  -8.442410514e-15  5.534731398e-30
232.2612261  -8.396524918e-15  5.504649415e-30
232.5220751  -8.330810429e-15  5.461567876e-30
232.834721  -8.252819998e-15  5.410438392e-30
233.165279  -8.171267469e-15  5.356973645e-30
233.4779249  -8.094980522e-15  5.306960943e-30
233.7387739  -8.031954718e-15  5.265642069e-30
233.9195339  -7.988608764e-15  5.237225041e-30
234  -7.969399167e-15  5.224631487e-30
234.0804661  -7.950242343e-15  5.212072529e-30
234.2612261  -7.907399801e-15  5.183985532e-30
234.5220751  -7.846039402e-15  5.143758475e-30
234.834721  -7.773210313e-15  5.096012698e-30
235.165279  -7.697047695e-15  5.046081505e-30
235.4779249  -7.625795964e-15  4.999369824e-30
235.7387739  -7.566925178e-15  4.960774923e-30
235.9195339  -7.526434236e-15  4.934229603e-30
236  -7.508489213e-15  4.922465086e-30
236.0804661  -7.490593071e-15  4.910732616e-30
236.2612261  -7.450568422e-15  4.884492991e-30
236.5220751  -7.393240239e-15  4.846909401e-30
236.834721  -7.325191388e-15  4.802297485e-30
237.165279  -7.254021227e-15  4.755639279e-30
237.4779249  -7.1874339e-15  4.711985518e-30
237.7387739  -7.132412499e-15  4.675914224e-30
237.9195339  -7.094566752e-15  4.651103058e-30
238  -7.077793418e-15  4.640106685e-30
238.0804661  -7.06106539e-15  4.629140013e-30
238.2612261  -7.023651832e-15  4.604612185e-30
238.5220751  -6.970060211e-15  4.569478235e-30
238.834721  -6.906441508e-15  4.527770665e-30
239.165279  -6.839898647e-15  4.484146055e-30
239.4779249  -6.777635008e-15  4.443326846e-30
239.7387739  -6.726182136e-15  4.409595032e-30
239.9195339  -6.690788759e-15  4.386391608e-30
240  -6.675101748e-15  4.376107413e-30
240.0804661  -6.659456755e-15  4.365850765e-30
240.2612261  -6.624464213e-15  4.342910122e-30
240.5220751  -6.574337393e-15  4.31004765e-30
240.834721  -6.514827004e-15  4.271033435e-30
241.165279  -6.452575723e-15  4.230222328e-30
241.4779249  -6.394322484e-15  4.192032283e-30
241.7387739  -6.34617987e-15  4.16047063e-30
241.9195339  -6.313061532e-15  4.13875869e-30
242  -6.298382331e-15  4.129135202e-30
242.0804661  -6.283742125e-15  4.119537279e-30
242.2612261  -6.250995774e-15  4.09806921e-30
242.5220751  -6.204083778e-15  4.067314332e-30
242.834721  -6.148385638e-15  4.030799377e-30
243.165279  -6.090117062e-15  3.992599278e-30
243.4779249  -6.035585956e-15  3.956849414e-30
243.7387739  -5.990515931e-15  3.927302109e-30
243.9195339  -5.959509433e-15  3.906974664e-30
244  -5.945765786e-15  3.897964512e-30
244.0804661  -5.93205835e-15  3.888978101e-30
244.2612261  -5.90139728e-15  3.868877113e-30
244.5220751  -5.857470009e-15  3.840078982e-30
244.834721  -5.80531157e-15  3.805884607e-30
245.165279  -5.750741328e-15  3.770109086e-30
245.4779249  -5.699666928e-15  3.736625393e-30
245.7387739  -5.657450633e-15  3.708948955e-30
245.9195339  -5.628405681e-15  3.689907473e-30
246  -5.615531041e-15  3.681467031e-30
246.0804661  -5.602690047e-15  3.673048647e-30
246.2612261  -5.573966054e-15  3.654217582e-30
246.5220751  -5.532811564e-15  3.627237249e-30
246.834721  -5.483941757e-15  3.595198857e-30
247.165279  -5.43280786e-15  3.561676158e-30
247.4779249  -5.384945605e-15  3.530298304e-30
247.7387739  -5.345381365e-15  3.504360518e-30
247.9195339  -5.318159455e-15  3.486514197e-30
248  -5.306092494e-15  3.478603259e-30
248.0804661  -5.294056814e-15  3.470712828e-30
248.2612261  -5.267133305e-15  3.453062136e-30
248.5220751  -5.228556244e-15  3.427771531e-30
248.834721  -5.182743631e-15  3.397737395e-30
249.165279  -5.13480455e-15  3.366309175e-30
249.4779249  -5.08992895e-15  3.336889332e-30
249.7387739  -5.052830804e-15  3.312568283e-30
249.9195339  -5.027304214e-15  3.295833392e-30
250  -5.015988374e-15  3.288414879e-30
250.0804661  -5.004701635e-15  3.281015444e-30
250.2612261  -4.979452636e-15  3.264462538e-30
250.5220751  -4.943272822e-15  3.240743536e-30
250.834721  -4.900303923e-15  3.2125737e-30
251.165279  -4.855336845e-15  3.183093885e-30
251.4779249  -4.813239864e-15  3.155495668e-30
251.7387739  -4.778436224e-15  3.132678867e-30
251.9195339  -4.754487097e-15  3.11697814e-30
252  -4.743870189e-15  3.110017837e-30
252.0804661  -4.733280366e-15  3.103075291e-30
252.2612261  -4.709589621e-15  3.087543955e-30
252.5220751  -4.675640762e-15  3.065287537e-30
252.834721  -4.63531853e-15  3.038852822e-30
253.165279  -4.593117774e-15  3.01118657e-30
253.4779249  -4.553607352e-15  2.985284066e-30
253.7387739  -4.520939795e-15  2.963867653e-30
253.9195339  -4.498459309e-15  2.949129747e-30
254  -4.488493138e-15  2.942596059e-30
254.0804661  -4.478552194e-15  2.936078909e-30
254.2612261  -4.456312345e-15  2.921498761e-30
254.5220751  -4.424440867e-15  2.900604246e-30
254.834721  -4.386583311e-15  2.875785339e-30
255.165279  -4.34695889e-15  2.849808099e-30
255.4779249  -4.309857605e-15  2.825484992e-30
255.7387739  -4.279179768e-15  2.805373013e-30
255.9195339  -4.258067377e-15  2.791532012e-30
256  -4.248707416e-15  2.785395747e-30
256.0804661  -4.239370962e-15  2.779274893e-30
256.2612261  -4.218482807e-15  2.765580898e-30
256.5220751  -4.188546793e-15  2.745955247e-30
256.834721  -4.15298572e-15  2.722641883e-30
257.165279  -4.115762036e-15  2.698238534e-30
257.4779249  -4.080905884e-15  2.675387307e-30
257.7387739  -4.052082464e-15  2.656491058e-30
257.9195339  -4.032245211e-15  2.643486021e-30
258  -4.023450292e-15  2.63772019e-30
258.0804661  -4.01467729e-15  2.631968727e-30
258.2612261  -3.995049106e-15  2.619100752e-30
258.5220751  -3.966917329e-15  2.600657935e-30
258.834721  -3.933497202e-15  2.578748147e-30
259.165279  -3.898511855e-15  2.555812221e-30
259.4779249  -3.865749145e-15  2.534333427e-30
259.7387739  -3.838654983e-15  2.516570857e-30
259.9195339  -3.82000688e-15  2.50434541e-30
260  -3.811738916e-15  2.498925044e-30
260.0804661  -3.803491398e-15  2.493518081e-30
260.2612261  -3.785038327e-15  2.481420495e-30
260.5220751  -3.758589372e-15  2.464080913e-30
260.834721  -3.727166273e-15  2.44348035e-30
261.165279  -3.694268976e-15  2.421913322e-30
261.4779249  -3.663459319e-15  2.401714923e-30
261.7387739  -3.637978573e-15  2.385010087e-30
261.9195339  -3.620440024e-15  2.373512049e-30
262  -3.612663762e-15  2.368414035e-30
262.0804661  -3.604906582e-15  2.363328532e-30
262.2612261  -3.587550068e-15  2.351949834e-30
262.5220751  -3.56267153e-15  2.335639797e-30
262.834721  -3.533112208e-15  2.316261101e-30
263.165279  -3.502163805e-15  2.295971742e-30
263.4779249  -3.473177195e-15  2.276968508e-30
263.7387739  -3.449202581e-15  2.261251072e-30
263.9195339  -3.432699866e-15  2.250432113e-30
264  -3.425382652e-15  2.245635045e-30
264.0804661  -3.418083258e-15  2.24084966e-30
264.2612261  -3.401750536e-15  2.230142146e-30
264.5220751  -3.378338292e-15  2.214793392e-30
264.834721  -3.350519304e-15  2.196555636e-30
265.165279  -3.321390865e-15  2.177459421e-30
265.4779249  -3.294106842e-15  2.15957238e-30
265.7387739  -3.271538943e-15  2.144777167e-30
265.9195339  -3.256003745e-15  2.134592499e-30
266  -3.249115317e-15  2.130076538e-30
266.0804661  -3.24224354e-15  2.125571493e-30
266.2612261  -3.226867171e-15  2.115490951e-30
266.5220751  -3.204824712e-15  2.10104021e-30
266.834721  -3.178631632e-15  2.083868377e-30
267.165279  -3.151203635e-15  2.065886949e-30
267.4779249  -3.125510516e-15  2.049042884e-30
267.7387739  -3.104257155e-15  2.035109465e-30
267.9195339  -3.089626127e-15  2.025517558e-30
268  -3.083138424e-15  2.021264308e-30
268.0804661  -3.076666286e-15  2.017021261e-30
268.2612261  -3.062183733e-15  2.007526692e-30
268.5220751  -3.041421556e-15  1.993915287e-30
268.834721  -3.016748255e-15  1.977739801e-30
269.165279  -2.990909838e-15  1.96080048e-30
269.4779249  -2.966704022e-15  1.944931471e-30
269.7387739  -2.946679683e-15  1.931803783e-30
269.9195339  -2.932894052e-15  1.922766107e-30
270  -2.926781039e-15  1.918758498e-30
270.0804661  -2.920682584e-15  1.914760432e-30
270.2612261  -2.907035817e-15  1.905813794e-30
270.5220751  -2.887470871e-15  1.892987277e-30
270.834721  -2.864218864e-15  1.877743572e-30
271.165279  -2.839867135e-15  1.861778905e-30
271.4779249  -2.817052463e-15  1.846821911e-30
271.7387739  -2.798177768e-15  1.834447914e-30
271.9195339  -2.785182975e-15  1.825928701e-30
272  -2.779420483e-15  1.822150888e-30
272.0804661  -2.773671612e-15  1.818382005e-30
272.2612261  -2.76080676e-15  1.80994798e-30
272.5220751  -2.742361936e-15  1.7978558e-30
272.834721  -2.720439776e-15  1.783483926e-30
273.165279  -2.697479193e-15  1.768431275e-30
273.4779249  -2.675966364e-15  1.754327751e-30
273.7387739  -2.65816759e-15  1.742659114e-30
273.9195339  -2.645912962e-15  1.734625143e-30
274  -2.64047854e-15  1.731062409e-30
274.0804661  -2.635056871e-15  1.727508035e-30
274.2612261  -2.622923892e-15  1.719553817e-30
274.5220751  -2.60552756e-15  1.708149014e-30
274.834721  -2.584850293e-15  1.694593274e-30
275.165279  -2.563192085e-15  1.680394443e-30
275.4779249  -2.542898122e-15  1.667089992e-30
275.7387739  -2.526106762e-15  1.656081802e-30
275.9195339  -2.514545207e-15  1.6485022e-30
276  -2.509417992e-15  1.645140867e-30
276.0804661  -2.504302722e-15  1.641787365e-30
276.2612261  -2.492855108e-15  1.634282462e-30
276.5220751  -2.476440691e-15  1.62352139e-30
276.834721  -2.45692935e-15  1.610730015e-30
277.165279  -2.436490997e-15  1.597330905e-30
277.4779249  -2.417338759e-15  1.584774953e-30
277.7387739  -2.401491118e-15  1.574385452e-30
277.9195339  -2.390578849e-15  1.567231514e-30
278  -2.385739442e-15  1.564058864e-30
278.0804661  -2.380911228e-15  1.560893552e-30
278.2612261  -2.370105732e-15  1.553809613e-30
278.5220751  -2.354611318e-15  1.543651682e-30
278.834721  -2.336192461e-15  1.531576526e-30
279.165279  -2.316897212e-15  1.518926819e-30
279.4779249  -2.298814943e-15  1.507072325e-30
279.7387739  -2.283851769e-15  1.497262669e-30
279.9195339  -2.273548052e-15  1.49050769e-30
280  -2.268978405e-15  1.48751189e-30
280.0804661  -2.264419252e-15  1.48452297e-30
280.2612261  -2.254215637e-15  1.477833617e-30
280.5220751  -2.239583621e-15  1.468241063e-30
280.834721  -2.222188911e-15  1.456837324e-30
281.165279  -2.203965342e-15  1.444890196e-30
281.4779249  -2.186886264e-15  1.43369338e-30
281.7387739  -2.172752411e-15  1.424427416e-30
281.9195339  -2.163019332e-15  1.418046539e-30
282  -2.158702645e-15  1.415216577e-30
282.0804661  -2.154395802e-15  1.412393068e-30
282.2612261  -2.144756613e-15  1.406073745e-30
282.5220751  -2.13093337e-15  1.397011412e-30
282.834721  -2.114499187e-15  1.386237381e-30
283.165279  -2.0972808e-15  1.374949237e-30
283.4779249  -2.081142731e-15  1.364369335e-30
283.7387739  -2.067786846e-15  1.355613395e-30
283.9195339  -2.058589097e-15  1.349583474e-30
284  -2.054509726e-15  1.346909093e-30
284.0804661  -2.050439592e-15  1.344240768e-30
284.2612261  -2.041329948e-15  1.338268607e-30
284.5220751  -2.028265531e-15  1.32970375e-30
284.834721  -2.012732617e-15  1.319520579e-30
285.165279  -1.996457464e-15  1.308850807e-30
285.4779249  -1.981202478e-15  1.298849842e-30
285.7387739  -1.968576718e-15  1.290572562e-30
285.9195339  -1.959881401e-15  1.284872029e-30
286  -1.95602477e-15  1.282343673e-30
286.0804661  -1.952176809e-15  1.279821001e-30
286.2612261  -1.943564205e-15  1.274174693e-30
286.5220751  -1.931212073e-15  1.266076801e-30
286.834721  -1.916525202e-15  1.256448285e-30
287.165279  -1.901135552e-15  1.246359036e-30
287.4779249  -1.886709656e-15  1.236901612e-30
287.7387739  -1.874769423e-15  1.229073755e-30
287.9195339  -1.866545873e-15  1.223682505e-30
288  -1.862898391e-15  1.221291265e-30
288.0804661  -1.859259053e-15  1.218905364e-30
288.2612261  -1.851113188e-15  1.213565043e-30
288.5220751  -1.839429949e-15  1.205905668e-30
288.834721  -1.82553763e-15  1.19679805e-30
289.165279  -1.810979649e-15  1.187254033e-30
289.4779249  -1.797332495e-15  1.17830714e-30
289.7387739  -1.786036198e-15  1.170901439e-30
289.9195339  -1.778255814e-15  1.165800724e-30
290  -1.774804808e-15  1.163538291e-30
290.0804661  -1.771361454e-15  1.161280874e-30
290.2612261  -1.763654064e-15  1.156228012e-30
290.5220751  -1.752599243e-15  1.148980619e-30
290.834721  -1.739453446e-15  1.14036241e-30
291.165279  -1.725676913e-15  1.131330699e-30
291.4779249  -1.712761524e-15  1.122863544e-30
291.7387739  -1.702070358e-15  1.115854558e-30
291.9195339  -1.694706454e-15  1.111026881e-30
292  -1.691440097e-15  1.108885501e-30
292.0804661  -1.688180934e-15  1.106748837e-30
292.2612261  -1.680885645e-15  1.101966143e-30
292.5220751  -1.67042147e-15  1.095105971e-30
292.834721  -1.657977367e-15  1.086947783e-30
293.165279  -1.644935406e-15  1.078397648e-30
293.4779249  -1.632707937e-15  1.070381483e-30
293.7387739  -1.622585677e-15  1.063745465e-30
293.9195339  -1.615613339e-15  1.059174493e-30
294  -1.612520591e-15  1.057146929e-30
294.0804661  -1.609434608e-15  1.055123799e-30
294.2612261  -1.602526796e-15  1.05059513e-30
294.5220751  -1.592618002e-15  1.044099058e-30
294.834721  -1.580833736e-15  1.03637345e-30
295.165279  -1.568482578e-15  1.028276196e-30
295.4779249  -1.55690208e-15  1.020684177e-30
295.7387739  -1.547314895e-15  1.014398947e-30
295.9195339  -1.540710854e-15  1.010069426e-30
296  -1.537781403e-15  1.008148917e-30
296.0804661  -1.534858316e-15  1.00623258e-30
296.2612261  -1.528314982e-15  1.001942858e-30
296.5220751  -1.518928628e-15  9.957892896e-31
296.834721  -1.507765098e-15  9.884706289e-31
297.165279  -1.49606385e-15  9.807994469e-31
297.4779249  -1.485092066e-15  9.736064926e-31
297.7387739  -1.476008346e-15  9.676513269e-31
297.9195339  -1.46975086e-15  9.635490029e-31
298  -1.46697507e-15  9.617292321e-31
298.0804661  -1.46420527e-15  9.59913388e-31
298.2612261  -1.458004921e-15  9.558485223e-31
298.5220751  -1.449110221e-15  9.500172758e-31
298.834721  -1.438530885e-15  9.430816047e-31
299.165279  -1.427441326e-15  9.358114382e-31
299.4779249  -1.417042497e-15  9.289941053e-31
299.7387739  -1.408432691e-15  9.233496319e-31
299.9195339  -1.402501436e-15  9.194611799e-31
300  -1.399870298e-15  9.177362412e-31
300.0804661  -1.3972448e-15  9.16015e-31
300.2612261  -1.391367343e-15  9.121618178e-31
300.5220751  -1.382935514e-15  9.066340236e-31
300.834721  -1.372906204e-15  9.000589419e-31
301.165279  -1.362392596e-15  8.93166361e-31
301.4779249  -1.352533281e-15  8.867027258e-31
301.7387739  -1.344369755e-15  8.813508277e-31
301.9195339  -1.33874572e-15  8.776637854e-31
302  -1.336250809e-15  8.760281555e-31
302.0804661  -1.333761211e-15  8.743960083e-31
302.2612261  -1.328187852e-15  8.707421885e-31
302.5220751  -1.320191972e-15  8.655001966e-31
302.834721  -1.310680725e-15  8.592647502e-31
303.165279  -1.300709633e-15  8.52727836e-31
303.4779249  -1.291358545e-15  8.465973878e-31
303.7387739  -1.283615444e-15  8.415211142e-31
303.9195339  -1.278280843e-15  8.38023821e-31
304  -1.275914276e-15  8.364723313e-31
304.0804661  -1.273552715e-15  8.349241235e-31
304.2612261  -1.268265867e-15  8.314581367e-31
304.5220751  -1.260680742e-15  8.264854303e-31
304.834721  -1.251657647e-15  8.205700096e-31
305.165279  -1.24219778e-15  8.143682478e-31
305.4779249  -1.233325636e-15  8.085517887e-31
305.7387739  -1.225978757e-15  8.037352732e-31
305.9195339  -1.22091694e-15  8.004168136e-31
306  -1.218671337e-15  7.989446261e-31
306.0804661  -1.216430452e-15  7.974755323e-31
306.2612261  -1.211413652e-15  7.94186585e-31
306.5220751  -1.204215696e-15  7.894677013e-31
306.834721  -1.195652747e-15  7.838539465e-31
307.165279  -1.186674807e-15  7.779681293e-31
307.4779249  -1.178254186e-15  7.724476827e-31
307.7387739  -1.171280865e-15  7.678760669e-31
307.9195339  -1.16647624e-15  7.647262189e-31
308  -1.164344689e-15  7.633288024e-31
308.0804661  -1.162217588e-15  7.619343036e-31
308.2612261  -1.157455416e-15  7.588122872e-31
308.5220751  -1.150622537e-15  7.543327435e-31
308.834721  -1.142493504e-15  7.490034577e-31
309.165279  -1.133970045e-15  7.434155925e-31
309.4779249  -1.12597526e-15  7.381743181e-31
309.7387739  -1.119354265e-15  7.338336823e-31
309.9195339  -1.114792223e-15  7.308428687e-31
310  -1.112768249e-15  7.295159782e-31
310.0804661  -1.110748473e-15  7.281918402e-31
310.2612261  -1.106226482e-15  7.252272833e-31
310.5220751  -1.099737981e-15  7.209735092e-31
310.834721  -1.092018283e-15  7.15912578e-31
311.165279  -1.083923587e-15  7.106058036e-31
311.4779249  -1.076330563e-15  7.056279189e-31
311.7387739  -1.070041993e-15  7.015052167e-31
311.9195339  -1.065708843e-15  6.986644613e-31
312  -1.063786376e-15  6.974041175e-31
312.0804661  -1.061867871e-15  6.961463715e-31
312.2612261  -1.057572519e-15  6.933303962e-31
312.5220751  -1.051408993e-15  6.892896711e-31
312.834721  -1.044075586e-15  6.844819878e-31
313.165279  -1.03638554e-15  6.794404966e-31
313.4779249  -1.029171708e-15  6.747112042e-31
313.7387739  -1.023196904e-15  6.70794203e-31
313.9195339  -1.019079806e-15  6.680950886e-31
314  -1.017253155e-15  6.668975605e-31
314.0804661  -1.015430245e-15  6.657024849e-31
314.2612261  -1.011348833e-15  6.630267658e-31
314.5220751  -1.005492085e-15  6.591871603e-31
314.834721  -9.985233598e-16  6.546185574e-31
315.165279  -9.912153489e-16  6.498275232e-31
315.4779249  -9.843595357e-16  6.453329438e-31
315.7387739  -9.786809959e-16  6.41610169e-31
315.9195339  -9.747679067e-16  6.390448001e-31
316  -9.730317323e-16  6.379065874e-31
316.0804661  -9.712990912e-16  6.36770691e-31
316.2612261  -9.674197059e-16  6.34227418e-31
316.5220751  -9.618526648e-16  6.305777403e-31
316.834721  -9.552283457e-16  6.262349253e-31
317.165279  -9.482811505e-16  6.216804371e-31
317.4779249  -9.417634913e-16  6.174075469e-31
317.7387739  -9.363647906e-16  6.138682309e-31
317.9195339  -9.326444078e-16  6.114291977e-31
318  -9.309936998e-16  6.103470157e-31
318.0804661  -9.2934633e-16  6.09267022e-31
318.2612261  -9.256577907e-16  6.06848865e-31
318.5220751  -9.203644339e-16  6.033786111e-31
318.834721  -9.1406549e-16  5.992491078e-31
319.165279  -9.074591927e-16  5.949181076e-31
319.4779249  -9.01261039e-16  5.908546809e-31
319.7387739  -8.961267584e-16  5.874887153e-31
319.9195339  -8.925884712e-16  5.851690615e-31
320  -8.910185255e-16  5.841398261e-31
320.0804661  -8.894517348e-16  5.831126591e-31
320.2612261  -8.85943544e-16  5.808127361e-31
320.5220751  -8.809088277e-16  5.775120435e-31
320.834721  -8.749173895e-16  5.735841368e-31
321.165279  -8.686332864e-16  5.694643628e-31
321.4779249  -8.627371254e-16  5.655989185e-31
321.7387739  -8.578527842e-16  5.623968098e-31
321.9195339  -8.54486627e-16  5.601900021e-31
322  -8.529930253e-16  5.592108169e-31
322.0804661  -8.515024067e-16  5.582335872e-31
322.2612261  -8.481647046e-16  5.560454344e-31
322.5220751  -8.433744982e-16  5.529050392e-31
322.834721  -8.3767378e-16  5.491677246e-31
323.165279  -8.316943007e-16  5.452476579e-31
323.4779249  -8.260836797e-16  5.415694099e-31
323.7387739  -8.214356729e-16  5.385222388e-31
323.9195339  -8.182322823e-16  5.364221387e-31
324  -8.168108735e-16  5.354902821e-31
324.0804661  -8.15392286e-16  5.345602752e-31
324.2612261  -8.122158082e-16  5.324778188e-31
324.5220751  -8.076568337e-16  5.294890161e-31
324.834721  -8.022310617e-16  5.259319526e-31
325.165279  -7.965396941e-16  5.222007681e-31
325.4779249  -7.911991504e-16  5.186995791e-31
325.7387739  -7.867746908e-16  5.157989626e-31
325.9195339  -7.83725266e-16  5.137998004e-31
326  -7.823721481e-16  5.129127145e-31
326.0804661  -7.810216995e-16  5.120273784e-31
326.2612261  -7.779977375e-16  5.100449094e-31
326.5220751  -7.736575133e-16  5.071995164e-31
326.834721  -7.684918589e-16  5.038129826e-31
327.165279  -7.630730793e-16  5.002605031e-31
327.4779249  -7.579880749e-16  4.969268422e-31
327.7387739  -7.537751396e-16  4.941648982e-31
327.9195339  -7.508714053e-16  4.922612489e-31
328  -7.495829093e-16  4.914165281e-31
328.0804661  -7.482969397e-16  4.905734637e-31
328.2612261  -7.454173045e-16  4.886856133e-31
328.5220751  -7.41284093e-16  4.859759352e-31
328.834721  -7.36364611e-16  4.827507886e-31
329.165279  -7.312038195e-16  4.793674427e-31
329.4779249  -7.263606808e-16  4.761923458e-31
329.7387739  -7.22347961e-16  4.735616603e-31
329.9195339  -7.195821332e-16  4.717484207e-31
330  -7.183548079e-16  4.709438026e-31
330.0804661  -7.171298744e-16  4.701407525e-31
330.2612261  -7.143868626e-16  4.683424707e-31
330.5220751  -7.10449622e-16  4.657612684e-31
330.834721  -7.057631929e-16  4.626889082e-31
331.165279  -7.008466534e-16  4.594656907e-31
331.4779249  -6.962325148e-16  4.564407232e-31
331.7387739  -6.924093695e-16  4.539343203e-31
331.9195339  -6.897741237e-16  4.522066884e-31
332  -6.886047213e-16  4.514400438e-31
332.0804661  -6.87437584e-16  4.506748842e-31
332.2612261  -6.848239466e-16  4.489614185e-31
332.5220751  -6.810722854e-16  4.465018796e-31
332.834721  -6.766065619e-16  4.43574211e-31
333.165279  -6.719213462e-16  4.405026462e-31
333.4779249  -6.675240982e-16  4.376198693e-31
333.7387739  -6.638805111e-16  4.352311823e-31
333.9195339  -6.613689523e-16  4.33584638e-31
334  -6.602544155e-16  4.328539626e-31
334.0804661  -6.591420247e-16  4.32124694e-31
334.2612261  -6.566509373e-16  4.304915704e-31
334.5220751  -6.530750728e-16  4.281472815e-31
334.834721  -6.488184304e-16  4.253566837e-31
335.165279  -6.443523658e-16  4.224287915e-31
335.4779249  -6.401606063e-16  4.1968073e-31
335.7387739  -6.366871456e-16  4.174035756e-31
335.9195339  -6.34292781e-16  4.158338623e-31
336  -6.332302309e-16  4.151372686e-31
336.0804661  -6.321697145e-16  4.144420082e-31
336.2612261  -6.297947503e-16  4.128850135e-31
336.5220751  -6.263854695e-16  4.106499346e-31
336.834721  -6.223269597e-16  4.079892299e-31
337.165279  -6.180685816e-16  4.051974941e-31
337.4779249  -6.140715703e-16  4.02577107e-31
337.7387739  -6.107593516e-16  4.004056607e-31
337.9195339  -6.08476065e-16  3.989087686e-31
338  -6.074627894e-16  3.982444786e-31
338.0804661  -6.064514417e-16  3.975814527e-31
338.2612261  -6.041865465e-16  3.960966176e-31
338.5220751  -6.009351696e-16  3.939650584e-31
338.834721  -5.970644775e-16  3.914274845e-31
339.165279  -5.930029833e-16  3.887648232e-31
339.4779249  -5.891906003e-16  3.862654759e-31
339.7387739  -5.860312516e-16  3.841942492e-31
339.9195339  -5.838532793e-16  3.827663997e-31
340  -5.828867225e-16  3.821327379e-31
340.0804661  -5.819219938e-16  3.815002748e-31
340.2612261  -5.797614618e-16  3.800838589e-31
340.5220751  -5.766598087e-16  3.780504566e-31
340.834721  -5.729672125e-16  3.756296399e-31
341.165279  -5.690924207e-16  3.730893782e-31
341.4779249  -5.654551269e-16  3.707048171e-31
341.7387739  -5.624407566e-16  3.687286362e-31
341.9195339  -5.603626653e-16  3.673662674e-31
342  -5.594404178e-16  3.667616542e-31
342.0804661  -5.585199045e-16  3.661581781e-31
342.2612261  -5.564583568e-16  3.648066549e-31
342.5220751  -5.534987154e-16  3.628663537e-31
342.834721  -5.499750493e-16  3.605562853e-31
343.165279  -5.462773599e-16  3.581321296e-31
343.4779249  -5.428061608e-16  3.558564579e-31
343.7387739  -5.399293272e-16  3.539704442e-31
343.9195339  -5.379459933e-16  3.526701971e-31
344  -5.37065783e-16  3.52093143e-31
344.0804661  -5.361872184e-16  3.515171678e-31
344.2612261  -5.342195823e-16  3.502272119e-31
344.5220751  -5.313946796e-16  3.483752434e-31
344.834721  -5.280312988e-16  3.46170256e-31
345.165279  -5.245016572e-16  3.438562701e-31
345.4779249  -5.211880686e-16  3.416839258e-31
345.7387739  -5.184417521e-16  3.398834774e-31
345.9195339  -5.165483424e-16  3.386421834e-31
346  -5.15708026e-16  3.380912832e-31
346.0804661  -5.148692715e-16  3.37541407e-31
346.2612261  -5.129907616e-16  3.36309881e-31
346.5220751  -5.10293736e-16  3.345417471e-31
346.834721  -5.070824846e-16  3.324364937e-31
347.165279  -5.037123476e-16  3.302270769e-31
347.4779249  -5.005483643e-16  3.281528118e-31
347.7387739  -4.97925941e-16  3.264335861e-31
347.9195339  -4.961178946e-16  3.252482551e-31
348  -4.953154495e-16  3.247221828e-31
348.0804661  -4.945144873e-16  3.241970827e-31
348.2612261  -4.927205875e-16  3.23021026e-31
348.5220751  -4.901449634e-16  3.213324813e-31
348.834721  -4.87078144e-16  3.193219155e-31
349.165279  -4.838594482e-16  3.172117816e-31
349.4779249  -4.808375141e-16  3.152306421e-31
349.7387739  -4.783327316e-16  3.135885402e-31
349.9195339  -4.766057433e-16  3.124563497e-31
350  -4.758392601e-16  3.119538536e-31
350.0804661  -4.750741853e-16  3.114522808e-31
350.2612261  -4.733606324e-16  3.103288984e-31
350.5220751  -4.709002966e-16  3.087159352e-31
350.834721  -4.67970642e-16  3.067952928e-31
351.165279  -4.648957745e-16  3.047794508e-31
351.4779249  -4.620087552e-16  3.028867596e-31
351.7387739  -4.596157098e-16  3.013179111e-31
351.9195339  -4.579657141e-16  3.00236196e-31
352  -4.572333899e-16  2.99756094e-31
352.0804661  -4.565024036e-16  2.992768692e-31
352.2612261  -4.548651717e-16  2.982035218e-31
352.5220751  -4.525143511e-16  2.966623553e-31
352.834721  -4.497149983e-16  2.94827137e-31
353.165279  -4.46776769e-16  2.929008732e-31
353.4779249  -4.440179261e-16  2.910922127e-31
353.7387739  -4.417310413e-16  2.895929616e-31
353.9195339  -4.401541982e-16  2.885592044e-31
354  -4.394543298e-16  2.8810038e-31
354.0804661  -4.387557329e-16  2.876423892e-31
354.2612261  -4.37191019e-16  2.866165838e-31
354.5220751  -4.349442599e-16  2.851436385e-31
354.834721  -4.322687252e-16  2.833895938e-31
355.165279  -4.294603412e-16  2.815484548e-31
355.4779249  -4.26823308e-16  2.798196511e-31
355.7387739  -4.24637315e-16  2.783865433e-31
355.9195339  -4.23129996e-16  2.773983651e-31
356  -4.224609742e-16  2.769597634e-31
356.0804661  -4.21793161e-16  2.76521954e-31
356.2612261  -4.202973716e-16  2.755413345e-31
356.5220751  -4.181495204e-16  2.74133232e-31
356.834721  -4.155916765e-16  2.724563438e-31
357.165279  -4.129067181e-16  2.706961209e-31
357.4779249  -4.103854774e-16  2.690432292e-31
357.7387739  -4.082953962e-16  2.67673e-31
357.9195339  -4.068541718e-16  2.667281525e-31
358  -4.062144755e-16  2.663087762e-31
358.0804661  -4.055759284e-16  2.658901532e-31
358.2612261  -4.041456666e-16  2.649524927e-31
358.5220751  -4.020918518e-16  2.636060392e-31
358.834721  -3.996459067e-16  2.620025103e-31
359.165279  -3.970783047e-16  2.603192248e-31
359.4779249  -3.946671679e-16  2.587385158e-31
359.7387739  -3.926682903e-16  2.574280783e-31
359.9195339  -3.912899177e-16  2.565244358e-31
360  -3.906781087e-16  2.561233419e-31
360.0804661  -3.900673927e-16  2.557229647e-31
360.2612261  -3.886994467e-16  2.548261576e-31
360.5220751  -3.867350619e-16  2.535383332e-31
360.834721  -3.843955384e-16  2.520045729e-31
361.165279  -3.819395537e-16  2.503944622e-31
361.4779249  -3.796331408e-16  2.488824088e-31
361.7387739  -3.777210138e-16  2.476288439e-31
361.9195339  -3.764024264e-16  2.467643956e-31
362  -3.758171443e-16  2.463806925e-31
362.0804661  -3.752329022e-16  2.459976711e-31
362.2612261  -3.739242342e-16  2.451397259e-31
362.5220751  -3.720449223e-16  2.439076742e-31
362.834721  -3.698066395e-16  2.424402859e-31
363.165279  -3.67456843e-16  2.408997908e-31
363.4779249  -3.652500647e-16  2.394530565e-31
363.7387739  -3.634204757e-16  2.382536024e-31
363.9195339  -3.621587719e-16  2.374264462e-31
364  -3.615987299e-16  2.370592902e-31
364.0804661  -3.610396775e-16  2.366927829e-31
364.2612261  -3.597874133e-16  2.358718153e-31
364.5220751  -3.579890518e-16  2.346928335e-31
364.834721  -3.558471077e-16  2.332886036e-31
365.165279  -3.535983621e-16  2.318143561e-31
365.4779249  -3.514864024e-16  2.304297836e-31
365.7387739  -3.497353648e-16  2.292818267e-31
365.9195339  -3.485277988e-16  2.284901626e-31
366  -3.47991779e-16  2.281387552e-31
366.0804661  -3.474567011e-16  2.277879653e-31
366.2612261  -3.462581204e-16  2.270021918e-31
366.5220751  -3.445368077e-16  2.258737223e-31
366.834721  -3.424865624e-16  2.245296088e-31
367.165279  -3.403340051e-16  2.23118421e-31
367.4779249  -3.383123052e-16  2.217930217e-31
367.7387739  -3.366360452e-16  2.206940881e-31
367.9195339  -3.354800177e-16  2.199362119e-31
368  -3.34966867e-16  2.195997971e-31
368.0804661  -3.344546132e-16  2.192639704e-31
368.2612261  -3.333071409e-16  2.185117029e-31
368.5220751  -3.316591831e-16  2.174313238e-31
368.834721  -3.296962437e-16  2.16144447e-31
369.165279  -3.276352707e-16  2.147933007e-31
369.4779249  -3.256995142e-16  2.135242446e-31
369.7387739  -3.240944584e-16  2.124719915e-31
369.9195339  -3.229875079e-16  2.117462895e-31
370  -3.224961345e-16  2.114241517e-31
370.0804661  -3.220056153e-16  2.111025739e-31
370.2612261  -3.209068127e-16  2.103822136e-31
370.5220751  -3.193287117e-16  2.093476317e-31
370.834721  -3.17448918e-16  2.081152641e-31
371.165279  -3.154751689e-16  2.068213006e-31
371.4779249  -3.136212673e-16  2.056059075e-31
371.7387739  -3.120840311e-16  2.04598116e-31
371.9195339  -3.110238261e-16  2.039030598e-31
372  -3.105531958e-16  2.035945209e-31
372.0804661  -3.100833792e-16  2.032865154e-31
372.2612261  -3.090309363e-16  2.025965479e-31
372.5220751  -3.075193783e-16  2.016055907e-31
372.834721  -3.057187891e-16  2.004251485e-31
373.165279  -3.038281329e-16  1.991856596e-31
373.4779249  -3.020522128e-16  1.980213901e-31
373.7387739  -3.005795893e-16  1.970559579e-31
373.9195339  -2.995639207e-16  1.963900992e-31
374  -2.991130536e-16  1.960945167e-31
374.0804661  -2.986629619e-16  1.957994426e-31
374.2612261  -2.976546897e-16  1.951384328e-31
374.5220751  -2.962065347e-16  1.941890418e-31
374.834721  -2.944814153e-16  1.930580766e-31
375.165279  -2.926699373e-16  1.918704959e-31
375.4779249  -2.909683278e-16  1.907549434e-31
375.7387739  -2.895572779e-16  1.89829878e-31
375.9195339  -2.885840521e-16  1.891918441e-31
376  -2.881520194e-16  1.889086093e-31
376.0804661  -2.877207257e-16  1.886258589e-31
376.2612261  -2.867545496e-16  1.879924468e-31
376.5220751  -2.853668213e-16  1.870826707e-31
376.834721  -2.837136317e-16  1.859988617e-31
377.165279  -2.819776211e-16  1.848607564e-31
377.4779249  -2.803468424e-16  1.837916397e-31
377.7387739  -2.789944847e-16  1.829050521e-31
377.9195339  -2.780617167e-16  1.822935419e-31
378  -2.776476379e-16  1.820220773e-31
378.0804661  -2.772342637e-16  1.817510747e-31
378.2612261  -2.763082168e-16  1.811439707e-31
378.5220751  -2.749780934e-16  1.802719596e-31
378.834721  -2.733934771e-16  1.792331064e-31
379.165279  -2.717294151e-16  1.781421696e-31
379.4779249  -2.701661675e-16  1.771173254e-31
379.7387739  -2.688697699e-16  1.762674245e-31
379.9195339  -2.679755775e-16  1.756812039e-31
380  -2.675786176e-16  1.754209623e-31
380.0804661  -2.671823295e-16  1.751611611e-31
380.2612261  -2.662945464e-16  1.745791424e-31
380.5220751  -2.650193518e-16  1.737431419e-31
380.834721  -2.635001254e-16  1.727471574e-31
381.165279  -2.619046748e-16  1.717012013e-31
381.4779249  -2.604058285e-16  1.707185777e-31
381.7387739  -2.591627994e-16  1.699036644e-31
381.9195339  -2.58305397e-16  1.693415629e-31
382  -2.579247638e-16  1.690920249e-31
382.0804661  -2.575447716e-16  1.68842907e-31
382.2612261  -2.566934828e-16  1.682848135e-31
382.5220751  -2.554706782e-16  1.674831592e-31
382.834721  -2.540138217e-16  1.665280635e-31
383.165279  -2.524838163e-16  1.655250125e-31
383.4779249  -2.510464019e-16  1.645826628e-31
383.7387739  -2.498542822e-16  1.638011251e-31
383.9195339  -2.490319758e-16  1.63262032e-31
384  -2.486669178e-16  1.630227049e-31
384.0804661  -2.483024713e-16  1.627837786e-31
384.2612261  -2.474859978e-16  1.622485095e-31
384.5220751  -2.463131742e-16  1.614796221e-31
384.834721  -2.449158217e-16  1.605635365e-31
385.165279  -2.434482569e-16  1.596014206e-31
385.4779249  -2.420694562e-16  1.586974973e-31
385.7387739  -2.409259124e-16  1.579478053e-31
385.9195339  -2.40137094e-16  1.574306665e-31
386  -2.397868979e-16  1.572010826e-31
386.0804661  -2.394372853e-16  1.569718813e-31
386.2612261  -2.386540334e-16  1.564583918e-31
386.5220751  -2.375289042e-16  1.557207722e-31
386.834721  -2.361883356e-16  1.548419133e-31
387.165279  -2.347803591e-16  1.539188627e-31
387.4779249  -2.334574969e-16  1.53051612e-31
387.7387739  -2.323603135e-16  1.523323132e-31
387.9195339  -2.316034566e-16  1.51836128e-31
388  -2.312674452e-16  1.516158434e-31
388.0804661  -2.309319908e-16  1.51395924e-31
388.2612261  -2.301804474e-16  1.509032222e-31
388.5220751  -2.291008418e-16  1.501954472e-31
388.834721  -2.278144741e-16  1.493521218e-31
389.165279  -2.264633778e-16  1.484663611e-31
389.4779249  -2.25193914e-16  1.476341176e-31
389.7387739  -2.241409872e-16  1.469438329e-31
389.9195339  -2.234146424e-16  1.464676509e-31
390  -2.230921725e-16  1.46256244e-31
390.0804661  -2.227702345e-16  1.460451857e-31
390.2612261  -2.220489629e-16  1.455723297e-31
390.5220751  -2.21012819e-16  1.448930476e-31
390.834721  -2.197781995e-16  1.440836476e-31
391.165279  -2.184814113e-16  1.432334906e-31
391.4779249  -2.172629331e-16  1.424346726e-31
391.7387739  -2.162522647e-16  1.417720919e-31
391.9195339  -2.155550551e-16  1.413150106e-31
392  -2.152455159e-16  1.411120809e-31
392.0804661  -2.149364846e-16  1.409094841e-31
392.2612261  -2.142441199e-16  1.404555791e-31
392.5220751  -2.132494794e-16  1.39803506e-31
392.834721  -2.120642778e-16  1.390265037e-31
393.165279  -2.108193542e-16  1.382103485e-31
393.4779249  -2.096495695e-16  1.374434533e-31
393.7387739  -2.086792611e-16  1.368073321e-31
393.9195339  -2.080098785e-16  1.363684938e-31
394  -2.077126895e-16  1.361736607e-31
394.0804661  -2.074159858e-16  1.359791457e-31
394.2612261  -2.067512312e-16  1.355433415e-31
394.5220751  -2.057962331e-16  1.349172574e-31
394.834721  -2.046582352e-16  1.341712013e-31
395.165279  -2.034628542e-16  1.333875255e-31
395.4779249  -2.023395848e-16  1.326511251e-31
395.7387739  -2.014078322e-16  1.320402805e-31
395.9195339  -2.007650333e-16  1.316188702e-31
396  -2.004796431e-16  1.314317722e-31
396.0804661  -2.001947164e-16  1.312449781e-31
396.2612261  -1.995563394e-16  1.308264666e-31
396.5220751  -1.98639215e-16  1.302252122e-31
396.834721  -1.975463164e-16  1.295087224e-31
397.165279  -1.963982711e-16  1.287560793e-31
397.4779249  -1.953194464e-16  1.280488163e-31
397.7387739  -1.944245345e-16  1.27462124e-31
397.9195339  -1.938071376e-16  1.270573668e-31
398  -1.935330217e-16  1.268776601e-31
398.0804661  -1.932593488e-16  1.266982438e-31
398.2612261  -1.926461777e-16  1.262962571e-31
398.5220751  -1.917652457e-16  1.257187298e-31
398.834721  -1.907154455e-16  1.250304949e-31
399.165279  -1.896126375e-16  1.243075087e-31
399.4779249  -1.885762889e-16  1.236280924e-31
399.7387739  -1.877165872e-16  1.230644835e-31
399.9195339  -1.871234685e-16  1.226756428e-31
