#L=5 M=0
#R     Re(V)   Im(V)

0.08046609183  -4.336960709e-10  0
0.2612261349  -1.563007798e-07  0
0.5220750502  -4.987365511e-06  0
0.8347210423  -5.219066704e-05  0
1.165278958  -0.0002773863829  0
1.47792495  -0.0009130451134  0
1.738773865  -0.002064141337  0
1.919533908  -0.003392394752  0
2  -0.004170141948  0
2.080466092  -0.005085026555  0
2.261226135  -0.007733272245  0
2.52207505  -0.01340348916  0
2.834721042  -0.02416967942  0
3.165278958  -0.04220069718  0
3.47792495  -0.06796601757  0
3.738773865  -0.09801893184  0
3.919533908  -0.124489036  0
4  -0.1379770552  0
4.080466092  -0.1221740176  0
4.261226135  -0.09368866681  0
4.52207505  -0.06499930406  0
4.834721042  -0.0429704899  0
5.165278958  -0.02845849526  0
5.47792495  -0.01969054729  0
5.738773865  -0.01469121919  0
5.919533908  -0.01207811482  0
6  -0.01108938774  0
6.080466092  -0.01019241556  0
6.261226135  -0.008464884593  0
6.52207505  -0.00653181126  0
6.834721042  -0.004849057011  0
7.165278958  -0.003589415149  0
7.47792495  -0.002734594174  0
7.738773865  -0.002198448892  0
7.919533908  -0.00189825532  0
8  -0.00178015317  0
8.080466092  -0.001670524898  0
8.261226135  -0.001451728397  0
8.52207505  -0.001192235713  0
8.834721042  -0.0009494916764  0
9.165278958  -0.0007533736258  0
9.47792495  -0.0006103354906  0
9.738773865  -0.0005149799391  0
9.919533908  -0.0004591328007  0
10  -0.0004365863846  0
10.08046609  -0.0004153333993  0
10.26122613  -0.0003718806313  0
10.52207505  -0.0003182583206  0
10.83472104  -0.0002655483672  0
11.16527896  -0.0002206463298  0
11.47792495  -0.0001862080609  0
11.73877387  -0.000162249604  0
11.91953391  -0.0001477690738  0
12  -0.0001418164119  0
12.08046609  -0.0001361443881  0
12.26122613  -0.0001243492136  0
12.52207505  -0.0001093820247  0
12.83472104  -9.414959849e-05  0
13.16527896  -8.068409095e-05  0
13.47792495  -6.998783181e-05  0
13.73877387  -6.232214668e-05  0
13.91953391  -5.758635417e-05  0
14  -5.561491401e-05  0
14.08046609  -5.372222896e-05  0
14.26122613  -4.973935169e-05  0
14.52207505  -4.458586059e-05  0
14.83472104  -3.921193905e-05  0
15.16527896  -3.433630283e-05  0
15.47792495  -3.036648433e-05  0
15.73877387  -2.746101631e-05  0
15.91953391  -2.563788563e-05  0
16  -2.487210762e-05  0
16.08046609  -2.413295313e-05  0
16.26122613  -2.25642066e-05  0
16.52207505  -2.050567333e-05  0
16.83472104  -1.83209578e-05  0
17.16527896  -1.63009102e-05  0
17.47792495  -1.462604414e-05  0
17.73877387  -1.338102681e-05  0
17.91953391  -1.259069873e-05  0
18  -1.225650171e-05  0
18.08046609  -1.193261846e-05  0
18.26122613  -1.124080133e-05  0
18.52207505  -1.032329691e-05  0
18.83472104  -9.336428867e-06  0
19.16527896  -8.410617557e-06  0
19.47792495  -7.632198116e-06  0
19.73877387  -7.046539267e-06  0
19.91953391  -6.671394517e-06  0
20  -6.511927464e-06  0
20.08046609  -6.356891267e-06  0
20.26122613  -6.024056778e-06  0
20.52207505  -5.578927134e-06  0
20.83472104  -5.095035533e-06  0
21.16527896  -4.6358056e-06  0
21.47792495  -4.245336877e-06  0
21.73877387  -3.948696039e-06  0
21.91953391  -3.757291073e-06  0
22  -3.675582244e-06  0
22.08046609  -3.595939177e-06  0
22.26122613  -3.424256612e-06  0
22.52207505  -3.193075579e-06  0
22.83472104  -2.939572628e-06  0
23.16527896  -2.696697889e-06  0
23.47792495  -2.488275886e-06  0
23.73877387  -2.32866284e-06  0
23.91953391  -2.225049906e-06  0
24  -2.180662575e-06  0
24.08046609  -2.137304903e-06  0
24.26122613  -2.043521085e-06  0
24.52207505  -1.916514152e-06  0
24.83472104  -1.776230663e-06  0
25.16527896  -1.640757415e-06  0
25.47792495  -1.523597986e-06  0
25.73877387  -1.433268263e-06  0
25.91953391  -1.374331255e-06  0
26  -1.349007727e-06  0
26.08046609  -1.324226915e-06  0
26.26122613  -1.270470131e-06  0
26.52207505  -1.197317695e-06  0
26.83472104  -1.116019633e-06  0
27.16527896  -1.036977385e-06  0
27.47792495  -9.681678772e-07  0
27.73877387  -9.1480954e-07  0
27.91953391  -8.798431346e-07  0
28  -8.647808016e-07  0
28.08046609  -8.500184455e-07  0
28.26122613  -8.179150744e-07  0
28.52207505  -7.740472848e-07  0
28.83472104  -7.250361565e-07  0
29.16527896  -6.77107108e-07  0
29.47792495  -6.351447628e-07  0
29.73877387  -6.024428006e-07  0
29.91953391  -5.809318999e-07  0
30  -5.716453011e-07  0
30.08046609  -5.625314364e-07  0
30.26122613  -5.426690306e-07  0
30.52207505  -5.154301579e-07  0
30.83472104  -4.848573863e-07  0
31.16527896  -4.548079478e-07  0
31.47792495  -4.283685537e-07  0
31.73877387  -4.076742533e-07  0
31.91953391  -3.940169523e-07  0
32  -3.881095095e-07  0
32.08046609  -3.8230514e-07  0
32.26122613  -3.696314681e-07  0
32.52207505  -3.521962007e-07  0
32.83472104  -3.325478671e-07  0
33.16527896  -3.131498621e-07  0
33.47792495  -2.960076692e-07  0
33.73877387  -2.825389841e-07  0
33.91953391  -2.736244464e-07  0
34  -2.697619233e-07  0
34.08046609  -2.65962862e-07  0
34.26122613  -2.576539134e-07  0
34.52207505  -2.461913541e-07  0
34.83472104  -2.332276998e-07  0
35.16527896  -2.203787674e-07  0
35.47792495  -2.089800781e-07  0
35.73877387  -1.999936745e-07  0
35.91953391  -1.940304966e-07  0
36  -1.91442848e-07  0
36.08046609  -1.888953713e-07  0
36.26122613  -1.83315522e-07  0
36.52207505  -1.755987757e-07  0
36.83472104  -1.668437105e-07  0
37.16527896  -1.581356433e-07  0
37.47792495  -1.503837561e-07  0
37.73877387  -1.442538577e-07  0
37.91953391  -1.401768214e-07  0
38  -1.384052523e-07  0
38.08046609  -1.36659749e-07  0
38.26122613  -1.328314306e-07  0
38.52207505  -1.275252292e-07  0
38.83472104  -1.214878963e-07  0
39.16527896  -1.154640551e-07  0
39.47792495  -1.100850258e-07  0
39.73877387  -1.058199066e-07  0
39.91953391  -1.029772712e-07  0
40  -1.017405786e-07  0
40.08046609  -1.005211785e-07  0
40.26122613  -9.784354269e-08  0
40.52207505  -9.412480545e-08  0
40.83472104  -8.988279987e-08  0
41.16527896  -8.56382481e-08  0
41.47792495  -8.183743749e-08  0
41.73877387  -7.881629751e-08  0
41.91953391  -7.67989849e-08  0
42  -7.592038619e-08  0
42.08046609  -7.505349174e-08  0
42.26122613  -7.314785441e-08  0
42.52207505  -7.049648332e-08  0
42.83472104  -6.746499513e-08  0
43.16527896  -6.442387442e-08  0
43.47792495  -6.169376853e-08  0
43.73877387  -5.95188492e-08  0
43.91953391  -5.806411561e-08  0
44  -5.742990423e-08  0
44.08046609  -5.680375992e-08  0
44.26122613  -5.54259961e-08  0
44.52207505  -5.350591146e-08  0
44.83472104  -5.130590104e-08  0
45.16527896  -4.909372316e-08  0
45.47792495  -4.710318859e-08  0
45.73877387  -4.551421347e-08  0
45.91953391  -4.444975008e-08  0
46  -4.398525974e-08  0
46.08046609  -4.352642233e-08  0
46.26122613  -4.251589391e-08  0
46.52207505  -4.110547636e-08  0
46.83472104  -3.948630757e-08  0
47.16527896  -3.785469109e-08  0
47.47792495  -3.638344124e-08  0
47.73877387  -3.520680292e-08  0
47.91953391  -3.4417446e-08  0
48  -3.407271391e-08  0
48.08046609  -3.373200349e-08  0
48.26122613  -3.29810169e-08  0
48.52207505  -3.193139996e-08  0
48.83472104  -3.072429197e-08  0
49.16527896  -2.95055086e-08  0
49.47792495  -2.840437816e-08  0
49.73877387  -2.752223512e-08  0
49.91953391  -2.692966931e-08  0
50  -2.667068223e-08  0
50.08046609  -2.641459633e-08  0
50.26122613  -2.584971006e-08  0
50.52207505  -2.505919254e-08  0
50.83472104  -2.414857358e-08  0
51.16527896  -2.322747885e-08  0
51.47792495  -2.239380833e-08  0
51.73877387  -2.172487853e-08  0
51.91953391  -2.127499372e-08  0
52  -2.107822758e-08  0
52.08046609  -2.08835813e-08  0
52.26122613  -2.045392138e-08  0
52.52207505  -1.985193732e-08  0
52.83472104  -1.915744725e-08  0
53.16527896  -1.845378979e-08  0
53.47792495  -1.781586308e-08  0
53.73877387  -1.7303248e-08  0
53.91953391  -1.695810713e-08  0
54  -1.680705387e-08  0
54.08046609  -1.665756802e-08  0
54.26122613  -1.632738116e-08  0
54.52207505  -1.586426272e-08  0
54.83472104  -1.532922929e-08  0
55.16527896  -1.478629066e-08  0
55.47792495  -1.429331282e-08  0
55.73877387  -1.389663611e-08  0
55.91953391  -1.362927937e-08  0
56  -1.351219764e-08  0
56.08046609  -1.339628765e-08  0
56.26122613  -1.31401098e-08  0
56.52207505  -1.278043296e-08  0
56.83472104  -1.236436322e-08  0
57.16527896  -1.194153589e-08  0
57.47792495  -1.155706791e-08  0
57.73877387  -1.124731372e-08  0
57.91953391  -1.103834086e-08  0
58  -1.094677495e-08  0
58.08046609  -1.085609396e-08  0
58.26122613  -1.065556368e-08  0
58.52207505  -1.037375174e-08  0
58.83472104  -1.00473599e-08  0
59.16527896  -9.715220276e-09  0
59.47792495  -9.412810155e-09  0
59.73877387  -9.168880743e-09  0
59.91953391  -9.004168053e-09  0
60  -8.931957514e-09  0
60.08046609  -8.860421697e-09  0
60.26122613  -8.70214603e-09  0
60.52207505  -8.47952046e-09  0
60.83472104  -8.221385739e-09  0
61.16527896  -7.958374762e-09  0
61.47792495  -7.718607344e-09  0
61.73877387  -7.524993865e-09  0
61.91953391  -7.394146984e-09  0
62  -7.336754954e-09  0
62.08046609  -7.279881962e-09  0
62.26122613  -7.153986824e-09  0
62.52207505  -6.976761075e-09  0
62.83472104  -6.77104972e-09  0
63.16527896  -6.561205499e-09  0
63.47792495  -6.369683036e-09  0
63.73877387  -6.214868194e-09  0
63.91953391  -6.110159594e-09  0
64  -6.064211045e-09  0
64.08046609  -6.018665114e-09  0
64.26122613  -5.917797553e-09  0
64.52207505  -5.775694253e-09  0
64.83472104  -5.610586616e-09  0
65.16527896  -5.441975706e-09  0
65.47792495  -5.287917905e-09  0
65.73877387  -5.163266646e-09  0
65.91953391  -5.078896739e-09  0
66  -5.041857161e-09  0
66.08046609  -5.005132345e-09  0
66.26122613  -4.923765292e-09  0
66.52207505  -4.809051452e-09  0
66.83472104  -4.675642663e-09  0
67.16527896  -4.539261619e-09  0
67.47792495  -4.414523546e-09  0
67.73877387  -4.313503587e-09  0
67.91953391  -4.245080882e-09  0
68  -4.215030046e-09  0
68.08046609  -4.185227101e-09  0
68.26122613  -4.119169291e-09  0
68.52207505  -4.025975371e-09  0
68.83472104  -3.917498244e-09  0
69.16527896  -3.806495789e-09  0
69.47792495  -3.704871213e-09  0
69.73877387  -3.622499269e-09  0
69.91953391  -3.566670613e-09  0
70  -3.542141538e-09  0
70.08046609  -3.517809047e-09  0
70.26122613  -3.463855802e-09  0
70.52207505  -3.387689949e-09  0
70.83472104  -3.2989598e-09  0
71.16527896  -3.208080183e-09  0
71.47792495  -3.124802216e-09  0
71.73877387  -3.057246478e-09  0
71.91953391  -3.01143134e-09  0
72  -2.991294499e-09  0
72.08046609  -2.971314576e-09  0
72.26122613  -2.926996427e-09  0
72.52207505  -2.864394422e-09  0
72.83472104  -2.791408417e-09  0
73.16527896  -2.716589103e-09  0
73.47792495  -2.64796873e-09  0
73.73877387  -2.592260725e-09  0
73.91953391  -2.554458386e-09  0
74  -2.53783763e-09  0
74.08046609  -2.521342905e-09  0
74.26122613  -2.484742893e-09  0
74.52207505  -2.433013483e-09  0
74.83472104  -2.372658785e-09  0
75.16527896  -2.310736952e-09  0
75.47792495  -2.253898939e-09  0
75.73877387  -2.207722738e-09  0
75.91953391  -2.176371108e-09  0
76  -2.162582067e-09  0
76.08046609  -2.148894843e-09  0
76.26122613  -2.118514541e-09  0
76.52207505  -2.075552491e-09  0
76.83472104  -2.025391756e-09  0
77.16527896  -1.973888277e-09  0
77.47792495  -1.926576536e-09  0
77.73877387  -1.888113217e-09  0
77.91953391  -1.861984557e-09  0
78  -1.850489115e-09  0
78.08046609  -1.839076387e-09  0
78.26122613  -1.813736797e-09  0
78.52207505  -1.7778845e-09  0
78.83472104  -1.735996878e-09  0
79.16527896  -1.692956005e-09  0
79.47792495  -1.653388955e-09  0
79.73877387  -1.621200882e-09  0
79.91953391  -1.599324155e-09  0
80  -1.58969654e-09  0
80.08046609  -1.580136473e-09  0
80.26122613  -1.55890414e-09  0
80.52207505  -1.528848327e-09  0
80.83472104  -1.493710684e-09  0
81.16527896  -1.457580123e-09  0
81.47792495  -1.424342361e-09  0
81.73877387  -1.397286421e-09  0
81.91953391  -1.378889025e-09  0
82  -1.370790344e-09  0
82.08046609  -1.362747103e-09  0
82.26122613  -1.34487859e-09  0
82.52207505  -1.319572667e-09  0
82.83472104  -1.289970168e-09  0
83.16527896  -1.259510694e-09  0
83.47792495  -1.231471259e-09  0
83.73877387  -1.208633329e-09  0
83.91953391  -1.193097051e-09  0
84  -1.186256034e-09  0
84.08046609  -1.179460736e-09  0
84.26122613  -1.164360607e-09  0
84.52207505  -1.142965831e-09  0
84.83472104  -1.11792414e-09  0
85.16527896  -1.092141e-09  0
85.47792495  -1.06839126e-09  0
85.73877387  -1.049036358e-09  0
85.91953391  -1.035863848e-09  0
86  -1.030062184e-09  0
86.08046609  -1.024298394e-09  0
86.26122613  -1.011487194e-09  0
86.52207505  -9.933278037e-10  0
86.83472104  -9.720613382e-10  0
87.16527896  -9.501518202e-10  0
87.47792495  -9.299579576e-10  0
87.73877387  -9.134920781e-10  0
87.91953391  -9.022811585e-10  0
88  -8.973422536e-10  0
88.08046609  -8.924348602e-10  0
88.26122613  -8.815245515e-10  0
88.52207505  -8.660533318e-10  0
88.83472104  -8.479254947e-10  0
89.16527896  -8.292386105e-10  0
89.47792495  -8.120050442e-10  0
89.73877387  -7.979457448e-10  0
89.91953391  -7.883695984e-10  0
90  -7.841499052e-10  0
90.08046609  -7.799565385e-10  0
90.26122613  -7.706315373e-10  0
90.52207505  -7.574032184e-10  0
90.83472104  -7.418956595e-10  0
91.16527896  -7.259009415e-10  0
91.47792495  -7.111419903e-10  0
91.73877387  -6.990955913e-10  0
91.91953391  -6.908873959e-10  0
92  -6.872696834e-10  0
92.08046609  -6.836740524e-10  0
92.26122613  -6.75676507e-10  0
92.52207505  -6.643270931e-10  0
92.83472104  -6.510158023e-10  0
93.16527896  -6.372790166e-10  0
93.47792495  -6.24596824e-10  0
93.73877387  -6.142406296e-10  0
93.91953391  -6.071815676e-10  0
94  -6.040696683e-10  0
94.08046609  -6.009763602e-10  0
94.26122613  -5.940946518e-10  0
94.52207505  -5.843252694e-10  0
94.83472104  -5.728618809e-10  0
95.16527896  -5.610260162e-10  0
95.47792495  -5.500932555e-10  0
95.73877387  -5.41161615e-10  0
95.91953391  -5.350714667e-10  0
96  -5.323861548e-10  0
96.08046609  -5.297165524e-10  0
96.26122613  -5.237762663e-10  0
96.52207505  -5.153404729e-10  0
96.83472104  -5.054375649e-10  0
97.16527896  -4.952078721e-10  0
97.47792495  -4.85754125e-10  0
97.73877387  -4.780274456e-10  0
97.91953391  -4.727571713e-10  0
98  -4.704329109e-10  0
98.08046609  -4.68121971e-10  0
98.26122613  -4.629787695e-10  0
98.52207505  -4.556725312e-10  0
98.83472104  -4.470920073e-10  0
99.16527896  -4.382241663e-10  0
99.47792495  -4.300251396e-10  0
99.73877387  -4.233211832e-10  0
99.91953391  -4.187470435e-10  0
100  -4.167294098e-10  0
100.0804661  -4.147231087e-10  0
100.2612261  -4.102570776e-10  0
100.5220751  -4.039108139e-10  0
100.834721  -3.964546755e-10  0
101.165279  -3.887453887e-10  0
101.4779249  -3.816143371e-10  0
101.7387739  -3.757812919e-10  0
101.9195339  -3.718001644e-10  0
102  -3.7004379e-10  0
102.0804661  -3.682970879e-10  0
102.2612261  -3.644082299e-10  0
102.5220751  -3.588804696e-10  0
102.834721  -3.523834516e-10  0
103.165279  -3.456629324e-10  0
103.4779249  -3.394438025e-10  0
103.7387739  -3.343547424e-10  0
103.9195339  -3.308803753e-10  0
104  -3.293473059e-10  0
104.0804661  -3.27822517e-10  0
104.2612261  -3.244271436e-10  0
104.5220751  -3.195994421e-10  0
104.834721  -3.139231095e-10  0
105.165279  -3.080490558e-10  0
105.4779249  -3.026109832e-10  0
105.7387739  -2.98159417e-10  0
105.9195339  -2.951194174e-10  0
106  -2.937777899e-10  0
106.0804661  -2.924432727e-10  0
106.2612261  -2.894711015e-10  0
106.5220751  -2.852439511e-10  0
106.834721  -2.802719459e-10  0
107.165279  -2.751246849e-10  0
107.4779249  -2.703575566e-10  0
107.7387739  -2.664538371e-10  0
107.9195339  -2.637872406e-10  0
108  -2.626102167e-10  0
108.0804661  -2.614393154e-10  0
108.2612261  -2.588311263e-10  0
108.5220751  -2.551206514e-10  0
108.834721  -2.507548492e-10  0
109.165279  -2.462334089e-10  0
109.4779249  -2.420442711e-10  0
109.7387739  -2.386126865e-10  0
109.9195339  -2.362679874e-10  0
110  -2.352328877e-10  0
110.0804661  -2.342030748e-10  0
110.2612261  -2.319088088e-10  0
110.5220751  -2.286440845e-10  0
110.834721  -2.248014746e-10  0
111.165279  -2.208203928e-10  0
111.4779249  -2.171305308e-10  0
111.7387739  -2.141069389e-10  0
111.9195339  -2.120404874e-10  0
112  -2.111280881e-10  0
112.0804661  -2.102202659e-10  0
112.2612261  -2.081974773e-10  0
112.5220751  -2.053183455e-10  0
112.834721  -2.019284881e-10  0
113.165279  -1.9841521e-10  0
113.4779249  -1.951577654e-10  0
113.7387739  -1.924876623e-10  0
113.9195339  -1.906623556e-10  0
114  -1.898563131e-10  0
114.0804661  -1.890542434e-10  0
114.2612261  -1.872668348e-10  0
114.5220751  -1.847221182e-10  0
114.834721  -1.817250648e-10  0
115.165279  -1.78617813e-10  0
115.4779249  -1.757358324e-10  0
115.7387739  -1.7337277e-10  0
115.9195339  -1.717569793e-10  0
116  -1.710433585e-10  0
116.0804661  -1.703331945e-10  0
116.2612261  -1.687503793e-10  0
116.5220751  -1.664964165e-10  0
116.834721  -1.638410019e-10  0
117.165279  -1.610870268e-10  0
117.4779249  -1.585318581e-10  0
117.7387739  -1.564361426e-10  0
117.9195339  -1.5500283e-10  0
118  -1.543697167e-10  0
118.0804661  -1.537396183e-10  0
118.2612261  -1.523350664e-10  0
118.5220751  -1.503345053e-10  0
118.834721  -1.479769408e-10  0
119.165279  -1.455310782e-10  0
119.4779249  -1.432610477e-10  0
119.7387739  -1.413986657e-10  0
119.9195339  -1.401246561e-10  0
120  -1.395618362e-10  0
120.0804661  -1.390016518e-10  0
120.2612261  -1.377527845e-10  0
120.5220751  -1.359735852e-10  0
120.834721  -1.33876296e-10  0
121.165279  -1.316997746e-10  0
121.4779249  -1.296790923e-10  0
121.7387739  -1.280208219e-10  0
121.9195339  -1.268861992e-10  0
122  -1.263848935e-10  0
122.0804661  -1.25885897e-10  0
122.2612261  -1.247733023e-10  0
122.5220751  -1.231879109e-10  0
122.834721  -1.213185714e-10  0
123.165279  -1.193780229e-10  0
123.4779249  -1.17575874e-10  0
123.7387739  -1.160965466e-10  0
123.9195339  -1.150841524e-10  0
124  -1.146367962e-10  0
124.0804661  -1.141914674e-10  0
124.2612261  -1.131984142e-10  0
124.5220751  -1.117830759e-10  0
124.834721  -1.101138076e-10  0
125.165279  -1.083804429e-10  0
125.4779249  -1.06770231e-10  0
125.7387739  -1.05448116e-10  0
125.9195339  -1.045431318e-10  0
126  -1.041431909e-10  0
126.0804661  -1.037450339e-10  0
126.2612261  -1.02857067e-10  0
126.5220751  -1.015912525e-10  0
126.834721  -1.000979545e-10  0
127.165279  -9.854687594e-11  0
127.4779249  -9.710559144e-11  0
127.7387739  -9.592188221e-11  0
127.9195339  -9.511148029e-11  0
128  -9.475329757e-11  0
128.0804661  -9.439668757e-11  0
128.2612261  -9.360128847e-11  0
128.5220751  -9.246721512e-11  0
128.834721  -9.112900371e-11  0
129.165279  -8.973862969e-11  0
129.4779249  -8.844631982e-11  0
129.7387739  -8.738470327e-11  0
129.9195339  -8.665775382e-11  0
130  -8.633642015e-11  0
130.0804661  -8.601647574e-11  0
130.2612261  -8.530277903e-11  0
130.5220751  -8.428500817e-11  0
130.834721  -8.308374696e-11  0
131.165279  -8.183532803e-11  0
131.4779249  -8.067465255e-11  0
131.7387739  -7.972094698e-11  0
131.9195339  -7.906777208e-11  0
132  -7.877901814e-11  0
132.0804661  -7.849149374e-11  0
132.2612261  -7.785004783e-11  0
132.5220751  -7.693514664e-11  0
132.834721  -7.585505063e-11  0
133.165279  -7.473226271e-11  0
133.4779249  -7.368811924e-11  0
133.7387739  -7.282996943e-11  0
133.9195339  -7.224213562e-11  0
134  -7.198224058e-11  0
134.0804661  -7.172343571e-11  0
134.2612261  -7.114600142e-11  0
134.5220751  -7.032225747e-11  0
134.834721  -6.934955922e-11  0
135.165279  -6.83381599e-11  0
135.4779249  -6.739736758e-11  0
135.7387739  -6.662398715e-11  0
135.9195339  -6.609413016e-11  0
136  -6.585984446e-11  0
136.0804661  -6.562652708e-11  0
136.2612261  -6.510590729e-11  0
136.5220751  -6.436308719e-11  0
136.834721  -6.348575431e-11  0
137.165279  -6.257329209e-11  0
137.4779249  -6.172432375e-11  0
137.7387739  -6.102627689e-11  0
137.9195339  -6.054795314e-11  0
138  -6.033643311e-11  0
138.0804661  -6.012577467e-11  0
138.2612261  -5.96556699e-11  0
138.5220751  -5.898481467e-11  0
138.834721  -5.819231023e-11  0
139.165279  -5.736787775e-11  0
139.4779249  -5.66006326e-11  0
139.7387739  -5.596964877e-11  0
139.9195339  -5.553720921e-11  0
140  -5.534596153e-11  0
140.0804661  -5.515548175e-11  0
140.2612261  -5.473036751e-11  0
140.5220751  -5.412361864e-11  0
140.834721  -5.340669752e-11  0
141.165279  -5.266072172e-11  0
141.4779249  -5.196633187e-11  0
141.7387739  -5.139514811e-11  0
141.9195339  -5.100363086e-11  0
142  -5.083046523e-11  0
142.0804661  -5.065798513e-11  0
142.2612261  -5.027300737e-11  0
142.5220751  -4.972345869e-11  0
142.834721  -4.907399398e-11  0
143.165279  -4.839805714e-11  0
143.4779249  -4.776872268e-11  0
143.7387739  -4.725094903e-11  0
143.9195339  -4.689598777e-11  0
144  -4.673897655e-11  0
144.0804661  -4.658257829e-11  0
144.2612261  -4.623346426e-11  0
144.5220751  -4.573503541e-11  0
144.834721  -4.514587011e-11  0
145.165279  -4.453255705e-11  0
145.4779249  -4.396140503e-11  0
145.7387739  -4.349140949e-11  0
145.9195339  -4.316915505e-11  0
146  -4.302659873e-11  0
146.0804661  -4.288459132e-11  0
146.2612261  -4.256757322e-11  0
146.5220751  -4.211490135e-11  0
146.834721  -4.157972149e-11  0
147.165279  -4.10224886e-11  0
147.4779249  -4.050345222e-11  0
147.7387739  -4.007626216e-11  0
147.9195339  -3.978331539e-11  0
148  -3.965371296e-11  0
148.0804661  -3.952460284e-11  0
148.2612261  -3.923635237e-11  0
148.5220751  -3.882469935e-11  0
148.834721  -3.833792506e-11  0
149.165279  -3.783098796e-11  0
149.4779249  -3.735870288e-11  0
149.7387739  -3.696992039e-11  0
149.9195339  -3.670327442e-11  0
150  -3.658529798e-11  0
150.0804661  -3.646776372e-11  0
150.2612261  -3.620533587e-11  0
150.5220751  -3.583050841e-11  0
150.834721  -3.538720031e-11  0
151.165279  -3.492543725e-11  0
151.4779249  -3.449515237e-11  0
151.7387739  -3.414088137e-11  0
151.9195339  -3.389787197e-11  0
152  -3.379034479e-11  0
152.0804661  -3.368321533e-11  0
152.2612261  -3.344399997e-11  0
152.5220751  -3.310228091e-11  0
152.834721  -3.269805946e-11  0
153.165279  -3.227692801e-11  0
153.4779249  -3.188442857e-11  0
153.7387739  -3.156121201e-11  0
153.9195339  -3.133947475e-11  0
154  -3.124135242e-11  0
154.0804661  -3.114358832e-11  0
154.2612261  -3.092526836e-11  0
154.5220751  -3.061335738e-11  0
154.834721  -3.024433327e-11  0
155.165279  -2.985979843e-11  0
155.4779249  -2.950133955e-11  0
155.7387739  -2.920610512e-11  0
155.9195339  -2.900353834e-11  0
156  -2.891389242e-11  0
156.0804661  -2.88245696e-11  0
156.2612261  -2.862508496e-11  0
156.5220751  -2.834004726e-11  0
156.834721  -2.800276116e-11  0
157.165279  -2.765123318e-11  0
157.4779249  -2.732348239e-11  0
157.7387739  -2.705349551e-11  0
157.9195339  -2.68682283e-11  0
158  -2.67862322e-11  0
158.0804661  -2.670452789e-11  0
158.2612261  -2.652204419e-11  0
158.5220751  -2.626126604e-11  0
158.834721  -2.595263646e-11  0
159.165279  -2.563091689e-11  0
159.4779249  -2.533090428e-11  0
159.7387739  -2.508372737e-11  0
159.9195339  -2.491409172e-11  0
160  -2.483900844e-11  0
160.0804661  -2.476418902e-11  0
160.2612261  -2.45970704e-11  0
160.5220751  -2.435822063e-11  0
160.834721  -2.40754986e-11  0
161.165279  -2.378073348e-11  0
161.4779249  -2.350580838e-11  0
161.7387739  -2.327926544e-11  0
161.9195339  -2.312377212e-11  0
162  -2.305494358e-11  0
162.0804661  -2.298635393e-11  0
162.2612261  -2.283313952e-11  0
162.5220751  -2.261413596e-11  0
162.834721  -2.235486564e-11  0
163.165279  -2.208450473e-11  0
163.4779249  -2.183229807e-11  0
163.7387739  -2.162444388e-11  0
163.9195339  -2.148176137e-11  0
164  -2.141859913e-11  0
164.0804661  -2.135565345e-11  0
164.2612261  -2.121503678e-11  0
164.5220751  -2.101401705e-11  0
164.834721  -2.077600141e-11  0
165.165279  -2.052776275e-11  0
165.4779249  -2.029615417e-11  0
165.7387739  -2.010524739e-11  0
165.9195339  -1.997418356e-11  0
166  -1.991616074e-11  0
166.0804661  -1.985833447e-11  0
166.2612261  -1.972914556e-11  0
166.5220751  -1.95444416e-11  0
166.834721  -1.932571247e-11  0
167.165279  -1.909755136e-11  0
167.4779249  -1.888464055e-11  0
167.7387739  -1.870912025e-11  0
167.9195339  -1.858860634e-11  0
168  -1.853525053e-11  0
168.0804661  -1.848207332e-11  0
168.2612261  -1.836326303e-11  0
168.5220751  -1.819337883e-11  0
168.834721  -1.799217072e-11  0
169.165279  -1.778225261e-11  0
169.4779249  -1.758633425e-11  0
169.7387739  -1.74247994e-11  0
169.9195339  -1.731387597e-11  0
170  -1.726476307e-11  0
170.0804661  -1.721581262e-11  0
170.2612261  -1.710643892e-11  0
170.5220751  -1.695003104e-11  0
170.834721  -1.67647582e-11  0
171.165279  -1.6571435e-11  0
171.4779249  -1.639097674e-11  0
171.7387739  -1.624216819e-11  0
171.9195339  -1.613997288e-11  0
172  -1.609472162e-11  0
172.0804661  -1.604961832e-11  0
172.2612261  -1.59488343e-11  0
172.5220751  -1.580469475e-11  0
172.834721  -1.563393107e-11  0
173.165279  -1.54557203e-11  0
173.4779249  -1.528934353e-11  0
173.7387739  -1.515212825e-11  0
173.9195339  -1.505788492e-11  0
174  -1.501615219e-11  0
174.0804661  -1.497455434e-11  0
174.2612261  -1.488159764e-11  0
174.5220751  -1.47486389e-11  0
174.834721  -1.459110025e-11  0
175.165279  -1.442666677e-11  0
175.4779249  -1.427312962e-11  0
175.7387739  -1.414648681e-11  0
175.9195339  -1.405949614e-11  0
176  -1.402097271e-11  0
176.0804661  -1.398257238e-11  0
176.2612261  -1.389675591e-11  0
176.5220751  -1.377399772e-11  0
176.834721  -1.362852644e-11  0
177.165279  -1.347666636e-11  0
177.4779249  -1.333484883e-11  0
177.7387739  -1.321785769e-11  0
177.9195339  -1.313748877e-11  0
178  -1.310189568e-11  0
178.0804661  -1.306641504e-11  0
178.2612261  -1.298711884e-11  0
178.5220751  -1.287367656e-11  0
178.834721  -1.273922773e-11  0
179.165279  -1.259885421e-11  0
179.4779249  -1.246774504e-11  0
179.7387739  -1.235957402e-11  0
179.9195339  -1.228525702e-11  0
180  -1.225234227e-11  0
180.0804661  -1.221953036e-11  0
180.2612261  -1.214619435e-11  0
180.5220751  -1.204126874e-11  0
180.834721  -1.191689815e-11  0
181.165279  -1.178702891e-11  0
181.4779249  -1.166571392e-11  0
181.7387739  -1.156561121e-11  0
181.9195339  -1.149683088e-11  0
182  -1.146636661e-11  0
182.0804661  -1.143599646e-11  0
182.2612261  -1.136811414e-11  0
182.5220751  -1.127098225e-11  0
182.834721  -1.115583571e-11  0
183.165279  -1.103558196e-11  0
183.4779249  -1.092323387e-11  0
183.7387739  -1.083051898e-11  0
183.9195339  -1.07668089e-11  0
184  -1.07385888e-11  0
184.0804661  -1.071045496e-11  0
184.2612261  -1.06475677e-11  0
184.5220751  -1.055757492e-11  0
184.834721  -1.045087883e-11  0
185.165279  -1.03394355e-11  0
185.4779249  -1.023530479e-11  0
185.7387739  -1.014936112e-11  0
185.9195339  -1.009029862e-11  0
186  -1.006413574e-11  0
186.0804661  -1.003805197e-11  0
186.2612261  -9.979744111e-12  0
186.5220751  -9.896297012e-12  0
186.834721  -9.797350007e-12  0
187.165279  -9.69398706e-12  0
187.4779249  -9.597393973e-12  0
187.7387739  -9.51766223e-12  0
187.9195339  -9.462863845e-12  0
188  -9.438588567e-12  0
188.0804661  -9.414385911e-12  0
188.2612261  -9.360280287e-12  0
188.5220751  -9.28284038e-12  0
188.834721  -9.191005897e-12  0
189.165279  -9.095060657e-12  0
189.4779249  -9.005388042e-12  0
189.7387739  -8.931360359e-12  0
189.9195339  -8.880477868e-12  0
190  -8.857936145e-12  0
190.0804661  -8.83546115e-12  0
190.2612261  -8.785215186e-12  0
190.5220751  -8.713293304e-12  0
190.834721  -8.627993009e-12  0
191.165279  -8.538863313e-12  0
191.4779249  -8.455550286e-12  0
191.7387739  -8.386765038e-12  0
191.9195339  -8.339481882e-12  0
192  -8.318533669e-12  0
192.0804661  -8.29764682e-12  0
192.2612261  -8.250949042e-12  0
192.5220751  -8.184100375e-12  0
192.834721  -8.104808306e-12  0
193.165279  -8.021946428e-12  0
193.4779249  -7.944482731e-12  0
193.7387739  -7.880519897e-12  0
193.9195339  -7.836548018e-12  0
194  -7.817065867e-12  0
194.0804661  -7.797640199e-12  0
194.2612261  -7.754207126e-12  0
194.5220751  -7.692026798e-12  0
194.834721  -7.618264144e-12  0
195.165279  -7.541171384e-12  0
195.4779249  -7.469092356e-12  0
195.7387739  -7.409569396e-12  0
195.9195339  -7.368646415e-12  0
196  -7.350514232e-12  0
196.0804661  -7.332434083e-12  0
196.2612261  -7.292007462e-12  0
196.5220751  -7.234126588e-12  0
196.834721  -7.165457039e-12  0
197.165279  -7.093678894e-12  0
197.4779249  -7.026560991e-12  0
197.7387739  -6.971129167e-12  0
197.9195339  -6.93301586e-12  0
198  -6.916127793e-12  0
198.0804661  -6.899287701e-12  0
198.2612261  -6.861632034e-12  0
198.5220751  -6.807714198e-12  0
198.834721  -6.743739797e-12  0
199.165279  -6.676861652e-12  0
199.4779249  -6.61431844e-12  0
199.7387739  -6.56265953e-12  0
199.9195339  -6.527137586e-12  0
200  -6.511397028e-12  0
200.0804661  -6.495700738e-12  0
200.2612261  -6.46060108e-12  0
200.5220751  -6.410339192e-12  0
200.834721  -6.350696622e-12  0
201.165279  -6.288339897e-12  0
201.4779249  -6.23001848e-12  0
201.7387739  -6.181841837e-12  0
201.9195339  -6.148711843e-12  0
202  -6.134030545e-12  0
202.0804661  -6.119390128e-12  0
202.2612261  -6.086650108e-12  0
202.5220751  -6.039763591e-12  0
202.834721  -5.98412086e-12  0
203.165279  -5.925939564e-12  0
203.4779249  -5.871517376e-12  0
203.7387739  -5.826557302e-12  0
203.9195339  -5.795636943e-12  0
204  -5.781934219e-12  0
204.0804661  -5.768269277e-12  0
204.2612261  -5.737709335e-12  0
204.5220751  -5.693941604e-12  0
204.834721  -5.641995071e-12  0
205.165279  -5.587672718e-12  0
205.4779249  -5.536854655e-12  0
205.7387739  -5.494868042e-12  0
205.9195339  -5.465990489e-12  0
206  -5.4531925e-12  0
206.0804661  -5.440429457e-12  0
206.2612261  -5.411885259e-12  0
206.5220751  -5.371001466e-12  0
206.834721  -5.322473177e-12  0
207.165279  -5.271720012e-12  0
207.4779249  -5.224235861e-12  0
207.7387739  -5.185000077e-12  0
207.9195339  -5.158012536e-12  0
208  -5.146051654e-12  0
208.0804661  -5.134123118e-12  0
208.2612261  -5.107444136e-12  0
208.5220751  -5.06922914e-12  0
208.834721  -5.023864436e-12  0
209.165279  -4.976414952e-12  0
209.4779249  -4.932017077e-12  0
209.7387739  -4.89532807e-12  0
209.9195339  -4.870090486e-12  0
210  -4.858904716e-12  0
210.0804661  -4.847748908e-12  0
210.2612261  -4.822797143e-12  0
210.5220751  -4.787053691e-12  0
210.834721  -4.744619059e-12  0
211.165279  -4.700229762e-12  0
211.4779249  -4.658691031e-12  0
211.7387739  -4.624361618e-12  0
211.9195339  -4.600745503e-12  0
212  -4.590277968e-12  0
212.0804661  -4.579838207e-12  0
212.2612261  -4.556487039e-12  0
212.5220751  -4.52303413e-12  0
212.834721  -4.483315268e-12  0
213.165279  -4.441762671e-12  0
213.4779249  -4.402874583e-12  0
213.7387739  -4.370732917e-12  0
213.9195339  -4.348620301e-12  0
214  -4.338818776e-12  0
214.0804661  -4.329043015e-12  0
214.2612261  -4.307176172e-12  0
214.5220751  -4.275847581e-12  0
214.834721  -4.238647662e-12  0
215.165279  -4.19972647e-12  0
215.4779249  -4.163297475e-12  0
215.7387739  -4.133185663e-12  0
215.9195339  -4.112468141e-12  0
216  -4.103284636e-12  0
216.0804661  -4.094125047e-12  0
216.2612261  -4.073635673e-12  0
216.5220751  -4.044278623e-12  0
216.834721  -4.009416722e-12  0
217.165279  -3.972938205e-12  0
217.4779249  -3.938792185e-12  0
217.7387739  -3.910565037e-12  0
217.9195339  -3.891142923e-12  0
218  -3.8825333e-12  0
218.0804661  -3.873945894e-12  0
218.2612261  -3.854735711e-12  0
218.5220751  -3.827209675e-12  0
218.834721  -3.794519356e-12  0
219.165279  -3.760309877e-12  0
219.4779249  -3.728284779e-12  0
219.7387739  -3.701808684e-12  0
219.9195339  -3.683590231e-12  0
220  -3.675513871e-12  0
220.0804661  -3.667458162e-12  0
220.2612261  -3.649436707e-12  0
220.5220751  -3.623612328e-12  0
220.834721  -3.592940367e-12  0
221.165279  -3.56084005e-12  0
221.4779249  -3.530786647e-12  0
221.7387739  -3.505938558e-12  0
221.9195339  -3.488839265e-12  0
222  -3.481258751e-12  0
222.0804661  -3.473697447e-12  0
222.2612261  -3.456781394e-12  0
222.5220751  -3.432539504e-12  0
222.834721  -3.403744732e-12  0
223.165279  -3.373606265e-12  0
223.4779249  -3.345387039e-12  0
223.7387739  -3.322053548e-12  0
223.9195339  -3.305995531e-12  0
224  -3.298876377e-12  0
224.0804661  -3.291775102e-12  0
224.2612261  -3.275887638e-12  0
224.5220751  -3.253118376e-12  0
224.834721  -3.226070635e-12  0
225.165279  -3.19775818e-12  0
225.4779249  -3.171246308e-12  0
225.7387739  -3.149322821e-12  0
225.9195339  -3.134234239e-12  0
226  -3.127544632e-12  0
226.0804661  -3.120871677e-12  0
226.2612261  -3.105941941e-12  0
226.5220751  -3.084543953e-12  0
226.834721  -3.059123151e-12  0
227.165279  -3.032511359e-12  0
227.4779249  -3.007589799e-12  0
227.7387739  -2.986979778e-12  0
227.9195339  -2.972794319e-12  0
228  -2.966504893e-12  0
228.0804661  -2.960230985e-12  0
228.2612261  -2.946193562e-12  0
228.5220751  -2.926073274e-12  0
228.834721  -2.902168525e-12  0
229.165279  -2.877141646e-12  0
229.4779249  -2.853702306e-12  0
229.7387739  -2.834316583e-12  0
229.9195339  -2.820972994e-12  0
230  -2.815056623e-12  0
230.0804661  -2.809154723e-12  0
230.2612261  -2.79594918e-12  0
230.5220751  -2.777020141e-12  0
230.834721  -2.754528992e-12  0
231.165279  -2.730980062e-12  0
231.4779249  -2.708923045e-12  0
231.7387739  -2.690679205e-12  0
231.9195339  -2.678120869e-12  0
232  -2.672552477e-12  0
232.0804661  -2.666997588e-12  0
232.2612261  -2.65456806e-12  0
232.5220751  -2.636750342e-12  0
232.834721  -2.615578061e-12  0
233.165279  -2.593408171e-12  0
233.4779249  -2.57264109e-12  0
233.7387739  -2.555462909e-12  0
233.9195339  -2.543637455e-12  0
234  -2.538393848e-12  0
234.0804661  -2.533162847e-12  0
234.2612261  -2.521457652e-12  0
234.5220751  -2.504677313e-12  0
234.834721  -2.484736252e-12  0
235.165279  -2.463853875e-12  0
235.4779249  -2.444291234e-12  0
235.7387739  -2.428108163e-12  0
235.9195339  -2.416967116e-12  0
236  -2.412026823e-12  0
236.0804661  -2.407098307e-12  0
236.2612261  -2.396069604e-12  0
236.5220751  -2.380258189e-12  0
236.834721  -2.361467198e-12  0
237.165279  -2.341787587e-12  0
237.4779249  -2.32335021e-12  0
237.7387739  -2.308096912e-12  0
237.9195339  -2.297595377e-12  0
238  -2.292938511e-12  0
238.0804661  -2.288292654e-12  0
238.2612261  -2.277896129e-12  0
238.5220751  -2.262990223e-12  0
238.834721  -2.24527412e-12  0
239.165279  -2.226718751e-12  0
239.4779249  -2.209333271e-12  0
239.7387739  -2.194949193e-12  0
239.9195339  -2.185045559e-12  0
240  -2.18065369e-12  0
240.0804661  -2.176272116e-12  0
240.2612261  -2.166466692e-12  0
240.5220751  -2.152407512e-12  0
240.834721  -2.135696599e-12  0
241.165279  -2.118192669e-12  0
241.4779249  -2.101791055e-12  0
241.7387739  -2.088220049e-12  0
241.9195339  -2.078875727e-12  0
242  -2.074731759e-12  0
242.0804661  -2.070597426e-12  0
242.2612261  -2.061345005e-12  0
242.5220751  -2.048078027e-12  0
242.834721  -2.032307649e-12  0
243.165279  -2.015787615e-12  0
243.4779249  -2.000306748e-12  0
243.7387739  -1.987496711e-12  0
243.9195339  -1.97867589e-12  0
244  -1.974763961e-12  0
244.0804661  -1.970861053e-12  0
244.2612261  -1.962126277e-12  0
244.5220751  -1.949600894e-12  0
244.834721  -1.934711037e-12  0
245.165279  -1.9191122e-12  0
245.4779249  -1.904493479e-12  0
245.7387739  -1.892396033e-12  0
245.9195339  -1.884065464e-12  0
246  -1.880370843e-12  0
246.0804661  -1.876684671e-12  0
246.2612261  -1.868434707e-12  0
246.5220751  -1.85660392e-12  0
246.834721  -1.842538844e-12  0
247.165279  -1.827802963e-12  0
247.4779249  -1.813991951e-12  0
247.7387739  -1.802562152e-12  0
247.9195339  -1.79469094e-12  0
248  -1.79119994e-12  0
248.0804661  -1.787716859e-12  0
248.2612261  -1.779921197e-12  0
248.5220751  -1.768741331e-12  0
248.834721  -1.755449235e-12  0
249.165279  -1.74152218e-12  0
249.4779249  -1.728468273e-12  0
249.7387739  -1.717664342e-12  0
249.9195339  -1.710223767e-12  0
250  -1.706923663e-12  0
250.0804661  -1.703630985e-12  0
250.2612261  -1.696261257e-12  0
250.5220751  -1.685691704e-12  0
250.834721  -1.673124418e-12  0
251.165279  -1.659955847e-12  0
251.4779249  -1.647611984e-12  0
251.7387739  -1.637395059e-12  0
251.9195339  -1.630358403e-12  0
252  -1.627237358e-12  0
252.0804661  -1.624123282e-12  0
252.2612261  -1.617153098e-12  0
252.5220751  -1.607156076e-12  0
252.834721  -1.595268782e-12  0
253.165279  -1.582811851e-12  0
253.4779249  -1.571134234e-12  0
253.7387739  -1.561468148e-12  0
253.9195339  -1.554810546e-12  0
254  -1.551857542e-12  0
254.0804661  -1.54891108e-12  0
254.2612261  -1.542315876e-12  0
254.5220751  -1.532856216e-12  0
254.834721  -1.521607187e-12  0
255.165279  -1.509818284e-12  0
255.4779249  -1.498766132e-12  0
255.7387739  -1.489617203e-12  0
255.9195339  -1.483315498e-12  0
256  -1.480520275e-12  0
256.0804661  -1.477731195e-12  0
256.2612261  -1.471488093e-12  0
256.5220751  -1.462533036e-12  0
256.834721  -1.451883406e-12  0
257.165279  -1.440721901e-12  0
257.4779249  -1.430257219e-12  0
257.7387739  -1.421594067e-12  0
257.9195339  -1.41562668e-12  0
258  -1.412979676e-12  0
258.0804661  -1.410338445e-12  0
258.2612261  -1.404426125e-12  0
258.5220751  -1.395945143e-12  0
258.834721  -1.385858687e-12  0
259.165279  -1.375286708e-12  0
259.4779249  -1.365374079e-12  0
259.7387739  -1.357167449e-12  0
259.9195339  -1.351514264e-12  0
260  -1.349006565e-12  0
260.0804661  -1.346504292e-12  0
260.2612261  -1.340902875e-12  0
260.5220751  -1.332867502e-12  0
260.834721  -1.323310439e-12  0
261.165279  -1.31329267e-12  0
261.4779249  -1.30389906e-12  0
261.7387739  -1.296121663e-12  0
261.9195339  -1.290763915e-12  0
262  -1.288387205e-12  0
262.0804661  -1.286015598e-12  0
262.2612261  -1.280706539e-12  0
262.5220751  -1.273090216e-12  0
262.834721  -1.26403103e-12  0
263.165279  -1.254534514e-12  0
263.4779249  -1.245629096e-12  0
263.7387739  -1.238255467e-12  0
263.9195339  -1.233175641e-12  0
264  -1.230922159e-12  0
264.0804661  -1.228673479e-12  0
264.2612261  -1.223639468e-12  0
264.5220751  -1.216417405e-12  0
264.834721  -1.207826673e-12  0
265.165279  -1.198820642e-12  0
265.4779249  -1.190374636e-12  0
265.7387739  -1.183380995e-12  0
265.9195339  -1.178562737e-12  0
266  -1.176425233e-12  0
266.0804661  -1.174292251e-12  0
266.2612261  -1.169517125e-12  0
266.5220751  -1.162666169e-12  0
266.834721  -1.15451641e-12  0
267.165279  -1.145972125e-12  0
267.4779249  -1.137958643e-12  0
267.7387739  -1.131322775e-12  0
267.9195339  -1.126750805e-12  0
268  -1.124722509e-12  0
268.0804661  -1.122698472e-12  0
268.2612261  -1.118167124e-12  0
268.5220751  -1.111665642e-12  0
268.834721  -1.103931175e-12  0
269.165279  -1.095821779e-12  0
269.4779249  -1.088215691e-12  0
269.7387739  -1.08191683e-12  0
269.9195339  -1.077576866e-12  0
270  -1.075651448e-12  0
270.0804661  -1.073730042e-12  0
270.2612261  -1.069428354e-12  0
270.5220751  -1.063256119e-12  0
270.834721  -1.055912935e-12  0
271.165279  -1.048213312e-12  0
271.4779249  -1.04099112e-12  0
271.7387739  -1.035009848e-12  0
271.9195339  -1.030888531e-12  0
272  -1.02906007e-12  0
272.0804661  -1.027235391e-12  0
272.2612261  -1.023150156e-12  0
272.5220751  -1.01728825e-12  0
272.834721  -1.010313888e-12  0
273.165279  -1.003000546e-12  0
273.4779249  -9.961402651e-13  0
273.7387739  -9.904584129e-13  0
273.9195339  -9.865432441e-13  0
274  -9.848061998e-13  0
274.0804661  -9.830727228e-13  0
274.2612261  -9.791915822e-13  0
274.5220751  -9.736223015e-13  0
274.834721  -9.66995743e-13  0
275.165279  -9.600466909e-13  0
275.4779249  -9.535277422e-13  0
275.7387739  -9.481283018e-13  0
275.9195339  -9.444075808e-13  0
276  -9.427567673e-13  0
276.0804661  -9.411093194e-13  0
276.2612261  -9.374207033e-13  0
276.5220751  -9.321274716e-13  0
276.834721  -9.258290346e-13  0
277.165279  -9.192236817e-13  0
277.4779249  -9.130267936e-13  0
277.7387739  -9.078938362e-13  0
277.9195339  -9.043566041e-13  0
278  -9.027871637e-13  0
278.0804661  -9.012209e-13  0
278.2612261  -8.977139709e-13  0
278.5220751  -8.926812612e-13  0
278.834721  -8.866925081e-13  0
279.165279  -8.804115635e-13  0
279.4779249  -8.745186799e-13  0
279.7387739  -8.696372802e-13  0
279.9195339  -8.662732681e-13  0
280  -8.647806489e-13  0
280.0804661  -8.632910293e-13  0
280.2612261  -8.599556313e-13  0
280.5220751  -8.55168892e-13  0
280.834721  -8.494725429e-13  0
281.165279  -8.434979251e-13  0
281.4779249  -8.378921206e-13  0
281.7387739  -8.332482874e-13  0
281.9195339  -8.300478684e-13  0
282  -8.286278028e-13  0
282.0804661  -8.272105709e-13  0
282.2612261  -8.240371822e-13  0
282.5220751  -8.1948277e-13  0
282.834721  -8.140626218e-13  0
283.165279  -8.083773754e-13  0
283.4779249  -8.030427776e-13  0
283.7387739  -7.986233888e-13  0
283.9195339  -7.955775338e-13  0
284  -7.942260193e-13  0
284.0804661  -7.928771826e-13  0
284.2612261  -7.89856872e-13  0
284.5220751  -7.855219888e-13  0
284.834721  -7.803628419e-13  0
285.165279  -7.749510598e-13  0
285.4779249  -7.698727767e-13  0
285.7387739  -7.656655202e-13  0
285.9195339  -7.627657567e-13  0
286  -7.614790373e-13  0
286.0804661  -7.601948495e-13  0
286.2612261  -7.573192359e-13  0
286.5220751  -7.531918716e-13  0
286.834721  -7.482794606e-13  0
287.165279  -7.431262128e-13  0
287.4779249  -7.38290266e-13  0
287.7387739  -7.342835843e-13  0
287.9195339  -7.315219589e-13  0
288  -7.302965086e-13  0
288.0804661  -7.290734527e-13  0
288.2612261  -7.263346677e-13  0
288.5220751  -7.22403546e-13  0
288.834721  -7.17724477e-13  0
289.165279  -7.128157443e-13  0
289.4779249  -7.082090072e-13  0
289.7387739  -7.043920463e-13  0
289.9195339  -7.017610893e-13  0
290  -7.005935966e-13  0
290.0804661  -6.994283692e-13  0
290.2612261  -6.968190225e-13  0
290.5220751  -6.93073552e-13  0
290.834721  -6.886152433e-13  0
291.165279  -6.839378559e-13  0
291.4779249  -6.795479965e-13  0
291.7387739  -6.759105588e-13  0
291.9195339  -6.734032519e-13  0
292  -6.722906051e-13  0
292.0804661  -6.711801025e-13  0
292.2612261  -6.686932497e-13  0
292.5220751  -6.651234777e-13  0
292.834721  -6.608741059e-13  0
293.165279  -6.564156866e-13  0
293.4779249  -6.522311142e-13  0
293.7387739  -6.487636146e-13  0
293.9195339  -6.463733607e-13  0
294  -6.453126349e-13  0
294.0804661  -6.442539394e-13  0
294.2612261  -6.418830526e-13  0
294.5220751  -6.384796227e-13  0
294.834721  -6.344280718e-13  0
295.165279  -6.301769835e-13  0
295.4779249  -6.261867998e-13  0
295.7387739  -6.22880225e-13  0
295.9195339  -6.206008204e-13  0
296  -6.19589265e-13  0
296.0804661  -6.185796328e-13  0
296.2612261  -6.163185728e-13  0
296.5220751  -6.130726853e-13  0
296.834721  -6.092085003e-13  0
297.165279  -6.051537971e-13  0
297.4779249  -6.013477501e-13  0
297.7387739  -5.981936213e-13  0
297.9195339  -5.960192297e-13  0
298  -5.95054257e-13  0
298.0804661  -5.940911066e-13  0
298.2612261  -5.919340976e-13  0
298.5220751  -5.888374731e-13  0
298.834721  -5.851508165e-13  0
299.165279  -5.812821982e-13  0
299.4779249  -5.776506405e-13  0
299.7387739  -5.746409778e-13  0
299.9195339  -5.725661064e-13  0
300  -5.716452809e-13  0
300.0804661  -5.707261827e-13  0
300.2612261  -5.686677881e-13  0
300.5220751  -5.657126335e-13  0
300.834721  -5.621942452e-13  0
301.165279  -5.585020155e-13  0
301.4779249  -5.550358644e-13  0
301.7387739  -5.521631552e-13  0
301.9195339  -5.501826321e-13  0
302  -5.493036606e-13  0
302.0804661  -5.484263269e-13  0
302.2612261  -5.464614277e-13  0
302.5220751  -5.436404048e-13  0
302.834721  -5.402815644e-13  0
303.165279  -5.367565916e-13  0
303.4779249  -5.33447293e-13  0
303.7387739  -5.30704461e-13  0
303.9195339  -5.28813415e-13  0
304  -5.279741374e-13  0
304.0804661  -5.271364133e-13  0
304.2612261  -5.252601876e-13  0
304.5220751  -5.225663833e-13  0
304.834721  -5.193588758e-13  0
305.165279  -5.159925567e-13  0
305.4779249  -5.128320508e-13  0
305.7387739  -5.102124286e-13  0
305.9195339  -5.084062695e-13  0
306  -5.076046502e-13  0
306.0804661  -5.068045052e-13  0
306.2612261  -5.050124089e-13  0
306.5220751  -5.024393087e-13  0
306.834721  -4.993753916e-13  0
307.165279  -4.961596177e-13  0
307.4779249  -4.931403077e-13  0
307.7387739  -4.906376104e-13  0
307.9195339  -4.889120111e-13  0
308  -4.881461315e-13  0
308.0804661  -4.873816513e-13  0
308.2612261  -4.856694006e-13  0
308.5220751  -4.832108629e-13  0
308.834721  -4.802832366e-13  0
309.165279  -4.772103625e-13  0
309.4779249  -4.743250853e-13  0
309.7387739  -4.719333863e-13  0
309.9195339  -4.702842665e-13  0
310  -4.69552317e-13  0
310.0804661  -4.688216963e-13  0
310.2612261  -4.671852515e-13  0
310.5220751  -4.648354838e-13  0
310.834721  -4.620372635e-13  0
311.165279  -4.59100078e-13  0
311.4779249  -4.563420765e-13  0
311.7387739  -4.540557853e-13  0
311.9195339  -4.524792955e-13  0
312  -4.517795691e-13  0
312.0804661  -4.510811048e-13  0
312.2612261  -4.495166544e-13  0
312.5220751  -4.472701917e-13  0
312.834721  -4.445948816e-13  0
313.165279  -4.417865801e-13  0
313.4779249  -4.391494782e-13  0
313.7387739  -4.369633188e-13  0
313.9195339  -4.354558263e-13  0
314  -4.347867119e-13  0
314.0804661  -4.341187966e-13  0
314.2612261  -4.326227436e-13  0
314.5220751  -4.304744278e-13  0
314.834721  -4.279158964e-13  0
315.165279  -4.25230056e-13  0
315.4779249  -4.227078347e-13  0
315.7387739  -4.206168265e-13  0
315.9195339  -4.191749015e-13  0
316  -4.185348781e-13  0
316.0804661  -4.178959945e-13  0
316.2612261  -4.164649425e-13  0
316.5220751  -4.144099037e-13  0
316.834721  -4.119623615e-13  0
317.165279  -4.093929171e-13  0
317.4779249  -4.069798923e-13  0
317.7387739  -4.049793315e-13  0
317.9195339  -4.035997352e-13  0
318  -4.029873662e-13  0
318.0804661  -4.023760809e-13  0
318.2612261  -4.010068223e-13  0
318.5220751  -3.990404605e-13  0
318.834721  -3.966984391e-13  0
319.165279  -3.942396614e-13  0
319.4779249  -3.919304635e-13  0
319.7387739  -3.900159065e-13  0
319.9195339  -3.886955786e-13  0
320  -3.881095068e-13  0
320.0804661  -3.875244658e-13  0
320.2612261  -3.862139699e-13  0
320.5220751  -3.843319389e-13  0
320.834721  -3.820902709e-13  0
321.165279  -3.797367459e-13  0
321.4779249  -3.775263006e-13  0
321.7387739  -3.756935478e-13  0
321.9195339  -3.744295961e-13  0
322  -3.738685389e-13  0
322.0804661  -3.733084623e-13  0
322.2612261  -3.720538646e-13  0
322.5220751  -3.702520562e-13  0
322.834721  -3.681058573e-13  0
323.165279  -3.658524673e-13  0
323.4779249  -3.637359776e-13  0
323.7387739  -3.619810586e-13  0
323.9195339  -3.607707488e-13  0
324  -3.602334934e-13  0
324.0804661  -3.596971711e-13  0
324.2612261  -3.584957633e-13  0
324.5220751  -3.567702932e-13  0
324.834721  -3.547149449e-13  0
325.165279  -3.525568502e-13  0
325.4779249  -3.505297796e-13  0
325.7387739  -3.488489396e-13  0
325.9195339  -3.476896857e-13  0
326  -3.47175085e-13  0
326.0804661  -3.466613727e-13  0
326.2612261  -3.45510593e-13  0
326.5220751  -3.438577874e-13  0
326.834721  -3.418889208e-13  0
327.165279  -3.398215436e-13  0
327.4779249  -3.378796004e-13  0
327.7387739  -3.362692873e-13  0
327.9195339  -3.351586426e-13  0
328  -3.346656114e-13  0
328.0804661  -3.341734262e-13  0
328.2612261  -3.330708511e-13  0
328.5220751  -3.314872335e-13  0
328.834721  -3.29600715e-13  0
329.165279  -3.276197231e-13  0
329.4779249  -3.257588462e-13  0
329.7387739  -3.24215698e-13  0
329.9195339  -3.231513471e-13  0
330  -3.226788583e-13  0
330.0804661  -3.222071754e-13  0
330.2612261  -3.21150511e-13  0
330.5220751  -3.196327911e-13  0
330.834721  -3.178247079e-13  0
331.165279  -3.159260007e-13  0
331.4779249  -3.141423455e-13  0
331.7387739  -3.126631796e-13  0
331.9195339  -3.116429302e-13  0
332  -3.111900115e-13  0
332.0804661  -3.107378606e-13  0
332.2612261  -3.09724935e-13  0
332.5220751  -3.082699976e-13  0
332.834721  -3.065366449e-13  0
333.165279  -3.047163392e-13  0
333.4779249  -3.030062651e-13  0
333.7387739  -3.015880677e-13  0
333.9195339  -3.006098437e-13  0
334  -3.001755742e-13  0
334.0804661  -2.997420365e-13  0
334.2612261  -2.987707927e-13  0
334.5220751  -2.973756872e-13  0
334.834721  -2.957135556e-13  0
335.165279  -2.939679735e-13  0
335.4779249  -2.923280317e-13  0
335.7387739  -2.909679477e-13  0
335.9195339  -2.900297824e-13  0
336  -2.896132896e-13  0
336.0804661  -2.891974944e-13  0
336.2612261  -2.882659838e-13  0
336.5220751  -2.869279146e-13  0
336.834721  -2.853336795e-13  0
337.165279  -2.836593357e-13  0
337.4779249  -2.820862584e-13  0
337.7387739  -2.80781582e-13  0
337.9195339  -2.798816116e-13  0
338  -2.794820688e-13  0
338.0804661  -2.790831912e-13  0
338.2612261  -2.781895669e-13  0
338.5220751  -2.769058845e-13  0
338.834721  -2.753763945e-13  0
339.165279  -2.737699858e-13  0
339.4779249  -2.722606754e-13  0
339.7387739  -2.710088421e-13  0
339.9195339  -2.701452996e-13  0
340  -2.697619229e-13  0
340.0804661  -2.693791808e-13  0
340.2612261  -2.68521692e-13  0
340.5220751  -2.672898847e-13  0
340.834721  -2.658221521e-13  0
341.165279  -2.642805466e-13  0
341.4779249  -2.62832066e-13  0
341.7387739  -2.616306437e-13  0
341.9195339  -2.608018538e-13  0
342  -2.604339e-13  0
342.0804661  -2.600665518e-13  0
342.2612261  -2.59243538e-13  0
342.5220751  -2.580612239e-13  0
342.834721  -2.566524152e-13  0
343.165279  -2.551726424e-13  0
343.4779249  -2.537822058e-13  0
343.7387739  -2.526288878e-13  0
343.9195339  -2.518332613e-13  0
344  -2.514800254e-13  0
344.0804661  -2.511273674e-13  0
344.2612261  -2.503372538e-13  0
344.5220751  -2.492021731e-13  0
344.834721  -2.478496003e-13  0
345.165279  -2.464288419e-13  0
345.4779249  -2.450938063e-13  0
345.7387739  -2.43986404e-13  0
345.9195339  -2.432224329e-13  0
346  -2.428832459e-13  0
346.0804661  -2.425446106e-13  0
346.2612261  -2.417859026e-13  0
346.5220751  -2.406959111e-13  0
346.834721  -2.393970234e-13  0
347.165279  -2.38032605e-13  0
347.4779249  -2.367504618e-13  0
347.7387739  -2.356868979e-13  0
347.9195339  -2.34953151e-13  0
348  -2.34627378e-13  0
348.0804661  -2.343021318e-13  0
348.2612261  -2.335734108e-13  0
348.5220751  -2.325264731e-13  0
348.834721  -2.312788489e-13  0
349.165279  -2.299682316e-13  0
349.4779249  -2.287365996e-13  0
349.7387739  -2.277149019e-13  0
349.9195339  -2.270100204e-13  0
350  -2.266970584e-13  0
350.0804661  -2.263845997e-13  0
350.2612261  -2.256845189e-13  0
350.5220751  -2.246787024e-13  0
350.834721  -2.234800425e-13  0
351.165279  -2.222208154e-13  0
351.4779249  -2.210374331e-13  0
351.7387739  -2.200557287e-13  0
351.9195339  -2.19378422e-13  0
352  -2.190776986e-13  0
352.0804661  -2.187774561e-13  0
352.2612261  -2.181047361e-13  0
352.5220751  -2.171382053e-13  0
352.834721  -2.159863258e-13  0
353.165279  -2.147761989e-13  0
353.4779249  -2.13638918e-13  0
353.7387739  -2.126954278e-13  0
353.9195339  -2.1204447e-13  0
354  -2.117554413e-13  0
354.0804661  -2.11466872e-13  0
354.2612261  -2.108202977e-13  0
354.5220751  -2.098913086e-13  0
354.834721  -2.087841346e-13  0
355.165279  -2.07620932e-13  0
355.4779249  -2.065277115e-13  0
355.7387739  -2.056207448e-13  0
355.9195339  -2.04994971e-13  0
356  -2.0471712e-13  0
356.0804661  -2.044397082e-13  0
356.2612261  -2.038181247e-13  0
356.5220751  -2.029250201e-13  0
356.834721  -2.018605795e-13  0
357.165279  -2.007422332e-13  0
357.4779249  -1.99691133e-13  0
357.7387739  -1.988190829e-13  0
357.9195339  -1.982173856e-13  0
358  -1.979502211e-13  0
358.0804661  -1.976834765e-13  0
358.2612261  -1.970857859e-13  0
358.5220751  -1.962269903e-13  0
358.834721  -1.952034087e-13  0
359.165279  -1.941279526e-13  0
359.4779249  -1.931171281e-13  0
359.7387739  -1.922784668e-13  0
359.9195339  -1.916997932e-13  0
360  -1.91442848e-13  0
360.0804661  -1.911863044e-13  0
360.2612261  -1.906114628e-13  0
360.5220751  -1.897854782e-13  0
360.834721  -1.888009728e-13  0
361.165279  -1.877665374e-13  0
361.4779249  -1.867942346e-13  0
361.7387739  -1.85987509e-13  0
361.9195339  -1.854308578e-13  0
362  -1.851836875e-13  0
362.0804661  -1.849369015e-13  0
362.2612261  -1.843839161e-13  0
362.5220751  -1.835893177e-13  0
362.834721  -1.826421929e-13  0
363.165279  -1.816469996e-13  0
363.4779249  -1.807115499e-13  0
363.7387739  -1.799353778e-13  0
363.9195339  -1.793997962e-13  0
364  -1.791619782e-13  0
364.0804661  -1.789245279e-13  0
364.2612261  -1.783924542e-13  0
364.5220751  -1.776278863e-13  0
364.834721  -1.767165289e-13  0
365.165279  -1.757588856e-13  0
365.4779249  -1.748587011e-13  0
365.7387739  -1.741117671e-13  0
365.9195339  -1.735963488e-13  0
366  -1.733674808e-13  0
366.0804661  -1.731389648e-13  0
366.2612261  -1.726269038e-13  0
366.5220751  -1.718910764e-13  0
366.834721  -1.710139509e-13  0
367.165279  -1.700922472e-13  0
367.4779249  -1.692258167e-13  0
367.7387739  -1.685068689e-13  0
367.9195339  -1.680107508e-13  0
368  -1.6779045e-13  0
368.0804661  -1.675704862e-13  0
368.2612261  -1.670775822e-13  0
368.5220751  -1.663692672e-13  0
368.834721  -1.65524912e-13  0
369.165279  -1.646376146e-13  0
369.4779249  -1.638034994e-13  0
369.7387739  -1.631113458e-13  0
369.9195339  -1.626337064e-13  0
370  -1.624216083e-13  0
370.0804661  -1.622098328e-13  0
370.2612261  -1.617352712e-13  0
370.5220751  -1.610532991e-13  0
370.834721  -1.602403225e-13  0
371.165279  -1.593859713e-13  0
371.4779249  -1.585828013e-13  0
371.7387739  -1.579163066e-13  0
371.9195339  -1.574563636e-13  0
372  -1.572521209e-13  0
372.0804661  -1.570481872e-13  0
372.2612261  -1.56591192e-13  0
372.5220751  -1.559344491e-13  0
372.834721  -1.551515254e-13  0
373.165279  -1.543287299e-13  0
373.4779249  -1.535551999e-13  0
373.7387739  -1.529132829e-13  0
373.9195339  -1.524702909e-13  0
374  -1.522735728e-13  0
374.0804661  -1.520771508e-13  0
374.2612261  -1.516369828e-13  0
374.5220751  -1.510044081e-13  0
374.834721  -1.502502743e-13  0
375.165279  -1.494577093e-13  0
375.4779249  -1.487125759e-13  0
375.7387739  -1.480942061e-13  0
375.9195339  -1.476674549e-13  0
376  -1.474779464e-13  0
376.0804661  -1.472887215e-13  0
376.2612261  -1.468646763e-13  0
376.5220751  -1.462552586e-13  0
376.834721  -1.455287112e-13  0
377.165279  -1.447651141e-13  0
377.4779249  -1.440471921e-13  0
377.7387739  -1.434513875e-13  0
377.9195339  -1.430402001e-13  0
378  -1.428576007e-13  0
378.0804661  -1.426752732e-13  0
378.2612261  -1.422666794e-13  0
378.5220751  -1.41679455e-13  0
378.834721  -1.409793467e-13  0
379.165279  -1.402435137e-13  0
379.4779249  -1.395516733e-13  0
379.7387739  -1.389774978e-13  0
379.9195339  -1.385812289e-13  0
380  -1.384052523e-13  0
380.0804661  -1.382295363e-13  0
380.2612261  -1.378357538e-13  0
380.5220751  -1.372698037e-13  0
380.834721  -1.365950407e-13  0
381.165279  -1.358858241e-13  0
381.4779249  -1.35218988e-13  0
381.7387739  -1.346655489e-13  0
381.9195339  -1.342835831e-13  0
382  -1.341139561e-13  0
382.0804661  -1.33944579e-13  0
382.2612261  -1.335649974e-13  0
382.5220751  -1.330194454e-13  0
382.834721  -1.323689844e-13  0
383.165279  -1.316852895e-13  0
383.4779249  -1.310424303e-13  0
383.7387739  -1.305088761e-13  0
383.9195339  -1.301406264e-13  0
384  -1.299770886e-13  0
384.0804661  -1.298137904e-13  0
384.2612261  -1.294478274e-13  0
384.5220751  -1.289218376e-13  0
384.834721  -1.282946834e-13  0
385.165279  -1.276354661e-13  0
385.4779249  -1.270156035e-13  0
385.7387739  -1.265011218e-13  0
385.9195339  -1.261460283e-13  0
386  -1.25988331e-13  0
386.0804661  -1.258308638e-13  0
386.2612261  -1.254779637e-13  0
386.5220751  -1.249707386e-13  0
386.834721  -1.243659417e-13  0
387.165279  -1.237302055e-13  0
387.4779249  -1.231324042e-13  0
387.7387739  -1.226362198e-13  0
387.9195339  -1.22293748e-13  0
388  -1.221416542e-13  0
388.0804661  -1.21989781e-13  0
388.2612261  -1.216494138e-13  0
388.5220751  -1.211601922e-13  0
388.834721  -1.205768463e-13  0
389.165279  -1.199636402e-13  0
389.4779249  -1.193870073e-13  0
389.7387739  -1.189083804e-13  0
389.9195339  -1.185780201e-13  0
390  -1.184313034e-13  0
390.0804661  -1.182847983e-13  0
390.2612261  -1.179564579e-13  0
390.5220751  -1.174845131e-13  0
390.834721  -1.169217532e-13  0
391.165279  -1.163301692e-13  0
391.4779249  -1.157738525e-13  0
391.7387739  -1.153120765e-13  0
391.9195339  -1.149933408e-13  0
392  -1.148517849e-13  0
392.0804661  -1.147104323e-13  0
392.2612261  -1.143936354e-13  0
392.5220751  -1.139382736e-13  0
392.834721  -1.133952736e-13  0
393.165279  -1.128244448e-13  0
393.4779249  -1.122876302e-13  0
393.7387739  -1.118420307e-13  0
393.9195339  -1.115344543e-13  0
394  -1.113978528e-13  0
394.0804661  -1.112614465e-13  0
394.2612261  -1.109557317e-13  0
394.5220751  -1.105162904e-13  0
394.834721  -1.099922613e-13  0
395.165279  -1.094413597e-13  0
395.4779249  -1.089232699e-13  0
395.7387739  -1.084932023e-13  0
395.9195339  -1.081963409e-13  0
396  -1.080644968e-13  0
396.0804661  -1.0793284e-13  0
396.2612261  -1.076377663e-13  0
396.5220751  -1.072136125e-13  0
396.834721  -1.067078006e-13  0
397.165279  -1.061760352e-13  0
397.4779249  -1.056759273e-13  0
397.7387739  -1.05260776e-13  0
397.9195339  -1.049742053e-13  0
398  -1.0484693e-13  0
398.0804661  -1.047198347e-13  0
398.2612261  -1.04434981e-13  0
398.5220751  -1.040255099e-13  0
398.834721  -1.03537195e-13  0
399.165279  -1.030238098e-13  0
399.4779249  -1.025409742e-13  0
399.7387739  -1.021401509e-13  0
399.9195339  -1.018634651e-13  0
