#L=8 M=-3
#R     Re(V)   Im(V)

0.08046609183  -8.147068155e-16  -6.504980668e-17
0.2612261349  -3.213016027e-12  3.212830004e-12
0.5220750502  -8.20617474e-10  8.206171699e-10
0.8347210423  -3.529699069e-08  3.529699057e-08
1.165278958  -5.147686159e-07  5.147686159e-07
1.47792495  -3.492679722e-06  3.492679723e-06
1.738773865  -1.298744676e-05  1.298744676e-05
1.919533908  -2.893584995e-05  2.893584995e-05
2  -4.037465762e-05  4.037465762e-05
2.080466092  -5.561633541e-05  5.561633541e-05
2.261226135  -0.0001095040056  0.0001095040056
2.52207505  -0.0002666351258  0.0002666351258
2.834721042  -0.0006931093575  0.0006931093575
3.165278958  -0.001711445124  0.001711445124
3.47792495  -0.003707202898  0.003707202898
3.738773865  -0.006709558264  0.006709558264
3.919533908  -0.009877214806  0.009877214806
4  -0.01166264652  0.01166264652
4.080466092  -0.009695251318  0.009695251318
4.261226135  -0.006465641911  0.006465641911
4.52207505  -0.003681815004  0.003681815004
4.834721042  -0.001928417553  0.001928417553
5.165278958  -0.0009997893632  0.0009997893632
5.47792495  -0.0005477110785  0.0005477110785
5.738773865  -0.0003350597191  0.0003350597191
5.919533908  -0.0002393047113  0.0002393047113
6  -0.000206157154  0.000206157154
6.080466092  -0.0001776565074  0.0001776565074
6.261226135  -0.0001272592641  0.0001272592641
6.52207505  -7.857919502e-05  7.857919502e-05
6.834721042  -4.378806798e-05  4.378806798e-05
7.165278958  -2.313985841e-05  2.313985841e-05
7.47792495  -1.220140326e-05  1.220140326e-05
7.738773865  -6.796771515e-06  6.796771515e-06
7.919533908  -4.31643373e-06  4.31643373e-06
8  -3.45578334e-06  3.45578334e-06
8.080466092  -2.717611933e-06  2.717611933e-06
8.261226135  -1.426062748e-06  1.426062748e-06
8.52207505  -2.257431105e-07  2.257431105e-07
8.834721042  5.471134832e-07  -5.471134832e-07
9.165278958  9.051792179e-07  -9.051792179e-07
9.47792495  1.006294473e-06  -1.006294473e-06
9.738773865  9.953321698e-07  -9.953321698e-07
9.919533908  9.591241159e-07  -9.591241159e-07
10  9.3822335e-07  -9.3822335e-07
10.08046609  9.15210009e-07  -9.15210009e-07
10.26122613  8.581843356e-07  -8.581843356e-07
10.52207505  7.695494323e-07  -7.695494323e-07
10.83472104  6.633566388e-07  -6.633566388e-07
11.16527896  5.589255991e-07  -5.589255991e-07
11.47792495  4.710508579e-07  -4.710508579e-07
11.73877387  4.06543074e-07  -4.06543074e-07
11.91953391  3.664642853e-07  -3.664642853e-07
12  3.497945373e-07  -3.497945373e-07
12.08046609  3.33822319e-07  -3.33822319e-07
12.26122613  3.003862573e-07  -3.003862573e-07
12.52207505  2.577013349e-07  -2.577013349e-07
12.83472104  2.142816214e-07  -2.142816214e-07
13.16527896  1.762741808e-07  -1.762741808e-07
13.47792495  1.466171559e-07  -1.466171559e-07
13.73877387  1.258142596e-07  -1.258142596e-07
13.91953391  1.132110982e-07  -1.132110982e-07
14  1.080304947e-07  -1.080304947e-07
14.08046609  1.030969633e-07  -1.030969633e-07
14.26122613  9.285515748e-08  -9.285515748e-08
14.52207505  7.992164275e-08  -7.992164275e-08
14.83472104  6.688375279e-08  -6.688375279e-08
15.16527896  5.55246883e-08  -5.55246883e-08
15.47792495  4.666338807e-08  -4.666338807e-08
15.73877387  4.043042438e-08  -4.043042438e-08
15.91953391  3.664030243e-08  -3.664030243e-08
16  3.507808873e-08  -3.507808873e-08
16.08046609  3.3587611e-08  -3.3587611e-08
16.26122613  3.048331636e-08  -3.048331636e-08
16.52207505  2.653886749e-08  -2.653886749e-08
16.83472104  2.25262677e-08  -2.25262677e-08
17.16527896  1.899030214e-08  -1.899030214e-08
17.47792495  1.619742243e-08  -1.619742243e-08
17.73877387  1.420971307e-08  -1.420971307e-08
17.91953391  1.298961048e-08  -1.298961048e-08
18  1.248384007e-08  -1.248384007e-08
18.08046609  1.199959787e-08  -1.199959787e-08
18.26122613  1.098527897e-08  -1.098527897e-08
18.52207505  9.683788822e-09  -9.683788822e-09
18.83472104  8.342627071e-09  -8.342627071e-09
19.16527896  7.143311775e-09  -7.143311775e-09
19.47792495  6.181906446e-09  -6.181906446e-09
19.73877387  5.488538672e-09  -5.488538673e-09
19.91953391  5.058564196e-09  -5.058564196e-09
20  4.879247278e-09  -4.879247278e-09
20.08046609  4.7069303e-09  -4.7069303e-09
20.26122613  4.343848719e-09  -4.343848719e-09
20.52207505  3.873312152e-09  -3.873312152e-09
20.83472104  3.382159489e-09  -3.382159489e-09
21.16527896  2.936629821e-09  -2.936629821e-09
21.47792495  2.574396084e-09  -2.574396084e-09
21.73877387  2.309879388e-09  -2.309879388e-09
21.91953391  2.144283831e-09  -2.144283831e-09
22  2.074838657e-09  -2.074838657e-09
22.08046609  2.007878722e-09  -2.007878722e-09
22.26122613  1.866026397e-09  -1.866026397e-09
22.52207505  1.680521408e-09  -1.680521408e-09
22.83472104  1.484630401e-09  -1.484630401e-09
23.16527896  1.304648828e-09  -1.304648828e-09
23.47792495  1.156468381e-09  -1.15646838e-09
23.73877387  1.047066077e-09  -1.047066077e-09
23.91953391  9.780041614e-10  -9.780041614e-10
24  9.489004939e-10  -9.489004939e-10
24.08046609  9.207553125e-10  -9.207553126e-10
24.26122613  8.60848413e-10  -8.60848413e-10
24.52207505  7.818849763e-10  -7.818849763e-10
24.83472104  6.976547155e-10  -6.976547156e-10
25.16527896  6.194015144e-10  -6.194015143e-10
25.47792495  5.542709325e-10  -5.542709325e-10
25.73877387  5.057258751e-10  -5.05725875e-10
25.91953391  4.748599153e-10  -4.748599153e-10
26  4.617977723e-10  -4.617977723e-10
26.08046609  4.49133552e-10  -4.49133552e-10
26.26122613  4.220676612e-10  -4.220676612e-10
26.52207505  3.861480457e-10  -3.861480457e-10
26.83472104  3.474975715e-10  -3.474975715e-10
27.16527896  3.1124442e-10  -3.1124442e-10
27.47792495  2.807866079e-10  -2.807866079e-10
27.73877387  2.578981841e-10  -2.578981841e-10
27.91953391  2.432547002e-10  -2.432547002e-10
28  2.370352173e-10  -2.370352172e-10
28.08046609  2.309919084e-10  -2.309919085e-10
28.26122613  2.180305913e-10  -2.180305914e-10
28.52207505  2.007277557e-10  -2.007277557e-10
28.83472104  1.819687212e-10  -1.819687212e-10
29.16527896  1.642268612e-10  -1.642268612e-10
29.47792495  1.491996766e-10  -1.491996766e-10
29.73877387  1.378265802e-10  -1.378265802e-10
29.91953391  1.305110719e-10  -1.305110719e-10
30  1.27394179e-10  -1.27394179e-10
30.08046609  1.243597745e-10  -1.243597745e-10
30.26122613  1.178317954e-10  -1.178317954e-10
30.52207505  1.090724162e-10  -1.090724162e-10
30.83472104  9.951337827e-11  -9.951337829e-11
31.16527896  9.04071384e-11  -9.040713839e-11
31.47792495  8.263940553e-11  -8.263940557e-11
31.73877387  7.672393059e-11  -7.672393057e-11
31.91953391  7.290097564e-11  -7.290097563e-11
32  7.12676487e-11  -7.126764867e-11
32.08046609  6.96748807e-11  -6.967488074e-11
32.26122613  6.623910903e-11  -6.623910903e-11
32.52207505  6.160814548e-11  -6.160814549e-11
32.83472104  5.652524369e-11  -5.65252437e-11
33.16527896  5.165228968e-11  -5.165228968e-11
33.47792495  4.746961631e-11  -4.746961632e-11
33.73877387  4.426687556e-11  -4.426687557e-11
33.91953391  4.218845864e-11  -4.218845862e-11
34  4.129831136e-11  -4.129831137e-11
34.08046609  4.042898345e-11  -4.042898345e-11
34.26122613  3.854929593e-11  -3.854929595e-11
34.52207505  3.600564085e-11  -3.600564086e-11
34.83472104  3.319950102e-11  -3.319950102e-11
35.16527896  3.049411248e-11  -3.049411249e-11
35.47792495  2.81590962e-11  -2.815909619e-11
35.73877387  2.636245041e-11  -2.63624504e-11
35.91953391  2.51922166e-11  -2.519221659e-11
36  2.468994424e-11  -2.468994427e-11
36.08046609  2.419877408e-11  -2.419877407e-11
36.26122613  2.313450721e-11  -2.313450721e-11
36.52207505  2.168920445e-11  -2.168920446e-11
36.83472104  2.008751255e-11  -2.008751254e-11
37.16527896  1.853557472e-11  -1.853557471e-11
37.47792495  1.718948223e-11  -1.718948224e-11
37.73877387  1.614925751e-11  -1.614925749e-11
37.91953391  1.546948008e-11  -1.546948008e-11
38  1.517715129e-11  -1.51771513e-11
38.08046609  1.489094758e-11  -1.489094759e-11
38.26122613  1.426962901e-11  -1.426962901e-11
38.52207505  1.342318503e-11  -1.342318502e-11
38.83472104  1.248133169e-11  -1.24813317e-11
39.16527896  1.156462663e-11  -1.156462663e-11
39.47792495  1.076598524e-11  -1.076598524e-11
39.73877387  1.014641144e-11  -1.014641143e-11
39.91953391  9.740325682e-12  -9.740325682e-12
40  9.565390696e-12  -9.565390705e-12
40.08046609  9.393939678e-12  -9.393939678e-12
40.26122613  9.021103461e-12  -9.021103461e-12
40.52207505  8.511724285e-12  -8.511724285e-12
40.83472104  7.942848856e-12  -7.942848856e-12
41.16527896  7.386914487e-12  -7.386914487e-12
41.47792495  6.900641145e-12  -6.900641145e-12
41.73877387  6.522069978e-12  -6.522069978e-12
41.91953391  6.273279385e-12  -6.273279385e-12
42  6.165936145e-12  -6.165936145e-12
42.08046609  6.060629883e-12  -6.060629883e-12
42.26122613  5.831278689e-12  -5.831278689e-12
42.52207505  5.517122023e-12  -5.517122023e-12
42.83472104  5.165104945e-12  -5.165104945e-12
43.16527896  4.819829431e-12  -4.819829431e-12
43.47792495  4.516721985e-12  -4.516721985e-12
43.73877387  4.279994375e-12  -4.279994375e-12
43.91953391  4.124042511e-12  -4.124042511e-12
44  4.056659423e-12  -4.056659423e-12
44.08046609  3.990497425e-12  -3.990497425e-12
44.26122613  3.846198288e-12  -3.846198288e-12
44.52207505  3.648077533e-12  -3.648077533e-12
44.83472104  3.425408639e-12  -3.425408639e-12
45.16527896  3.206272011e-12  -3.206272011e-12
45.47792495  3.013261833e-12  -3.013261833e-12
45.73877387  2.862081346e-12  -2.862081346e-12
45.91953391  2.762265347e-12  -2.762265347e-12
46  2.719081038e-12  -2.719081038e-12
46.08046609  2.67664557e-12  -2.67664557e-12
46.26122613  2.583975443e-12  -2.583975443e-12
46.52207505  2.456467023e-12  -2.456467023e-12
46.83472104  2.312763347e-12  -2.312763347e-12
47.16527896  2.170905754e-12  -2.170905754e-12
47.47792495  2.045582831e-12  -2.045582831e-12
47.73877387  1.947158451e-12  -1.947158451e-12
47.91953391  1.882042253e-12  -1.882042253e-12
48  1.853836805e-12  -1.853836805e-12
48.08046609  1.826100245e-12  -1.826100245e-12
48.26122613  1.765458336e-12  -1.765458336e-12
48.52207505  1.68185422e-12  -1.68185422e-12
48.83472104  1.587392175e-12  -1.587392175e-12
49.16527896  1.49388122e-12  -1.49388122e-12
49.47792495  1.411040044e-12  -1.411040044e-12
49.73877387  1.345819947e-12  -1.345819947e-12
49.91953391  1.302590603e-12  -1.302590603e-12
50  1.28384501e-12  -1.28384501e-12
50.08046609  1.26539868e-12  -1.26539868e-12
50.26122613  1.225024923e-12  -1.225024923e-12
50.52207505  1.169262495e-12  -1.169262495e-12
50.83472104  1.106110804e-12  -1.106110804e-12
51.16527896  1.043432885e-12  -1.043432885e-12
51.47792495  9.877643437e-13  -9.877643437e-13
51.73877387  9.438379712e-13  -9.438379712e-13
51.91953391  9.146723922e-13  -9.146723922e-13
52  9.020124744e-13  -9.020124744e-13
52.08046609  8.89546952e-13  -8.89546952e-13
52.26122613  8.622362618e-13  -8.622362618e-13
52.52207505  8.24452716e-13  -8.24452716e-13
52.83472104  7.815699757e-13  -7.815699757e-13
53.16527896  7.38906971e-13  -7.38906971e-13
53.47792495  7.009252571e-13  -7.009252571e-13
53.73877387  6.70892379e-13  -6.70892379e-13
53.91953391  6.509197841e-13  -6.509197841e-13
54  6.422421401e-13  -6.422421401e-13
54.08046609  6.336928445e-13  -6.336928445e-13
54.26122613  6.149449045e-13  -6.149449045e-13
54.52207505  5.889673911e-13  -5.889673911e-13
54.83472104  5.594250255e-13  -5.594250255e-13
55.16527896  5.299687582e-13  -5.299687582e-13
55.47792495  5.036870185e-13  -5.036870185e-13
55.73877387  4.828652346e-13  -4.828652346e-13
55.91953391  4.689977405e-13  -4.689977405e-13
56  4.629673811e-13  -4.629673811e-13
56.08046609  4.570230522e-13  -4.570230522e-13
56.26122613  4.439764164e-13  -4.439764164e-13
56.52207505  4.258726597e-13  -4.258726597e-13
56.83472104  4.052462847e-13  -4.052462847e-13
57.16527896  3.846375612e-13  -3.846375612e-13
57.47792495  3.662122837e-13  -3.662122837e-13
57.73877387  3.515884692e-13  -3.515884692e-13
57.91953391  3.418354596e-13  -3.418354596e-13
58  3.375908712e-13  -3.375908712e-13
58.08046609  3.334047634e-13  -3.334047634e-13
58.26122613  3.242097367e-13  -3.242097367e-13
58.52207505  3.11433399e-13  -3.11433399e-13
58.83472104  2.968515689e-13  -2.968515689e-13
59.16527896  2.822541836e-13  -2.822541836e-13
59.47792495  2.691784942e-13  -2.691784942e-13
59.73877387  2.58783091e-13  -2.58783091e-13
59.91953391  2.518412104e-13  -2.518412104e-13
60  2.48817764e-13  -2.48817764e-13
60.08046609  2.458345944e-13  -2.458345944e-13
60.26122613  2.392770029e-13  -2.392770029e-13
60.52207505  2.301539053e-13  -2.301539053e-13
60.83472104  2.197247343e-13  -2.197247343e-13
61.16527896  2.092656706e-13  -2.092656706e-13
61.47792495  1.998802263e-13  -1.998802263e-13
61.73877387  1.924068968e-13  -1.924068968e-13
61.91953391  1.874103316e-13  -1.874103316e-13
62  1.852326035e-13  -1.852326035e-13
62.08046609  1.830829563e-13  -1.830829563e-13
62.26122613  1.783543122e-13  -1.783543122e-13
62.52207505  1.71767971e-13  -1.71767971e-13
62.83472104  1.642273232e-13  -1.642273232e-13
63.16527896  1.566523341e-13  -1.566523341e-13
63.47792495  1.498435808e-13  -1.498435808e-13
63.73877387  1.444139988e-13  -1.444139988e-13
63.91953391  1.407797666e-13  -1.407797666e-13
64  1.391947549e-13  -1.391947549e-13
64.08046609  1.376295465e-13  -1.376295465e-13
64.26122613  1.34184257e-13  -1.34184257e-13
64.52207505  1.293801655e-13  -1.293801655e-13
64.83472104  1.238721904e-13  -1.238721904e-13
65.16527896  1.183303933e-13  -1.183303933e-13
65.47792495  1.133413722e-13  -1.133413722e-13
65.73877387  1.093574162e-13  -1.093574162e-13
65.91953391  1.066879781e-13  -1.066879781e-13
66  1.055230211e-13  -1.055230211e-13
66.08046609  1.043721809e-13  -1.043721809e-13
66.26122613  1.018374284e-13  -1.018374284e-13
66.52207505  9.829932722e-14  -9.829932722e-14
66.83472104  9.423741812e-14  -9.423741812e-14
67.16527896  9.014449929e-14  -9.014449929e-14
67.47792495  8.645441298e-14  -8.645441298e-14
67.73877387  8.350387996e-14  -8.350387996e-14
67.91953391  8.152491674e-14  -8.152491674e-14
68  8.066078087e-14  -8.066078087e-14
68.08046609  7.980681028e-14  -7.980681028e-14
68.26122613  7.792483145e-14  -7.792483145e-14
68.52207505  7.529533685e-14  -7.529533685e-14
68.83472104  7.227275759e-14  -7.227275759e-14
69.16527896  6.922284437e-14  -6.922284437e-14
69.47792495  6.646929671e-14  -6.646929671e-14
69.73877387  6.426490497e-14  -6.426490497e-14
69.91953391  6.27850024e-14  -6.27850024e-14
70  6.213843003e-14  -6.213843003e-14
70.08046609  6.149924755e-14  -6.149924755e-14
70.26122613  6.008984953e-14  -6.008984953e-14
70.52207505  5.81188341e-14  -5.81188341e-14
70.83472104  5.585048451e-14  -5.585048451e-14
71.16527896  5.355860192e-14  -5.355860192e-14
71.47792495  5.148671825e-14  -5.148671825e-14
71.73877387  4.982612235e-14  -4.982612235e-14
71.91953391  4.87103061e-14  -4.87103061e-14
72  4.822254961e-14  -4.822254961e-14
72.08046609  4.774021386e-14  -4.774021386e-14
72.26122613  4.66761147e-14  -4.66761147e-14
72.52207505  4.518670138e-14  -4.518670138e-14
72.83472104  4.347068517e-14  -4.347068517e-14
73.16527896  4.173470436e-14  -4.173470436e-14
73.47792495  4.016342013e-14  -4.016342013e-14
73.73877387  3.890267185e-14  -3.890267185e-14
73.91953391  3.805481877e-14  -3.805481877e-14
74  3.76840142e-14  -3.76840142e-14
74.08046609  3.731721986e-14  -3.731721986e-14
74.26122613  3.650762625e-14  -3.650762625e-14
74.52207505  3.537351226e-14  -3.537351226e-14
74.83472104  3.406546641e-14  -3.406546641e-14
75.16527896  3.274064073e-14  -3.274064073e-14
75.47792495  3.15401002e-14  -3.15401002e-14
75.73877387  3.057582654e-14  -3.057582654e-14
75.91953391  2.992683836e-14  -2.992683836e-14
76  2.964287385e-14  -2.964287385e-14
76.08046609  2.936190001e-14  -2.936190001e-14
76.26122613  2.8741444e-14  -2.8741444e-14
76.52207505  2.787160586e-14  -2.787160586e-14
76.83472104  2.686735828e-14  -2.686735828e-14
77.16527896  2.584909018e-14  -2.584909018e-14
77.47792495  2.492532386e-14  -2.492532386e-14
77.73877387  2.418262595e-14  -2.418262595e-14
77.91953391  2.368238963e-14  -2.368238963e-14
78  2.346341447e-14  -2.346341447e-14
78.08046609  2.324668668e-14  -2.324668668e-14
78.26122613  2.276789114e-14  -2.276789114e-14
78.52207505  2.20961559e-14  -2.20961559e-14
78.83472104  2.131988312e-14  -2.131988312e-14
79.16527896  2.053193678e-14  -2.053193678e-14
79.47792495  1.981636341e-14  -1.981636341e-14
79.73877387  1.924051343e-14  -1.924051343e-14
79.91953391  1.885237868e-14  -1.885237868e-14
80  1.868240375e-14  -1.868240375e-14
80.08046609  1.85141299e-14  -1.85141299e-14
80.26122613  1.814222404e-14  -1.814222404e-14
80.52207505  1.762008558e-14  -1.762008558e-14
80.83472104  1.701614357e-14  -1.701614357e-14
81.16527896  1.640250073e-14  -1.640250073e-14
81.47792495  1.584466262e-14  -1.584466262e-14
81.73877387  1.539535004e-14  -1.539535004e-14
81.91953391  1.509229837e-14  -1.509229837e-14
82  1.495953055e-14  -1.495953055e-14
82.08046609  1.48280592e-14  -1.48280592e-14
82.26122613  1.453737621e-14  -1.453737621e-14
82.52207505  1.412899843e-14  -1.412899843e-14
82.83472104  1.365623275e-14  -1.365623275e-14
83.16527896  1.317541183e-14  -1.317541183e-14
83.47792495  1.273789987e-14  -1.273789987e-14
83.73877387  1.23852067e-14  -1.23852067e-14
83.91953391  1.214716885e-14  -1.214716885e-14
84  1.204284403e-14  -1.204284403e-14
84.08046609  1.19395138e-14  -1.19395138e-14
84.26122613  1.171096454e-14  -1.171096454e-14
84.52207505  1.138967366e-14  -1.138967366e-14
84.83472104  1.101742015e-14  -1.101742015e-14
85.16527896  1.063847744e-14  -1.063847744e-14
85.47792495  1.029335378e-14  -1.029335378e-14
85.73877387  1.001491391e-14  -1.001491391e-14
85.91953391  9.826874838e-15  -9.826874838e-15
86  9.74443303e-15  -9.74443303e-15
86.08046609  9.662758995e-15  -9.662758995e-15
86.26122613  9.482044591e-15  -9.482044591e-15
86.52207505  9.227845139e-15  -9.227845139e-15
86.83472104  8.933094235e-15  -8.933094235e-15
87.16527896  8.632784842e-15  -8.632784842e-15
87.47792495  8.359039597e-15  -8.359039597e-15
87.73877387  8.138016914e-15  -8.138016914e-15
87.91953391  7.988665608e-15  -7.988665608e-15
88  7.923162936e-15  -7.923162936e-15
88.08046609  7.858256482e-15  -7.858256482e-15
88.26122613  7.714593173e-15  -7.714593173e-15
88.52207505  7.512394139e-15  -7.512394139e-15
88.83472104  7.277763695e-15  -7.277763695e-15
89.16527896  7.038509203e-15  -7.038509203e-15
89.47792495  6.820237537e-15  -6.820237537e-15
89.73877387  6.643875027e-15  -6.643875027e-15
89.91953391  6.524634866e-15  -6.524634866e-15
90  6.472321047e-15  -6.472321047e-15
90.08046609  6.420472864e-15  -6.420472864e-15
90.26122613  6.305674914e-15  -6.305674914e-15
90.52207505  6.144013047e-15  -6.144013047e-15
90.83472104  5.956287542e-15  -5.956287542e-15
91.16527896  5.764709801e-15  -5.764709801e-15
91.47792495  5.589795173e-15  -5.589795173e-15
91.73877387  5.44836576e-15  -5.44836576e-15
91.91953391  5.352692744e-15  -5.352692744e-15
92  5.310705153e-15  -5.310705153e-15
92.08046609  5.269083197e-15  -5.269083197e-15
92.26122613  5.17689836e-15  -5.17689836e-15
92.52207505  5.047012226e-15  -5.047012226e-15
92.83472104  4.896082258e-15  -4.896082258e-15
93.16527896  4.741937639e-15  -4.741937639e-15
93.47792495  4.601093591e-15  -4.601093591e-15
93.73877387  4.487135868e-15  -4.487135868e-15
93.91953391  4.410006997e-15  -4.410006997e-15
94  4.376147524e-15  -4.376147524e-15
94.08046609  4.342576658e-15  -4.342576658e-15
94.26122613  4.268201108e-15  -4.268201108e-15
94.52207505  4.163354695e-15  -4.163354695e-15
94.83472104  4.041441501e-15  -4.041441501e-15
95.16527896  3.916840724e-15  -3.916840724e-15
95.47792495  3.802908624e-15  -3.802908624e-15
95.73877387  3.710666182e-15  -3.710666182e-15
95.91953391  3.648203859e-15  -3.648203859e-15
96  3.620775009e-15  -3.620775009e-15
96.08046609  3.593575103e-15  -3.593575103e-15
96.26122613  3.533296907e-15  -3.533296907e-15
96.52207505  3.448282098e-15  -3.448282098e-15
96.83472104  3.349366593e-15  -3.349366593e-15
97.16527896  3.248199684e-15  -3.248199684e-15
97.47792495  3.155630579e-15  -3.155630579e-15
97.73877387  3.080637928e-15  -3.080637928e-15
97.91953391  3.029832349e-15  -3.029832349e-15
98  3.00751606e-15  -3.00751606e-15
98.08046609  2.985382257e-15  -2.985382257e-15
98.26122613  2.936317575e-15  -2.936317575e-15
98.52207505  2.867085761e-15  -2.867085761e-15
98.83472104  2.786485381e-15  -2.786485381e-15
99.16527896  2.703995068e-15  -2.703995068e-15
99.47792495  2.628464878e-15  -2.628464878e-15
99.73877387  2.567239652e-15  -2.567239652e-15
99.91953391  2.525742317e-15  -2.525742317e-15
100  2.507509785e-15  -2.507509785e-15
100.0804661  2.489423374e-15  -2.489423374e-15
100.2612261  2.449320025e-15  -2.449320025e-15
100.5220751  2.392707611e-15  -2.392707611e-15
100.834721  2.326760733e-15  -2.326760733e-15
101.165279  2.259223962e-15  -2.259223962e-15
101.4779249  2.197345931e-15  -2.197345931e-15
101.7387739  2.147158689e-15  -2.147158689e-15
101.9195339  2.113127862e-15  -2.113127862e-15
102  2.098172017e-15  -2.098172017e-15
102.0804661  2.083333692e-15  -2.083333692e-15
102.2612261  2.050423993e-15  -2.050423993e-15
102.5220751  2.00394661e-15  -2.00394661e-15
102.834721  1.949775764e-15  -1.949775764e-15
103.165279  1.89426452e-15  -1.89426452e-15
103.4779249  1.843373058e-15  -1.843373058e-15
103.7387739  1.802074085e-15  -1.802074085e-15
103.9195339  1.77405845e-15  -1.77405845e-15
104  1.761743114e-15  -1.761743114e-15
104.0804661  1.749522696e-15  -1.749522696e-15
104.2612261  1.722412562e-15  -1.722412562e-15
104.5220751  1.684109899e-15  -1.684109899e-15
104.834721  1.639443074e-15  -1.639443074e-15
105.165279  1.59364371e-15  -1.59364371e-15
105.4779249  1.551630972e-15  -1.551630972e-15
105.7387739  1.517519239e-15  -1.517519239e-15
105.9195339  1.494369817e-15  -1.494369817e-15
106  1.484191189e-15  -1.484191189e-15
106.0804661  1.474089535e-15  -1.474089535e-15
106.2612261  1.451674441e-15  -1.451674441e-15
106.5220751  1.419992581e-15  -1.419992581e-15
106.834721  1.38302762e-15  -1.38302762e-15
107.165279  1.345103638e-15  -1.345103638e-15
107.4779249  1.310295288e-15  -1.310295288e-15
107.7387739  1.282018754e-15  -1.282018754e-15
107.9195339  1.262821849e-15  -1.262821849e-15
108  1.25437918e-15  -1.25437918e-15
108.0804661  1.24599918e-15  -1.24599918e-15
108.2612261  1.227400125e-15  -1.227400125e-15
108.5220751  1.201101841e-15  -1.201101841e-15
108.834721  1.170402984e-15  -1.170402984e-15
109.165279  1.138890254e-15  -1.138890254e-15
109.4779249  1.109950527e-15  -1.109950527e-15
109.7387739  1.08642989e-15  -1.08642989e-15
109.9195339  1.070455783e-15  -1.070455783e-15
110  1.063428928e-15  -1.063428928e-15
110.0804661  1.056453287e-15  -1.056453287e-15
110.2612261  1.040967756e-15  -1.040967756e-15
110.5220751  1.019063777e-15  -1.019063777e-15
110.834721  9.934823215e-16  -9.934823215e-16
111.165279  9.672086617e-16  -9.672086617e-16
111.4779249  9.430674403e-16  -9.430674403e-16
111.7387739  9.234375352e-16  -9.234375352e-16
111.9195339  9.101010191e-16  -9.101010191e-16
112  9.042331662e-16  -9.042331662e-16
112.0804661  8.984073195e-16  -8.984073195e-16
112.2612261  8.854715344e-16  -8.854715344e-16
112.5220751  8.671676017e-16  -8.671676017e-16
112.834721  8.45780758e-16  -8.45780758e-16
113.165279  8.23803915e-16  -8.23803915e-16
113.4779249  8.036004383e-16  -8.036004383e-16
113.7387739  7.871649666e-16  -7.871649666e-16
113.9195339  7.759948547e-16  -7.759948547e-16
114  7.710791756e-16  -7.710791756e-16
114.0804661  7.661980714e-16  -7.661980714e-16
114.2612261  7.553577945e-16  -7.553577945e-16
114.5220751  7.400136999e-16  -7.400136999e-16
114.834721  7.220772442e-16  -7.220772442e-16
115.165279  7.036368267e-16  -7.036368267e-16
115.4779249  6.866760407e-16  -6.866760407e-16
115.7387739  6.728724425e-16  -6.728724425e-16
115.9195339  6.634878895e-16  -6.634878895e-16
116  6.593571703e-16  -6.593571703e-16
116.0804661  6.552550056e-16  -6.552550056e-16
116.2612261  6.461428553e-16  -6.461428553e-16
116.5220751  6.332405918e-16  -6.332405918e-16
116.834721  6.181520342e-16  -6.181520342e-16
117.165279  6.026320963e-16  -6.026320963e-16
117.4779249  5.883506463e-16  -5.883506463e-16
117.7387739  5.767227159e-16  -5.767227159e-16
117.9195339  5.688147521e-16  -5.688147521e-16
118  5.65333304e-16  -5.65333304e-16
118.0804661  5.618755157e-16  -5.618755157e-16
118.2612261  5.541932595e-16  -5.541932595e-16
118.5220751  5.433121523e-16  -5.433121523e-16
118.834721  5.305819568e-16  -5.305819568e-16
119.165279  5.17481741e-16  -5.17481741e-16
119.4779249  5.054213629e-16  -5.054213629e-16
119.7387739  4.95597808e-16  -4.95597808e-16
119.9195339  4.889148738e-16  -4.889148738e-16
120  4.859721953e-16  -4.859721953e-16
120.0804661  4.830491829e-16  -4.830491829e-16
120.2612261  4.765538578e-16  -4.765538578e-16
120.5220751  4.673510609e-16  -4.673510609e-16
120.834721  4.565800614e-16  -4.565800614e-16
121.165279  4.454910237e-16  -4.454910237e-16
121.4779249  4.352776348e-16  -4.352776348e-16
121.7387739  4.269552192e-16  -4.269552192e-16
121.9195339  4.212917872e-16  -4.212917872e-16
122  4.18797577e-16  -4.18797577e-16
122.0804661  4.163197634e-16  -4.163197634e-16
122.2612261  4.108127501e-16  -4.108127501e-16
122.5220751  4.030078867e-16  -4.030078867e-16
122.834721  3.938694906e-16  -3.938694906e-16
123.165279  3.844571861e-16  -3.844571861e-16
123.4779249  3.757843882e-16  -3.757843882e-16
123.7387739  3.687146233e-16  -3.687146233e-16
123.9195339  3.639022116e-16  -3.639022116e-16
124  3.617824287e-16  -3.617824287e-16
124.0804661  3.59676357e-16  -3.59676357e-16
124.2612261  3.549947452e-16  -3.549947452e-16
124.5220751  3.483577634e-16  -3.483577634e-16
124.834721  3.405838734e-16  -3.405838734e-16
125.165279  3.325736155e-16  -3.325736155e-16
125.4779249  3.251896268e-16  -3.251896268e-16
125.7387739  3.191682241e-16  -3.191682241e-16
125.9195339  3.150682706e-16  -3.150682706e-16
126  3.132620101e-16  -3.132620101e-16
126.0804661  3.11467248e-16  -3.11467248e-16
126.2612261  3.074769851e-16  -3.074769851e-16
126.5220751  3.018185179e-16  -3.018185179e-16
126.834721  2.951883502e-16  -2.951883502e-16
127.165279  2.883538151e-16  -2.883538151e-16
127.4779249  2.820510797e-16  -2.820510797e-16
127.7387739  2.76909559e-16  -2.76909559e-16
127.9195339  2.734077503e-16  -2.734077503e-16
128  2.718647556e-16  -2.718647556e-16
128.0804661  2.703314304e-16  -2.703314304e-16
128.2612261  2.66921865e-16  -2.66921865e-16
128.5220751  2.6208555e-16  -2.6208555e-16
128.834721  2.564167217e-16  -2.564167217e-16
129.165279  2.505708581e-16  -2.505708581e-16
129.4779249  2.45177753e-16  -2.45177753e-16
129.7387739  2.407767421e-16  -2.407767421e-16
129.9195339  2.377784829e-16  -2.377784829e-16
130  2.364571581e-16  -2.364571581e-16
130.0804661  2.351439867e-16  -2.351439867e-16
130.2612261  2.322235073e-16  -2.322235073e-16
130.5220751  2.280798454e-16  -2.280798454e-16
130.834721  2.232212427e-16  -2.232212427e-16
131.165279  2.182089961e-16  -2.182089961e-16
131.4779249  2.135831884e-16  -2.135831884e-16
131.7387739  2.098070529e-16  -2.098070529e-16
131.9195339  2.072338343e-16  -2.072338343e-16
132  2.060996506e-16  -2.060996506e-16
132.0804661  2.049723598e-16  -2.049723598e-16
132.2612261  2.024648964e-16  -2.024648964e-16
132.5220751  1.989063229e-16  -1.989063229e-16
132.834721  1.947323764e-16  -1.947323764e-16
133.165279  1.904248436e-16  -1.904248436e-16
133.4779249  1.864479523e-16  -1.864479523e-16
133.7387739  1.832004776e-16  -1.832004776e-16
133.9195339  1.809869553e-16  -1.809869553e-16
134  1.800111685e-16  -1.800111685e-16
134.0804661  1.790412237e-16  -1.790412237e-16
134.2612261  1.768834316e-16  -1.768834316e-16
134.5220751  1.738203483e-16  -1.738203483e-16
134.834721  1.702264208e-16  -1.702264208e-16
135.165279  1.665161384e-16  -1.665161384e-16
135.4779249  1.630894286e-16  -1.630894286e-16
135.7387739  1.602903361e-16  -1.602903361e-16
135.9195339  1.583819724e-16  -1.583819724e-16
136  1.575405876e-16  -1.575405876e-16
136.0804661  1.567041663e-16  -1.567041663e-16
136.2612261  1.54843152e-16  -1.54843152e-16
136.5220751  1.522007212e-16  -1.522007212e-16
136.834721  1.490993795e-16  -1.490993795e-16
137.165279  1.458965146e-16  -1.458965146e-16
137.4779249  1.42937414e-16  -1.42937414e-16
137.7387739  1.405195411e-16  -1.405195411e-16
137.9195339  1.38870695e-16  -1.38870695e-16
138  1.381436284e-16  -1.381436284e-16
138.0804661  1.374207889e-16  -1.374207889e-16
138.2612261  1.358122676e-16  -1.358122676e-16
138.5220751  1.335278139e-16  -1.335278139e-16
138.834721  1.308458065e-16  -1.308458065e-16
139.165279  1.280750653e-16  -1.280750653e-16
139.4779249  1.255143374e-16  -1.255143374e-16
139.7387739  1.234213471e-16  -1.234213471e-16
139.9195339  1.219937239e-16  -1.219937239e-16
140  1.213641211e-16  -1.213641211e-16
140.0804661  1.207381267e-16  -1.207381267e-16
140.2612261  1.193449252e-16  -1.193449252e-16
140.5220751  1.173658229e-16  -1.173658229e-16
140.834721  1.150416218e-16  -1.150416218e-16
141.165279  1.12639735e-16  -1.12639735e-16
141.4779249  1.104191765e-16  -1.104191765e-16
141.7387739  1.086036929e-16  -1.086036929e-16
141.9195339  1.073650797e-16  -1.073650797e-16
142  1.068187612e-16  -1.068187612e-16
142.0804661  1.062755297e-16  -1.062755297e-16
142.2612261  1.050663654e-16  -1.050663654e-16
142.5220751  1.033483161e-16  -1.033483161e-16
142.834721  1.013301109e-16  -1.013301109e-16
143.165279  9.924378106e-17  -9.924378106e-17
143.4779249  9.731434253e-17  -9.731434253e-17
143.7387739  9.573642667e-17  -9.573642667e-17
143.9195339  9.465966033e-17  -9.465966033e-17
144  9.41846672e-17  -9.41846672e-17
144.0804661  9.37123209e-17  -9.37123209e-17
144.2612261  9.266080404e-17  -9.266080404e-17
144.5220751  9.11664281e-17  -9.11664281e-17
144.834721  8.941048518e-17  -8.941048518e-17
145.165279  8.759470602e-17  -8.759470602e-17
145.4779249  8.591495289e-17  -8.591495289e-17
145.7387739  8.454085466e-17  -8.454085466e-17
145.9195339  8.360297508e-17  -8.360297508e-17
146  8.318919741e-17  -8.318919741e-17
146.0804661  8.277769396e-17  -8.277769396e-17
146.2612261  8.186150929e-17  -8.186150929e-17
146.5220751  8.055919015e-17  -8.055919015e-17
146.834721  7.902850639e-17  -7.902850639e-17
147.165279  7.744518374e-17  -7.744518374e-17
147.4779249  7.598003185e-17  -7.598003185e-17
147.7387739  7.478116443e-17  -7.478116443e-17
147.9195339  7.396271915e-17  -7.396271915e-17
148  7.360159024e-17  -7.360159024e-17
148.0804661  7.324241943e-17  -7.324241943e-17
148.2612261  7.244265343e-17  -7.244265343e-17
148.5220751  7.130558743e-17  -7.130558743e-17
148.834721  6.996878236e-17  -6.996878236e-17
149.165279  6.85855988e-17  -6.85855988e-17
149.4779249  6.730527348e-17  -6.730527348e-17
149.7387739  6.625736847e-17  -6.625736847e-17
149.9195339  6.554183952e-17  -6.554183952e-17
150  6.522608392e-17  -6.522608392e-17
150.0804661  6.491201763e-17  -6.491201763e-17
150.2612261  6.421260384e-17  -6.421260384e-17
150.5220751  6.321801654e-17  -6.321801654e-17
150.834721  6.204841848e-17  -6.204841848e-17
151.165279  6.083789624e-17  -6.083789624e-17
151.4779249  5.97170728e-17  -5.97170728e-17
151.7387739  5.879948236e-17  -5.879948236e-17
151.9195339  5.817281268e-17  -5.817281268e-17
152  5.7896238e-17  -5.7896238e-17
152.0804661  5.762112358e-17  -5.762112358e-17
152.2612261  5.700838414e-17  -5.700838414e-17
152.5220751  5.613688235e-17  -5.613688235e-17
152.834721  5.511177249e-17  -5.511177249e-17
153.165279  5.405049808e-17  -5.405049808e-17
153.4779249  5.306759023e-17  -5.306759023e-17
153.7387739  5.226270919e-17  -5.226270919e-17
153.9195339  5.171291035e-17  -5.171291035e-17
154  5.147023473e-17  -5.147023473e-17
154.0804661  5.12288238e-17  -5.12288238e-17
154.2612261  5.069108948e-17  -5.069108948e-17
154.5220751  4.992612413e-17  -4.992612413e-17
154.834721  4.902610967e-17  -4.902610967e-17
155.165279  4.809409065e-17  -4.809409065e-17
155.4779249  4.723065999e-17  -4.723065999e-17
155.7387739  4.652344604e-17  -4.652344604e-17
155.9195339  4.604027251e-17  -4.604027251e-17
156  4.582698138e-17  -4.582698138e-17
156.0804661  4.561478758e-17  -4.561478758e-17
156.2612261  4.514208212e-17  -4.514208212e-17
156.5220751  4.446950191e-17  -4.446950191e-17
156.834721  4.3677995e-17  -4.3677995e-17
157.165279  4.285812498e-17  -4.285812498e-17
157.4779249  4.209838974e-17  -4.209838974e-17
157.7387739  4.147596417e-17  -4.147596417e-17
157.9195339  4.105064211e-17  -4.105064211e-17
158  4.086286885e-17  -4.086286885e-17
158.0804661  4.067604946e-17  -4.067604946e-17
158.2612261  4.025982672e-17  -4.025982672e-17
158.5220751  3.966750626e-17  -3.966750626e-17
158.834721  3.897028975e-17  -3.897028975e-17
159.165279  3.824790251e-17  -3.824790251e-17
159.4779249  3.757832781e-17  -3.757832781e-17
159.7387739  3.702964237e-17  -3.702964237e-17
159.9195339  3.665464336e-17  -3.665464336e-17
160  3.648906982e-17  -3.648906982e-17
160.0804661  3.632432689e-17  -3.632432689e-17
160.2612261  3.595725137e-17  -3.595725137e-17
160.5220751  3.543478074e-17  -3.543478074e-17
160.834721  3.481964549e-17  -3.481964549e-17
161.165279  3.418214234e-17  -3.418214234e-17
161.4779249  3.359109777e-17  -3.359109777e-17
161.7387739  3.310665618e-17  -3.310665618e-17
161.9195339  3.277550796e-17  -3.277550796e-17
162  3.262928111e-17  -3.262928111e-17
162.0804661  3.248377878e-17  -3.248377878e-17
162.2612261  3.215954204e-17  -3.215954204e-17
162.5220751  3.169796695e-17  -3.169796695e-17
162.834721  3.11544082e-17  -3.11544082e-17
163.165279  3.059094592e-17  -3.059094592e-17
163.4779249  3.006841861e-17  -3.006841861e-17
163.7387739  2.964004313e-17  -2.964004313e-17
163.9195339  2.934717094e-17  -2.934717094e-17
164  2.92178331e-17  -2.92178331e-17
164.0804661  2.90891283e-17  -2.90891283e-17
164.2612261  2.880229496e-17  -2.880229496e-17
164.5220751  2.839389881e-17  -2.839389881e-17
164.834721  2.791286141e-17  -2.791286141e-17
165.165279  2.741409034e-17  -2.741409034e-17
165.4779249  2.695144405e-17  -2.695144405e-17
165.7387739  2.657207943e-17  -2.657207943e-17
165.9195339  2.631267278e-17  -2.631267278e-17
166  2.619810293e-17  -2.619810293e-17
166.0804661  2.608408709e-17  -2.608408709e-17
166.2612261  2.582996546e-17  -2.582996546e-17
166.5220751  2.546808614e-17  -2.546808614e-17
166.834721  2.50417503e-17  -2.50417503e-17
167.165279  2.459959403e-17  -2.459959403e-17
167.4779249  2.418936648e-17  -2.418936648e-17
167.7387739  2.385291495e-17  -2.385291495e-17
167.9195339  2.362281536e-17  -2.362281536e-17
168  2.352117975e-17  -2.352117975e-17
168.0804661  2.342002978e-17  -2.342002978e-17
168.2612261  2.319456288e-17  -2.319456288e-17
168.5220751  2.28734384e-17  -2.28734384e-17
168.834721  2.249503923e-17  -2.249503923e-17
169.165279  2.210250885e-17  -2.210250885e-17
169.4779249  2.173824078e-17  -2.173824078e-17
169.7387739  2.143942288e-17  -2.143942288e-17
169.9195339  2.123502924e-17  -2.123502924e-17
170  2.114473974e-17  -2.114473974e-17
170.0804661  2.10548766e-17  -2.10548766e-17
170.2612261  2.085455017e-17  -2.085455017e-17
170.5220751  2.056918843e-17  -2.056918843e-17
170.834721  2.023286346e-17  -2.023286346e-17
171.165279  1.988390074e-17  -1.988390074e-17
171.4779249  1.955999147e-17  -1.955999147e-17
171.7387739  1.92942284e-17  -1.92942284e-17
171.9195339  1.911241693e-17  -1.911241693e-17
172  1.903209576e-17  -1.903209576e-17
172.0804661  1.895214948e-17  -1.895214948e-17
172.2612261  1.877391421e-17  -1.877391421e-17
172.5220751  1.851998278e-17  -1.851998278e-17
172.834721  1.822064301e-17  -1.822064301e-17
173.165279  1.790998758e-17  -1.790998758e-17
173.4779249  1.762157278e-17  -1.762157278e-17
173.7387739  1.738488677e-17  -1.738488677e-17
173.9195339  1.722294325e-17  -1.722294325e-17
174  1.715139314e-17  -1.715139314e-17
174.0804661  1.708017315e-17  -1.708017315e-17
174.2612261  1.692137878e-17  -1.692137878e-17
174.5220751  1.66951115e-17  -1.66951115e-17
174.834721  1.642833204e-17  -1.642833204e-17
175.165279  1.615140885e-17  -1.615140885e-17
175.4779249  1.589425677e-17  -1.589425677e-17
175.7387739  1.568318655e-17  -1.568318655e-17
175.9195339  1.553874877e-17  -1.553874877e-17
176  1.547492761e-17  -1.547492761e-17
176.0804661  1.541139757e-17  -1.541139757e-17
176.2612261  1.52697369e-17  -1.52697369e-17
176.5220751  1.506785458e-17  -1.506785458e-17
176.834721  1.482978182e-17  -1.482978182e-17
177.165279  1.458260543e-17  -1.458260543e-17
177.4779249  1.435302876e-17  -1.435302876e-17
177.7387739  1.41645577e-17  -1.41645577e-17
177.9195339  1.403556652e-17  -1.403556652e-17
178  1.397856582e-17  -1.397856582e-17
178.0804661  1.392182221e-17  -1.392182221e-17
178.2612261  1.379528356e-17  -1.379528356e-17
178.5220751  1.361492648e-17  -1.361492648e-17
178.834721  1.340219899e-17  -1.340219899e-17
179.165279  1.318129214e-17  -1.318129214e-17
179.4779249  1.297607296e-17  -1.297607296e-17
179.7387739  1.280756781e-17  -1.280756781e-17
179.9195339  1.269222552e-17  -1.269222552e-17
180  1.264125204e-17  -1.264125204e-17
180.0804661  1.259050593e-17  -1.259050593e-17
180.2612261  1.247733252e-17  -1.247733252e-17
180.5220751  1.231600293e-17  -1.231600293e-17
180.834721  1.212568415e-17  -1.212568415e-17
181.165279  1.192800831e-17  -1.192800831e-17
181.4779249  1.174433398e-17  -1.174433398e-17
181.7387739  1.159349271e-17  -1.159349271e-17
181.9195339  1.149022742e-17  -1.149022742e-17
182  1.144458752e-17  -1.144458752e-17
182.0804661  1.139914895e-17  -1.139914895e-17
182.2612261  1.129780431e-17  -1.129780431e-17
182.5220751  1.115331733e-17  -1.115331733e-17
182.834721  1.098283793e-17  -1.098283793e-17
183.165279  1.080573396e-17  -1.080573396e-17
183.4779249  1.064114248e-17  -1.064114248e-17
183.7387739  1.050594956e-17  -1.050594956e-17
183.9195339  1.041338481e-17  -1.041338481e-17
184  1.0372471e-17  -1.0372471e-17
184.0804661  1.033173572e-17  -1.033173572e-17
184.2612261  1.024087406e-17  -1.024087406e-17
184.5220751  1.011131564e-17  -1.011131564e-17
184.834721  9.958424358e-18  -9.958424358e-18
185.165279  9.799561717e-18  -9.799561717e-18
185.4779249  9.651894796e-18  -9.651894796e-18
185.7387739  9.530583001e-18  -9.530583001e-18
185.9195339  9.447511708e-18  -9.447511708e-18
186  9.410791216e-18  -9.410791216e-18
186.0804661  9.374229238e-18  -9.374229238e-18
186.2612261  9.292670081e-18  -9.292670081e-18
186.5220751  9.176361023e-18  -9.176361023e-18
186.834721  9.039082391e-18  -9.039082391e-18
187.165279  8.896415611e-18  -8.896415611e-18
187.4779249  8.763778539e-18  -8.763778539e-18
187.7387739  8.65479613e-18  -8.65479613e-18
187.9195339  8.580158231e-18  -8.580158231e-18
188  8.547163132e-18  -8.547163132e-18
188.0804661  8.514308954e-18  -8.514308954e-18
188.2612261  8.441015356e-18  -8.441015356e-18
188.5220751  8.336480413e-18  -8.336480413e-18
188.834721  8.213078562e-18  -8.213078562e-18
189.165279  8.084809844e-18  -8.084809844e-18
189.4779249  7.965536956e-18  -7.965536956e-18
189.7387739  7.867519513e-18  -7.867519513e-18
189.9195339  7.80038277e-18  -7.80038277e-18
190  7.770701524e-18  -7.770701524e-18
190.0804661  7.741145714e-18  -7.741145714e-18
190.2612261  7.675205554e-18  -7.675205554e-18
190.5220751  7.581146864e-18  -7.581146864e-18
190.834721  7.470094344e-18  -7.470094344e-18
191.165279  7.354641404e-18  -7.354641404e-18
191.4779249  7.247266388e-18  -7.247266388e-18
191.7387739  7.159012556e-18  -7.159012556e-18
191.9195339  7.098556023e-18  -7.098556023e-18
192  7.071826189e-18  -7.071826189e-18
192.0804661  7.045208144e-18  -7.045208144e-18
192.2612261  6.985818008e-18  -6.985818008e-18
192.5220751  6.901092216e-18  -6.901092216e-18
192.834721  6.801043163e-18  -6.801043163e-18
193.165279  6.69701152e-18  -6.69701152e-18
193.4779249  6.600241827e-18  -6.600241827e-18
193.7387739  6.520692416e-18  -6.520692416e-18
193.9195339  6.466192188e-18  -6.466192188e-18
194  6.442094141e-18  -6.442094141e-18
194.0804661  6.418095838e-18  -6.418095838e-18
194.2612261  6.36454712e-18  -6.36454712e-18
194.5220751  6.288145655e-18  -6.288145655e-18
194.834721  6.197912632e-18  -6.197912632e-18
195.165279  6.1040717e-18  -6.1040717e-18
195.4779249  6.016766455e-18  -6.016766455e-18
195.7387739  5.944986391e-18  -5.944986391e-18
195.9195339  5.895803302e-18  -5.895803302e-18
196  5.874054805e-18  -5.874054805e-18
196.0804661  5.852395412e-18  -5.852395412e-18
196.2612261  5.804062315e-18  -5.804062315e-18
196.5220751  5.735094338e-18  -5.735094338e-18
196.834721  5.653628333e-18  -5.653628333e-18
197.165279  5.568890755e-18  -5.568890755e-18
197.4779249  5.490041665e-18  -5.490041665e-18
197.7387739  5.425204392e-18  -5.425204392e-18
197.9195339  5.380773369e-18  -5.380773369e-18
198  5.361124885e-18  -5.361124885e-18
198.0804661  5.34155609e-18  -5.34155609e-18
198.2612261  5.297885244e-18  -5.297885244e-18
198.5220751  5.235562909e-18  -5.235562909e-18
198.834721  5.161936021e-18  -5.161936021e-18
199.165279  5.085339784e-18  -5.085339784e-18
199.4779249  5.014054609e-18  -5.014054609e-18
199.7387739  4.955428571e-18  -4.955428571e-18
199.9195339  4.915249424e-18  -4.915249424e-18
200  4.897480049e-18  -4.897480049e-18
200.0804661  4.879782021e-18  -4.879782021e-18
200.2612261  4.840283489e-18  -4.840283489e-18
200.5220751  4.783909168e-18  -4.783909168e-18
200.834721  4.717299604e-18  -4.717299604e-18
201.165279  4.647992538e-18  -4.647992538e-18
201.4779249  4.583480756e-18  -4.583480756e-18
201.7387739  4.530417686e-18  -4.530417686e-18
201.9195339  4.49404711e-18  -4.49404711e-18
202  4.477961047e-18  -4.477961047e-18
202.0804661  4.461938935e-18  -4.461938935e-18
202.2612261  4.42617841e-18  -4.42617841e-18
202.5220751  4.375133603e-18  -4.375133603e-18
202.834721  4.314812661e-18  -4.314812661e-18
203.165279  4.252038978e-18  -4.252038978e-18
203.4779249  4.193599344e-18  -4.193599344e-18
203.7387739  4.145524087e-18  -4.145524087e-18
203.9195339  4.112568721e-18  -4.112568721e-18
204  4.09799222e-18  -4.09799222e-18
204.0804661  4.083473101e-18  -4.083473101e-18
204.2612261  4.051065129e-18  -4.051065129e-18
204.5220751  4.004800838e-18  -4.004800838e-18
204.834721  3.950121586e-18  -3.950121586e-18
205.165279  3.893210186e-18  -3.893210186e-18
205.4779249  3.840219909e-18  -3.840219909e-18
205.7387739  3.796621573e-18  -3.796621573e-18
205.9195339  3.766731964e-18  -3.766731964e-18
206  3.753510655e-18  -3.753510655e-18
206.0804661  3.74034089e-18  -3.74034089e-18
206.2612261  3.710942972e-18  -3.710942972e-18
206.5220751  3.668971315e-18  -3.668971315e-18
206.834721  3.619358747e-18  -3.619358747e-18
207.165279  3.567713028e-18  -3.567713028e-18
207.4779249  3.519618355e-18  -3.519618355e-18
207.7387739  3.480042604e-18  -3.480042604e-18
207.9195339  3.452907943e-18  -3.452907943e-18
208  3.44090452e-18  -3.44090452e-18
208.0804661  3.428947443e-18  -3.428947443e-18
208.2612261  3.402254896e-18  -3.402254896e-18
208.5220751  3.364141807e-18  -3.364141807e-18
208.834721  3.31908426e-18  -3.31908426e-18
209.165279  3.272173246e-18  -3.272173246e-18
209.4779249  3.228481243e-18  -3.228481243e-18
209.7387739  3.192523578e-18  -3.192523578e-18
209.9195339  3.167867115e-18  -3.167867115e-18
210  3.156959306e-18  -3.156959306e-18
210.0804661  3.146093213e-18  -3.146093213e-18
210.2612261  3.121834691e-18  -3.121834691e-18
210.5220751  3.087193547e-18  -3.087193547e-18
210.834721  3.046235209e-18  -3.046235209e-18
211.165279  3.003585798e-18  -3.003585798e-18
211.4779249  2.963857183e-18  -2.963857183e-18
211.7387739  2.931157073e-18  -2.931157073e-18
211.9195339  2.908732111e-18  -2.908732111e-18
212  2.898810916e-18  -2.898810916e-18
212.0804661  2.888927306e-18  -2.888927306e-18
212.2612261  2.866860882e-18  -2.866860882e-18
212.5220751  2.835346937e-18  -2.835346937e-18
212.834721  2.798081303e-18  -2.798081303e-18
213.165279  2.759271498e-18  -2.759271498e-18
213.4779249  2.72311437e-18  -2.72311437e-18
213.7387739  2.693350122e-18  -2.693350122e-18
213.9195339  2.672936512e-18  -2.672936512e-18
214  2.663904652e-18  -2.663904652e-18
214.0804661  2.654906689e-18  -2.654906689e-18
214.2612261  2.634816433e-18  -2.634816433e-18
214.5220751  2.606121947e-18  -2.606121947e-18
214.834721  2.572186094e-18  -2.572186094e-18
215.165279  2.536839073e-18  -2.536839073e-18
215.4779249  2.503903427e-18  -2.503903427e-18
215.7387739  2.476787694e-18  -2.476787694e-18
215.9195339  2.458188767e-18  -2.458188767e-18
216  2.449959336e-18  -2.449959336e-18
216.0804661  2.441760504e-18  -2.441760504e-18
216.2612261  2.42345348e-18  -2.42345348e-18
216.5220751  2.397303457e-18  -2.397303457e-18
216.834721  2.366373025e-18  -2.366373025e-18
217.165279  2.334151952e-18  -2.334151952e-18
217.4779249  2.304124869e-18  -2.304124869e-18
217.7387739  2.279400712e-18  -2.279400712e-18
217.9195339  2.262440592e-18  -2.262440592e-18
218  2.254935864e-18  -2.254935864e-18
218.0804661  2.247458785e-18  -2.247458785e-18
218.2612261  2.230762426e-18  -2.230762426e-18
218.5220751  2.20691087e-18  -2.20691087e-18
218.834721  2.178695663e-18  -2.178695663e-18
219.165279  2.149299131e-18  -2.149299131e-18
219.4779249  2.121900557e-18  -2.121900557e-18
219.7387739  2.09933799e-18  -2.09933799e-18
219.9195339  2.083859234e-18  -2.083859234e-18
220  2.077009625e-18  -2.077009625e-18
220.0804661  2.070185022e-18  -2.070185022e-18
220.2612261  2.054944817e-18  -2.054944817e-18
220.5220751  2.03317145e-18  -2.03317145e-18
220.834721  2.007411573e-18  -2.007411573e-18
221.165279  1.980569601e-18  -1.980569601e-18
221.4779249  1.955548643e-18  -1.955548643e-18
221.7387739  1.934941597e-18  -1.934941597e-18
221.9195339  1.920803118e-18  -1.920803118e-18
222  1.914546269e-18  -1.914546269e-18
222.0804661  1.908312057e-18  -1.908312057e-18
222.2612261  1.894389525e-18  -1.894389525e-18
222.5220751  1.874496898e-18  -1.874496898e-18
222.834721  1.850959359e-18  -1.850959359e-18
223.165279  1.826429873e-18  -1.826429873e-18
223.4779249  1.803561537e-18  -1.803561537e-18
223.7387739  1.784725188e-18  -1.784725188e-18
223.9195339  1.771800432e-18  -1.771800432e-18
224  1.766080403e-18  -1.766080403e-18
224.0804661  1.760380884e-18  -1.760380884e-18
224.2612261  1.747651788e-18  -1.747651788e-18
224.5220751  1.729462741e-18  -1.729462741e-18
224.834721  1.707938459e-18  -1.707938459e-18
225.165279  1.685504195e-18  -1.685504195e-18
225.4779249  1.664586514e-18  -1.664586514e-18
225.7387739  1.647354932e-18  -1.647354932e-18
225.9195339  1.635530268e-18  -1.635530268e-18
226  1.63029683e-18  -1.63029683e-18
226.0804661  1.625081992e-18  -1.625081992e-18
226.2612261  1.613434762e-18  -1.613434762e-18
226.5220751  1.596790185e-18  -1.596790185e-18
226.834721  1.577091354e-18  -1.577091354e-18
227.165279  1.556557128e-18  -1.556557128e-18
227.4779249  1.53740863e-18  -1.53740863e-18
227.7387739  1.521632703e-18  -1.521632703e-18
227.9195339  1.510806009e-18  -1.510806009e-18
228  1.506014015e-18  -1.506014015e-18
228.0804661  1.501238903e-18  -1.501238903e-18
228.2612261  1.490573254e-18  -1.490573254e-18
228.5220751  1.47533011e-18  -1.47533011e-18
228.834721  1.457287876e-18  -1.457287876e-18
229.165279  1.438478169e-18  -1.438478169e-18
229.4779249  1.420935646e-18  -1.420935646e-18
229.7387739  1.406481249e-18  -1.406481249e-18
229.9195339  1.396560656e-18  -1.396560656e-18
230  1.392169492e-18  -1.392169492e-18
230.0804661  1.387793663e-18  -1.387793663e-18
230.2612261  1.378019363e-18  -1.378019363e-18
230.5220751  1.364048946e-18  -1.364048946e-18
230.834721  1.347511349e-18  -1.347511349e-18
231.165279  1.330268184e-18  -1.330268184e-18
231.4779249  1.314184715e-18  -1.314184715e-18
231.7387739  1.300931092e-18  -1.300931092e-18
231.9195339  1.291833881e-18  -1.291833881e-18
232  1.287806973e-18  -1.287806973e-18
232.0804661  1.283794008e-18  -1.283794008e-18
232.2612261  1.2748298e-18  -1.2748298e-18
232.5220751  1.26201619e-18  -1.26201619e-18
232.834721  1.246846352e-18  -1.246846352e-18
233.165279  1.231027407e-18  -1.231027407e-18
233.4779249  1.216270611e-18  -1.216270611e-18
233.7387739  1.204108945e-18  -1.204108945e-18
233.9195339  1.195760566e-18  -1.195760566e-18
234  1.192064953e-18  -1.192064953e-18
234.0804661  1.188382026e-18  -1.188382026e-18
234.2612261  1.180154666e-18  -1.180154666e-18
234.5220751  1.168393367e-18  -1.168393367e-18
234.834721  1.15446788e-18  -1.15446788e-18
235.165279  1.139944824e-18  -1.139944824e-18
235.4779249  1.126395315e-18  -1.126395315e-18
235.7387739  1.115227457e-18  -1.115227457e-18
235.9195339  1.107560663e-18  -1.107560663e-18
236  1.104166609e-18  -1.104166609e-18
236.0804661  1.100784108e-18  -1.100784108e-18
236.2612261  1.093227518e-18  -1.093227518e-18
236.5220751  1.082424247e-18  -1.082424247e-18
236.834721  1.069631751e-18  -1.069631751e-18
237.165279  1.056288762e-18  -1.056288762e-18
237.4779249  1.04383878e-18  -1.04383878e-18
237.7387739  1.033576127e-18  -1.033576127e-18
237.9195339  1.026530206e-18  -1.026530206e-18
238  1.023410864e-18  -1.023410864e-18
238.0804661  1.020302051e-18  -1.020302051e-18
238.2612261  1.013356563e-18  -1.013356563e-18
238.5220751  1.003426177e-18  -1.003426177e-18
238.834721  9.916660965e-19  -9.916660965e-19
239.165279  9.793985559e-19  -9.793985559e-19
239.4779249  9.679507463e-19  -9.679507463e-19
239.7387739  9.585132441e-19  -9.585132441e-19
239.9195339  9.520333344e-19  -9.520333344e-19
240  9.491644439e-19  -9.491644439e-19
240.0804661  9.46305156e-19  -9.46305156e-19
240.2612261  9.399168483e-19  -9.399168483e-19
240.5220751  9.307823914e-19  -9.307823914e-19
240.834721  9.199638117e-19  -9.199638117e-19
241.165279  9.086771366e-19  -9.086771366e-19
241.4779249  8.981434751e-19  -8.981434751e-19
241.7387739  8.894587292e-19  -8.894587292e-19
241.9195339  8.834952167e-19  -8.834952167e-19
242  8.808548351e-19  -8.808548351e-19
242.0804661  8.782232183e-19  -8.782232183e-19
242.2612261  8.723433162e-19  -8.723433162e-19
242.5220751  8.639351763e-19  -8.639351763e-19
242.834721  8.539758464e-19  -8.539758464e-19
243.165279  8.435844562e-19  -8.435844562e-19
243.4779249  8.338852849e-19  -8.338852849e-19
243.7387739  8.258877753e-19  -8.258877753e-19
243.9195339  8.203957521e-19  -8.203957521e-19
244  8.179640175e-19  -8.179640175e-19
244.0804661  8.155402891e-19  -8.155402891e-19
244.2612261  8.101246391e-19  -8.101246391e-19
244.5220751  8.023797928e-19  -8.023797928e-19
244.834721  7.932052384e-19  -7.932052384e-19
245.165279  7.836316338e-19  -7.836316338e-19
245.4779249  7.746948074e-19  -7.746948074e-19
245.7387739  7.673251862e-19  -7.673251862e-19
245.9195339  7.622639711e-19  -7.622639711e-19
246  7.600228902e-19  -7.600228902e-19
246.0804661  7.577891279e-19  -7.577891279e-19
246.2612261  7.527977267e-19  -7.527977267e-19
246.5220751  7.456590693e-19  -7.456590693e-19
246.834721  7.372018028e-19  -7.372018028e-19
247.165279  7.283757456e-19  -7.283757456e-19
247.4779249  7.201358694e-19  -7.201358694e-19
247.7387739  7.133403362e-19  -7.133403362e-19
247.9195339  7.086730472e-19  -7.086730472e-19
248  7.066063061e-19  -7.066063061e-19
248.0804661  7.045462599e-19  -7.045462599e-19
248.2612261  6.999428354e-19  -6.999428354e-19
248.5220751  6.933585835e-19  -6.933585835e-19
248.834721  6.85557399e-19  -6.85557399e-19
249.165279  6.774151807e-19  -6.774151807e-19
249.4779249  6.698129323e-19  -6.698129323e-19
249.7387739  6.635426763e-19  -6.635426763e-19
249.9195339  6.59235849e-19  -6.59235849e-19
250  6.57328645e-19  -6.57328645e-19
250.0804661  6.554275698e-19  -6.554275698e-19
250.2612261  6.511792065e-19  -6.511792065e-19
250.5220751  6.45102365e-19  -6.45102365e-19
250.834721  6.3790171e-19  -6.3790171e-19
251.165279  6.303854993e-19  -6.303854993e-19
251.4779249  6.23367022e-19  -6.23367022e-19
251.7387739  6.17577725e-19  -6.17577725e-19
251.9195339  6.136009727e-19  -6.136009727e-19
252  6.118398635e-19  -6.118398635e-19
252.0804661  6.100843688e-19  -6.100843688e-19
252.2612261  6.061611742e-19  -6.061611742e-19
252.5220751  6.005490604e-19  -6.005490604e-19
252.834721  5.938984744e-19  -5.938984744e-19
253.165279  5.869557346e-19  -5.869557346e-19
253.4779249  5.804720962e-19  -5.804720962e-19
253.7387739  5.751234876e-19  -5.751234876e-19
253.9195339  5.714491965e-19  -5.714491965e-19
254  5.69821966e-19  -5.69821966e-19
254.0804661  5.681998825e-19  -5.681998825e-19
254.2612261  5.645746885e-19  -5.645746885e-19
254.5220751  5.593885067e-19  -5.593885067e-19
254.834721  5.532421195e-19  -5.532421195e-19
255.165279  5.468250868e-19  -5.468250868e-19
255.4779249  5.408317955e-19  -5.408317955e-19
255.7387739  5.358872555e-19  -5.358872555e-19
255.9195339  5.324903127e-19  -5.324903127e-19
256  5.309858508e-19  -5.309858508e-19
256.0804661  5.294861104e-19  -5.294861104e-19
256.2612261  5.261342066e-19  -5.261342066e-19
256.5220751  5.213386672e-19  -5.213386672e-19
256.834721  5.156547497e-19  -5.156547497e-19
257.165279  5.097199678e-19  -5.097199678e-19
257.4779249  5.041765388e-19  -5.041765388e-19
257.7387739  4.99602742e-19  -4.99602742e-19
257.9195339  4.964602923e-19  -4.964602923e-19
258  4.95068487e-19  -4.95068487e-19
258.0804661  4.936810158e-19  -4.936810158e-19
258.2612261  4.9057991e-19  -4.9057991e-19
258.5220751  4.861428894e-19  -4.861428894e-19
258.834721  4.80883452e-19  -4.80883452e-19
259.165279  4.753913536e-19  -4.753913536e-19
259.4779249  4.702609215e-19  -4.702609215e-19
259.7387739  4.660275183e-19  -4.660275183e-19
259.9195339  4.631187458e-19  -4.631187458e-19
260  4.618303869e-19  -4.618303869e-19
260.0804661  4.605460092e-19  -4.605460092e-19
260.2612261  4.576752137e-19  -4.576752137e-19
260.5220751  4.535674483e-19  -4.535674483e-19
260.834721  4.486978802e-19  -4.486978802e-19
261.165279  4.436124134e-19  -4.436124134e-19
261.4779249  4.388613837e-19  -4.388613837e-19
261.7387739  4.34940715e-19  -4.34940715e-19
261.9195339  4.322466472e-19  -4.322466472e-19
262  4.3105334e-19  -4.3105334e-19
262.0804661  4.29863692e-19  -4.29863692e-19
262.2612261  4.272045314e-19  -4.272045314e-19
262.5220751  4.233993441e-19  -4.233993441e-19
262.834721  4.188880905e-19  -4.188880905e-19
263.165279  4.141763825e-19  -4.141763825e-19
263.4779249  4.097741201e-19  -4.097741201e-19
263.7387739  4.061409602e-19  -4.061409602e-19
263.9195339  4.036442929e-19  -4.036442929e-19
264  4.025383801e-19  -4.025383801e-19
264.0804661  4.01435833e-19  -4.01435833e-19
264.2612261  3.989712716e-19  -3.989712716e-19
264.5220751  3.95444326e-19  -3.95444326e-19
264.834721  3.912625977e-19  -3.912625977e-19
265.165279  3.868946537e-19  -3.868946537e-19
265.4779249  3.828132019e-19  -3.828132019e-19
265.7387739  3.794445288e-19  -3.794445288e-19
265.9195339  3.771294679e-19  -3.771294679e-19
266  3.761039605e-19  -3.761039605e-19
266.0804661  3.750815506e-19  -3.750815506e-19
266.2612261  3.727960379e-19  -3.727960379e-19
266.5220751  3.695251173e-19  -3.695251173e-19
266.834721  3.6564663e-19  -3.6564663e-19
267.165279  3.615950619e-19  -3.615950619e-19
267.4779249  3.578088912e-19  -3.578088912e-19
267.7387739  3.546836793e-19  -3.546836793e-19
267.9195339  3.525357994e-19  -3.525357994e-19
268  3.515843135e-19  -3.515843135e-19
268.0804661  3.506356802e-19  -3.506356802e-19
268.2612261  3.485150114e-19  -3.485150114e-19
268.5220751  3.454798202e-19  -3.454798202e-19
268.834721  3.418805603e-19  -3.418805603e-19
269.165279  3.381203433e-19  -3.381203433e-19
269.4779249  3.346061244e-19  -3.346061244e-19
269.7387739  3.317051583e-19  -3.317051583e-19
269.9195339  3.297112748e-19  -3.297112748e-19
270  3.288279757e-19  -3.288279757e-19
270.0804661  3.279473052e-19  -3.279473052e-19
270.2612261  3.259784959e-19  -3.259784959e-19
270.5220751  3.231604811e-19  -3.231604811e-19
270.834721  3.198184946e-19  -3.198184946e-19
271.165279  3.163267477e-19  -3.163267477e-19
271.4779249  3.130631477e-19  -3.130631477e-19
271.7387739  3.103688545e-19  -3.103688545e-19
271.9195339  3.085169093e-19  -3.085169093e-19
272  3.076964602e-19  -3.076964602e-19
272.0804661  3.068784347e-19  -3.068784347e-19
272.2612261  3.050496086e-19  -3.050496086e-19
272.5220751  3.024317987e-19  -3.024317987e-19
272.834721  2.993270012e-19  -2.993270012e-19
273.165279  2.960827897e-19  -2.960827897e-19
273.4779249  2.930502881e-19  -2.930502881e-19
273.7387739  2.905465867e-19  -2.905465867e-19
273.9195339  2.888255442e-19  -2.888255442e-19
274  2.880630608e-19  -2.880630608e-19
274.0804661  2.873028134e-19  -2.873028134e-19
274.2612261  2.856030999e-19  -2.856030999e-19
274.5220751  2.831699602e-19  -2.831699602e-19
274.834721  2.802839655e-19  -2.802839655e-19
275.165279  2.77268123e-19  -2.77268123e-19
275.4779249  2.744488464e-19  -2.744488464e-19
275.7387739  2.72121011e-19  -2.72121011e-19
275.9195339  2.705207649e-19  -2.705207649e-19
276  2.698117742e-19  -2.698117742e-19
276.0804661  2.691048476e-19  -2.691048476e-19
276.2612261  2.675242907e-19  -2.675242907e-19
276.5220751  2.652615918e-19  -2.652615918e-19
276.834721  2.625775577e-19  -2.625775577e-19
277.165279  2.597725255e-19  -2.597725255e-19
277.4779249  2.571500977e-19  -2.571500977e-19
277.7387739  2.549846351e-19  -2.549846351e-19
277.9195339  2.534959245e-19  -2.534959245e-19
278  2.528363273e-19  -2.528363273e-19
278.0804661  2.521786365e-19  -2.521786365e-19
278.2612261  2.507081118e-19  -2.507081118e-19
278.5220751  2.486028124e-19  -2.486028124e-19
278.834721  2.461053011e-19  -2.461053011e-19
279.165279  2.434949828e-19  -2.434949828e-19
279.4779249  2.410543904e-19  -2.410543904e-19
279.7387739  2.390389286e-19  -2.390389286e-19
279.9195339  2.376532618e-19  -2.376532618e-19
280  2.370392991e-19  -2.370392991e-19
280.0804661  2.364270983e-19  -2.364270983e-19
280.2612261  2.350582384e-19  -2.350582384e-19
280.5220751  2.33098378e-19  -2.33098378e-19
280.834721  2.307732301e-19  -2.307732301e-19
281.165279  2.283428608e-19  -2.283428608e-19
281.4779249  2.260703307e-19  -2.260703307e-19
281.7387739  2.241935194e-19  -2.241935194e-19
281.9195339  2.229031049e-19  -2.229031049e-19
282  2.223313277e-19  -2.223313277e-19
282.0804661  2.217611798e-19  -2.217611798e-19
282.2612261  2.204863066e-19  -2.204863066e-19
282.5220751  2.186609094e-19  -2.186609094e-19
282.834721  2.1649513e-19  -2.1649513e-19
283.165279  2.142311579e-19  -2.142311579e-19
283.4779249  2.121140473e-19  -2.121140473e-19
283.7387739  2.103654663e-19  -2.103654663e-19
283.9195339  2.091631511e-19  -2.091631511e-19
284  2.086303929e-19  -2.086303929e-19
284.0804661  2.080991421e-19  -2.080991421e-19
284.2612261  2.069112057e-19  -2.069112057e-19
284.5220751  2.052101935e-19  -2.052101935e-19
284.834721  2.031918491e-19  -2.031918491e-19
285.165279  2.01081828e-19  -2.01081828e-19
285.4779249  1.991085246e-19  -1.991085246e-19
285.7387739  1.974786025e-19  -1.974786025e-19
285.9195339  1.963578154e-19  -1.963578154e-19
286  1.958611672e-19  -1.958611672e-19
286.0804661  1.953659143e-19  -1.953659143e-19
286.2612261  1.942584379e-19  -1.942584379e-19
286.5220751  1.926725506e-19  -1.926725506e-19
286.834721  1.90790676e-19  -1.90790676e-19
287.165279  1.888231686e-19  -1.888231686e-19
287.4779249  1.869830001e-19  -1.869830001e-19
287.7387739  1.854629395e-19  -1.854629395e-19
287.9195339  1.844176404e-19  -1.844176404e-19
288  1.839544281e-19  -1.839544281e-19
288.0804661  1.834925082e-19  -1.834925082e-19
288.2612261  1.824595377e-19  -1.824595377e-19
288.5220751  1.809802624e-19  -1.809802624e-19
288.834721  1.79224776e-19  -1.79224776e-19
289.165279  1.773892654e-19  -1.773892654e-19
289.4779249  1.756724179e-19  -1.756724179e-19
289.7387739  1.74254128e-19  -1.74254128e-19
289.9195339  1.732787619e-19  -1.732787619e-19
290  1.728465261e-19  -1.728465261e-19
290.0804661  1.724154879e-19  -1.724154879e-19
290.2612261  1.714515465e-19  -1.714515465e-19
290.5220751  1.700710525e-19  -1.700710525e-19
290.834721  1.684326797e-19  -1.684326797e-19
291.165279  1.667194903e-19  -1.667194903e-19
291.4779249  1.651169335e-19  -1.651169335e-19
291.7387739  1.637929694e-19  -1.637929694e-19
291.9195339  1.62882424e-19  -1.62882424e-19
292  1.624789012e-19  -1.624789012e-19
292.0804661  1.620764888e-19  -1.620764888e-19
292.2612261  1.611765364e-19  -1.611765364e-19
292.5220751  1.59887616e-19  -1.59887616e-19
292.834721  1.583578197e-19  -1.583578197e-19
293.165279  1.567580442e-19  -1.567580442e-19
293.4779249  1.552614647e-19  -1.552614647e-19
293.7387739  1.540249715e-19  -1.540249715e-19
293.9195339  1.531745397e-19  -1.531745397e-19
294  1.527976457e-19  -1.527976457e-19
294.0804661  1.524217818e-19  -1.524217818e-19
294.2612261  1.515811767e-19  -1.515811767e-19
294.5220751  1.503771923e-19  -1.503771923e-19
294.834721  1.489481099e-19  -1.489481099e-19
295.165279  1.474535441e-19  -1.474535441e-19
295.4779249  1.460552836e-19  -1.460552836e-19
295.7387739  1.448999464e-19  -1.448999464e-19
295.9195339  1.441052914e-19  -1.441052914e-19
296  1.437531059e-19  -1.437531059e-19
296.0804661  1.434018766e-19  -1.434018766e-19
296.2612261  1.426163421e-19  -1.426163421e-19
296.5220751  1.414911774e-19  -1.414911774e-19
296.834721  1.401555634e-19  -1.401555634e-19
297.165279  1.387586462e-19  -1.387586462e-19
297.4779249  1.374516462e-19  -1.374516462e-19
297.7387739  1.363716441e-19  -1.363716441e-19
297.9195339  1.356287683e-19  -1.356287683e-19
298  1.352995212e-19  -1.352995212e-19
298.0804661  1.34971162e-19  -1.34971162e-19
298.2612261  1.342367554e-19  -1.342367554e-19
298.5220751  1.331847717e-19  -1.331847717e-19
298.834721  1.319359453e-19  -1.319359453e-19
299.165279  1.306297045e-19  -1.306297045e-19
299.4779249  1.294074558e-19  -1.294074558e-19
299.7387739  1.283974204e-19  -1.283974204e-19
299.9195339  1.277026366e-19  -1.277026366e-19
300  1.273946952e-19  -1.273946952e-19
300.0804661  1.270875786e-19  -1.270875786e-19
300.2612261  1.264006633e-19  -1.264006633e-19
300.5220751  1.254166587e-19  -1.254166587e-19
300.834721  1.242484569e-19  -1.242484569e-19
301.165279  1.230264598e-19  -1.230264598e-19
301.4779249  1.218829564e-19  -1.218829564e-19
301.7387739  1.20937934e-19  -1.20937934e-19
301.9195339  1.202878396e-19  -1.202878396e-19
302  1.199996971e-19  -1.199996971e-19
302.0804661  1.197123213e-19  -1.197123213e-19
302.2612261  1.190695408e-19  -1.190695408e-19
302.5220751  1.181487145e-19  -1.181487145e-19
302.834721  1.170554484e-19  -1.170554484e-19
303.165279  1.159117572e-19  -1.159117572e-19
303.4779249  1.148414543e-19  -1.148414543e-19
303.7387739  1.139568714e-19  -1.139568714e-19
303.9195339  1.133483248e-19  -1.133483248e-19
304  1.130785898e-19  -1.130785898e-19
304.0804661  1.128095679e-19  -1.128095679e-19
304.2612261  1.12207823e-19  -1.12207823e-19
304.5220751  1.113457416e-19  -1.113457416e-19
304.834721  1.103221576e-19  -1.103221576e-19
305.165279  1.092512879e-19  -1.092512879e-19
305.4779249  1.08249064e-19  -1.08249064e-19
305.7387739  1.074206956e-19  -1.074206956e-19
305.9195339  1.068507946e-19  -1.068507946e-19
306  1.06598182e-19  -1.06598182e-19
306.0804661  1.063462328e-19  -1.063462328e-19
306.2612261  1.057826602e-19  -1.057826602e-19
306.5220751  1.049752274e-19  -1.049752274e-19
306.834721  1.040164711e-19  -1.040164711e-19
307.165279  1.030133549e-19  -1.030133549e-19
307.4779249  1.020744768e-19  -1.020744768e-19
307.7387739  1.012984184e-19  -1.012984184e-19
307.9195339  1.007644805e-19  -1.007644805e-19
308  1.005278022e-19  -1.005278022e-19
308.0804661  1.002917415e-19  -1.002917415e-19
308.2612261  9.976369426e-20  -9.976369426e-20
308.5220751  9.900712361e-20  -9.900712361e-20
308.834721  9.810870719e-20  -9.810870719e-20
309.165279  9.716865885e-20  -9.716865885e-20
309.4779249  9.62887503e-20  -9.62887503e-20
309.7387739  9.556139107e-20  -9.556139107e-20
309.9195339  9.506093559e-20  -9.506093559e-20
310  9.483909299e-20  -9.483909299e-20
310.0804661  9.461782549e-20  -9.461782549e-20
310.2612261  9.412285591e-20  -9.412285591e-20
310.5220751  9.34136452e-20  -9.34136452e-20
310.834721  9.257141763e-20  -9.257141763e-20
311.165279  9.169010282e-20  -9.169010282e-20
311.4779249  9.086511516e-20  -9.086511516e-20
311.7387739  9.018311462e-20  -9.018311462e-20
311.9195339  8.971384646e-20  -8.971384646e-20
312  8.9505823e-20  -8.9505823e-20
312.0804661  8.929833535e-20  -8.929833535e-20
312.2612261  8.883417843e-20  -8.883417843e-20
312.5220751  8.816908694e-20  -8.816908694e-20
312.834721  8.737920675e-20  -8.737920675e-20
313.165279  8.655261408e-20  -8.655261408e-20
313.4779249  8.577880003e-20  -8.577880003e-20
313.7387739  8.513906609e-20  -8.513906609e-20
313.9195339  8.469886068e-20  -8.469886068e-20
314  8.450371533e-20  -8.450371533e-20
314.0804661  8.430906942e-20  -8.430906942e-20
314.2612261  8.387362831e-20  -8.387362831e-20
314.5220751  8.324965572e-20  -8.324965572e-20
314.834721  8.250856621e-20  -8.250856621e-20
315.165279  8.173298128e-20  -8.173298128e-20
315.4779249  8.100687076e-20  -8.100687076e-20
315.7387739  8.040653986e-20  -8.040653986e-20
315.9195339  7.999342952e-20  -7.999342952e-20
316  7.981029073e-20  -7.981029073e-20
316.0804661  7.962761769e-20  -7.962761769e-20
316.2612261  7.921895027e-20  -7.921895027e-20
316.5220751  7.863331747e-20  -7.863331747e-20
316.834721  7.79377239e-20  -7.79377239e-20
317.165279  7.720970568e-20  -7.720970568e-20
317.4779249  7.652808374e-20  -7.652808374e-20
317.7387739  7.596450264e-20  -7.596450264e-20
317.9195339  7.557666415e-20  -7.557666415e-20
318  7.540472433e-20  -7.540472433e-20
318.0804661  7.523321902e-20  -7.523321902e-20
318.2612261  7.484952557e-20  -7.484952557e-20
318.5220751  7.42996571e-20  -7.42996571e-20
318.834721  7.364650598e-20  -7.364650598e-20
319.165279  7.296286512e-20  -7.296286512e-20
319.4779249  7.232275171e-20  -7.232275171e-20
319.7387739  7.179346091e-20  -7.179346091e-20
319.9195339  7.142920406e-20  -7.142920406e-20
320  7.12677145e-20  -7.12677145e-20
320.0804661  7.11066305e-20  -7.11066305e-20
320.2612261  7.074624245e-20  -7.074624245e-20
320.5220751  7.022975045e-20  -7.022975045e-20
320.834721  6.961621049e-20  -6.961621049e-20
321.165279  6.897398951e-20  -6.897398951e-20
321.4779249  6.837262103e-20  -6.837262103e-20
321.7387739  6.787533949e-20  -6.787533949e-20
321.9195339  6.753309664e-20  -6.753309664e-20
322  6.738136291e-20  -6.738136291e-20
322.0804661  6.723000788e-20  -6.723000788e-20
322.2612261  6.689137757e-20  -6.689137757e-20
322.5220751  6.640604702e-20  -6.640604702e-20
322.834721  6.582949174e-20  -6.582949174e-20
323.165279  6.522594686e-20  -6.522594686e-20
323.4779249  6.466075922e-20  -6.466075922e-20
323.7387739  6.419337043e-20  -6.419337043e-20
323.9195339  6.387168696e-20  -6.387168696e-20
324  6.372906467e-20  -6.372906467e-20
324.0804661  6.358679615e-20  -6.358679615e-20
324.2612261  6.326848734e-20  -6.326848734e-20
324.5220751  6.281226264e-20  -6.281226264e-20
324.834721  6.227025438e-20  -6.227025438e-20
325.165279  6.170283893e-20  -6.170283893e-20
325.4779249  6.117145205e-20  -6.117145205e-20
325.7387739  6.073199126e-20  -6.073199126e-20
325.9195339  6.042951674e-20  -6.042951674e-20
326  6.029540766e-20  -6.029540766e-20
326.0804661  6.016162919e-20  -6.016162919e-20
326.2612261  5.986230846e-20  -5.986230846e-20
326.5220751  5.943328105e-20  -5.943328105e-20
326.834721  5.892355637e-20  -5.892355637e-20
327.165279  5.83899055e-20  -5.83899055e-20
327.4779249  5.789010908e-20  -5.789010908e-20
327.7387739  5.747675157e-20  -5.747675157e-20
327.9195339  5.71922318e-20  -5.71922318e-20
328  5.706608028e-20  -5.706608028e-20
328.0804661  5.694023786e-20  -5.694023786e-20
328.2612261  5.665866667e-20  -5.665866667e-20
328.5220751  5.625506368e-20  -5.625506368e-20
328.834721  5.577551997e-20  -5.577551997e-20
329.165279  5.527343672e-20  -5.527343672e-20
329.4779249  5.480317718e-20  -5.480317718e-20
329.7387739  5.441422753e-20  -5.441422753e-20
329.9195339  5.414649708e-20  -5.414649708e-20
330  5.402778681e-20  -5.402778681e-20
330.0804661  5.390936565e-20  -5.390936565e-20
330.2612261  5.364439306e-20  -5.364439306e-20
330.5220751  5.326456697e-20  -5.326456697e-20
330.834721  5.281325013e-20  -5.281325013e-20
331.165279  5.234069253e-20  -5.234069253e-20
331.4779249  5.189806109e-20  -5.189806109e-20
331.7387739  5.153194329e-20  -5.153194329e-20
331.9195339  5.127991878e-20  -5.127991878e-20
332  5.116816978e-20  -5.116816978e-20
332.0804661  5.105669129e-20  -5.105669129e-20
332.2612261  5.08072473e-20  -5.08072473e-20
332.5220751  5.044966637e-20  -5.044966637e-20
332.834721  5.00247595e-20  -5.00247595e-20
333.165279  4.957982884e-20  -4.957982884e-20
333.4779249  4.916305048e-20  -4.916305048e-20
333.7387739  4.881829889e-20  -4.881829889e-20
333.9195339  4.858097276e-20  -4.858097276e-20
334  4.847573862e-20  -4.847573862e-20
334.0804661  4.83707577e-20  -4.83707577e-20
334.2612261  4.813584711e-20  -4.813584711e-20
334.5220751  4.779908662e-20  -4.779908662e-20
334.834721  4.739889966e-20  -4.739889966e-20
335.165279  4.697982965e-20  -4.697982965e-20
335.4779249  4.658725305e-20  -4.658725305e-20
335.7387739  4.626250405e-20  -4.626250405e-20
335.9195339  4.603893885e-20  -4.603893885e-20
336  4.59398042e-20  -4.59398042e-20
336.0804661  4.584090669e-20  -4.584090669e-20
336.2612261  4.561960349e-20  -4.561960349e-20
336.5220751  4.530233766e-20  -4.530233766e-20
336.834721  4.492529785e-20  -4.492529785e-20
337.165279  4.45304447e-20  -4.45304447e-20
337.4779249  4.41605329e-20  -4.41605329e-20
337.7387739  4.385451729e-20  -4.385451729e-20
337.9195339  4.36438404e-20  -4.36438404e-20
338  4.355041862e-20  -4.355041862e-20
338.0804661  4.345721898e-20  -4.345721898e-20
338.2612261  4.324866114e-20  -4.324866114e-20
338.5220751  4.294965578e-20  -4.294965578e-20
338.834721  4.259429889e-20  -4.259429889e-20
339.165279  4.22221321e-20  -4.22221321e-20
339.4779249  4.187345404e-20  -4.187345404e-20
339.7387739  4.158498995e-20  -4.158498995e-20
339.9195339  4.138638878e-20  -4.138638878e-20
340  4.12983198e-20  -4.12983198e-20
340.0804661  4.121045901e-20  -4.121045901e-20
340.2612261  4.101384374e-20  -4.101384374e-20
340.5220751  4.07319494e-20  -4.07319494e-20
340.834721  4.039691166e-20  -4.039691166e-20
341.165279  4.004600567e-20  -4.004600567e-20
341.4779249  3.971722829e-20  -3.971722829e-20
341.7387739  3.944521472e-20  -3.944521472e-20
341.9195339  3.925793225e-20  -3.925793225e-20
342  3.917488064e-20  -3.917488064e-20
342.0804661  3.909202421e-20  -3.909202421e-20
342.2612261  3.890660356e-20  -3.890660356e-20
342.5220751  3.864074926e-20  -3.864074926e-20
342.834721  3.832475995e-20  -3.832475995e-20
343.165279  3.799378635e-20  -3.799378635e-20
343.4779249  3.768366736e-20  -3.768366736e-20
343.7387739  3.742707824e-20  -3.742707824e-20
343.9195339  3.725040891e-20  -3.725040891e-20
344  3.717206204e-20  -3.717206204e-20
344.0804661  3.709389821e-20  -3.709389821e-20
344.2612261  3.691897504e-20  -3.691897504e-20
344.5220751  3.666816253e-20  -3.666816253e-20
344.834721  3.637003712e-20  -3.637003712e-20
345.165279  3.605775755e-20  -3.605775755e-20
345.4779249  3.576513878e-20  -3.576513878e-20
345.7387739  3.552301745e-20  -3.552301745e-20
345.9195339  3.535630344e-20  -3.535630344e-20
346  3.528236978e-20  -3.528236978e-20
346.0804661  3.520860786e-20  -3.520860786e-20
346.2612261  3.504353213e-20  -3.504353213e-20
346.5220751  3.480683055e-20  -3.480683055e-20
346.834721  3.452546442e-20  -3.452546442e-20
347.165279  3.423072395e-20  -3.423072395e-20
347.4779249  3.395452522e-20  -3.395452522e-20
347.7387739  3.372597939e-20  -3.372597939e-20
347.9195339  3.356860708e-20  -3.356860708e-20
348  3.349881473e-20  -3.349881473e-20
348.0804661  3.342918356e-20  -3.342918356e-20
348.2612261  3.327334889e-20  -3.327334889e-20
348.5220751  3.304988986e-20  -3.304988986e-20
348.834721  3.278425248e-20  -3.278425248e-20
349.165279  3.250597361e-20  -3.250597361e-20
349.4779249  3.224518707e-20  -3.224518707e-20
349.7387739  3.202938415e-20  -3.202938415e-20
349.9195339  3.188078096e-20  -3.188078096e-20
350  3.181487617e-20  -3.181487617e-20
350.0804661  3.174912273e-20  -3.174912273e-20
350.2612261  3.160196324e-20  -3.160196324e-20
350.5220751  3.139093635e-20  -3.139093635e-20
350.834721  3.114006594e-20  -3.114006594e-20
351.165279  3.087724297e-20  -3.087724297e-20
351.4779249  3.063092787e-20  -3.063092787e-20
351.7387739  3.042709065e-20  -3.042709065e-20
351.9195339  3.028672208e-20  -3.028672208e-20
352  3.022446799e-20  -3.022446799e-20
352.0804661  3.016235604e-20  -3.016235604e-20
352.2612261  3.002334346e-20  -3.002334346e-20
352.5220751  2.982399211e-20  -2.982399211e-20
352.834721  2.958699067e-20  -2.958699067e-20
353.165279  2.933868457e-20  -2.933868457e-20
353.4779249  2.910596245e-20  -2.910596245e-20
353.7387739  2.891336517e-20  -2.891336517e-20
353.9195339  2.878073205e-20  -2.878073205e-20
354  2.872190743e-20  -2.872190743e-20
354.0804661  2.866321637e-20  -2.866321637e-20
354.2612261  2.853185731e-20  -2.853185731e-20
354.5220751  2.834347486e-20  -2.834347486e-20
354.834721  2.811950366e-20  -2.811950366e-20
355.165279  2.788483727e-20  -2.788483727e-20
355.4779249  2.766488754e-20  -2.766488754e-20
355.7387739  2.748285217e-20  -2.748285217e-20
355.9195339  2.735748818e-20  -2.735748818e-20
356  2.730188636e-20  -2.730188636e-20
356.0804661  2.724641007e-20  -2.724641007e-20
356.2612261  2.712224358e-20  -2.712224358e-20
356.5220751  2.694416978e-20  -2.694416978e-20
356.834721  2.67324451e-20  -2.67324451e-20
357.165279  2.651059877e-20  -2.651059877e-20
357.4779249  2.630265457e-20  -2.630265457e-20
357.7387739  2.613054749e-20  -2.613054749e-20
357.9195339  2.601201678e-20  -2.601201678e-20
358  2.59594446e-20  -2.59594446e-20
358.0804661  2.590699046e-20  -2.590699046e-20
358.2612261  2.578958568e-20  -2.578958568e-20
358.5220751  2.562120339e-20  -2.562120339e-20
358.834721  2.542099268e-20  -2.542099268e-20
359.165279  2.521120021e-20  -2.521120021e-20
359.4779249  2.501454464e-20  -2.501454464e-20
359.7387739  2.485177344e-20  -2.485177344e-20
359.9195339  2.473966854e-20  -2.473966854e-20
360  2.46899454e-20  -2.46899454e-20
360.0804661  2.464033328e-20  -2.464033328e-20
360.2612261  2.452928738e-20  -2.452928738e-20
360.5220751  2.437001956e-20  -2.437001956e-20
360.834721  2.418063779e-20  -2.418063779e-20
361.165279  2.398218265e-20  -2.398218265e-20
361.4779249  2.379614526e-20  -2.379614526e-20
361.7387739  2.36421559e-20  -2.36421559e-20
361.9195339  2.353609568e-20  -2.353609568e-20
362  2.348905266e-20  -2.348905266e-20
362.0804661  2.34421141e-20  -2.34421141e-20
362.2612261  2.333705028e-20  -2.333705028e-20
362.5220751  2.318635717e-20  -2.318635717e-20
362.834721  2.300716353e-20  -2.300716353e-20
363.165279  2.281937541e-20  -2.281937541e-20
363.4779249  2.264332896e-20  -2.264332896e-20
363.7387739  2.249760306e-20  -2.249760306e-20
363.9195339  2.239723094e-20  -2.239723094e-20
364  2.235270999e-20  -2.235270999e-20
364.0804661  2.230828736e-20  -2.230828736e-20
364.2612261  2.220885304e-20  -2.220885304e-20
364.5220751  2.206622956e-20  -2.206622956e-20
364.834721  2.189662438e-20  -2.189662438e-20
365.165279  2.171887599e-20  -2.171887599e-20
365.4779249  2.155223342e-20  -2.155223342e-20
365.7387739  2.141428583e-20  -2.141428583e-20
365.9195339  2.131926803e-20  -2.131926803e-20
366  2.127712122e-20  -2.127712122e-20
366.0804661  2.123506697e-20  -2.123506697e-20
366.2612261  2.114093212e-20  -2.114093212e-20
366.5220751  2.100590546e-20  -2.100590546e-20
366.834721  2.08453274e-20  -2.08453274e-20
367.165279  2.067703145e-20  -2.067703145e-20
367.4779249  2.051924316e-20  -2.051924316e-20
367.7387739  2.03886196e-20  -2.03886196e-20
367.9195339  2.029864363e-20  -2.029864363e-20
368  2.025873242e-20  -2.025873242e-20
368.0804661  2.02189084e-20  -2.02189084e-20
368.2612261  2.012976399e-20  -2.012976399e-20
368.5220751  2.000189142e-20  -2.000189142e-20
368.834721  1.984981477e-20  -1.984981477e-20
369.165279  1.969042126e-20  -1.969042126e-20
369.4779249  1.954097249e-20  -1.954097249e-20
369.7387739  1.94172475e-20  -1.94172475e-20
369.9195339  1.933202062e-20  -1.933202062e-20
370  1.929421527e-20  -1.929421527e-20
370.0804661  1.925649206e-20  -1.925649206e-20
370.2612261  1.917204861e-20  -1.917204861e-20
370.5220751  1.905091539e-20  -1.905091539e-20
370.834721  1.890684768e-20  -1.890684768e-20
371.165279  1.875584133e-20  -1.875584133e-20
371.4779249  1.861424981e-20  -1.861424981e-20
371.7387739  1.849702473e-20  -1.849702473e-20
371.9195339  1.841627266e-20  -1.841627266e-20
372  1.838045159e-20  -1.838045159e-20
372.0804661  1.834470793e-20  -1.834470793e-20
372.2612261  1.826469419e-20  -1.826469419e-20
372.5220751  1.814991166e-20  -1.814991166e-20
372.834721  1.801339137e-20  -1.801339137e-20
373.165279  1.787028928e-20  -1.787028928e-20
373.4779249  1.773610298e-20  -1.773610298e-20
373.7387739  1.762500416e-20  -1.762500416e-20
373.9195339  1.754846982e-20  -1.754846982e-20
374  1.751451907e-20  -1.751451907e-20
374.0804661  1.748064129e-20  -1.748064129e-20
374.2612261  1.740480299e-20  -1.740480299e-20
374.5220751  1.729600682e-20  -1.729600682e-20
374.834721  1.716660129e-20  -1.716660129e-20
375.165279  1.703095073e-20  -1.703095073e-20
375.4779249  1.690374585e-20  -1.690374585e-20
375.7387739  1.679842296e-20  -1.679842296e-20
375.9195339  1.672586528e-20  -1.672586528e-20
376  1.669367799e-20  -1.669367799e-20
376.0804661  1.666155951e-20  -1.666155951e-20
376.2612261  1.658965822e-20  -1.658965822e-20
376.5220751  1.648650677e-20  -1.648650677e-20
376.834721  1.636381025e-20  -1.636381025e-20
377.165279  1.623518663e-20  -1.623518663e-20
377.4779249  1.61145657e-20  -1.61145657e-20
377.7387739  1.601469013e-20  -1.601469013e-20
377.9195339  1.594588301e-20  -1.594588301e-20
378  1.591535894e-20  -1.591535894e-20
378.0804661  1.588489978e-20  -1.588489978e-20
378.2612261  1.581671184e-20  -1.581671184e-20
378.5220751  1.571888463e-20  -1.571888463e-20
378.834721  1.56025165e-20  -1.56025165e-20
379.165279  1.548052147e-20  -1.548052147e-20
379.4779249  1.536611158e-20  -1.536611158e-20
379.7387739  1.527137503e-20  -1.527137503e-20
379.9195339  1.520610631e-20  -1.520610631e-20
380  1.517715141e-20  -1.517715141e-20
380.0804661  1.514825777e-20  -1.514825777e-20
380.2612261  1.508357331e-20  -1.508357331e-20
380.5220751  1.499076959e-20  -1.499076959e-20
380.834721  1.488037266e-20  -1.488037266e-20
381.165279  1.47646324e-20  -1.47646324e-20
381.4779249  1.465608354e-20  -1.465608354e-20
381.7387739  1.456619663e-20  -1.456619663e-20
381.9195339  1.450426719e-20  -1.450426719e-20
382  1.447679319e-20  -1.447679319e-20
382.0804661  1.4449377e-20  -1.4449377e-20
382.2612261  1.438799903e-20  -1.438799903e-20
382.5220751  1.429993651e-20  -1.429993651e-20
382.834721  1.419517546e-20  -1.419517546e-20
383.165279  1.408533902e-20  -1.408533902e-20
383.4779249  1.398232261e-20  -1.398232261e-20
383.7387739  1.389701366e-20  -1.389701366e-20
383.9195339  1.383823652e-20  -1.383823652e-20
384  1.381216053e-20  -1.381216053e-20
384.0804661  1.378613911e-20  -1.378613911e-20
384.2612261  1.372788267e-20  -1.372788267e-20
384.5220751  1.364429626e-20  -1.364429626e-20
384.834721  1.354485621e-20  -1.354485621e-20
385.165279  1.344059401e-20  -1.344059401e-20
385.4779249  1.334280147e-20  -1.334280147e-20
385.7387739  1.326181531e-20  -1.326181531e-20
385.9195339  1.320601487e-20  -1.320601487e-20
386  1.318125902e-20  -1.318125902e-20
386.0804661  1.315655473e-20  -1.315655473e-20
386.2612261  1.310124606e-20  -1.310124606e-20
386.5220751  1.302188678e-20  -1.302188678e-20
386.834721  1.292747195e-20  -1.292747195e-20
387.165279  1.282847438e-20  -1.282847438e-20
387.4779249  1.273561579e-20  -1.273561579e-20
387.7387739  1.265871269e-20  -1.265871269e-20
387.9195339  1.260572396e-20  -1.260572396e-20
388  1.258221512e-20  -1.258221512e-20
388.0804661  1.255875498e-20  -1.255875498e-20
388.2612261  1.250623085e-20  -1.250623085e-20
388.5220751  1.243086472e-20  -1.243086472e-20
388.834721  1.234119718e-20  -1.234119718e-20
389.165279  1.22471733e-20  -1.22471733e-20
389.4779249  1.215897621e-20  -1.215897621e-20
389.7387739  1.208593087e-20  -1.208593087e-20
389.9195339  1.203559879e-20  -1.203559879e-20
390  1.201326821e-20  -1.201326821e-20
390.0804661  1.199098365e-20  -1.199098365e-20
390.2612261  1.194109062e-20  -1.194109062e-20
390.5220751  1.186949773e-20  -1.186949773e-20
390.834721  1.178431623e-20  -1.178431623e-20
391.165279  1.169499256e-20  -1.169499256e-20
391.4779249  1.161120085e-20  -1.161120085e-20
391.7387739  1.154180146e-20  -1.154180146e-20
391.9195339  1.149398026e-20  -1.149398026e-20
392  1.147276329e-20  -1.147276329e-20
392.0804661  1.145158984e-20  -1.145158984e-20
392.2612261  1.140418366e-20  -1.140418366e-20
392.5220751  1.133615726e-20  -1.133615726e-20
392.834721  1.125521615e-20  -1.125521615e-20
393.165279  1.117033551e-20  -1.117033551e-20
393.4779249  1.109070834e-20  -1.109070834e-20
393.7387739  1.102475573e-20  -1.102475573e-20
393.9195339  1.097930829e-20  -1.097930829e-20
394  1.095914416e-20  -1.095914416e-20
394.0804661  1.093902118e-20  -1.093902118e-20
394.2612261  1.089396618e-20  -1.089396618e-20
394.5220751  1.08293118e-20  -1.08293118e-20
394.834721  1.075238003e-20  -1.075238003e-20
395.165279  1.067170054e-20  -1.067170054e-20
395.4779249  1.059601137e-20  -1.059601137e-20
395.7387739  1.053331815e-20  -1.053331815e-20
395.9195339  1.049011552e-20  -1.049011552e-20
396  1.047094704e-20  -1.047094704e-20
396.0804661  1.045181748e-20  -1.045181748e-20
396.2612261  1.040898602e-20  -1.040898602e-20
396.5220751  1.034752071e-20  -1.034752071e-20
396.834721  1.027438092e-20  -1.027438092e-20
397.165279  1.019767497e-20  -1.019767497e-20
397.4779249  1.012571061e-20  -1.012571061e-20
397.7387739  1.006610048e-20  -1.006610048e-20
397.9195339  1.002502128e-20  -1.002502128e-20
398  1.000679465e-20  -1.000679465e-20
398.0804661  9.98860483e-21  -9.98860483e-21
398.2612261  9.9478768e-21  -9.9478768e-21
398.5220751  9.889428383e-21  -9.889428383e-21
398.834721  9.819875971e-21  -9.819875971e-21
399.165279  9.746929361e-21  -9.746929361e-21
399.4779249  9.678489174e-21  -9.678489174e-21
399.7387739  9.621796168e-21  -9.621796168e-21
399.9195339  9.582726168e-21  -9.582726168e-21
