#L=8 M=-7
#R     Re(V)   Im(V)

0.08046609183  -9.248835496e-16  -1.061150045e-17
0.2612261349  -2.527765677e-12  2.527711207e-12
0.5220750502  -6.45658142e-10  6.456582182e-10
0.8347210423  -2.777152366e-08  2.777152361e-08
1.165278958  -4.05017781e-07  4.05017781e-07
1.47792495  -2.74802571e-06  2.74802571e-06
1.738773865  -1.021846847e-05  1.021846847e-05
1.919533908  -2.276660499e-05  2.276660499e-05
2  -3.176661074e-05  3.176661074e-05
2.080466092  -4.375869869e-05  4.375869869e-05
2.261226135  -8.615729086e-05  8.615729086e-05
2.52207505  -0.0002097873951  0.0002097873951
2.834721042  -0.0005453355262  0.0005453355262
3.165278958  -0.001346557822  0.001346557822
3.47792495  -0.002916811642  0.002916811642
3.738773865  -0.005279052212  0.005279052212
3.919533908  -0.007771351051  0.007771351051
4  -0.009176121211  0.009176121211
4.080466092  -0.007628182944  0.007628182944
4.261226135  -0.005087139851  0.005087139851
4.52207505  -0.002896836554  0.002896836554
4.834721042  -0.001517270817  0.001517270817
5.165278958  -0.0007866300644  0.0007866300644
5.47792495  -0.0004309367721  0.0004309367721
5.738773865  -0.0002636235773  0.0002636235773
5.919533908  -0.00018828394  0.00018828394
6  -0.0001622035813  0.0001622035813
6.080466092  -0.0001397793925  0.0001397793925
6.261226135  -0.0001001270536  0.0001001270536
6.52207505  -6.182578002e-05  6.182578002e-05
6.834721042  -3.445226765e-05  3.445226765e-05
7.165278958  -1.820634323e-05  1.820634323e-05
7.47792495  -9.600012748e-06  9.600012748e-06
7.738773865  -5.34767123e-06  5.34767123e-06
7.919533908  -3.396151897e-06  3.396151897e-06
8  -2.718995791e-06  2.718995791e-06
8.080466092  -2.138205635e-06  2.138205635e-06
8.261226135  -1.12202017e-06  1.12202017e-06
8.52207505  -1.776137296e-07  1.776137296e-07
8.834721042  4.304665866e-07  -4.304665866e-07
9.165278958  7.121912001e-07  -7.121912001e-07
9.47792495  7.917482577e-07  -7.917482577e-07
9.738773865  7.831231633e-07  -7.831231633e-07
9.919533908  7.546348188e-07  -7.546348188e-07
10  7.381901842e-07  -7.381901842e-07
10.08046609  7.200833843e-07  -7.200833843e-07
10.26122613  6.752158244e-07  -6.752158244e-07
10.52207505  6.054782555e-07  -6.054782555e-07
10.83472104  5.219262123e-07  -5.219262123e-07
11.16527896  4.397603097e-07  -4.397603097e-07
11.47792495  3.70620833e-07  -3.70620833e-07
11.73877387  3.198663801e-07  -3.198663801e-07
11.91953391  2.883325578e-07  -2.883325578e-07
12  2.752168701e-07  -2.752168701e-07
12.08046609  2.62649996e-07  -2.62649996e-07
12.26122613  2.363426433e-07  -2.363426433e-07
12.52207505  2.02758326e-07  -2.02758326e-07
12.83472104  1.685958781e-07  -1.685958781e-07
13.16527896  1.386917838e-07  -1.386917838e-07
13.47792495  1.153577614e-07  -1.153577614e-07
13.73877387  9.899013009e-08  -9.899013009e-08
13.91953391  8.90740157e-08  -8.90740157e-08
14  8.499793868e-08  -8.499793868e-08
14.08046609  8.111625693e-08  -8.111625693e-08
14.26122613  7.305804722e-08  -7.305804722e-08
14.52207505  6.288201224e-08  -6.288201224e-08
14.83472104  5.262385528e-08  -5.262385528e-08
15.16527896  4.368659114e-08  -4.368659114e-08
15.47792495  3.67145574e-08  -3.67145574e-08
15.73877387  3.181048779e-08  -3.181048779e-08
15.91953391  2.882843579e-08  -2.882843579e-08
16  2.759929262e-08  -2.759929262e-08
16.08046609  2.642659102e-08  -2.642659102e-08
16.26122613  2.398414505e-08  -2.398414505e-08
16.52207505  2.088066928e-08  -2.088066928e-08
16.83472104  1.772357265e-08  -1.772357265e-08
17.16527896  1.494148982e-08  -1.494148982e-08
17.47792495  1.274406381e-08  -1.274406381e-08
17.73877387  1.118014246e-08  -1.118014246e-08
17.91953391  1.022017087e-08  -1.022017087e-08
18  9.82223284e-09  -9.82223284e-09
18.08046609  9.441233116e-09  -9.441233116e-09
18.26122613  8.643171276e-09  -8.643171276e-09
18.52207505  7.6191643e-09  -7.6191643e-09
18.83472104  6.563943878e-09  -6.563943878e-09
19.16527896  5.620327649e-09  -5.620327649e-09
19.47792495  4.863897981e-09  -4.863897981e-09
19.73877387  4.318359134e-09  -4.318359134e-09
19.91953391  3.980057025e-09  -3.980057025e-09
20  3.838971229e-09  -3.838971229e-09
20.08046609  3.703392955e-09  -3.703392955e-09
20.26122613  3.417721895e-09  -3.417721895e-09
20.52207505  3.047505704e-09  -3.047505704e-09
20.83472104  2.661068856e-09  -2.661068856e-09
21.16527896  2.310527988e-09  -2.310527988e-09
21.47792495  2.025524007e-09  -2.025524007e-09
21.73877387  1.817403383e-09  -1.817403383e-09
21.91953391  1.687113496e-09  -1.687113496e-09
22  1.632474325e-09  -1.632474325e-09
22.08046609  1.579790531e-09  -1.579790531e-09
22.26122613  1.468181718e-09  -1.468181718e-09
22.52207505  1.322227173e-09  -1.322227173e-09
22.83472104  1.168100953e-09  -1.168100953e-09
23.16527896  1.026492209e-09  -1.026492209e-09
23.47792495  9.099044559e-10  -9.099044559e-10
23.73877387  8.238271835e-10  -8.238271835e-10
23.91953391  7.694895592e-10  -7.694895592e-10
24  7.465909161e-10  -7.465909161e-10
24.08046609  7.244464058e-10  -7.244464059e-10
24.26122613  6.773119093e-10  -6.773119093e-10
24.52207505  6.151838095e-10  -6.151838095e-10
24.83472104  5.489117948e-10  -5.489117948e-10
25.16527896  4.873425054e-10  -4.873425054e-10
25.47792495  4.360980375e-10  -4.360980375e-10
25.73877387  3.979029906e-10  -3.979029906e-10
25.91953391  3.736177834e-10  -3.736177834e-10
26  3.633405442e-10  -3.633405442e-10
26.08046609  3.53376389e-10  -3.53376389e-10
26.26122613  3.3208106e-10  -3.3208106e-10
26.52207505  3.038196576e-10  -3.038196576e-10
26.83472104  2.734096271e-10  -2.734096271e-10
27.16527896  2.448858001e-10  -2.448858001e-10
27.47792495  2.209217217e-10  -2.209217217e-10
27.73877387  2.029132061e-10  -2.029132061e-10
27.91953391  1.913917746e-10  -1.913917746e-10
28  1.864983116e-10  -1.864983117e-10
28.08046609  1.817434617e-10  -1.817434617e-10
28.26122613  1.715455519e-10  -1.715455519e-10
28.52207505  1.579317536e-10  -1.579317536e-10
28.83472104  1.431722243e-10  -1.431722242e-10
29.16527896  1.292130034e-10  -1.292130034e-10
29.47792495  1.173896778e-10  -1.173896778e-10
29.73877387  1.084413733e-10  -1.084413733e-10
29.91953391  1.026855622e-10  -1.026855622e-10
30  1.00233204e-10  -1.002332041e-10
30.08046609  9.784574734e-11  -9.784574735e-11
30.26122613  9.270956083e-11  -9.270956082e-11
30.52207505  8.581771814e-11  -8.581771816e-11
30.83472104  7.82967073e-11  -7.829670731e-11
31.16527896  7.113195612e-11  -7.113195613e-11
31.47792495  6.502033659e-11  -6.502033658e-11
31.73877387  6.036606575e-11  -6.036606574e-11
31.91953391  5.735818089e-11  -5.735818089e-11
32  5.60730861e-11  -5.607308612e-11
32.08046609  5.481990298e-11  -5.481990298e-11
32.26122613  5.211665227e-11  -5.211665227e-11
32.52207505  4.847302964e-11  -4.847302966e-11
32.83472104  4.447382392e-11  -4.447382392e-11
33.16527896  4.063980417e-11  -4.063980418e-11
33.47792495  3.734889439e-11  -3.734889437e-11
33.73877387  3.482899144e-11  -3.482899144e-11
33.91953391  3.319370176e-11  -3.319370177e-11
34  3.249333762e-11  -3.249333763e-11
34.08046609  3.180935409e-11  -3.180935409e-11
34.26122613  3.033042384e-11  -3.033042386e-11
34.52207505  2.832908675e-11  -2.832908676e-11
34.83472104  2.612122769e-11  -2.612122771e-11
35.16527896  2.399263942e-11  -2.39926394e-11
35.47792495  2.215545842e-11  -2.215545839e-11
35.73877387  2.074186506e-11  -2.074186506e-11
35.91953391  1.982113e-11  -1.982113001e-11
36  1.942594428e-11  -1.942594427e-11
36.08046609  1.903949362e-11  -1.903949361e-11
36.26122613  1.820213293e-11  -1.820213293e-11
36.52207505  1.706497482e-11  -1.706497481e-11
36.83472104  1.580477033e-11  -1.580477034e-11
37.16527896  1.458371219e-11  -1.458371219e-11
37.47792495  1.35246123e-11  -1.352461228e-11
37.73877387  1.270616785e-11  -1.270616787e-11
37.91953391  1.217132183e-11  -1.217132185e-11
38  1.194131876e-11  -1.194131878e-11
38.08046609  1.17161349e-11  -1.17161349e-11
38.26122613  1.122728407e-11  -1.122728406e-11
38.52207505  1.05613055e-11  -1.05613055e-11
38.83472104  9.820259267e-12  -9.820259267e-12
39.16527896  9.098999596e-12  -9.098999592e-12
39.47792495  8.470631883e-12  -8.470631894e-12
39.73877387  7.983153829e-12  -7.983153835e-12
39.91953391  7.66364726e-12  -7.663647264e-12
40  7.52600916e-12  -7.52600916e-12
40.08046609  7.391112213e-12  -7.391112213e-12
40.26122613  7.097766247e-12  -7.097766247e-12
40.52207505  6.696988854e-12  -6.696988854e-12
40.83472104  6.24940006e-12  -6.24940006e-12
41.16527896  5.811993237e-12  -5.811993237e-12
41.47792495  5.429395418e-12  -5.429395418e-12
41.73877387  5.131537217e-12  -5.131537217e-12
41.91953391  4.935789825e-12  -4.935789825e-12
42  4.851332616e-12  -4.851332616e-12
42.08046609  4.768478091e-12  -4.768478091e-12
42.26122613  4.588025537e-12  -4.588025537e-12
42.52207505  4.340848394e-12  -4.340848394e-12
42.83472104  4.063882838e-12  -4.063882838e-12
43.16527896  3.792221517e-12  -3.792221517e-12
43.47792495  3.553737853e-12  -3.553737853e-12
43.73877387  3.367481566e-12  -3.367481566e-12
43.91953391  3.244779296e-12  -3.244779296e-12
44  3.191762566e-12  -3.191762566e-12
44.08046609  3.139706584e-12  -3.139706584e-12
44.26122613  3.02617263e-12  -3.02617263e-12
44.52207505  2.870292054e-12  -2.870292054e-12
44.83472104  2.695097105e-12  -2.695097105e-12
45.16527896  2.522681328e-12  -2.522681328e-12
45.47792495  2.370821732e-12  -2.370821732e-12
45.73877387  2.251873561e-12  -2.251873561e-12
45.91953391  2.173338753e-12  -2.173338753e-12
46  2.13936152e-12  -2.13936152e-12
46.08046609  2.105973472e-12  -2.105973472e-12
46.26122613  2.033061006e-12  -2.033061006e-12
46.52207505  1.932737918e-12  -1.932737918e-12
46.83472104  1.819672471e-12  -1.819672471e-12
47.16527896  1.708059513e-12  -1.708059513e-12
47.47792495  1.609455965e-12  -1.609455965e-12
47.73877387  1.532016076e-12  -1.532016076e-12
47.91953391  1.480782926e-12  -1.480782926e-12
48  1.458590998e-12  -1.458590998e-12
48.08046609  1.43676799e-12  -1.43676799e-12
48.26122613  1.389055191e-12  -1.389055191e-12
48.52207505  1.323275824e-12  -1.323275824e-12
48.83472104  1.248953484e-12  -1.248953484e-12
49.16527896  1.175379458e-12  -1.175379458e-12
49.47792495  1.11020037e-12  -1.11020037e-12
49.73877387  1.058885472e-12  -1.058885472e-12
49.91953391  1.024872805e-12  -1.024872805e-12
50  1.010123852e-12  -1.010123852e-12
50.08046609  9.956103574e-13  -9.956103574e-13
50.26122613  9.638444551e-13  -9.638444551e-13
50.52207505  9.199708112e-13  -9.199708112e-13
50.83472104  8.702833263e-13  -8.702833263e-13
51.16527896  8.209686036e-13  -8.209686036e-13
51.47792495  7.771688295e-13  -7.771688295e-13
51.73877387  7.426077445e-13  -7.426077445e-13
51.91953391  7.196603896e-13  -7.196603896e-13
52  7.096996197e-13  -7.096996197e-13
52.08046609  6.99891799e-13  -6.99891799e-13
52.26122613  6.784038629e-13  -6.784038629e-13
52.52207505  6.48675928e-13  -6.48675928e-13
52.83472104  6.149359684e-13  -6.149359684e-13
53.16527896  5.813688958e-13  -5.813688958e-13
53.47792495  5.514850431e-13  -5.514850431e-13
53.73877387  5.27855301e-13  -5.27855301e-13
53.91953391  5.121409474e-13  -5.121409474e-13
54  5.053134136e-13  -5.053134136e-13
54.08046609  4.985868638e-13  -4.985868638e-13
54.26122613  4.838360635e-13  -4.838360635e-13
54.52207505  4.633970652e-13  -4.633970652e-13
54.83472104  4.401532563e-13  -4.401532563e-13
55.16527896  4.169771891e-13  -4.169771891e-13
55.47792495  3.962988269e-13  -3.962988269e-13
55.73877387  3.799163349e-13  -3.799163349e-13
55.91953391  3.690054489e-13  -3.690054489e-13
56  3.642607875e-13  -3.642607875e-13
56.08046609  3.595838145e-13  -3.595838145e-13
56.26122613  3.493187764e-13  -3.493187764e-13
56.52207505  3.350748168e-13  -3.350748168e-13
56.83472104  3.188460717e-13  -3.188460717e-13
57.16527896  3.026312147e-13  -3.026312147e-13
57.47792495  2.88134284e-13  -2.88134284e-13
57.73877387  2.766283282e-13  -2.766283282e-13
57.91953391  2.689547013e-13  -2.689547013e-13
58  2.65615077e-13  -2.65615077e-13
58.08046609  2.623214651e-13  -2.623214651e-13
58.26122613  2.550868567e-13  -2.550868567e-13
58.52207505  2.450344879e-13  -2.450344879e-13
58.83472104  2.335615654e-13  -2.335615654e-13
59.16527896  2.220764041e-13  -2.220764041e-13
59.47792495  2.117885067e-13  -2.117885067e-13
59.73877387  2.036094472e-13  -2.036094472e-13
59.91953391  1.981476047e-13  -1.981476047e-13
60  1.957687698e-13  -1.957687698e-13
60.08046609  1.934216245e-13  -1.934216245e-13
60.26122613  1.882621391e-13  -1.882621391e-13
60.52207505  1.810841243e-13  -1.810841243e-13
60.83472104  1.728784965e-13  -1.728784965e-13
61.16527896  1.646493491e-13  -1.646493491e-13
61.47792495  1.572649211e-13  -1.572649211e-13
61.73877387  1.513849369e-13  -1.513849369e-13
61.91953391  1.474536604e-13  -1.474536604e-13
62  1.457402331e-13  -1.457402331e-13
62.08046609  1.440488997e-13  -1.440488997e-13
62.26122613  1.403284224e-13  -1.403284224e-13
62.52207505  1.351463169e-13  -1.351463169e-13
62.83472104  1.292133669e-13  -1.292133669e-13
63.16527896  1.232533974e-13  -1.232533974e-13
63.47792495  1.178962989e-13  -1.178962989e-13
63.73877387  1.136243266e-13  -1.136243266e-13
63.91953391  1.10764928e-13  -1.10764928e-13
64  1.095178475e-13  -1.095178475e-13
64.08046609  1.082863481e-13  -1.082863481e-13
64.26122613  1.055756088e-13  -1.055756088e-13
64.52207505  1.017957699e-13  -1.017957699e-13
64.83472104  9.746211819e-14  -9.746211819e-14
65.16527896  9.310185557e-14  -9.310185557e-14
65.47792495  8.917651475e-14  -8.917651475e-14
65.73877387  8.604195497e-14  -8.604195497e-14
65.91953391  8.394165228e-14  -8.394165228e-14
66  8.302506902e-14  -8.302506902e-14
66.08046609  8.211959276e-14  -8.211959276e-14
66.26122613  8.012526018e-14  -8.012526018e-14
66.52207505  7.734149706e-14  -7.734149706e-14
66.83472104  7.414560407e-14  -7.414560407e-14
67.16527896  7.092531276e-14  -7.092531276e-14
67.47792495  6.802196838e-14  -6.802196838e-14
67.73877387  6.570050141e-14  -6.570050141e-14
67.91953391  6.414346148e-14  -6.414346148e-14
68  6.3463563e-14  -6.3463563e-14
68.08046609  6.279166254e-14  -6.279166254e-14
68.26122613  6.131092951e-14  -6.131092951e-14
68.52207505  5.924205422e-14  -5.924205422e-14
68.83472104  5.686390159e-14  -5.686390159e-14
69.16527896  5.446424269e-14  -5.446424269e-14
69.47792495  5.229776298e-14  -5.229776298e-14
69.73877387  5.056335683e-14  -5.056335683e-14
69.91953391  4.939897572e-14  -4.939897572e-14
70  4.889025529e-14  -4.889025529e-14
70.08046609  4.838734921e-14  -4.838734921e-14
70.26122613  4.727844078e-14  -4.727844078e-14
70.52207505  4.572765413e-14  -4.572765413e-14
70.83472104  4.394292622e-14  -4.394292622e-14
71.16527896  4.213968264e-14  -4.213968264e-14
71.47792495  4.050953329e-14  -4.050953329e-14
71.73877387  3.920298342e-14  -3.920298342e-14
71.91953391  3.832506389e-14  -3.832506389e-14
72  3.794129913e-14  -3.794129913e-14
72.08046609  3.75617994e-14  -3.75617994e-14
72.26122613  3.672457066e-14  -3.672457066e-14
72.52207505  3.555270652e-14  -3.555270652e-14
72.83472104  3.420255219e-14  -3.420255219e-14
73.16527896  3.283668979e-14  -3.283668979e-14
73.47792495  3.160040997e-14  -3.160040997e-14
73.73877387  3.060845852e-14  -3.060845852e-14
73.91953391  2.994137129e-14  -2.994137129e-14
74  2.964962382e-14  -2.964962382e-14
74.08046609  2.936103157e-14  -2.936103157e-14
74.26122613  2.872404672e-14  -2.872404672e-14
74.52207505  2.783173061e-14  -2.783173061e-14
74.83472104  2.680256564e-14  -2.680256564e-14
75.16527896  2.576019837e-14  -2.576019837e-14
75.47792495  2.481561813e-14  -2.481561813e-14
75.73877387  2.405693168e-14  -2.405693168e-14
75.91953391  2.35463105e-14  -2.35463105e-14
76  2.332288843e-14  -2.332288843e-14
76.08046609  2.310181939e-14  -2.310181939e-14
76.26122613  2.261364721e-14  -2.261364721e-14
76.52207505  2.192926222e-14  -2.192926222e-14
76.83472104  2.113912445e-14  -2.113912445e-14
77.16527896  2.033795539e-14  -2.033795539e-14
77.47792495  1.961113994e-14  -1.961113994e-14
77.73877387  1.902678835e-14  -1.902678835e-14
77.91953391  1.863320451e-14  -1.863320451e-14
78  1.846091578e-14  -1.846091578e-14
78.08046609  1.829039527e-14  -1.829039527e-14
78.26122613  1.791368095e-14  -1.791368095e-14
78.52207505  1.738516249e-14  -1.738516249e-14
78.83472104  1.677439434e-14  -1.677439434e-14
79.16527896  1.615444147e-14  -1.615444147e-14
79.47792495  1.559143135e-14  -1.559143135e-14
79.73877387  1.513835501e-14  -1.513835501e-14
79.91953391  1.483297222e-14  -1.483297222e-14
80  1.469923666e-14  -1.469923666e-14
80.08046609  1.456683951e-14  -1.456683951e-14
80.26122613  1.427422554e-14  -1.427422554e-14
80.52207505  1.38634092e-14  -1.38634092e-14
80.83472104  1.338823016e-14  -1.338823016e-14
81.16527896  1.290541856e-14  -1.290541856e-14
81.47792495  1.246651388e-14  -1.246651388e-14
81.73877387  1.211299664e-14  -1.211299664e-14
81.91953391  1.187455685e-14  -1.187455685e-14
82  1.177009569e-14  -1.177009569e-14
82.08046609  1.166665459e-14  -1.166665459e-14
82.26122613  1.143794643e-14  -1.143794643e-14
82.52207505  1.111663652e-14  -1.111663652e-14
82.83472104  1.074466647e-14  -1.074466647e-14
83.16527896  1.036635859e-14  -1.036635859e-14
83.47792495  1.002212603e-14  -1.002212603e-14
83.73877387  9.744628518e-15  -9.744628518e-15
83.91953391  9.557341343e-15  -9.557341343e-15
84  9.475259015e-15  -9.475259015e-15
84.08046609  9.393959224e-15  -9.393959224e-15
84.26122613  9.214137622e-15  -9.214137622e-15
84.52207505  8.961347317e-15  -8.961347317e-15
84.83472104  8.668459814e-15  -8.668459814e-15
85.16527896  8.370309286e-15  -8.370309286e-15
85.47792495  8.098767445e-15  -8.098767445e-15
85.73877387  7.879692126e-15  -7.879692126e-15
85.91953391  7.731743775e-15  -7.731743775e-15
86  7.666878908e-15  -7.666878908e-15
86.08046609  7.602618121e-15  -7.602618121e-15
86.26122613  7.460432789e-15  -7.460432789e-15
86.52207505  7.260429729e-15  -7.260429729e-15
86.83472104  7.028520958e-15  -7.028520958e-15
87.16527896  6.792238791e-15  -6.792238791e-15
87.47792495  6.576857184e-15  -6.576857184e-15
87.73877387  6.402957467e-15  -6.402957467e-15
87.91953391  6.285448488e-15  -6.285448488e-15
88  6.233911261e-15  -6.233911261e-15
88.08046609  6.182843136e-15  -6.182843136e-15
88.26122613  6.069809449e-15  -6.069809449e-15
88.52207505  5.9107201e-15  -5.9107201e-15
88.83472104  5.726113854e-15  -5.726113854e-15
89.16527896  5.537869427e-15  -5.537869427e-15
89.47792495  5.366134198e-15  -5.366134198e-15
89.73877387  5.227372917e-15  -5.227372917e-15
89.91953391  5.13355526e-15  -5.13355526e-15
90  5.092394967e-15  -5.092394967e-15
90.08046609  5.051601035e-15  -5.051601035e-15
90.26122613  4.961278491e-15  -4.961278491e-15
90.52207505  4.834083615e-15  -4.834083615e-15
90.83472104  4.686381977e-15  -4.686381977e-15
91.16527896  4.535649416e-15  -4.535649416e-15
91.47792495  4.398027323e-15  -4.398027323e-15
91.73877387  4.286751256e-15  -4.286751256e-15
91.91953391  4.211476129e-15  -4.211476129e-15
92  4.178440469e-15  -4.178440469e-15
92.08046609  4.14569249e-15  -4.14569249e-15
92.26122613  4.073161847e-15  -4.073161847e-15
92.52207505  3.970967984e-15  -3.970967984e-15
92.83472104  3.85221692e-15  -3.85221692e-15
93.16527896  3.730936583e-15  -3.730936583e-15
93.47792495  3.620121078e-15  -3.620121078e-15
93.73877387  3.530459621e-15  -3.530459621e-15
93.91953391  3.46977495e-15  -3.46977495e-15
94  3.443134459e-15  -3.443134459e-15
94.08046609  3.416721043e-15  -3.416721043e-15
94.26122613  3.358202673e-15  -3.358202673e-15
94.52207505  3.275709956e-15  -3.275709956e-15
94.83472104  3.179789169e-15  -3.179789169e-15
95.16527896  3.081753801e-15  -3.081753801e-15
95.47792495  2.992112504e-15  -2.992112504e-15
95.73877387  2.919536539e-15  -2.919536539e-15
95.91953391  2.870391447e-15  -2.870391447e-15
96  2.848810542e-15  -2.848810542e-15
96.08046609  2.827409771e-15  -2.827409771e-15
96.26122613  2.77998314e-15  -2.77998314e-15
96.52207505  2.713093846e-15  -2.713093846e-15
96.83472104  2.635267543e-15  -2.635267543e-15
97.16527896  2.555669844e-15  -2.555669844e-15
97.47792495  2.482836862e-15  -2.482836862e-15
97.73877387  2.423832959e-15  -2.423832959e-15
97.91953391  2.383859344e-15  -2.383859344e-15
98  2.366300982e-15  -2.366300982e-15
98.08046609  2.348886199e-15  -2.348886199e-15
98.26122613  2.310282313e-15  -2.310282313e-15
98.52207505  2.255811014e-15  -2.255811014e-15
98.83472104  2.192394974e-15  -2.192394974e-15
99.16527896  2.127491943e-15  -2.127491943e-15
99.47792495  2.068065107e-15  -2.068065107e-15
99.73877387  2.019893357e-15  -2.019893357e-15
99.91953391  1.987243428e-15  -1.987243428e-15
100  1.972898148e-15  -1.972898148e-15
100.0804661  1.958667836e-15  -1.958667836e-15
100.2612261  1.92711469e-15  -1.92711469e-15
100.5220751  1.882572281e-15  -1.882572281e-15
100.834721  1.830685555e-15  -1.830685555e-15
101.165279  1.777547908e-15  -1.777547908e-15
101.4779249  1.728862533e-15  -1.728862533e-15
101.7387739  1.689375422e-15  -1.689375422e-15
101.9195339  1.66260011e-15  -1.66260011e-15
102  1.650832915e-15  -1.650832915e-15
102.0804661  1.639158183e-15  -1.639158183e-15
102.2612261  1.61326497e-15  -1.61326497e-15
102.5220751  1.576696761e-15  -1.576696761e-15
102.834721  1.534075367e-15  -1.534075367e-15
103.165279  1.490399354e-15  -1.490399354e-15
103.4779249  1.450358166e-15  -1.450358166e-15
103.7387739  1.417864308e-15  -1.417864308e-15
103.9195339  1.395821724e-15  -1.395821724e-15
104  1.38613207e-15  -1.38613207e-15
104.0804661  1.376517096e-15  -1.376517096e-15
104.2612261  1.355186957e-15  -1.355186957e-15
104.5220751  1.325050583e-15  -1.325050583e-15
104.834721  1.289906912e-15  -1.289906912e-15
105.165279  1.253872166e-15  -1.253872166e-15
105.4779249  1.22081672e-15  -1.22081672e-15
105.7387739  1.193977752e-15  -1.193977752e-15
105.9195339  1.175763885e-15  -1.175763885e-15
106  1.167755383e-15  -1.167755383e-15
106.0804661  1.159807444e-15  -1.159807444e-15
106.2612261  1.142171342e-15  -1.142171342e-15
106.5220751  1.117244188e-15  -1.117244188e-15
106.834721  1.088160312e-15  -1.088160312e-15
107.165279  1.058321883e-15  -1.058321883e-15
107.4779249  1.030934819e-15  -1.030934819e-15
107.7387739  1.008686961e-15  -1.008686961e-15
107.9195339  9.935829176e-16  -9.935829176e-16
108  9.869402609e-16  -9.869402609e-16
108.0804661  9.803469119e-16  -9.803469119e-16
108.2612261  9.657132539e-16  -9.657132539e-16
108.5220751  9.450218747e-16  -9.450218747e-16
108.834721  9.208681433e-16  -9.208681433e-16
109.165279  8.960740597e-16  -8.960740597e-16
109.4779249  8.733044047e-16  -8.733044047e-16
109.7387739  8.547984665e-16  -8.547984665e-16
109.9195339  8.422301062e-16  -8.422301062e-16
110  8.36701406e-16  -8.36701406e-16
110.0804661  8.312130012e-16  -8.312130012e-16
110.2612261  8.190290509e-16  -8.190290509e-16
110.5220751  8.017950919e-16  -8.017950919e-16
110.834721  7.816677104e-16  -7.816677104e-16
111.165279  7.609957055e-16  -7.609957055e-16
111.4779249  7.420014941e-16  -7.420014941e-16
111.7387739  7.265567673e-16  -7.265567673e-16
111.9195339  7.160636526e-16  -7.160636526e-16
112  7.114468505e-16  -7.114468505e-16
112.0804661  7.068630989e-16  -7.068630989e-16
112.2612261  6.966852776e-16  -6.966852776e-16
112.5220751  6.822838204e-16  -6.822838204e-16
112.834721  6.654567417e-16  -6.654567417e-16
113.165279  6.481654541e-16  -6.481654541e-16
113.4779249  6.322694437e-16  -6.322694437e-16
113.7387739  6.193380837e-16  -6.193380837e-16
113.9195339  6.105494867e-16  -6.105494867e-16
114  6.06681851e-16  -6.06681851e-16
114.0804661  6.028414187e-16  -6.028414187e-16
114.2612261  5.943123345e-16  -5.943123345e-16
114.5220751  5.822396655e-16  -5.822396655e-16
114.834721  5.681273376e-16  -5.681273376e-16
115.165279  5.536184947e-16  -5.536184947e-16
115.4779249  5.402738196e-16  -5.402738196e-16
115.7387739  5.294132066e-16  -5.294132066e-16
115.9195339  5.220294798e-16  -5.220294798e-16
116  5.187794473e-16  -5.187794473e-16
116.0804661  5.155518814e-16  -5.155518814e-16
116.2612261  5.083824799e-16  -5.083824799e-16
116.5220751  4.982310332e-16  -4.982310332e-16
116.834721  4.863594196e-16  -4.863594196e-16
117.165279  4.741483978e-16  -4.741483978e-16
117.4779249  4.62911813e-16  -4.62911813e-16
117.7387739  4.537630063e-16  -4.537630063e-16
117.9195339  4.475410536e-16  -4.475410536e-16
118  4.448018649e-16  -4.448018649e-16
118.0804661  4.420812916e-16  -4.420812916e-16
118.2612261  4.360369248e-16  -4.360369248e-16
118.5220751  4.274757154e-16  -4.274757154e-16
118.834721  4.174596512e-16  -4.174596512e-16
119.165279  4.071524565e-16  -4.071524565e-16
119.4779249  3.976634017e-16  -3.976634017e-16
119.7387739  3.899342701e-16  -3.899342701e-16
119.9195339  3.846761656e-16  -3.846761656e-16
120  3.823608785e-16  -3.823608785e-16
120.0804661  3.800610647e-16  -3.800610647e-16
120.2612261  3.749505702e-16  -3.749505702e-16
120.5220751  3.677098483e-16  -3.677098483e-16
120.834721  3.592352712e-16  -3.592352712e-16
121.165279  3.50510463e-16  -3.50510463e-16
121.4779249  3.424746116e-16  -3.424746116e-16
121.7387739  3.3592657e-16  -3.3592657e-16
121.9195339  3.314706056e-16  -3.314706056e-16
122  3.295081715e-16  -3.295081715e-16
122.0804661  3.275586381e-16  -3.275586381e-16
122.2612261  3.232257433e-16  -3.232257433e-16
122.5220751  3.170849096e-16  -3.170849096e-16
122.834721  3.09894858e-16  -3.09894858e-16
123.165279  3.024892964e-16  -3.024892964e-16
123.4779249  2.956655755e-16  -2.956655755e-16
123.7387739  2.901031142e-16  -2.901031142e-16
123.9195339  2.86316729e-16  -2.86316729e-16
124  2.846488927e-16  -2.846488927e-16
124.0804661  2.829918443e-16  -2.829918443e-16
124.2612261  2.793083719e-16  -2.793083719e-16
124.5220751  2.740864225e-16  -2.740864225e-16
124.834721  2.679699586e-16  -2.679699586e-16
125.165279  2.616675214e-16  -2.616675214e-16
125.4779249  2.558578302e-16  -2.558578302e-16
125.7387739  2.511202158e-16  -2.511202158e-16
125.9195339  2.478943897e-16  -2.478943897e-16
126  2.464732315e-16  -2.464732315e-16
126.0804661  2.450611202e-16  -2.450611202e-16
126.2612261  2.419215981e-16  -2.419215981e-16
126.5220751  2.374695399e-16  -2.374695399e-16
126.834721  2.32252952e-16  -2.32252952e-16
127.165279  2.268755684e-16  -2.268755684e-16
127.4779249  2.219166028e-16  -2.219166028e-16
127.7387739  2.17871276e-16  -2.17871276e-16
127.9195339  2.151160676e-16  -2.151160676e-16
128  2.139020458e-16  -2.139020458e-16
128.0804661  2.12695632e-16  -2.12695632e-16
128.2612261  2.100130003e-16  -2.100130003e-16
128.5220751  2.06207808e-16  -2.06207808e-16
128.834721  2.017475977e-16  -2.017475977e-16
129.165279  1.971480969e-16  -1.971480969e-16
129.4779249  1.929048245e-16  -1.929048245e-16
129.7387739  1.894421276e-16  -1.894421276e-16
129.9195339  1.870831099e-16  -1.870831099e-16
130  1.860434971e-16  -1.860434971e-16
130.0804661  1.850102993e-16  -1.850102993e-16
130.2612261  1.827124785e-16  -1.827124785e-16
130.5220751  1.794522627e-16  -1.794522627e-16
130.834721  1.756295345e-16  -1.756295345e-16
131.165279  1.7168592e-16  -1.7168592e-16
131.4779249  1.68046354e-16  -1.68046354e-16
131.7387739  1.650753064e-16  -1.650753064e-16
131.9195339  1.630507089e-16  -1.630507089e-16
132  1.621583379e-16  -1.621583379e-16
132.0804661  1.612713903e-16  -1.612713903e-16
132.2612261  1.592985286e-16  -1.592985286e-16
132.5220751  1.564986579e-16  -1.564986579e-16
132.834721  1.532146144e-16  -1.532146144e-16
133.165279  1.498254658e-16  -1.498254658e-16
133.4779249  1.466964644e-16  -1.466964644e-16
133.7387739  1.441413649e-16  -1.441413649e-16
133.9195339  1.42399775e-16  -1.42399775e-16
134  1.4163203e-16  -1.4163203e-16
134.0804661  1.408688815e-16  -1.408688815e-16
134.2612261  1.391711397e-16  -1.391711397e-16
134.5220751  1.367611187e-16  -1.367611187e-16
134.834721  1.339334316e-16  -1.339334316e-16
135.165279  1.310141971e-16  -1.310141971e-16
135.4779249  1.283180762e-16  -1.283180762e-16
135.7387739  1.26115762e-16  -1.26115762e-16
135.9195339  1.246142695e-16  -1.246142695e-16
136  1.239522715e-16  -1.239522715e-16
136.0804661  1.232941787e-16  -1.232941787e-16
136.2612261  1.218299405e-16  -1.218299405e-16
136.5220751  1.197508871e-16  -1.197508871e-16
136.834721  1.173107644e-16  -1.173107644e-16
137.165279  1.147907638e-16  -1.147907638e-16
137.4779249  1.124625559e-16  -1.124625559e-16
137.7387739  1.105601837e-16  -1.105601837e-16
137.9195339  1.092628786e-16  -1.092628786e-16
138  1.086908256e-16  -1.086908256e-16
138.0804661  1.081220985e-16  -1.081220985e-16
138.2612261  1.068565207e-16  -1.068565207e-16
138.5220751  1.050591221e-16  -1.050591221e-16
138.834721  1.0294893e-16  -1.0294893e-16
139.165279  1.007689225e-16  -1.007689225e-16
139.4779249  9.875415254e-17  -9.875415254e-17
139.7387739  9.710739662e-17  -9.710739662e-17
139.9195339  9.598414865e-17  -9.598414865e-17
140  9.548877987e-17  -9.548877987e-17
140.0804661  9.499625009e-17  -9.499625009e-17
140.2612261  9.390008499e-17  -9.390008499e-17
140.5220751  9.23429356e-17  -9.23429356e-17
140.834721  9.051426396e-17  -9.051426396e-17
141.165279  8.86244696e-17  -8.86244696e-17
141.4779249  8.687734344e-17  -8.687734344e-17
141.7387739  8.544892859e-17  -8.544892859e-17
141.9195339  8.447439296e-17  -8.447439296e-17
142  8.404455185e-17  -8.404455185e-17
142.0804661  8.36171396e-17  -8.36171396e-17
142.2612261  8.266577422e-17  -8.266577422e-17
142.5220751  8.131402027e-17  -8.131402027e-17
142.834721  7.97261049e-17  -7.97261049e-17
143.165279  7.808458936e-17  -7.808458936e-17
143.4779249  7.656651525e-17  -7.656651525e-17
143.7387739  7.532501769e-17  -7.532501769e-17
143.9195339  7.447782246e-17  -7.447782246e-17
144  7.410409987e-17  -7.410409987e-17
144.0804661  7.373245978e-17  -7.373245978e-17
144.2612261  7.290513075e-17  -7.290513075e-17
144.5220751  7.172936204e-17  -7.172936204e-17
144.834721  7.034779355e-17  -7.034779355e-17
145.165279  6.891914614e-17  -6.891914614e-17
145.4779249  6.759752344e-17  -6.759752344e-17
145.7387739  6.651638874e-17  -6.651638874e-17
145.9195339  6.577846903e-17  -6.577846903e-17
146  6.54529105e-17  -6.54529105e-17
146.0804661  6.512914131e-17  -6.512914131e-17
146.2612261  6.440829108e-17  -6.440829108e-17
146.5220751  6.338363185e-17  -6.338363185e-17
146.834721  6.217929631e-17  -6.217929631e-17
147.165279  6.093354471e-17  -6.093354471e-17
147.4779249  5.978076937e-17  -5.978076937e-17
147.7387739  5.883750553e-17  -5.883750553e-17
147.9195339  5.819355623e-17  -5.819355623e-17
148  5.790942152e-17  -5.790942152e-17
148.0804661  5.762682744e-17  -5.762682744e-17
148.2612261  5.699757491e-17  -5.699757491e-17
148.5220751  5.610293617e-17  -5.610293617e-17
148.834721  5.505114356e-17  -5.505114356e-17
149.165279  5.396286056e-17  -5.396286056e-17
149.4779249  5.295550599e-17  -5.295550599e-17
149.7387739  5.213101873e-17  -5.213101873e-17
149.9195339  5.156804357e-17  -5.156804357e-17
150  5.131960839e-17  -5.131960839e-17
150.0804661  5.107250235e-17  -5.107250235e-17
150.2612261  5.052220653e-17  -5.052220653e-17
150.5220751  4.973966942e-17  -4.973966942e-17
150.834721  4.881943459e-17  -4.881943459e-17
151.165279  4.786700079e-17  -4.786700079e-17
151.4779249  4.698514162e-17  -4.698514162e-17
151.7387739  4.626318532e-17  -4.626318532e-17
151.9195339  4.577012425e-17  -4.577012425e-17
152  4.555251646e-17  -4.555251646e-17
152.0804661  4.533605759e-17  -4.533605759e-17
152.2612261  4.485395678e-17  -4.485395678e-17
152.5220751  4.416826284e-17  -4.416826284e-17
152.834721  4.336171071e-17  -4.336171071e-17
153.165279  4.252670447e-17  -4.252670447e-17
153.4779249  4.175335671e-17  -4.175335671e-17
153.7387739  4.112007969e-17  -4.112007969e-17
153.9195339  4.068750028e-17  -4.068750028e-17
154  4.049656413e-17  -4.049656413e-17
154.0804661  4.030662302e-17  -4.030662302e-17
154.2612261  3.988353592e-17  -3.988353592e-17
154.5220751  3.92816644e-17  -3.92816644e-17
154.834721  3.857353681e-17  -3.857353681e-17
155.165279  3.784022816e-17  -3.784022816e-17
155.4779249  3.716088455e-17  -3.716088455e-17
155.7387739  3.66044516e-17  -3.66044516e-17
155.9195339  3.62242927e-17  -3.62242927e-17
156  3.605647613e-17  -3.605647613e-17
156.0804661  3.588952294e-17  -3.588952294e-17
156.2612261  3.551760028e-17  -3.551760028e-17
156.5220751  3.4988417e-17  -3.4988417e-17
156.834721  3.436566269e-17  -3.436566269e-17
157.165279  3.372059241e-17  -3.372059241e-17
157.4779249  3.312283591e-17  -3.312283591e-17
157.7387739  3.263311409e-17  -3.263311409e-17
157.9195339  3.229847249e-17  -3.229847249e-17
158  3.215073328e-17  -3.215073328e-17
158.0804661  3.200374457e-17  -3.200374457e-17
158.2612261  3.167626227e-17  -3.167626227e-17
158.5220751  3.121022702e-17  -3.121022702e-17
158.834721  3.066166e-17  -3.066166e-17
159.165279  3.009328876e-17  -3.009328876e-17
159.4779249  2.956647021e-17  -2.956647021e-17
159.7387739  2.913476682e-17  -2.913476682e-17
159.9195339  2.883971917e-17  -2.883971917e-17
160  2.870944661e-17  -2.870944661e-17
160.0804661  2.857982756e-17  -2.857982756e-17
160.2612261  2.829101409e-17  -2.829101409e-17
160.5220751  2.78799364e-17  -2.78799364e-17
160.834721  2.739595057e-17  -2.739595057e-17
161.165279  2.689436577e-17  -2.689436577e-17
161.4779249  2.642933439e-17  -2.642933439e-17
161.7387739  2.604817779e-17  -2.604817779e-17
161.9195339  2.578763176e-17  -2.578763176e-17
162  2.567258109e-17  -2.567258109e-17
162.0804661  2.555810047e-17  -2.555810047e-17
162.2612261  2.530299236e-17  -2.530299236e-17
162.5220751  2.493982703e-17  -2.493982703e-17
162.834721  2.451215729e-17  -2.451215729e-17
163.165279  2.406882754e-17  -2.406882754e-17
163.4779249  2.365770525e-17  -2.365770525e-17
163.7387739  2.332066122e-17  -2.332066122e-17
163.9195339  2.309023062e-17  -2.309023062e-17
164  2.298846815e-17  -2.298846815e-17
164.0804661  2.288720375e-17  -2.288720375e-17
164.2612261  2.266152449e-17  -2.266152449e-17
164.5220751  2.234020012e-17  -2.234020012e-17
164.834721  2.196172191e-17  -2.196172191e-17
165.165279  2.156929093e-17  -2.156929093e-17
165.4779249  2.120528278e-17  -2.120528278e-17
165.7387739  2.090680029e-17  -2.090680029e-17
165.9195339  2.070270023e-17  -2.070270023e-17
166  2.061255715e-17  -2.061255715e-17
166.0804661  2.052284997e-17  -2.052284997e-17
166.2612261  2.032290815e-17  -2.032290815e-17
166.5220751  2.003818301e-17  -2.003818301e-17
166.834721  1.970274377e-17  -1.970274377e-17
167.165279  1.935485708e-17  -1.935485708e-17
167.4779249  1.903209177e-17  -1.903209177e-17
167.7387739  1.876737312e-17  -1.876737312e-17
167.9195339  1.858633173e-17  -1.858633173e-17
168  1.850636526e-17  -1.850636526e-17
168.0804661  1.842678089e-17  -1.842678089e-17
168.2612261  1.824938449e-17  -1.824938449e-17
168.5220751  1.799672509e-17  -1.799672509e-17
168.834721  1.769900222e-17  -1.769900222e-17
169.165279  1.739016097e-17  -1.739016097e-17
169.4779249  1.710355638e-17  -1.710355638e-17
169.7387739  1.686844771e-17  -1.686844771e-17
169.9195339  1.670763166e-17  -1.670763166e-17
170  1.663659226e-17  -1.663659226e-17
170.0804661  1.656588832e-17  -1.656588832e-17
170.2612261  1.640827233e-17  -1.640827233e-17
170.5220751  1.618375091e-17  -1.618375091e-17
170.834721  1.591913184e-17  -1.591913184e-17
171.165279  1.564456944e-17  -1.564456944e-17
171.4779249  1.538971899e-17  -1.538971899e-17
171.7387739  1.518061772e-17  -1.518061772e-17
171.9195339  1.503756922e-17  -1.503756922e-17
172  1.497437287e-17  -1.497437287e-17
172.0804661  1.491147147e-17  -1.491147147e-17
172.2612261  1.477123671e-17  -1.477123671e-17
172.5220751  1.457144453e-17  -1.457144453e-17
172.834721  1.433592526e-17  -1.433592526e-17
173.165279  1.409150287e-17  -1.409150287e-17
173.4779249  1.386457932e-17  -1.386457932e-17
173.7387739  1.367835576e-17  -1.367835576e-17
173.9195339  1.355093928e-17  -1.355093928e-17
174  1.349464396e-17  -1.349464396e-17
174.0804661  1.343860837e-17  -1.343860837e-17
174.2612261  1.331366962e-17  -1.331366962e-17
174.5220751  1.313564348e-17  -1.313564348e-17
174.834721  1.292574253e-17  -1.292574253e-17
175.165279  1.270786053e-17  -1.270786053e-17
175.4779249  1.250553435e-17  -1.250553435e-17
175.7387739  1.233946519e-17  -1.233946519e-17
175.9195339  1.222582215e-17  -1.222582215e-17
176  1.217560793e-17  -1.217560793e-17
176.0804661  1.212562276e-17  -1.212562276e-17
176.2612261  1.201416475e-17  -1.201416475e-17
176.5220751  1.185532459e-17  -1.185532459e-17
176.834721  1.166800994e-17  -1.166800994e-17
177.165279  1.147353259e-17  -1.147353259e-17
177.4779249  1.129290264e-17  -1.129290264e-17
177.7387739  1.11446144e-17  -1.11446144e-17
177.9195339  1.104312468e-17  -1.104312468e-17
178  1.099827677e-17  -1.099827677e-17
178.0804661  1.095363114e-17  -1.095363114e-17
178.2612261  1.085407106e-17  -1.085407106e-17
178.5220751  1.071216687e-17  -1.071216687e-17
178.834721  1.054479378e-17  -1.054479378e-17
179.165279  1.03709852e-17  -1.03709852e-17
179.4779249  1.02095196e-17  -1.02095196e-17
179.7387739  1.007694047e-17  -1.007694047e-17
179.9195339  9.986189635e-18  -9.986189635e-18
180  9.94608392e-18  -9.94608392e-18
180.0804661  9.906157091e-18  -9.906157091e-18
180.2612261  9.817112728e-18  -9.817112728e-18
180.5220751  9.690179288e-18  -9.690179288e-18
180.834721  9.540437268e-18  -9.540437268e-18
181.165279  9.384906748e-18  -9.384906748e-18
181.4779249  9.24039256e-18  -9.24039256e-18
181.7387739  9.121711285e-18  -9.121711285e-18
181.9195339  9.040462589e-18  -9.040462589e-18
182  9.004553305e-18  -9.004553305e-18
182.0804661  8.968802432e-18  -8.968802432e-18
182.2612261  8.889064895e-18  -8.889064895e-18
182.5220751  8.775383147e-18  -8.775383147e-18
182.834721  8.641250676e-18  -8.641250676e-18
183.165279  8.501906015e-18  -8.501906015e-18
183.4779249  8.372406127e-18  -8.372406127e-18
183.7387739  8.266036909e-18  -8.266036909e-18
183.9195339  8.193207355e-18  -8.193207355e-18
184  8.161016541e-18  -8.161016541e-18
184.0804661  8.128966195e-18  -8.128966195e-18
184.2612261  8.057476624e-18  -8.057476624e-18
184.5220751  7.955540604e-18  -7.955540604e-18
184.834721  7.835246384e-18  -7.835246384e-18
185.165279  7.710253927e-18  -7.710253927e-18
185.4779249  7.594070214e-18  -7.594070214e-18
185.7387739  7.498622605e-18  -7.498622605e-18
185.9195339  7.433262461e-18  -7.433262461e-18
186  7.404370933e-18  -7.404370933e-18
186.0804661  7.375604122e-18  -7.375604122e-18
186.2612261  7.31143372e-18  -7.31143372e-18
186.5220751  7.219922243e-18  -7.219922243e-18
186.834721  7.111911993e-18  -7.111911993e-18
187.165279  6.999662371e-18  -6.999662371e-18
187.4779249  6.895304081e-18  -6.895304081e-18
187.7387739  6.80955718e-18  -6.80955718e-18
187.9195339  6.750832395e-18  -6.750832395e-18
188  6.72487199e-18  -6.72487199e-18
188.0804661  6.699022461e-18  -6.699022461e-18
188.2612261  6.641355366e-18  -6.641355366e-18
188.5220751  6.559107713e-18  -6.559107713e-18
188.834721  6.462015656e-18  -6.462015656e-18
189.165279  6.361094368e-18  -6.361094368e-18
189.4779249  6.267250962e-18  -6.267250962e-18
189.7387739  6.19013125e-18  -6.19013125e-18
189.9195339  6.137308343e-18  -6.137308343e-18
190  6.113955263e-18  -6.113955263e-18
190.0804661  6.090700876e-18  -6.090700876e-18
190.2612261  6.038819436e-18  -6.038819436e-18
190.5220751  5.964814455e-18  -5.964814455e-18
190.834721  5.877438799e-18  -5.877438799e-18
191.165279  5.786600912e-18  -5.786600912e-18
191.4779249  5.702118701e-18  -5.702118701e-18
191.7387739  5.632680957e-18  -5.632680957e-18
191.9195339  5.585114012e-18  -5.585114012e-18
192  5.564083091e-18  -5.564083091e-18
192.0804661  5.543140125e-18  -5.543140125e-18
192.2612261  5.496412215e-18  -5.496412215e-18
192.5220751  5.429750319e-18  -5.429750319e-18
192.834721  5.351032145e-18  -5.351032145e-18
193.165279  5.269180486e-18  -5.269180486e-18
193.4779249  5.193042499e-18  -5.193042499e-18
193.7387739  5.130453357e-18  -5.130453357e-18
193.9195339  5.087572807e-18  -5.087572807e-18
194  5.068612565e-18  -5.068612565e-18
194.0804661  5.049730801e-18  -5.049730801e-18
194.2612261  5.007598895e-18  -5.007598895e-18
194.5220751  4.947486544e-18  -4.947486544e-18
194.834721  4.876491581e-18  -4.876491581e-18
195.165279  4.80265793e-18  -4.80265793e-18
195.4779249  4.733966531e-18  -4.733966531e-18
195.7387739  4.677490279e-18  -4.677490279e-18
195.9195339  4.638793231e-18  -4.638793231e-18
196  4.621681606e-18  -4.621681606e-18
196.0804661  4.604640086e-18  -4.604640086e-18
196.2612261  4.566611809e-18  -4.566611809e-18
196.5220751  4.512348094e-18  -4.512348094e-18
196.834721  4.448250985e-18  -4.448250985e-18
197.165279  4.381579814e-18  -4.381579814e-18
197.4779249  4.319541683e-18  -4.319541683e-18
197.7387739  4.268527989e-18  -4.268527989e-18
197.9195339  4.233569847e-18  -4.233569847e-18
198  4.218110503e-18  -4.218110503e-18
198.0804661  4.202713857e-18  -4.202713857e-18
198.2612261  4.168353819e-18  -4.168353819e-18
198.5220751  4.119318868e-18  -4.119318868e-18
198.834721  4.061389542e-18  -4.061389542e-18
199.165279  4.001123945e-18  -4.001123945e-18
199.4779249  3.94503707e-18  -3.94503707e-18
199.7387739  3.89891035e-18  -3.89891035e-18
199.9195339  3.867297566e-18  -3.867297566e-18
200  3.853316696e-18  -3.853316696e-18
200.0804661  3.839391963e-18  -3.839391963e-18
200.2612261  3.808314684e-18  -3.808314684e-18
200.5220751  3.763959605e-18  -3.763959605e-18
200.834721  3.71155148e-18  -3.71155148e-18
201.165279  3.657020972e-18  -3.657020972e-18
201.4779249  3.606263374e-18  -3.606263374e-18
201.7387739  3.564513573e-18  -3.564513573e-18
201.9195339  3.535897357e-18  -3.535897357e-18
202  3.52324091e-18  -3.52324091e-18
202.0804661  3.51063478e-18  -3.51063478e-18
202.2612261  3.48249855e-18  -3.48249855e-18
202.5220751  3.44233671e-18  -3.44233671e-18
202.834721  3.394876447e-18  -3.394876447e-18
203.165279  3.345486377e-18  -3.345486377e-18
203.4779249  3.299506319e-18  -3.299506319e-18
203.7387739  3.261680909e-18  -3.261680909e-18
203.9195339  3.235751766e-18  -3.235751766e-18
204  3.224283036e-18  -3.224283036e-18
204.0804661  3.212859455e-18  -3.212859455e-18
204.2612261  3.187360999e-18  -3.187360999e-18
204.5220751  3.150960449e-18  -3.150960449e-18
204.834721  3.107939044e-18  -3.107939044e-18
205.165279  3.063161393e-18  -3.063161393e-18
205.4779249  3.021468867e-18  -3.021468867e-18
205.7387739  2.987165879e-18  -2.987165879e-18
205.9195339  2.963648861e-18  -2.963648861e-18
206  2.953246391e-18  -2.953246391e-18
206.0804661  2.942884475e-18  -2.942884475e-18
206.2612261  2.919754316e-18  -2.919754316e-18
206.5220751  2.886731193e-18  -2.886731193e-18
206.834721  2.847696234e-18  -2.847696234e-18
207.165279  2.8070616e-18  -2.8070616e-18
207.4779249  2.769220913e-18  -2.769220913e-18
207.7387739  2.738082878e-18  -2.738082878e-18
207.9195339  2.716733442e-18  -2.716733442e-18
208  2.707289198e-18  -2.707289198e-18
208.0804661  2.69788142e-18  -2.69788142e-18
208.2612261  2.676879837e-18  -2.676879837e-18
208.5220751  2.646892619e-18  -2.646892619e-18
208.834721  2.611441531e-18  -2.611441531e-18
209.165279  2.574532142e-18  -2.574532142e-18
209.4779249  2.540155458e-18  -2.540155458e-18
209.7387739  2.511864118e-18  -2.511864118e-18
209.9195339  2.492464517e-18  -2.492464517e-18
210  2.483882299e-18  -2.483882299e-18
210.0804661  2.475332903e-18  -2.475332903e-18
210.2612261  2.4562464e-18  -2.4562464e-18
210.5220751  2.428990893e-18  -2.428990893e-18
210.834721  2.396765046e-18  -2.396765046e-18
211.165279  2.363208668e-18  -2.363208668e-18
211.4779249  2.331950361e-18  -2.331950361e-18
211.7387739  2.306222052e-18  -2.306222052e-18
211.9195339  2.288578187e-18  -2.288578187e-18
212  2.280772232e-18  -2.280772232e-18
212.0804661  2.272995849e-18  -2.272995849e-18
212.2612261  2.25563408e-18  -2.25563408e-18
212.5220751  2.23083904e-18  -2.23083904e-18
212.834721  2.201518596e-18  -2.201518596e-18
213.165279  2.170983205e-18  -2.170983205e-18
213.4779249  2.142534929e-18  -2.142534929e-18
213.7387739  2.119116544e-18  -2.119116544e-18
213.9195339  2.103055201e-18  -2.103055201e-18
214  2.095948972e-18  -2.095948972e-18
214.0804661  2.088869413e-18  -2.088869413e-18
214.2612261  2.073062484e-18  -2.073062484e-18
214.5220751  2.050485783e-18  -2.050485783e-18
214.834721  2.023785196e-18  -2.023785196e-18
215.165279  1.995974309e-18  -1.995974309e-18
215.4779249  1.970060681e-18  -1.970060681e-18
215.7387739  1.948726137e-18  -1.948726137e-18
215.9195339  1.934092579e-18  -1.934092579e-18
216  1.927617697e-18  -1.927617697e-18
216.0804661  1.921166891e-18  -1.921166891e-18
216.2612261  1.906763002e-18  -1.906763002e-18
216.5220751  1.886188273e-18  -1.886188273e-18
216.834721  1.861852339e-18  -1.861852339e-18
217.165279  1.836500935e-18  -1.836500935e-18
217.4779249  1.812875752e-18  -1.812875752e-18
217.7387739  1.793422889e-18  -1.793422889e-18
217.9195339  1.780078739e-18  -1.780078739e-18
218  1.77417405e-18  -1.77417405e-18
218.0804661  1.768291116e-18  -1.768291116e-18
218.2612261  1.755154491e-18  -1.755154491e-18
218.5220751  1.736388187e-18  -1.736388187e-18
218.834721  1.714188581e-18  -1.714188581e-18
219.165279  1.691059513e-18  -1.691059513e-18
219.4779249  1.66950243e-18  -1.66950243e-18
219.7387739  1.651750297e-18  -1.651750297e-18
219.9195339  1.639571677e-18  -1.639571677e-18
220  1.634182434e-18  -1.634182434e-18
220.0804661  1.628812865e-18  -1.628812865e-18
220.2612261  1.616821936e-18  -1.616821936e-18
220.5220751  1.599690742e-18  -1.599690742e-18
220.834721  1.57942298e-18  -1.57942298e-18
221.165279  1.558303829e-18  -1.558303829e-18
221.4779249  1.538617444e-18  -1.538617444e-18
221.7387739  1.522403907e-18  -1.522403907e-18
221.9195339  1.511279812e-18  -1.511279812e-18
222  1.506356949e-18  -1.506356949e-18
222.0804661  1.501451897e-18  -1.501451897e-18
222.2612261  1.490497708e-18  -1.490497708e-18
222.5220751  1.474846272e-18  -1.474846272e-18
222.834721  1.456327036e-18  -1.456327036e-18
223.165279  1.437027339e-18  -1.437027339e-18
223.4779249  1.419034629e-18  -1.419034629e-18
223.7387739  1.404214268e-18  -1.404214268e-18
223.9195339  1.394045125e-18  -1.394045125e-18
224  1.38954463e-18  -1.38954463e-18
224.0804661  1.385060273e-18  -1.385060273e-18
224.2612261  1.375045074e-18  -1.375045074e-18
224.5220751  1.360734008e-18  -1.360734008e-18
224.834721  1.343798793e-18  -1.343798793e-18
225.165279  1.326147609e-18  -1.326147609e-18
225.4779249  1.309689666e-18  -1.309689666e-18
225.7387739  1.296131929e-18  -1.296131929e-18
225.9195339  1.286828334e-18  -1.286828334e-18
226  1.282710686e-18  -1.282710686e-18
226.0804661  1.278607673e-18  -1.278607673e-18
226.2612261  1.269443682e-18  -1.269443682e-18
226.5220751  1.256347799e-18  -1.256347799e-18
226.834721  1.240848842e-18  -1.240848842e-18
227.165279  1.224692599e-18  -1.224692599e-18
227.4779249  1.209626642e-18  -1.209626642e-18
227.7387739  1.197214208e-18  -1.197214208e-18
227.9195339  1.188695811e-18  -1.188695811e-18
228  1.18492549e-18  -1.18492549e-18
228.0804661  1.181168452e-18  -1.181168452e-18
228.2612261  1.172776764e-18  -1.172776764e-18
228.5220751  1.160783523e-18  -1.160783523e-18
228.834721  1.146587969e-18  -1.146587969e-18
229.165279  1.131788571e-18  -1.131788571e-18
229.4779249  1.117986188e-18  -1.117986188e-18
229.7387739  1.106613529e-18  -1.106613529e-18
229.9195339  1.098808048e-18  -1.098808048e-18
230  1.095353098e-18  -1.095353098e-18
230.0804661  1.091910215e-18  -1.091910215e-18
230.2612261  1.084219837e-18  -1.084219837e-18
230.5220751  1.073227971e-18  -1.073227971e-18
230.834721  1.06021626e-18  -1.06021626e-18
231.165279  1.04664941e-18  -1.04664941e-18
231.4779249  1.033995004e-18  -1.033995004e-18
231.7387739  1.02356711e-18  -1.02356711e-18
231.9195339  1.016409462e-18  -1.016409462e-18
232  1.013241108e-18  -1.013241108e-18
232.0804661  1.010083724e-18  -1.010083724e-18
232.2612261  1.003030723e-18  -1.003030723e-18
232.5220751  9.929490286e-19  -9.929490286e-19
232.834721  9.810134636e-19  -9.810134636e-19
233.165279  9.685671846e-19  -9.685671846e-19
233.4779249  9.569565992e-19  -9.569565992e-19
233.7387739  9.473878519e-19  -9.473878519e-19
233.9195339  9.40819382e-19  -9.40819382e-19
234  9.379116892e-19  -9.379116892e-19
234.0804661  9.35013978e-19  -9.35013978e-19
234.2612261  9.285407255e-19  -9.285407255e-19
234.5220751  9.192869853e-19  -9.192869853e-19
234.834721  9.083304707e-19  -9.083304707e-19
235.165279  8.969037911e-19  -8.969037911e-19
235.4779249  8.862430943e-19  -8.862430943e-19
235.7387739  8.774562712e-19  -8.774562712e-19
235.9195339  8.714240695e-19  -8.714240695e-19
236  8.687536424e-19  -8.687536424e-19
236.0804661  8.660923048e-19  -8.660923048e-19
236.2612261  8.601468111e-19  -8.601468111e-19
236.5220751  8.516468429e-19  -8.516468429e-19
236.834721  8.415817613e-19  -8.415817613e-19
237.165279  8.310835539e-19  -8.310835539e-19
237.4779249  8.212879597e-19  -8.212879597e-19
237.7387739  8.132133483e-19  -8.132133483e-19
237.9195339  8.076696466e-19  -8.076696466e-19
238  8.052153617e-19  -8.052153617e-19
238.0804661  8.027693607e-19  -8.027693607e-19
238.2612261  7.973046803e-19  -7.973046803e-19
238.5220751  7.894914939e-19  -7.894914939e-19
238.834721  7.802387123e-19  -7.802387123e-19
239.165279  7.705866629e-19  -7.705866629e-19
239.4779249  7.615795745e-19  -7.615795745e-19
239.7387739  7.541541875e-19  -7.541541875e-19
239.9195339  7.490558218e-19  -7.490558218e-19
240  7.467985908e-19  -7.467985908e-19
240.0804661  7.445489152e-19  -7.445489152e-19
240.2612261  7.395226215e-19  -7.395226215e-19
240.5220751  7.323356693e-19  -7.323356693e-19
240.834721  7.238236563e-19  -7.238236563e-19
241.165279  7.149433478e-19  -7.149433478e-19
241.4779249  7.066555072e-19  -7.066555072e-19
241.7387739  6.998223857e-19  -6.998223857e-19
241.9195339  6.951303192e-19  -6.951303192e-19
242  6.930528781e-19  -6.930528781e-19
242.0804661  6.90982333e-19  -6.90982333e-19
242.2612261  6.863560508e-19  -6.863560508e-19
242.5220751  6.797405617e-19  -6.797405617e-19
242.834721  6.719046028e-19  -6.719046028e-19
243.165279  6.637287007e-19  -6.637287007e-19
243.4779249  6.560974336e-19  -6.560974336e-19
243.7387739  6.498050266e-19  -6.498050266e-19
243.9195339  6.454839259e-19  -6.454839259e-19
244  6.435706474e-19  -6.435706474e-19
244.0804661  6.41663668e-19  -6.41663668e-19
244.2612261  6.374026574e-19  -6.374026574e-19
244.5220751  6.313090449e-19  -6.313090449e-19
244.834721  6.240905442e-19  -6.240905442e-19
245.165279  6.165580723e-19  -6.165580723e-19
245.4779249  6.095266149e-19  -6.095266149e-19
245.7387739  6.03728228e-19  -6.03728228e-19
245.9195339  5.997460852e-19  -5.997460852e-19
246  5.979828122e-19  -5.979828122e-19
246.0804661  5.962252974e-19  -5.962252974e-19
246.2612261  5.92298084e-19  -5.92298084e-19
246.5220751  5.866814183e-19  -5.866814183e-19
246.834721  5.800272767e-19  -5.800272767e-19
247.165279  5.73082972e-19  -5.73082972e-19
247.4779249  5.665998721e-19  -5.665998721e-19
247.7387739  5.612531751e-19  -5.612531751e-19
247.9195339  5.575809717e-19  -5.575809717e-19
248  5.559548686e-19  -5.559548686e-19
248.0804661  5.543340329e-19  -5.543340329e-19
248.2612261  5.507120779e-19  -5.507120779e-19
248.5220751  5.455316161e-19  -5.455316161e-19
248.834721  5.39393677e-19  -5.39393677e-19
249.165279  5.329874139e-19  -5.329874139e-19
249.4779249  5.270059969e-19  -5.270059969e-19
249.7387739  5.220725858e-19  -5.220725858e-19
249.9195339  5.186839923e-19  -5.186839923e-19
250  5.171834122e-19  -5.171834122e-19
250.0804661  5.156876542e-19  -5.156876542e-19
250.2612261  5.123450598e-19  -5.123450598e-19
250.5220751  5.075638265e-19  -5.075638265e-19
250.834721  5.018983814e-19  -5.018983814e-19
251.165279  4.959846585e-19  -4.959846585e-19
251.4779249  4.904625501e-19  -4.904625501e-19
251.7387739  4.859075556e-19  -4.859075556e-19
251.9195339  4.827786636e-19  -4.827786636e-19
252  4.813930303e-19  -4.813930303e-19
252.0804661  4.800118144e-19  -4.800118144e-19
252.2612261  4.769250614e-19  -4.769250614e-19
252.5220751  4.725094739e-19  -4.725094739e-19
252.834721  4.672768208e-19  -4.672768208e-19
253.165279  4.618143023e-19  -4.618143023e-19
253.4779249  4.567130029e-19  -4.567130029e-19
253.7387739  4.525047402e-19  -4.525047402e-19
253.9195339  4.496138234e-19  -4.496138234e-19
254  4.483335253e-19  -4.483335253e-19
254.0804661  4.470572768e-19  -4.470572768e-19
254.2612261  4.442049895e-19  -4.442049895e-19
254.5220751  4.401245234e-19  -4.401245234e-19
254.834721  4.352885718e-19  -4.352885718e-19
255.165279  4.302396775e-19  -4.302396775e-19
255.4779249  4.255241811e-19  -4.255241811e-19
255.7387739  4.216338379e-19  -4.216338379e-19
255.9195339  4.189611376e-19  -4.189611376e-19
256  4.177774333e-19  -4.177774333e-19
256.0804661  4.165974438e-19  -4.165974438e-19
256.2612261  4.1396018e-19  -4.1396018e-19
256.5220751  4.101870698e-19  -4.101870698e-19
256.834721  4.057149875e-19  -4.057149875e-19
257.165279  4.01045526e-19  -4.01045526e-19
257.4779249  3.966839794e-19  -3.966839794e-19
257.7387739  3.930853353e-19  -3.930853353e-19
257.9195339  3.906128691e-19  -3.906128691e-19
258  3.895178026e-19  -3.895178026e-19
258.0804661  3.88426146e-19  -3.88426146e-19
258.2612261  3.859862091e-19  -3.859862091e-19
258.5220751  3.824951799e-19  -3.824951799e-19
258.834721  3.783570767e-19  -3.783570767e-19
259.165279  3.740359168e-19  -3.740359168e-19
259.4779249  3.699993144e-19  -3.699993144e-19
259.7387739  3.666684906e-19  -3.666684906e-19
259.9195339  3.643798806e-19  -3.643798806e-19
260  3.633662053e-19  -3.633662053e-19
260.0804661  3.623556622e-19  -3.623556622e-19
260.2612261  3.600969325e-19  -3.600969325e-19
260.5220751  3.568649599e-19  -3.568649599e-19
260.834721  3.530336043e-19  -3.530336043e-19
261.165279  3.490323804e-19  -3.490323804e-19
261.4779249  3.452942902e-19  -3.452942902e-19
261.7387739  3.422095245e-19  -3.422095245e-19
261.9195339  3.400898434e-19  -3.400898434e-19
262  3.391509542e-19  -3.391509542e-19
262.0804661  3.382149442e-19  -3.382149442e-19
262.2612261  3.361227278e-19  -3.361227278e-19
262.5220751  3.331288225e-19  -3.331288225e-19
262.834721  3.295793871e-19  -3.295793871e-19
263.165279  3.258722351e-19  -3.258722351e-19
263.4779249  3.224085535e-19  -3.224085535e-19
263.7387739  3.195499986e-19  -3.195499986e-19
263.9195339  3.175856313e-19  -3.175856313e-19
264  3.167155038e-19  -3.167155038e-19
264.0804661  3.158480243e-19  -3.158480243e-19
264.2612261  3.139089178e-19  -3.139089178e-19
264.5220751  3.111339319e-19  -3.111339319e-19
264.834721  3.078437656e-19  -3.078437656e-19
265.165279  3.044070856e-19  -3.044070856e-19
265.4779249  3.011958166e-19  -3.011958166e-19
265.7387739  2.985453587e-19  -2.985453587e-19
265.9195339  2.967238786e-19  -2.967238786e-19
266  2.959170137e-19  -2.959170137e-19
266.0804661  2.951125859e-19  -2.951125859e-19
266.2612261  2.93314354e-19  -2.93314354e-19
266.5220751  2.907408075e-19  -2.907408075e-19
266.834721  2.8768923e-19  -2.8768923e-19
267.165279  2.845014733e-19  -2.845014733e-19
267.4779249  2.815225301e-19  -2.815225301e-19
267.7387739  2.790636265e-19  -2.790636265e-19
267.9195339  2.773736836e-19  -2.773736836e-19
268  2.766250586e-19  -2.766250586e-19
268.0804661  2.758786779e-19  -2.758786779e-19
268.2612261  2.742101446e-19  -2.742101446e-19
268.5220751  2.718220689e-19  -2.718220689e-19
268.834721  2.689901864e-19  -2.689901864e-19
269.165279  2.660316635e-19  -2.660316635e-19
269.4779249  2.632666909e-19  -2.632666909e-19
269.7387739  2.609842229e-19  -2.609842229e-19
269.9195339  2.594154438e-19  -2.594154438e-19
270  2.587204678e-19  -2.587204678e-19
270.0804661  2.580275599e-19  -2.580275599e-19
270.2612261  2.56478509e-19  -2.56478509e-19
270.5220751  2.542613068e-19  -2.542613068e-19
270.834721  2.516318459e-19  -2.516318459e-19
271.165279  2.488845541e-19  -2.488845541e-19
271.4779249  2.463167674e-19  -2.463167674e-19
271.7387739  2.441969088e-19  -2.441969088e-19
271.9195339  2.427398061e-19  -2.427398061e-19
272  2.420942803e-19  -2.420942803e-19
272.0804661  2.414506612e-19  -2.414506612e-19
272.2612261  2.400117485e-19  -2.400117485e-19
272.5220751  2.379520667e-19  -2.379520667e-19
272.834721  2.355092251e-19  -2.355092251e-19
273.165279  2.329566932e-19  -2.329566932e-19
273.4779249  2.305707336e-19  -2.305707336e-19
273.7387739  2.286008319e-19  -2.286008319e-19
273.9195339  2.272467229e-19  -2.272467229e-19
274  2.266468042e-19  -2.266468042e-19
274.0804661  2.260486448e-19  -2.260486448e-19
274.2612261  2.247113174e-19  -2.247113174e-19
274.5220751  2.227969332e-19  -2.227969332e-19
274.834721  2.205262447e-19  -2.205262447e-19
275.165279  2.181533926e-19  -2.181533926e-19
275.4779249  2.159351976e-19  -2.159351976e-19
275.7387739  2.141036665e-19  -2.141036665e-19
275.9195339  2.128445996e-19  -2.128445996e-19
276  2.122867687e-19  -2.122867687e-19
276.0804661  2.117305618e-19  -2.117305618e-19
276.2612261  2.104869863e-19  -2.104869863e-19
276.5220751  2.087067044e-19  -2.087067044e-19
276.834721  2.065949176e-19  -2.065949176e-19
277.165279  2.043879301e-19  -2.043879301e-19
277.4779249  2.023246149e-19  -2.023246149e-19
277.7387739  2.00620838e-19  -2.00620838e-19
277.9195339  1.994495268e-19  -1.994495268e-19
278  1.989305585e-19  -1.989305585e-19
278.0804661  1.984130901e-19  -1.984130901e-19
278.2612261  1.972560875e-19  -1.972560875e-19
278.5220751  1.955996468e-19  -1.955996468e-19
278.834721  1.936346154e-19  -1.936346154e-19
279.165279  1.91580828e-19  -1.91580828e-19
279.4779249  1.896605801e-19  -1.896605801e-19
279.7387739  1.880748233e-19  -1.880748233e-19
279.9195339  1.869845865e-19  -1.869845865e-19
280  1.865015232e-19  -1.865015232e-19
280.0804661  1.860198461e-19  -1.860198461e-19
280.2612261  1.84942833e-19  -1.84942833e-19
280.5220751  1.834008231e-19  -1.834008231e-19
280.834721  1.815714065e-19  -1.815714065e-19
281.165279  1.796592021e-19  -1.796592021e-19
281.4779249  1.77871185e-19  -1.77871185e-19
281.7387739  1.763945177e-19  -1.763945177e-19
281.9195339  1.75379225e-19  -1.75379225e-19
282  1.749293532e-19  -1.749293532e-19
282.0804661  1.744807632e-19  -1.744807632e-19
282.2612261  1.734776983e-19  -1.734776983e-19
282.5220751  1.720414835e-19  -1.720414835e-19
282.834721  1.703374574e-19  -1.703374574e-19
283.165279  1.685561737e-19  -1.685561737e-19
283.4779249  1.668904399e-19  -1.668904399e-19
283.7387739  1.655146638e-19  -1.655146638e-19
283.9195339  1.645686872e-19  -1.645686872e-19
284  1.641495153e-19  -1.641495153e-19
284.0804661  1.637315294e-19  -1.637315294e-19
284.2612261  1.627968661e-19  -1.627968661e-19
284.5220751  1.614585168e-19  -1.614585168e-19
284.834721  1.598704919e-19  -1.598704919e-19
285.165279  1.582103362e-19  -1.582103362e-19
285.4779249  1.566577494e-19  -1.566577494e-19
285.7387739  1.553753336e-19  -1.553753336e-19
285.9195339  1.54493503e-19  -1.54493503e-19
286  1.541027422e-19  -1.541027422e-19
286.0804661  1.537130794e-19  -1.537130794e-19
286.2612261  1.528417216e-19  -1.528417216e-19
286.5220751  1.515939522e-19  -1.515939522e-19
286.834721  1.501133011e-19  -1.501133011e-19
287.165279  1.485652746e-19  -1.485652746e-19
287.4779249  1.471174378e-19  -1.471174378e-19
287.7387739  1.459214604e-19  -1.459214604e-19
287.9195339  1.450990235e-19  -1.450990235e-19
288  1.447345701e-19  -1.447345701e-19
288.0804661  1.443711334e-19  -1.443711334e-19
288.2612261  1.435583965e-19  -1.435583965e-19
288.5220751  1.42394509e-19  -1.42394509e-19
288.834721  1.410132997e-19  -1.410132997e-19
289.165279  1.395691277e-19  -1.395691277e-19
289.4779249  1.382183193e-19  -1.382183193e-19
289.7387739  1.371024147e-19  -1.371024147e-19
289.9195339  1.363350008e-19  -1.363350008e-19
290  1.359949194e-19  -1.359949194e-19
290.0804661  1.356557804e-19  -1.356557804e-19
290.2612261  1.348973554e-19  -1.348973554e-19
290.5220751  1.338111885e-19  -1.338111885e-19
290.834721  1.325221237e-19  -1.325221237e-19
291.165279  1.311741935e-19  -1.311741935e-19
291.4779249  1.299133086e-19  -1.299133086e-19
291.7387739  1.288716192e-19  -1.288716192e-19
291.9195339  1.281552059e-19  -1.281552059e-19
292  1.278377158e-19  -1.278377158e-19
292.0804661  1.275210994e-19  -1.275210994e-19
292.2612261  1.268130207e-19  -1.268130207e-19
292.5220751  1.257989035e-19  -1.257989035e-19
292.834721  1.245952663e-19  -1.245952663e-19
293.165279  1.233365696e-19  -1.233365696e-19
293.4779249  1.221590672e-19  -1.221590672e-19
293.7387739  1.211861995e-19  -1.211861995e-19
293.9195339  1.205170834e-19  -1.205170834e-19
294  1.202205447e-19  -1.202205447e-19
294.0804661  1.199248166e-19  -1.199248166e-19
294.2612261  1.19263432e-19  -1.19263432e-19
294.5220751  1.183161422e-19  -1.183161422e-19
294.834721  1.171917462e-19  -1.171917462e-19
295.165279  1.160158281e-19  -1.160158281e-19
295.4779249  1.149156826e-19  -1.149156826e-19
295.7387739  1.140066682e-19  -1.140066682e-19
295.9195339  1.13381437e-19  -1.13381437e-19
296  1.131043389e-19  -1.131043389e-19
296.0804661  1.128279931e-19  -1.128279931e-19
296.2612261  1.122099379e-19  -1.122099379e-19
296.5220751  1.113246631e-19  -1.113246631e-19
296.834721  1.102738076e-19  -1.102738076e-19
297.165279  1.09174719e-19  -1.09174719e-19
297.4779249  1.081463769e-19  -1.081463769e-19
297.7387739  1.072966358e-19  -1.072966358e-19
297.9195339  1.067121442e-19  -1.067121442e-19
298  1.06453094e-19  -1.06453094e-19
298.0804661  1.061947423e-19  -1.061947423e-19
298.2612261  1.056169144e-19  -1.056169144e-19
298.5220751  1.04789218e-19  -1.04789218e-19
298.834721  1.038066466e-19  -1.038066466e-19
299.165279  1.027789018e-19  -1.027789018e-19
299.4779249  1.018172417e-19  -1.018172417e-19
299.7387739  1.010225502e-19  -1.010225502e-19
299.9195339  1.004758972e-19  -1.004758972e-19
300  1.002336101e-19  -1.002336101e-19
300.0804661  9.999197211e-20  -9.999197211e-20
300.2612261  9.945151001e-20  -9.945151001e-20
300.5220751  9.867729937e-20  -9.867729937e-20
300.834721  9.775816307e-20  -9.775816307e-20
301.165279  9.679670095e-20  -9.679670095e-20
301.4779249  9.589699725e-20  -9.589699725e-20
301.7387739  9.515345766e-20  -9.515345766e-20
301.9195339  9.464196611e-20  -9.464196611e-20
302  9.441525677e-20  -9.441525677e-20
302.0804661  9.418915068e-20  -9.418915068e-20
302.2612261  9.36834137e-20  -9.36834137e-20
302.5220751  9.295891145e-20  -9.295891145e-20
302.834721  9.209873431e-20  -9.209873431e-20
303.165279  9.119888286e-20  -9.119888286e-20
303.4779249  9.035677302e-20  -9.035677302e-20
303.7387739  8.966078691e-20  -8.966078691e-20
303.9195339  8.9181985e-20  -8.9181985e-20
304  8.89697587e-20  -8.89697587e-20
304.0804661  8.875809341e-20  -8.875809341e-20
304.2612261  8.828464304e-20  -8.828464304e-20
304.5220751  8.760636101e-20  -8.760636101e-20
304.834721  8.680100945e-20  -8.680100945e-20
305.165279  8.595845364e-20  -8.595845364e-20
305.4779249  8.516990805e-20  -8.516990805e-20
305.7387739  8.451815135e-20  -8.451815135e-20
305.9195339  8.406975561e-20  -8.406975561e-20
306  8.38710011e-20  -8.38710011e-20
306.0804661  8.367276854e-20  -8.367276854e-20
306.2612261  8.322935193e-20  -8.322935193e-20
306.5220751  8.259406724e-20  -8.259406724e-20
306.834721  8.183972183e-20  -8.183972183e-20
307.165279  8.10504742e-20  -8.10504742e-20
307.4779249  8.03117689e-20  -8.03117689e-20
307.7387739  7.970116939e-20  -7.970116939e-20
307.9195339  7.928106927e-20  -7.928106927e-20
308  7.909485181e-20  -7.909485181e-20
308.0804661  7.890912021e-20  -7.890912021e-20
308.2612261  7.849365488e-20  -7.849365488e-20
308.5220751  7.789838828e-20  -7.789838828e-20
308.834721  7.719151803e-20  -7.719151803e-20
309.165279  7.645189194e-20  -7.645189194e-20
309.4779249  7.575958359e-20  -7.575958359e-20
309.7387739  7.518730041e-20  -7.518730041e-20
309.9195339  7.479354415e-20  -7.479354415e-20
310  7.461899933e-20  -7.461899933e-20
310.0804661  7.444490699e-20  -7.444490699e-20
310.2612261  7.4055467e-20  -7.4055467e-20
310.5220751  7.3497463e-20  -7.3497463e-20
310.834721  7.283480189e-20  -7.283480189e-20
311.165279  7.214138711e-20  -7.214138711e-20
311.4779249  7.149229029e-20  -7.149229029e-20
311.7387739  7.095569514e-20  -7.095569514e-20
311.9195339  7.058647692e-20  -7.058647692e-20
312  7.042280494e-20  -7.042280494e-20
312.0804661  7.025955453e-20  -7.025955453e-20
312.2612261  6.989435781e-20  -6.989435781e-20
312.5220751  6.937106663e-20  -6.937106663e-20
312.834721  6.874959222e-20  -6.874959222e-20
313.165279  6.809923259e-20  -6.809923259e-20
313.4779249  6.749039895e-20  -6.749039895e-20
313.7387739  6.698705898e-20  -6.698705898e-20
313.9195339  6.664070721e-20  -6.664070721e-20
314  6.648716767e-20  -6.648716767e-20
314.0804661  6.633402109e-20  -6.633402109e-20
314.2612261  6.599141786e-20  -6.599141786e-20
314.5220751  6.550047885e-20  -6.550047885e-20
314.834721  6.491739273e-20  -6.491739273e-20
315.165279  6.430716577e-20  -6.430716577e-20
315.4779249  6.373586508e-20  -6.373586508e-20
315.7387739  6.326352725e-20  -6.326352725e-20
315.9195339  6.293849377e-20  -6.293849377e-20
316  6.279440094e-20  -6.279440094e-20
316.0804661  6.265067456e-20  -6.265067456e-20
316.2612261  6.232913676e-20  -6.232913676e-20
316.5220751  6.186836333e-20  -6.186836333e-20
316.834721  6.132107324e-20  -6.132107324e-20
317.165279  6.074827157e-20  -6.074827157e-20
317.4779249  6.021197429e-20  -6.021197429e-20
317.7387739  5.976855106e-20  -5.976855106e-20
317.9195339  5.946340136e-20  -5.946340136e-20
318  5.932811983e-20  -5.932811983e-20
318.0804661  5.919318018e-20  -5.919318018e-20
318.2612261  5.889129178e-20  -5.889129178e-20
318.5220751  5.845865759e-20  -5.845865759e-20
318.834721  5.794476104e-20  -5.794476104e-20
319.165279  5.740687528e-20  -5.740687528e-20
319.4779249  5.690323675e-20  -5.690323675e-20
319.7387739  5.648679297e-20  -5.648679297e-20
319.9195339  5.620019722e-20  -5.620019722e-20
320  5.607313791e-20  -5.607313791e-20
320.0804661  5.594639769e-20  -5.594639769e-20
320.2612261  5.566284589e-20  -5.566284589e-20
320.5220751  5.525647216e-20  -5.525647216e-20
320.834721  5.47737415e-20  -5.47737415e-20
321.165279  5.426844473e-20  -5.426844473e-20
321.4779249  5.379529054e-20  -5.379529054e-20
321.7387739  5.340403152e-20  -5.340403152e-20
321.9195339  5.313475629e-20  -5.313475629e-20
322  5.301537283e-20  -5.301537283e-20
322.0804661  5.289628733e-20  -5.289628733e-20
322.2612261  5.262985443e-20  -5.262985443e-20
322.5220751  5.224799839e-20  -5.224799839e-20
322.834721  5.179436712e-20  -5.179436712e-20
323.165279  5.131950055e-20  -5.131950055e-20
323.4779249  5.087481329e-20  -5.087481329e-20
323.7387739  5.050707376e-20  -5.050707376e-20
323.9195339  5.025397456e-20  -5.025397456e-20
324  5.014175994e-20  -5.014175994e-20
324.0804661  5.002982367e-20  -5.002982367e-20
324.2612261  4.977937964e-20  -4.977937964e-20
324.5220751  4.942042396e-20  -4.942042396e-20
324.834721  4.899397414e-20  -4.899397414e-20
325.165279  4.854753405e-20  -4.854753405e-20
325.4779249  4.812944109e-20  -4.812944109e-20
325.7387739  4.778367519e-20  -4.778367519e-20
325.9195339  4.754568951e-20  -4.754568951e-20
326  4.744017305e-20  -4.744017305e-20
326.0804661  4.733491671e-20  -4.733491671e-20
326.2612261  4.709941243e-20  -4.709941243e-20
326.5220751  4.676185546e-20  -4.676185546e-20
326.834721  4.636080623e-20  -4.636080623e-20
327.165279  4.594093197e-20  -4.594093197e-20
327.4779249  4.554769425e-20  -4.554769425e-20
327.7387739  4.52224663e-20  -4.52224663e-20
327.9195339  4.499860734e-20  -4.499860734e-20
328  4.489935185e-20  -4.489935185e-20
328.0804661  4.480033957e-20  -4.480033957e-20
328.2612261  4.457880054e-20  -4.457880054e-20
328.5220751  4.426124741e-20  -4.426124741e-20
328.834721  4.388394444e-20  -4.388394444e-20
329.165279  4.348890745e-20  -4.348890745e-20
329.4779249  4.311890922e-20  -4.311890922e-20
329.7387739  4.281288527e-20  -4.281288527e-20
329.9195339  4.260223608e-20  -4.260223608e-20
330  4.250883534e-20  -4.250883534e-20
330.0804661  4.241566207e-20  -4.241566207e-20
330.2612261  4.220718275e-20  -4.220718275e-20
330.5220751  4.190833718e-20  -4.190833718e-20
330.834721  4.155324299e-20  -4.155324299e-20
331.165279  4.118143666e-20  -4.118143666e-20
331.4779249  4.08331761e-20  -4.08331761e-20
331.7387739  4.054511616e-20  -4.054511616e-20
331.9195339  4.034682434e-20  -4.034682434e-20
332  4.025890069e-20  -4.025890069e-20
332.0804661  4.017118988e-20  -4.017118988e-20
332.2612261  3.99749284e-20  -3.99749284e-20
332.5220751  3.969358523e-20  -3.969358523e-20
332.834721  3.935927029e-20  -3.935927029e-20
333.165279  3.900920072e-20  -3.900920072e-20
333.4779249  3.868128127e-20  -3.868128127e-20
333.7387739  3.841003216e-20  -3.841003216e-20
333.9195339  3.822330497e-20  -3.822330497e-20
334  3.814050718e-20  -3.814050718e-20
334.0804661  3.805790863e-20  -3.805790863e-20
334.2612261  3.787308198e-20  -3.787308198e-20
334.5220751  3.760812023e-20  -3.760812023e-20
334.834721  3.729325482e-20  -3.729325482e-20
335.165279  3.69635323e-20  -3.69635323e-20
335.4779249  3.665465468e-20  -3.665465468e-20
335.7387739  3.639914354e-20  -3.639914354e-20
335.9195339  3.622324338e-20  -3.622324338e-20
336  3.614524465e-20  -3.614524465e-20
336.0804661  3.60674325e-20  -3.60674325e-20
336.2612261  3.589331208e-20  -3.589331208e-20
336.5220751  3.564368866e-20  -3.564368866e-20
336.834721  3.534703532e-20  -3.534703532e-20
337.165279  3.503636652e-20  -3.503636652e-20
337.4779249  3.474532148e-20  -3.474532148e-20
337.7387739  3.450454968e-20  -3.450454968e-20
337.9195339  3.433878999e-20  -3.433878999e-20
338  3.426528613e-20  -3.426528613e-20
338.0804661  3.419195704e-20  -3.419195704e-20
338.2612261  3.402786462e-20  -3.402786462e-20
338.5220751  3.379260845e-20  -3.379260845e-20
338.834721  3.351301515e-20  -3.351301515e-20
339.165279  3.322019588e-20  -3.322019588e-20
339.4779249  3.294585746e-20  -3.294585746e-20
339.7387739  3.271889512e-20  -3.271889512e-20
339.9195339  3.256263656e-20  -3.256263656e-20
340  3.249334426e-20  -3.249334426e-20
340.0804661  3.242421576e-20  -3.242421576e-20
340.2612261  3.226951969e-20  -3.226951969e-20
340.5220751  3.204772641e-20  -3.204772641e-20
340.834721  3.178412013e-20  -3.178412013e-20
341.165279  3.150802877e-20  -3.150802877e-20
341.4779249  3.124934811e-20  -3.124934811e-20
341.7387739  3.103532897e-20  -3.103532897e-20
341.9195339  3.088797591e-20  -3.088797591e-20
342  3.082263126e-20  -3.082263126e-20
342.0804661  3.075744017e-20  -3.075744017e-20
342.2612261  3.061155198e-20  -3.061155198e-20
342.5220751  3.040237894e-20  -3.040237894e-20
342.834721  3.015375988e-20  -3.015375988e-20
343.165279  2.989335124e-20  -2.989335124e-20
343.4779249  2.964935093e-20  -2.964935093e-20
343.7387739  2.944746768e-20  -2.944746768e-20
343.9195339  2.9308465e-20  -2.9308465e-20
344  2.924682201e-20  -2.924682201e-20
344.0804661  2.918532303e-20  -2.918532303e-20
344.2612261  2.904769422e-20  -2.904769422e-20
344.5220751  2.8850356e-20  -2.8850356e-20
344.834721  2.861579218e-20  -2.861579218e-20
345.165279  2.837009192e-20  -2.837009192e-20
345.4779249  2.813986071e-20  -2.813986071e-20
345.7387739  2.794936066e-20  -2.794936066e-20
345.9195339  2.781819078e-20  -2.781819078e-20
346  2.776002009e-20  -2.776002009e-20
346.0804661  2.770198452e-20  -2.770198452e-20
346.2612261  2.757210363e-20  -2.757210363e-20
346.5220751  2.738586782e-20  -2.738586782e-20
346.834721  2.716449013e-20  -2.716449013e-20
347.165279  2.693258958e-20  -2.693258958e-20
347.4779249  2.671527758e-20  -2.671527758e-20
347.7387739  2.653545868e-20  -2.653545868e-20
347.9195339  2.641163881e-20  -2.641163881e-20
348  2.635672648e-20  -2.635672648e-20
348.0804661  2.630194097e-20  -2.630194097e-20
348.2612261  2.617933091e-20  -2.617933091e-20
348.5220751  2.600351428e-20  -2.600351428e-20
348.834721  2.579451191e-20  -2.579451191e-20
349.165279  2.557556327e-20  -2.557556327e-20
349.4779249  2.537037752e-20  -2.537037752e-20
349.7387739  2.520058468e-20  -2.520058468e-20
349.9195339  2.508366432e-20  -2.508366432e-20
350  2.503181071e-20  -2.503181071e-20
350.0804661  2.498007618e-20  -2.498007618e-20
350.2612261  2.486429171e-20  -2.486429171e-20
350.5220751  2.469825665e-20  -2.469825665e-20
350.834721  2.450087286e-20  -2.450087286e-20
351.165279  2.429408485e-20  -2.429408485e-20
351.4779249  2.410028517e-20  -2.410028517e-20
351.7387739  2.39399069e-20  -2.39399069e-20
351.9195339  2.38294655e-20  -2.38294655e-20
352  2.378048424e-20  -2.378048424e-20
352.0804661  2.373161482e-20  -2.373161482e-20
352.2612261  2.362224031e-20  -2.362224031e-20
352.5220751  2.346539151e-20  -2.346539151e-20
352.834721  2.327891977e-20  -2.327891977e-20
353.165279  2.308355357e-20  -2.308355357e-20
353.4779249  2.290044879e-20  -2.290044879e-20
353.7387739  2.274891406e-20  -2.274891406e-20
353.9195339  2.264455888e-20  -2.264455888e-20
354  2.259827592e-20  -2.259827592e-20
354.0804661  2.255209804e-20  -2.255209804e-20
354.2612261  2.244874529e-20  -2.244874529e-20
354.5220751  2.230052677e-20  -2.230052677e-20
354.834721  2.212430717e-20  -2.212430717e-20
355.165279  2.193967264e-20  -2.193967264e-20
355.4779249  2.176661711e-20  -2.176661711e-20
355.7387739  2.162339246e-20  -2.162339246e-20
355.9195339  2.152475659e-20  -2.152475659e-20
356  2.148100932e-20  -2.148100932e-20
356.0804661  2.143736081e-20  -2.143736081e-20
356.2612261  2.133966713e-20  -2.133966713e-20
356.5220751  2.119955941e-20  -2.119955941e-20
356.834721  2.103297533e-20  -2.103297533e-20
357.165279  2.085842757e-20  -2.085842757e-20
357.4779249  2.069481795e-20  -2.069481795e-20
357.7387739  2.055940482e-20  -2.055940482e-20
357.9195339  2.046614536e-20  -2.046614536e-20
358  2.042478179e-20  -2.042478179e-20
358.0804661  2.038351109e-20  -2.038351109e-20
358.2612261  2.02911375e-20  -2.02911375e-20
358.5220751  2.015865503e-20  -2.015865503e-20
358.834721  2.000113008e-20  -2.000113008e-20
359.165279  1.983606625e-20  -1.983606625e-20
359.4779249  1.968133847e-20  -1.968133847e-20
359.7387739  1.955327078e-20  -1.955327078e-20
359.9195339  1.946506711e-20  -1.946506711e-20
360  1.942594516e-20  -1.942594516e-20
360.0804661  1.938691055e-20  -1.938691055e-20
360.2612261  1.92995401e-20  -1.92995401e-20
360.5220751  1.917422886e-20  -1.917422886e-20
360.834721  1.902522407e-20  -1.902522407e-20
361.165279  1.88690804e-20  -1.88690804e-20
361.4779249  1.872270697e-20  -1.872270697e-20
361.7387739  1.860154878e-20  -1.860154878e-20
361.9195339  1.851810105e-20  -1.851810105e-20
362  1.84810878e-20  -1.84810878e-20
362.0804661  1.844415674e-20  -1.844415674e-20
362.2612261  1.836149297e-20  -1.836149297e-20
362.5220751  1.824292827e-20  -1.824292827e-20
362.834721  1.810193946e-20  -1.810193946e-20
363.165279  1.795418856e-20  -1.795418856e-20
363.4779249  1.781567595e-20  -1.781567595e-20
363.7387739  1.770101943e-20  -1.770101943e-20
363.9195339  1.762204706e-20  -1.762204706e-20
364  1.758701817e-20  -1.758701817e-20
364.0804661  1.755206663e-20  -1.755206663e-20
364.2612261  1.747383212e-20  -1.747383212e-20
364.5220751  1.736161657e-20  -1.736161657e-20
364.834721  1.722817193e-20  -1.722817193e-20
365.165279  1.708832024e-20  -1.708832024e-20
365.4779249  1.695720658e-20  -1.695720658e-20
365.7387739  1.684866999e-20  -1.684866999e-20
365.9195339  1.677391039e-20  -1.677391039e-20
366  1.674074945e-20  -1.674074945e-20
366.0804661  1.670766134e-20  -1.670766134e-20
366.2612261  1.663359644e-20  -1.663359644e-20
366.5220751  1.652735804e-20  -1.652735804e-20
366.834721  1.640101589e-20  -1.640101589e-20
367.165279  1.626860134e-20  -1.626860134e-20
367.4779249  1.614445419e-20  -1.614445419e-20
367.7387739  1.604168012e-20  -1.604168012e-20
367.9195339  1.59708874e-20  -1.59708874e-20
368  1.593948543e-20  -1.593948543e-20
368.0804661  1.590815205e-20  -1.590815205e-20
368.2612261  1.583801361e-20  -1.583801361e-20
368.5220751  1.573740401e-20  -1.573740401e-20
368.834721  1.561775074e-20  -1.561775074e-20
369.165279  1.54923406e-20  -1.54923406e-20
369.4779249  1.537475494e-20  -1.537475494e-20
369.7387739  1.527740863e-20  -1.527740863e-20
369.9195339  1.521035248e-20  -1.521035248e-20
370  1.51806074e-20  -1.51806074e-20
370.0804661  1.515092693e-20  -1.515092693e-20
370.2612261  1.508448718e-20  -1.508448718e-20
370.5220751  1.498918007e-20  -1.498918007e-20
370.834721  1.48758282e-20  -1.48758282e-20
371.165279  1.475701705e-20  -1.475701705e-20
371.4779249  1.464561343e-20  -1.464561343e-20
371.7387739  1.455338123e-20  -1.455338123e-20
371.9195339  1.448984584e-20  -1.448984584e-20
372  1.446166198e-20  -1.446166198e-20
372.0804661  1.443353901e-20  -1.443353901e-20
372.2612261  1.437058454e-20  -1.437058454e-20
372.5220751  1.428027413e-20  -1.428027413e-20
372.834721  1.417286053e-20  -1.417286053e-20
373.165279  1.406026842e-20  -1.406026842e-20
373.4779249  1.39546912e-20  -1.39546912e-20
373.7387739  1.386727912e-20  -1.386727912e-20
373.9195339  1.380706222e-20  -1.380706222e-20
374  1.378034991e-20  -1.378034991e-20
374.0804661  1.375369502e-20  -1.375369502e-20
374.2612261  1.369402576e-20  -1.369402576e-20
374.5220751  1.36084254e-20  -1.36084254e-20
374.834721  1.350660967e-20  -1.350660967e-20
375.165279  1.339988038e-20  -1.339988038e-20
375.4779249  1.329979611e-20  -1.329979611e-20
375.7387739  1.321692851e-20  -1.321692851e-20
375.9195339  1.315984043e-20  -1.315984043e-20
376  1.313451561e-20  -1.313451561e-20
376.0804661  1.310924492e-20  -1.310924492e-20
376.2612261  1.305267328e-20  -1.305267328e-20
376.5220751  1.297151416e-20  -1.297151416e-20
376.834721  1.287497706e-20  -1.287497706e-20
377.165279  1.277377653e-20  -1.277377653e-20
377.4779249  1.267887249e-20  -1.267887249e-20
377.7387739  1.260029081e-20  -1.260029081e-20
377.9195339  1.254615366e-20  -1.254615366e-20
378  1.252213745e-20  -1.252213745e-20
378.0804661  1.249817231e-20  -1.249817231e-20
378.2612261  1.244452233e-20  -1.244452233e-20
378.5220751  1.236755229e-20  -1.236755229e-20
378.834721  1.227599433e-20  -1.227599433e-20
379.165279  1.218000916e-20  -1.218000916e-20
379.4779249  1.208999193e-20  -1.208999193e-20
379.7387739  1.201545362e-20  -1.201545362e-20
379.9195339  1.196410046e-20  -1.196410046e-20
380  1.194131887e-20  -1.194131887e-20
380.0804661  1.191858547e-20  -1.191858547e-20
380.2612261  1.186769201e-20  -1.186769201e-20
380.5220751  1.179467444e-20  -1.179467444e-20
380.834721  1.17078146e-20  -1.17078146e-20
381.165279  1.161675065e-20  -1.161675065e-20
381.4779249  1.153134486e-20  -1.153134486e-20
381.7387739  1.146062222e-20  -1.146062222e-20
381.9195339  1.14118964e-20  -1.14118964e-20
382  1.139027997e-20  -1.139027997e-20
382.0804661  1.136870902e-20  -1.136870902e-20
382.2612261  1.13204171e-20  -1.13204171e-20
382.5220751  1.125112988e-20  -1.125112988e-20
382.834721  1.116870432e-20  -1.116870432e-20
383.165279  1.108228547e-20  -1.108228547e-20
383.4779249  1.10012326e-20  -1.10012326e-20
383.7387739  1.093411188e-20  -1.093411188e-20
383.9195339  1.088786627e-20  -1.088786627e-20
384  1.086734979e-20  -1.086734979e-20
384.0804661  1.084687625e-20  -1.084687625e-20
384.2612261  1.080104032e-20  -1.080104032e-20
384.5220751  1.073527489e-20  -1.073527489e-20
384.834721  1.065703588e-20  -1.065703588e-20
385.165279  1.057500282e-20  -1.057500282e-20
385.4779249  1.049806005e-20  -1.049806005e-20
385.7387739  1.043434048e-20  -1.043434048e-20
385.9195339  1.039043693e-20  -1.039043693e-20
386  1.037095914e-20  -1.037095914e-20
386.0804661  1.03515219e-20  -1.03515219e-20
386.2612261  1.030800528e-20  -1.030800528e-20
386.5220751  1.024556573e-20  -1.024556573e-20
386.834721  1.017128054e-20  -1.017128054e-20
387.165279  1.009338967e-20  -1.009338967e-20
387.4779249  1.002032892e-20  -1.002032892e-20
387.7387739  9.959821881e-21  -9.959821881e-21
387.9195339  9.918130573e-21  -9.918130573e-21
388  9.899633915e-21  -9.899633915e-21
388.0804661  9.881175577e-21  -9.881175577e-21
388.2612261  9.839849812e-21  -9.839849812e-21
388.5220751  9.780552056e-21  -9.780552056e-21
388.834721  9.710002013e-21  -9.710002013e-21
389.165279  9.636024426e-21  -9.636024426e-21
389.4779249  9.566631323e-21  -9.566631323e-21
389.7387739  9.509159556e-21  -9.509159556e-21
389.9195339  9.469558489e-21  -9.469558489e-21
390  9.451988878e-21  -9.451988878e-21
390.0804661  9.43445548e-21  -9.43445548e-21
390.2612261  9.395199856e-21  -9.395199856e-21
390.5220751  9.338870876e-21  -9.338870876e-21
390.834721  9.271850427e-21  -9.271850427e-21
391.165279  9.20157094e-21  -9.20157094e-21
391.4779249  9.135643975e-21  -9.135643975e-21
391.7387739  9.081040829e-21  -9.081040829e-21
391.9195339  9.043415303e-21  -9.043415303e-21
392  9.026721886e-21  -9.026721886e-21
392.0804661  9.0100627e-21  -9.0100627e-21
392.2612261  8.972763717e-21  -8.972763717e-21
392.5220751  8.919240833e-21  -8.919240833e-21
392.834721  8.855556706e-21  -8.855556706e-21
393.165279  8.788772981e-21  -8.788772981e-21
393.4779249  8.72612266e-21  -8.72612266e-21
393.7387739  8.674231418e-21  -8.674231418e-21
393.9195339  8.638473567e-21  -8.638473567e-21
394  8.622608517e-21  -8.622608517e-21
394.0804661  8.606775835e-21  -8.606775835e-21
394.2612261  8.57132675e-21  -8.57132675e-21
394.5220751  8.520456958e-21  -8.520456958e-21
394.834721  8.45992737e-21  -8.45992737e-21
395.165279  8.396449086e-21  -8.396449086e-21
395.4779249  8.336897159e-21  -8.336897159e-21
395.7387739  8.2875704e-21  -8.2875704e-21
395.9195339  8.25357875e-21  -8.25357875e-21
396  8.238497075e-21  -8.238497075e-21
396.0804661  8.223446015e-21  -8.223446015e-21
396.2612261  8.189746404e-21  -8.189746404e-21
396.5220751  8.141385758e-21  -8.141385758e-21
396.834721  8.083839675e-21  -8.083839675e-21
397.165279  8.023487761e-21  -8.023487761e-21
397.4779249  7.966866505e-21  -7.966866505e-21
397.7387739  7.919965504e-21  -7.919965504e-21
397.9195339  7.887644566e-21  -7.887644566e-21
398  7.873303928e-21  -7.873303928e-21
398.0804661  7.858992253e-21  -7.858992253e-21
398.2612261  7.82694761e-21  -7.82694761e-21
398.5220751  7.780960641e-21  -7.780960641e-21
398.834721  7.726237097e-21  -7.726237097e-21
399.165279  7.668843011e-21  -7.668843011e-21
399.4779249  7.61499456e-21  -7.61499456e-21
399.7387739  7.570388741e-21  -7.570388741e-21
399.9195339  7.539648629e-21  -7.539648629e-21
