#L=7 M=-5
#R     Re(V)   Im(V)

0.08046609183  3.90016095e-11  2.614957645e-11
0.2612261349  1.482636492e-07  9.937277151e-08
0.5220750502  1.889157081e-05  1.265744469e-05
0.8347210423  0.0005050790622  0.0003381676664
1.165278958  0.005226256096  0.003495678921
1.47792495  0.02763138764  0.01846209242
1.738773865  0.08631243476  0.05761991196
1.919533908  0.1726113582  0.1151692438
2  0.2298991046  0.1535359879
2.080466092  0.1677265422  0.1119069893
2.261226135  0.08580161736  0.05725145103
2.52207505  0.03523968054  0.02342455288
2.834721042  0.01265949829  0.00809632016
3.165278958  0.002823164962  0.0009823907527
3.47792495  -0.003079827488  -0.003918352953
3.738773865  -0.008228476775  -0.008682700719
3.919533908  -0.01265911731  -0.01296184557
4  -0.01497556975  -0.01522939165
4.080466092  -0.01267237034  -0.01288572047
4.261226135  -0.008776228552  -0.008921867764
4.52207505  -0.005251063477  -0.00533652946
4.834721042  -0.002896664773  -0.00294282146
5.165278958  -0.001572618971  -0.001597175621
5.47792495  -0.0008922803665  -0.0009059740042
5.738773865  -0.0005581769325  -0.0005666300012
5.919533908  -0.0004031792258  -0.0004092322359
6  -0.0003486457673  -0.0003538605185
6.080466092  -0.0003013284328  -0.0003058189373
6.261226135  -0.0002165293375  -0.0002197303407
6.52207505  -0.000132941295  -0.0001348847369
6.834721042  -7.191505878e-05  -7.295254124e-05
7.165278958  -3.512551932e-05  -3.562467191e-05
7.47792495  -1.555889268e-05  -1.577578893e-05
7.738773865  -5.99533449e-06  -6.076075226e-06
7.919533908  -1.703572322e-06  -1.723881294e-06
8  -2.464028665e-07  -2.463418588e-07
8.080466092  9.818727589e-07  9.990227582e-07
8.261226135  3.054376801e-06  3.100120383e-06
8.52207505  4.802336817e-06  4.871746943e-06
8.834721042  5.658792454e-06  5.739233346e-06
9.165278958  5.731432335e-06  5.812064844e-06
9.47792495  5.394977444e-06  5.470337586e-06
9.738773865  4.971737163e-06  5.040850609e-06
9.919533908  4.645531279e-06  4.709921174e-06
10  4.496905084e-06  4.559159342e-06
10.08046609  4.347737507e-06  4.407856726e-06
10.26122613  4.015018837e-06  4.070401529e-06
10.52207505  3.552413204e-06  3.601259096e-06
10.83472104  3.041375441e-06  3.083054612e-06
11.16527896  2.562782695e-06  2.597795066e-06
11.47792495  2.170166649e-06  2.199739719e-06
11.73877387  1.885123659e-06  1.910763997e-06
11.91953391  1.708662165e-06  1.731874661e-06
12  1.63531271e-06  1.657517563e-06
12.08046609  1.565023989e-06  1.586264094e-06
12.26122613  1.417753944e-06  1.436975408e-06
12.52207505  1.229190868e-06  1.245833123e-06
12.83472104  1.036212322e-06  1.050221455e-06
13.16527896  8.657377189e-07  8.774264393e-07
13.47792495  7.312455565e-07  7.411075427e-07
13.73877387  6.358606006e-07  6.444292029e-07
13.91953391  5.77543984e-07  5.853227588e-07
14  5.534378352e-07  5.608903316e-07
14.08046609  5.30401038e-07  5.375418465e-07
14.26122613  4.823034312e-07  4.887938526e-07
14.52207505  4.209595007e-07  4.266211657e-07
14.83472104  3.582928377e-07  3.631087744e-07
15.16527896  3.028497809e-07  3.069182627e-07
15.47792495  2.589111498e-07  2.623878179e-07
15.73877387  2.275595506e-07  2.306142452e-07
15.91953391  2.082814902e-07  2.110768426e-07
16  2.002824708e-07  2.029702441e-07
16.08046609  1.926196572e-07  1.952043892e-07
16.26122613  1.765549425e-07  1.789237056e-07
16.52207505  1.559138354e-07  1.580052109e-07
16.83472104  1.346085263e-07  1.364137139e-07
17.16527896  1.155238181e-07  1.170727563e-07
17.47792495  1.002000635e-07  1.015433265e-07
17.73877387  8.913296065e-08  9.032772362e-08
17.91953391  8.226260361e-08  8.336519702e-08
18  7.939556308e-08  8.045969767e-08
18.08046609  7.663937024e-08  7.766653517e-08
18.26122613  7.082826161e-08  7.177748761e-08
18.52207505  6.328922696e-08  6.413735353e-08
18.83472104  5.5408604e-08  5.615106784e-08
19.16527896  4.824810593e-08  4.889457768e-08
19.47792495  4.241619954e-08  4.298450056e-08
19.73877387  3.815060837e-08  3.866173938e-08
19.91953391  3.547674537e-08  3.595204213e-08
20  3.435453113e-08  3.48147889e-08
20.08046609  3.327194552e-08  3.371769568e-08
20.26122613  3.097667614e-08  3.139166863e-08
20.52207505  2.797086939e-08  2.834558471e-08
20.83472104  2.479076347e-08  2.512286843e-08
21.16527896  2.18624336e-08  2.215530386e-08
21.47792495  1.944589352e-08  1.970638766e-08
21.73877387  1.765788259e-08  1.789442227e-08
21.91953391  1.652722384e-08  1.674861612e-08
22  1.605025062e-08  1.626525298e-08
22.08046609  1.558868711e-08  1.579750603e-08
22.26122613  1.46052117e-08  1.480085541e-08
22.52207505  1.330652172e-08  1.348476771e-08
22.83472104  1.191782488e-08  1.207746769e-08
23.16527896  1.062401654e-08  1.076632761e-08
23.47792495  9.54402022e-09  9.671863954e-09
23.73877387  8.736882397e-09  8.853914041e-09
23.91953391  8.222601156e-09  8.332743743e-09
24  8.0046863e-09  8.111909818e-09
24.08046609  7.793244195e-09  7.897635356e-09
24.26122613  7.34077452e-09  7.439104674e-09
24.52207505  6.738979194e-09  6.829248103e-09
24.83472104  6.089553178e-09  6.171122858e-09
25.16527896  5.478382694e-09  5.551765626e-09
25.47792495  4.963167555e-09  5.029649107e-09
25.73877387  4.574798261e-09  4.636077566e-09
25.91953391  4.325728933e-09  4.383671935e-09
26  4.219789999e-09  4.276313941e-09
26.08046609  4.116760558e-09  4.171904415e-09
26.26122613  3.895471093e-09  3.947650767e-09
26.52207505  3.59933226e-09  3.647545145e-09
26.83472104  3.277231838e-09  3.321130184e-09
27.16527896  2.97147509e-09  3.011277827e-09
27.47792495  2.711534803e-09  2.747855645e-09
27.73877387  2.514139546e-09  2.547816284e-09
27.91953391  2.386836268e-09  2.418807784e-09
28  2.332511976e-09  2.363755819e-09
28.08046609  2.27957465e-09  2.3101094e-09
28.26122613  2.165512466e-09  2.194519358e-09
28.52207505  2.012056636e-09  2.039007995e-09
28.83472104  1.844011219e-09  1.868711619e-09
29.16527896  1.683297533e-09  1.705845182e-09
29.47792495  1.545663568e-09  1.56636762e-09
29.73877387  1.440475777e-09  1.459770844e-09
29.91953391  1.372309113e-09  1.390691092e-09
30  1.343137713e-09  1.361128944e-09
30.08046609  1.314662069e-09  1.33227187e-09
30.26122613  1.253136963e-09  1.26992264e-09
30.52207505  1.169979802e-09  1.185651594e-09
30.83472104  1.078377261e-09  1.092822044e-09
31.16527896  9.901998281e-10  1.00346348e-09
31.47792495  9.142022635e-10  9.26447934e-10
31.73877387  8.557953808e-10  8.672586954e-10
31.91953391  8.177843471e-10  8.287385067e-10
32  8.014774463e-10  8.122131762e-10
32.08046609  7.855354447e-10  7.960576327e-10
32.26122613  7.510073809e-10  7.610670681e-10
32.52207505  7.041500289e-10  7.135820653e-10
32.83472104  6.522657238e-10  6.61002774e-10
33.16527896  6.020353415e-10  6.100995593e-10
33.47792495  5.584997524e-10  5.659808142e-10
33.73877387  5.248762018e-10  5.319068786e-10
33.91953391  5.029122831e-10  5.096487549e-10
34  4.934690465e-10  5.00079027e-10
34.08046609  4.842248234e-10  4.907109782e-10
34.26122613  4.641603594e-10  4.703777522e-10
34.52207505  4.368336893e-10  4.426850435e-10
34.83472104  4.064363773e-10  4.118805619e-10
35.16527896  3.768588656e-10  3.819068616e-10
35.47792495  3.510957637e-10  3.557986648e-10
35.73877387  3.311113655e-10  3.355465771e-10
35.91953391  3.180136318e-10  3.222734003e-10
36  3.123714058e-10  3.165555971e-10
36.08046609  3.068415482e-10  3.109516675e-10
36.26122613  2.948162364e-10  2.987652776e-10
36.52207505  2.783862134e-10  2.821151756e-10
36.83472104  2.600352353e-10  2.635183875e-10
37.16527896  2.420985046e-10  2.453413958e-10
37.47792495  2.264055066e-10  2.294381911e-10
37.73877387  2.141849723e-10  2.170539639e-10
37.91953391  2.061519081e-10  2.089132973e-10
38  2.026854205e-10  2.054003764e-10
38.08046609  1.992843712e-10  2.019537702e-10
38.26122613  1.918758053e-10  1.944459672e-10
38.52207505  1.817246745e-10  1.841588627e-10
38.83472104  1.703451469e-10  1.726269072e-10
39.16527896  1.591774308e-10  1.613096004e-10
39.47792495  1.493677186e-10  1.513684879e-10
39.73877387  1.4170187e-10  1.435999558e-10
39.91953391  1.36649356e-10  1.384797638e-10
40  1.344656495e-10  1.362668067e-10
40.08046609  1.323211232e-10  1.340935546e-10
40.26122613  1.276425022e-10  1.293522638e-10
40.52207505  1.212154205e-10  1.228390918e-10
40.83472104  1.139867943e-10  1.155136388e-10
41.16527896  1.068667945e-10  1.082982671e-10
41.47792495  1.005900706e-10  1.01937467e-10
41.73877387  9.566956285e-11  9.695104938e-11
41.91953391  9.241867189e-11  9.365661299e-11
42  9.101164447e-11  9.223073853e-11
42.08046609  8.962867016e-11  9.082923939e-11
42.26122613  8.660730792e-11  8.776740623e-11
42.52207505  8.244715755e-11  8.355153096e-11
42.83472104  7.775417922e-11  7.879569055e-11
43.16527896  7.311641169e-11  7.409580048e-11
43.47792495  6.901457477e-11  6.993901976e-11
43.73877387  6.578978254e-11  6.667103168e-11
43.91953391  6.365455763e-11  6.450720559e-11
44  6.272921791e-11  6.356947102e-11
44.08046609  6.181898372e-11  6.264704432e-11
44.26122613  5.982790003e-11  6.062929021e-11
44.52207505  5.708054429e-11  5.784513384e-11
44.83472104  5.397286961e-11  5.46958321e-11
45.16527896  5.089249109e-11  5.157419214e-11
45.47792495  4.815996467e-11  4.880506374e-11
45.73877387  4.600607039e-11  4.662231821e-11
45.91953391  4.457706953e-11  4.517417599e-11
46  4.395705936e-11  4.454586084e-11
46.08046609  4.334673384e-11  4.392736004e-11
46.26122613  4.201014395e-11  4.257286664e-11
46.52207505  4.016230817e-11  4.070027924e-11
46.83472104  3.806692375e-11  3.85768273e-11
47.16527896  3.598421439e-11  3.646622021e-11
47.47792495  3.413166292e-11  3.458885395e-11
47.73877387  3.266789887e-11  3.31054829e-11
47.91953391  3.169498883e-11  3.21195408e-11
48  3.127241248e-11  3.169130407e-11
48.08046609  3.085616387e-11  3.126947984e-11
48.26122613  2.994363173e-11  3.03447244e-11
48.52207505  2.867981615e-11  2.906398011e-11
48.83472104  2.724341806e-11  2.760834157e-11
49.16527896  2.581209315e-11  2.615784418e-11
49.47792495  2.453575717e-11  2.486441177e-11
49.73877387  2.3525057e-11  2.384017335e-11
49.91953391  2.285215235e-11  2.31582552e-11
50  2.255959247e-11  2.28617765e-11
50.08046609  2.227123947e-11  2.256956103e-11
50.26122613  2.163847509e-11  2.192832083e-11
50.52207505  2.076069306e-11  2.103878096e-11
50.83472104  1.976094581e-11  2.002564218e-11
51.16527896  1.876240536e-11  1.901372635e-11
51.47792495  1.786993718e-11  1.810930363e-11
51.73877387  1.716177588e-11  1.739165656e-11
51.91953391  1.66895645e-11  1.691311995e-11
52  1.648407325e-11  1.670487616e-11
52.08046609  1.628142401e-11  1.649951245e-11
52.26122613  1.58363294e-11  1.604845583e-11
52.52207505  1.521795436e-11  1.542179771e-11
52.83472104  1.451228954e-11  1.470668056e-11
53.16527896  1.380595677e-11  1.399088651e-11
53.47792495  1.31733098e-11  1.334976529e-11
53.73877387  1.267036891e-11  1.284008754e-11
53.91953391  1.233451989e-11  1.249973984e-11
54  1.218824586e-11  1.235150649e-11
54.08046609  1.204392043e-11  1.220524783e-11
54.26122613  1.172666338e-11  1.188374115e-11
54.52207505  1.128527834e-11  1.143644378e-11
54.83472104  1.078068055e-11  1.092508694e-11
55.16527896  1.027459556e-11  1.041222299e-11
55.47792495  9.820409891e-12  9.951953536e-12
55.73877387  9.458711895e-12  9.585410622e-12
55.91953391  9.216858957e-12  9.340318083e-12
56  9.11144103e-12  9.233488091e-12
56.08046609  9.007377598e-12  9.128030737e-12
56.26122613  8.778448034e-12  8.896034679e-12
56.52207505  8.459535276e-12  8.572850109e-12
56.83472104  8.094339631e-12  8.202762696e-12
57.16527896  7.727387086e-12  7.830894849e-12
57.47792495  7.397460195e-12  7.496548613e-12
57.73877387  7.134291147e-12  7.229854435e-12
57.91953391  6.958102437e-12  7.05130569e-12
58  6.881249999e-12  6.973423821e-12
58.08046609  6.805351187e-12  6.896508349e-12
58.26122613  6.638260976e-12  6.727179978e-12
58.52207505  6.405212622e-12  6.491009959e-12
58.83472104  6.137926671e-12  6.220143733e-12
59.16527896  5.868889771e-12  5.947503104e-12
59.47792495  5.626584122e-12  5.701951789e-12
59.73877387  5.433014309e-12  5.505789123e-12
59.91953391  5.303271641e-12  5.374308562e-12
60  5.24664019e-12  5.316918537e-12
60.08046609  5.190688169e-12  5.260217043e-12
60.26122613  5.067427835e-12  5.135305646e-12
60.52207505  4.895316849e-12  4.960889246e-12
60.83472104  4.697633352e-12  4.760557794e-12
61.16527896  4.498332965e-12  4.558587794e-12
61.47792495  4.318547306e-12  4.37639392e-12
61.73877387  4.17471934e-12  4.230639388e-12
61.91953391  4.078212544e-12  4.132839891e-12
62  4.03606144e-12  4.090124177e-12
62.08046609  3.994399822e-12  4.047904504e-12
62.26122613  3.902563079e-12  3.954837615e-12
62.52207505  3.774193979e-12  3.82474902e-12
62.83472104  3.626550705e-12  3.675128076e-12
63.16527896  3.477474364e-12  3.524054869e-12
63.47792495  3.34279322e-12  3.387569681e-12
63.73877387  3.234905861e-12  3.278237179e-12
63.91953391  3.162441414e-12  3.204802077e-12
64  3.130772374e-12  3.172708832e-12
64.08046609  3.099459667e-12  3.140976693e-12
64.26122613  3.03039487e-12  3.070986779e-12
64.52207505  2.933760635e-12  2.973058135e-12
64.83472104  2.822475053e-12  2.860281892e-12
65.16527896  2.709949607e-12  2.746249177e-12
65.47792495  2.608146742e-12  2.643082669e-12
65.73877387  2.526495265e-12  2.560337477e-12
65.91953391  2.471600424e-12  2.504707324e-12
66  2.44759637e-12  2.480381738e-12
66.08046609  2.423854265e-12  2.456321609e-12
66.26122613  2.371458562e-12  2.40322407e-12
66.52207505  2.298079146e-12  2.328861742e-12
66.83472104  2.213472685e-12  2.243121984e-12
67.16527896  2.127809297e-12  2.15631114e-12
67.47792495  2.050206158e-12  2.077668514e-12
67.73877387  1.987891308e-12  2.014518961e-12
67.91953391  1.945959105e-12  1.97202508e-12
68  1.927613606e-12  1.953433844e-12
68.08046609  1.909462449e-12  1.935039553e-12
68.26122613  1.86938436e-12  1.894424622e-12
68.52207505  1.813206366e-12  1.837494127e-12
68.83472104  1.748359875e-12  1.771779023e-12
69.16527896  1.682620678e-12  1.705159254e-12
69.47792495  1.622992718e-12  1.644732582e-12
69.73877387  1.575058996e-12  1.596156791e-12
69.91953391  1.54277676e-12  1.563442138e-12
70  1.528646142e-12  1.549122241e-12
70.08046609  1.514660961e-12  1.53494973e-12
70.26122613  1.483766253e-12  1.50364119e-12
70.52207505  1.440424914e-12  1.459719296e-12
70.83472104  1.390342445e-12  1.408965977e-12
71.16527896  1.339510235e-12  1.357452873e-12
71.47792495  1.29334919e-12  1.310673504e-12
71.73877387  1.2562026e-12  1.273029339e-12
71.91953391  1.231165314e-12  1.247656679e-12
72  1.220200822e-12  1.23654532e-12
72.08046609  1.209346062e-12  1.225545161e-12
72.26122613  1.185355648e-12  1.201233397e-12
72.52207505  1.151673859e-12  1.167100443e-12
72.83472104  1.11271411e-12  1.127618831e-12
73.16527896  1.073126755e-12  1.087501206e-12
73.47792495  1.037137219e-12  1.051029593e-12
73.73877387  1.008147297e-12  1.021651353e-12
73.91953391  9.885929891e-13  1.001835117e-12
74  9.800258405e-13  9.931532122e-13
74.08046609  9.715421247e-13  9.845558577e-13
74.26122613  9.5278379e-13  9.655462565e-13
74.52207505  9.264282101e-13  9.388376456e-13
74.83472104  8.959136057e-13  9.079143004e-13
75.16527896  8.648745072e-13  8.764594355e-13
75.47792495  8.366266009e-13  8.478331507e-13
75.73877387  8.138514178e-13  8.247528957e-13
75.91953391  7.984781189e-13  8.091736726e-13
76  7.917399267e-13  8.023452229e-13
76.08046609  7.85065637e-13  7.955815316e-13
76.26122613  7.703019829e-13  7.806201195e-13
76.52207505  7.495444254e-13  7.59584516e-13
76.83472104  7.254895045e-13  7.352073813e-13
77.16527896  7.009964854e-13  7.103862801e-13
77.47792495  6.786837315e-13  6.877746486e-13
77.73877387  6.606779207e-13  6.695276512e-13
77.91953391  6.485157327e-13  6.572025517e-13
78  6.431828611e-13  6.517982467e-13
78.08046609  6.378992738e-13  6.464438861e-13
78.26122613  6.262072658e-13  6.345952646e-13
78.52207505  6.097574872e-13  6.179251424e-13
78.83472104  5.906782821e-13  5.985903729e-13
79.16527896  5.712330324e-13  5.788846555e-13
79.47792495  5.535019132e-13  5.609160293e-13
79.73877387  5.39181346e-13  5.464036392e-13
79.91953391  5.295021715e-13  5.365948128e-13
80  5.252564436e-13  5.322922138e-13
80.08046609  5.210489765e-13  5.28028388e-13
80.26122613  5.117348146e-13  5.185894636e-13
80.52207505  4.986222107e-13  5.053012174e-13
80.83472104  4.834012103e-13  4.898763328e-13
81.16527896  4.678740947e-13  4.741412327e-13
81.47792495  4.537029517e-13  4.597802682e-13
81.73877387  4.422484658e-13  4.481723504e-13
81.91953391  4.345017235e-13  4.403218411e-13
82  4.311024249e-13  4.368770091e-13
82.08046609  4.277330155e-13  4.334624668e-13
82.26122613  4.202714191e-13  4.259009228e-13
82.52207505  4.0976057e-13  4.152492817e-13
82.83472104  3.975501965e-13  4.028753512e-13
83.16527896  3.850834872e-13  3.902416513e-13
83.47792495  3.736957204e-13  3.787013462e-13
83.73877387  3.644840304e-13  3.693662663e-13
83.91953391  3.582504792e-13  3.630492171e-13
84  3.555142362e-13  3.602763224e-13
84.08046609  3.52801482e-13  3.575272311e-13
84.26122613  3.467920146e-13  3.514372673e-13
84.52207505  3.383218757e-13  3.428536715e-13
84.83472104  3.284749051e-13  3.328748016e-13
85.16527896  3.184129325e-13  3.226780496e-13
85.47792495  3.092142634e-13  3.13356165e-13
85.73877387  3.017679671e-13  3.058101261e-13
85.91953391  2.967262619e-13  3.007008876e-13
86  2.94512461e-13  2.984574331e-13
86.08046609  2.923172241e-13  2.962327911e-13
86.26122613  2.874526182e-13  2.913030242e-13
86.52207505  2.805923798e-13  2.843508934e-13
86.83472104  2.726113775e-13  2.762629862e-13
87.16527896  2.644497067e-13  2.679919905e-13
87.47792495  2.569824727e-13  2.604247334e-13
87.73877387  2.509335886e-13  2.542948249e-13
87.91953391  2.468358682e-13  2.501422159e-13
88  2.450360075e-13  2.483182462e-13
88.08046609  2.432508978e-13  2.465092251e-13
88.26122613  2.392939031e-13  2.424992267e-13
88.52207505  2.337107016e-13  2.368412387e-13
88.83472104  2.272109939e-13  2.302544679e-13
89.16527896  2.205591624e-13  2.235135356e-13
89.47792495  2.14468766e-13  2.173415588e-13
89.73877387  2.095319401e-13  2.123386046e-13
89.91953391  2.06185874e-13  2.089477181e-13
90  2.047157276e-13  2.074578792e-13
90.08046609  2.032573634e-13  2.059799804e-13
90.26122613  2.00023699e-13  2.027030013e-13
90.52207505  1.954588227e-13  1.980769787e-13
90.83472104  1.901411825e-13  1.926881092e-13
91.16527896  1.846951806e-13  1.871691585e-13
91.47792495  1.797052841e-13  1.821124227e-13
91.73877387  1.756579599e-13  1.78010885e-13
91.91953391  1.729134502e-13  1.752296128e-13
92  1.717072631e-13  1.740072689e-13
92.08046609  1.705105335e-13  1.727945092e-13
92.26122613  1.67856247e-13  1.701046687e-13
92.52207505  1.641074773e-13  1.663056845e-13
92.83472104  1.597378339e-13  1.6187751e-13
93.16527896  1.552596402e-13  1.573393313e-13
93.47792495  1.511536988e-13  1.531783911e-13
93.73877387  1.478213407e-13  1.498013963e-13
93.91953391  1.455606062e-13  1.475103795e-13
94  1.445667627e-13  1.465032235e-13
94.08046609  1.435805466e-13  1.455037971e-13
94.26122613  1.413925761e-13  1.432865189e-13
94.52207505  1.383009959e-13  1.401535272e-13
94.83472104  1.346952611e-13  1.364994939e-13
95.16527896  1.309975233e-13  1.327522252e-13
95.47792495  1.276049467e-13  1.293142053e-13
95.73877387  1.248499566e-13  1.265223123e-13
95.91953391  1.2298009e-13  1.24627399e-13
96  1.221578613e-13  1.237941565e-13
96.08046609  1.213418118e-13  1.229671762e-13
96.26122613  1.195308949e-13  1.211320021e-13
96.52207505  1.169709685e-13  1.185377857e-13
96.83472104  1.139836181e-13  1.1551042e-13
97.16527896  1.109181124e-13  1.12403852e-13
97.47792495  1.081038298e-13  1.095518724e-13
97.73877387  1.058171823e-13  1.072345954e-13
97.91953391  1.042645286e-13  1.056611441e-13
98  1.035816153e-13  1.049690832e-13
98.08046609  1.029037299e-13  1.042821176e-13
98.26122613  1.01399042e-13  1.027572745e-13
98.52207505  9.927111105e-14  1.0060084e-13
98.83472104  9.678653856e-14  9.80829869e-14
99.16527896  9.423542238e-14  9.549769871e-14
99.47792495  9.189196622e-14  9.312285212e-14
99.73877387  8.998685741e-14  9.119222453e-14
99.91953391  8.869274341e-14  8.988077598e-14
100  8.81234081e-14  8.930381446e-14
100.0804661  8.755818099e-14  8.873101618e-14
100.2612261  8.630325842e-14  8.745928401e-14
100.5220751  8.452783089e-14  8.566007477e-14
100.834721  8.245376202e-14  8.35582239e-14
101.165279  8.032290694e-14  8.139882618e-14
101.4779249  7.836437249e-14  7.941405731e-14
101.7387739  7.677136994e-14  7.779971661e-14
101.9195339  7.568884073e-14  7.6702687e-14
102  7.521248029e-14  7.621994575e-14
102.0804661  7.473949001e-14  7.57406198e-14
102.2612261  7.368911133e-14  7.467617138e-14
102.5220751  7.22024913e-14  7.316963819e-14
102.834721  7.046494063e-14  7.140881316e-14
103.165279  6.867882084e-14  6.959876843e-14
103.4779249  6.703623199e-14  6.793417723e-14
103.7387739  6.56995508e-14  6.65795913e-14
103.9195339  6.479086277e-14  6.565873146e-14
104  6.439091113e-14  6.52534225e-14
104.0804661  6.399373485e-14  6.485092607e-14
104.2612261  6.3111523e-14  6.395689706e-14
104.5220751  6.186244777e-14  6.269109056e-14
104.834721  6.040183513e-14  6.121091312e-14
105.165279  5.889958835e-14  5.968854386e-14
105.4779249  5.751732312e-14  5.828776329e-14
105.7387739  5.639195153e-14  5.714731743e-14
105.9195339  5.562663596e-14  5.637175053e-14
106  5.528971645e-14  5.6030318e-14
106.0804661  5.495509093e-14  5.56912102e-14
106.2612261  5.421165949e-14  5.493782055e-14
106.5220751  5.315869876e-14  5.387075549e-14
106.834721  5.192684328e-14  5.262239941e-14
107.165279  5.065921951e-14  5.13377959e-14
107.4779249  4.94922389e-14  5.015518368e-14
107.7387739  4.85417082e-14  4.919192069e-14
107.9195339  4.789506829e-14  4.853661909e-14
108  4.761033539e-14  4.824807222e-14
108.0804661  4.732750539e-14  4.796145373e-14
108.2612261  4.669901852e-14  4.732454832e-14
108.5220751  4.580855266e-14  4.642215475e-14
108.834721  4.476633468e-14  4.536597633e-14
109.165279  4.369332082e-14  4.427858954e-14
109.4779249  4.270500995e-14  4.327704031e-14
109.7387739  4.1899656e-14  4.246089871e-14
109.9195339  4.13515944e-14  4.190549586e-14
110  4.111022025e-14  4.166088853e-14
110.0804661  4.087042999e-14  4.141788629e-14
110.2612261  4.033747819e-14  4.087779565e-14
110.5220751  3.958211928e-14  4.011231877e-14
110.834721  3.869765286e-14  3.921600498e-14
111.165279  3.778661491e-14  3.829276375e-14
111.4779249  3.694709315e-14  3.744199666e-14
111.7387739  3.626269467e-14  3.674843071e-14
111.9195339  3.579679478e-14  3.627629013e-14
112  3.559156652e-14  3.606831285e-14
112.0804661  3.5387661e-14  3.586167603e-14
112.2612261  3.493437952e-14  3.540232288e-14
112.5220751  3.42917323e-14  3.475106745e-14
112.834721  3.353893041e-14  3.398818184e-14
113.165279  3.276315363e-14  3.320201358e-14
113.4779249  3.204794592e-14  3.247722572e-14
113.7387739  3.146465308e-14  3.188611972e-14
113.9195339  3.106745582e-14  3.148360203e-14
114  3.089245865e-14  3.130626079e-14
114.0804661  3.071856965e-14  3.113004256e-14
114.2612261  3.033194386e-14  3.073823795e-14
114.5220751  2.978362923e-14  3.018257868e-14
114.834721  2.914107219e-14  2.953141464e-14
115.165279  2.847860904e-14  2.886007785e-14
115.4779249  2.786759653e-14  2.824088086e-14
115.7387739  2.736908432e-14  2.773569113e-14
115.9195339  2.702951635e-14  2.739157467e-14
116  2.687988281e-14  2.72399368e-14
116.0804661  2.673118053e-14  2.708924266e-14
116.2612261  2.640049646e-14  2.67541291e-14
116.5220751  2.593137851e-14  2.627872736e-14
116.834721  2.538141774e-14  2.572139991e-14
117.165279  2.481417483e-14  2.514655882e-14
117.4779249  2.429076263e-14  2.461613555e-14
117.7387739  2.386355901e-14  2.418320957e-14
117.9195339  2.357247878e-14  2.388823034e-14
118  2.344418967e-14  2.375822281e-14
118.0804661  2.33166855e-14  2.362901073e-14
118.2612261  2.303309321e-14  2.334161974e-14
118.5220751  2.263066489e-14  2.293380093e-14
118.834721  2.215871014e-14  2.245552438e-14
119.165279  2.16717216e-14  2.196201266e-14
119.4779249  2.122217611e-14  2.150644555e-14
119.7387739  2.085512666e-14  2.11344795e-14
119.9195339  2.060496256e-14  2.088096447e-14
120  2.049468824e-14  2.076921304e-14
120.0804661  2.038507742e-14  2.065813398e-14
120.2612261  2.014124283e-14  2.041103324e-14
120.5220751  1.979513563e-14  2.006028996e-14
120.834721  1.938908588e-14  1.964880122e-14
121.165279  1.896993281e-14  1.922403362e-14
121.4779249  1.858285192e-14  1.883176781e-14
121.7387739  1.826669168e-14  1.851137263e-14
121.9195339  1.805115249e-14  1.829294631e-14
122  1.79561258e-14  1.819664674e-14
122.0804661  1.786166152e-14  1.810091712e-14
122.2612261  1.765148749e-14  1.788792783e-14
122.5220751  1.735307873e-14  1.75855219e-14
122.834721  1.700286606e-14  1.723061816e-14
123.165279  1.664121096e-14  1.686411872e-14
123.4779249  1.630709887e-14  1.652553123e-14
123.7387739  1.603410853e-14  1.624888419e-14
123.9195339  1.584795081e-14  1.606023291e-14
124  1.5765865e-14  1.597704757e-14
124.0804661  1.568425719e-14  1.589434663e-14
124.2612261  1.550265947e-14  1.571031642e-14
124.5220751  1.524475647e-14  1.544895883e-14
124.834721  1.494197907e-14  1.514212575e-14
125.165279  1.462919106e-14  1.482514796e-14
125.4779249  1.434011586e-14  1.453220062e-14
125.7387739  1.410384468e-14  1.429276461e-14
125.9195339  1.39426853e-14  1.412944651e-14
126  1.387161172e-14  1.40574209e-14
126.0804661  1.380094546e-14  1.398580808e-14
126.2612261  1.364367183e-14  1.382642778e-14
126.5220751  1.342025712e-14  1.360002044e-14
126.834721  1.3157883e-14  1.333413184e-14
127.165279  1.288673502e-14  1.305935185e-14
127.4779249  1.263605189e-14  1.280531084e-14
127.7387739  1.243109369e-14  1.259760724e-14
127.9195339  1.229125809e-14  1.245589856e-14
128  1.222957959e-14  1.239339388e-14
128.0804661  1.216824905e-14  1.233124183e-14
128.2612261  1.203173301e-14  1.219289716e-14
128.5220751  1.183775791e-14  1.199632378e-14
128.834721  1.160988487e-14  1.17653984e-14
129.165279  1.137430828e-14  1.152666628e-14
129.4779249  1.1156435e-14  1.13058746e-14
129.7387739  1.097824633e-14  1.112529911e-14
129.9195339  1.085664542e-14  1.100206936e-14
130  1.080300224e-14  1.094770764e-14
130.0804661  1.074965707e-14  1.089364791e-14
130.2612261  1.063089895e-14  1.077329904e-14
130.5220751  1.046211592e-14  1.060225517e-14
130.834721  1.026377641e-14  1.040125892e-14
131.165279  1.005866135e-14  1.019339636e-14
131.4779249  9.868895608e-15  1.000108872e-14
131.7387739  9.713647712e-15  9.843761286e-15
131.9195339  9.607677553e-15  9.736371664e-15
132  9.560923321e-15  9.688991163e-15
132.0804661  9.514424896e-15  9.641869894e-15
132.2612261  9.410895013e-15  9.536953237e-15
132.5220751  9.263720957e-15  9.387807796e-15
132.834721  9.090722907e-15  9.21249245e-15
133.165279  8.911755427e-15  9.031127714e-15
133.4779249  8.746125662e-15  8.863279352e-15
133.7387739  8.610583589e-15  8.725921702e-15
133.9195339  8.518043462e-15  8.632142008e-15
134  8.477209143e-15  8.590760716e-15
134.0804661  8.436594915e-15  8.549602464e-15
134.2612261  8.346154357e-15  8.457950461e-15
134.5220751  8.217558833e-15  8.32763241e-15
134.834721  8.066355475e-15  8.174403694e-15
135.165279  7.909884179e-15  8.015836477e-15
135.4779249  7.765027455e-15  7.869039408e-15
135.7387739  7.646451e-15  7.74887463e-15
135.9195339  7.565476247e-15  7.666815226e-15
136  7.529740649e-15  7.630600953e-15
136.0804661  7.494194837e-15  7.594579007e-15
136.2612261  7.415030541e-15  7.514354312e-15
136.5220751  7.302444072e-15  7.400259756e-15
136.834721  7.170027074e-15  7.266069042e-15
137.165279  7.032953666e-15  7.127159546e-15
137.4779249  6.906015322e-15  6.998520873e-15
137.7387739  6.802077625e-15  6.893190938e-15
137.9195339  6.731084434e-15  6.821246799e-15
138  6.699749941e-15  6.789492583e-15
138.0804661  6.668579455e-15  6.75790457e-15
138.2612261  6.599150802e-15  6.687545925e-15
138.5220751  6.500389435e-15  6.587461658e-15
138.834721  6.384200955e-15  6.469716842e-15
139.165279  6.263890093e-15  6.347794425e-15
139.4779249  6.152441086e-15  6.234852567e-15
139.7387739  6.061161542e-15  6.14235034e-15
139.9195339  5.998801433e-15  6.079154923e-15
140  5.971273994e-15  6.051258755e-15
140.0804661  5.943888581e-15  6.023506517e-15
140.2612261  5.882883337e-15  5.961684113e-15
140.5220751  5.796086399e-15  5.873724536e-15
140.834721  5.693946493e-15  5.770216474e-15
141.165279  5.58815134e-15  5.663004203e-15
141.4779249  5.490119954e-15  5.563659694e-15
141.7387739  5.409808759e-15  5.482272737e-15
141.9195339  5.354930953e-15  5.426659846e-15
142  5.330703531e-15  5.4021079e-15
142.0804661  5.306599353e-15  5.377680848e-15
142.2612261  5.252897236e-15  5.323259395e-15
142.5220751  5.176475825e-15  5.245814325e-15
142.834721  5.086522352e-15  5.154655932e-15
143.165279  4.993322934e-15  5.060208116e-15
143.4779249  4.906938199e-15  4.972666264e-15
143.7387739  4.836150391e-15  4.900930259e-15
143.9195339  4.787770605e-15  4.851902428e-15
144  4.766409462e-15  4.830255155e-15
144.0804661  4.745155478e-15  4.808716475e-15
144.2612261  4.697797926e-15  4.760724573e-15
144.5220751  4.630392184e-15  4.692415936e-15
144.834721  4.551030931e-15  4.611991644e-15
145.165279  4.468782944e-15  4.528641952e-15
145.4779249  4.392527635e-15  4.451365209e-15
145.7387739  4.330024899e-15  4.388025254e-15
145.9195339  4.287299414e-15  4.344727464e-15
146  4.268432702e-15  4.325608034e-15
146.0804661  4.249659341e-15  4.306583205e-15
146.2612261  4.207824382e-15  4.26418787e-15
146.5220751  4.148267945e-15  4.203833679e-15
146.834721  4.078131118e-15  4.132757375e-15
147.165279  4.005423309e-15  4.05907565e-15
147.4779249  3.937994797e-15  3.990743938e-15
147.7387739  3.882713646e-15  3.9347223e-15
147.9195339  3.844917691e-15  3.896420071e-15
148  3.828225939e-15  3.879504735e-15
148.0804661  3.811615664e-15  3.862671967e-15
148.2612261  3.774596954e-15  3.825157394e-15
148.5220751  3.721887302e-15  3.7717417e-15
148.834721  3.6597989e-15  3.708821629e-15
149.165279  3.595417498e-15  3.643577842e-15
149.4779249  3.535695062e-15  3.583055429e-15
149.7387739  3.48672025e-15  3.533424603e-15
149.9195339  3.453229943e-15  3.499485696e-15
150  3.438438115e-15  3.484495733e-15
150.0804661  3.42371753e-15  3.469577966e-15
150.2612261  3.390906836e-15  3.436327775e-15
150.5220751  3.344180506e-15  3.38897555e-15
150.834721  3.289127352e-15  3.333184963e-15
151.165279  3.2320263e-15  3.275319047e-15
151.4779249  3.179043767e-15  3.221626817e-15
151.7387739  3.135586035e-15  3.177586972e-15
151.9195339  3.105863252e-15  3.147466055e-15
152  3.092734089e-15  3.134161027e-15
152.0804661  3.079667329e-15  3.120919239e-15
152.2612261  3.050539849e-15  3.091401599e-15
152.5220751  3.009051656e-15  3.049357675e-15
152.834721  2.960159115e-15  2.999810221e-15
153.165279  2.909435107e-15  2.948406769e-15
153.4779249  2.862357891e-15  2.900698957e-15
153.7387739  2.823735282e-15  2.861559002e-15
153.9195339  2.797314961e-15  2.834784783e-15
154  2.785643387e-15  2.822956869e-15
154.0804661  2.774026571e-15  2.811184446e-15
154.2612261  2.748128606e-15  2.78493958e-15
154.5220751  2.711234188e-15  2.747550964e-15
154.834721  2.667745751e-15  2.703480002e-15
155.165279  2.622617245e-15  2.657747003e-15
155.4779249  2.580723036e-15  2.615291625e-15
155.7387739  2.546345178e-15  2.580453278e-15
155.9195339  2.522824627e-15  2.556617672e-15
156  2.512433051e-15  2.546086901e-15
156.0804661  2.502089604e-15  2.535604904e-15
156.2612261  2.479028175e-15  2.512234569e-15
156.5220751  2.446169294e-15  2.478935546e-15
156.834721  2.407429392e-15  2.439676726e-15
157.165279  2.367218919e-15  2.398927636e-15
157.4779249  2.329881411e-15  2.361089995e-15
157.7387739  2.299236259e-15  2.330034354e-15
157.9195339  2.278266145e-15  2.308783347e-15
158  2.269000487e-15  2.299393576e-15
158.0804661  2.259777202e-15  2.290046746e-15
158.2612261  2.239211294e-15  2.269205359e-15
158.5220751  2.20990343e-15  2.239504919e-15
158.834721  2.175342916e-15  2.204481469e-15
159.165279  2.139462146e-15  2.168120079e-15
159.4779249  2.106137279e-15  2.134348828e-15
159.7387739  2.078779918e-15  2.106625017e-15
159.9195339  2.060056644e-15  2.087650946e-15
160  2.051782983e-15  2.07926646e-15
160.0804661  2.043546686e-15  2.070919838e-15
160.2612261  2.025179841e-15  2.052306971e-15
160.5220751  1.9990017e-15  2.025778176e-15
160.834721  1.96812557e-15  1.994488462e-15
161.165279  1.936062669e-15  1.961996081e-15
161.4779249  1.906276988e-15  1.931811424e-15
161.7387739  1.881820145e-15  1.907026983e-15
161.9195339  1.865079397e-15  1.890061994e-15
162  1.857681125e-15  1.882564623e-15
162.0804661  1.850315852e-15  1.875100692e-15
162.2612261  1.833889895e-15  1.858454711e-15
162.5220751  1.810474513e-15  1.834725681e-15
162.834721  1.782851492e-15  1.806732652e-15
163.165279  1.754160399e-15  1.777657245e-15
163.4779249  1.72750118e-15  1.750640927e-15
163.7387739  1.705607172e-15  1.72845365e-15
163.9195339  1.690618436e-15  1.713264142e-15
164  1.683993847e-15  1.706550817e-15
164.0804661  1.677398447e-15  1.699867072e-15
164.2612261  1.662688153e-15  1.684959734e-15
164.5220751  1.641715344e-15  1.663705996e-15
164.834721  1.616969042e-15  1.638628219e-15
165.165279  1.591260356e-15  1.612575168e-15
165.4779249  1.5673672e-15  1.588361965e-15
165.7387739  1.547741088e-15  1.568472962e-15
165.9195339  1.534302994e-15  1.554854866e-15
166  1.528363229e-15  1.548835539e-15
166.0804661  1.522449321e-15  1.542842414e-15
166.2612261  1.509257883e-15  1.529474278e-15
166.5220751  1.490447807e-15  1.510412243e-15
166.834721  1.468249186e-15  1.487916272e-15
167.165279  1.445182406e-15  1.464540514e-15
167.4779249  1.423740089e-15  1.44281098e-15
167.7387739  1.406123842e-15  1.424958764e-15
167.9195339  1.394060186e-15  1.412733516e-15
168  1.388727485e-15  1.407329384e-15
168.0804661  1.383417723e-15  1.401948498e-15
168.2612261  1.371572883e-15  1.389944997e-15
168.5220751  1.354680565e-15  1.372826409e-15
168.834721  1.334741513e-15  1.352620274e-15
169.165279  1.314018413e-15  1.33161959e-15
169.4779249  1.294750779e-15  1.312093868e-15
169.7387739  1.278918294e-15  1.296049307e-15
169.9195339  1.268074647e-15  1.285060411e-15
170  1.263280853e-15  1.280202404e-15
170.0804661  1.258507437e-15  1.275365048e-15
170.2612261  1.247858184e-15  1.26457315e-15
170.5220751  1.232668829e-15  1.249180334e-15
170.834721  1.21473667e-15  1.231007976e-15
171.165279  1.196095639e-15  1.21211725e-15
171.4779249  1.178760377e-15  1.194549783e-15
171.7387739  1.164513215e-15  1.180111782e-15
171.9195339  1.154754024e-15  1.170221866e-15
172  1.150439301e-15  1.165849348e-15
172.0804661  1.146142707e-15  1.161495201e-15
172.2612261  1.136556452e-15  1.151780539e-15
172.5220751  1.122881431e-15  1.137922343e-15
172.834721  1.106734226e-15  1.121558846e-15
173.165279  1.089945418e-15  1.104545154e-15
173.4779249  1.074329584e-15  1.088720147e-15
173.7387739  1.061493324e-15  1.075711946e-15
173.9195339  1.052699416e-15  1.066800244e-15
174  1.048811157e-15  1.062859903e-15
174.0804661  1.044939047e-15  1.058935927e-15
174.2612261  1.036299195e-15  1.050180344e-15
174.5220751  1.023972611e-15  1.037688646e-15
174.834721  1.009415119e-15  1.022936158e-15
175.165279  9.942762928e-16  1.007594548e-15
175.4779249  9.801924735e-16  9.933220772e-16
175.7387739  9.686135695e-16  9.815880747e-16
175.9195339  9.606800215e-16  9.735482574e-16
176  9.571719041e-16  9.699931491e-16
176.0804661  9.536781921e-16  9.66452639e-16
176.2612261  9.458820623e-16  9.585520807e-16
176.5220751  9.34757789e-16  9.472787986e-16
176.834721  9.216180069e-16  9.339630101e-16
177.165279  9.079509464e-16  9.201128804e-16
177.4779249  8.952339548e-16  9.072255457e-16
177.7387739  8.847770437e-16  8.96628565e-16
177.9195339  8.776113419e-16  8.893668792e-16
178  8.744425183e-16  8.861556095e-16
178.0804661  8.71286561e-16  8.829573783e-16
178.2612261  8.642435948e-16  8.758200721e-16
178.5220751  8.541927383e-16  8.656345851e-16
178.834721  8.423189125e-16  8.536017104e-16
179.165279  8.299663486e-16  8.410836848e-16
179.4779249  8.184703792e-16  8.294337278e-16
179.7387739  8.090159559e-16  8.198526632e-16
179.9195339  8.025364118e-16  8.132863261e-16
180  7.996708109e-16  8.103823407e-16
180.0804661  7.96816716e-16  8.074900154e-16
180.2612261  7.904469323e-16  8.01034909e-16
180.5220751  7.813556359e-16  7.918218353e-16
180.834721  7.706136907e-16  7.809360025e-16
181.165279  7.594366433e-16  7.696092395e-16
181.4779249  7.49032818e-16  7.590660557e-16
181.7387739  7.404752301e-16  7.503938396e-16
181.9195339  7.346096137e-16  7.444496537e-16
182  7.320153379e-16  7.418206277e-16
182.0804661  7.294313644e-16  7.392020421e-16
182.2612261  7.23664026e-16  7.333574507e-16
182.5220751  7.154315769e-16  7.250147285e-16
182.834721  7.057028916e-16  7.151557282e-16
183.165279  6.95578374e-16  7.048955935e-16
183.4779249  6.861526204e-16  6.953435826e-16
183.7387739  6.783983354e-16  6.874854296e-16
183.9195339  6.730826927e-16  6.820985842e-16
184  6.707314967e-16  6.797158941e-16
184.0804661  6.683895364e-16  6.773425635e-16
184.2612261  6.631619969e-16  6.720450014e-16
184.5220751  6.556991883e-16  6.644822292e-16
184.834721  6.468786739e-16  6.555435646e-16
185.165279  6.376977058e-16  6.462396181e-16
185.4779249  6.291489215e-16  6.375763235e-16
185.7387739  6.221150254e-16  6.304482089e-16
185.9195339  6.172926546e-16  6.255612428e-16
186  6.15159494e-16  6.233995087e-16
186.0804661  6.130346228e-16  6.21246175e-16
186.2612261  6.082913272e-16  6.164393433e-16
186.5220751  6.015190394e-16  6.095763412e-16
186.834721  5.93513472e-16  6.014635399e-16
187.165279  5.851793575e-16  5.930177906e-16
187.4779249  5.774178174e-16  5.851522852e-16
187.7387739  5.710307133e-16  5.786796264e-16
187.9195339  5.666512772e-16  5.74241528e-16
188  5.647139169e-16  5.722782169e-16
188.0804661  5.627840051e-16  5.703224541e-16
188.2612261  5.584756234e-16  5.65956362e-16
188.5220751  5.523235917e-16  5.597219243e-16
188.834721  5.450501663e-16  5.523510719e-16
189.165279  5.374769986e-16  5.446764621e-16
189.4779249  5.304229728e-16  5.375279482e-16
189.7387739  5.246172503e-16  5.316444585e-16
189.9195339  5.206360046e-16  5.276098844e-16
190  5.188746783e-16  5.258249653e-16
190.0804661  5.171200527e-16  5.240468365e-16
190.2612261  5.132027265e-16  5.200770381e-16
190.5220751  5.076084713e-16  5.144078483e-16
190.834721  5.009935442e-16  5.077043147e-16
191.165279  4.941049055e-16  5.007234032e-16
191.4779249  4.876874568e-16  4.942199932e-16
191.7387739  4.824049087e-16  4.888666858e-16
191.9195339  4.787820312e-16  4.851952801e-16
192  4.771791455e-16  4.835709239e-16
192.0804661  4.755822943e-16  4.819526831e-16
192.2612261  4.720169816e-16  4.783396132e-16
192.5220751  4.66924877e-16  4.731793003e-16
192.834721  4.60902871e-16  4.6707663e-16
193.165279  4.546307009e-16  4.607204446e-16
193.4779249  4.487866374e-16  4.547981003e-16
193.7387739  4.439754029e-16  4.499224197e-16
193.9195339  4.406754083e-16  4.46578222e-16
194  4.392152849e-16  4.450985403e-16
194.0804661  4.377606019e-16  4.436243719e-16
194.2612261  4.345125054e-16  4.403327675e-16
194.5220751  4.298729671e-16  4.356310828e-16
194.834721  4.243854174e-16  4.300700278e-16
195.165279  4.186690253e-16  4.242770651e-16
195.4779249  4.133419871e-16  4.188786716e-16
195.7387739  4.089558045e-16  4.144337364e-16
195.9195339  4.059470346e-16  4.113846643e-16
196  4.046156847e-16  4.100354811e-16
196.0804661  4.032892448e-16  4.086912736e-16
196.2612261  4.003273141e-16  4.05689668e-16
196.5220751  3.960960903e-16  4.014017673e-16
196.834721  3.910908112e-16  3.96329443e-16
197.165279  3.858760145e-16  3.910447944e-16
197.4779249  3.810156758e-16  3.861193519e-16
197.7387739  3.770132294e-16  3.82063293e-16
197.9195339  3.742674071e-16  3.792806906e-16
198  3.73052335e-16  3.780493427e-16
198.0804661  3.71841699e-16  3.768224903e-16
198.2612261  3.691381939e-16  3.74082772e-16
198.5220751  3.652757463e-16  3.701685872e-16
198.834721  3.607061027e-16  3.655377336e-16
199.165279  3.559444728e-16  3.60712322e-16
199.4779249  3.51505844e-16  3.562142381e-16
199.7387739  3.478501928e-16  3.525096197e-16
199.9195339  3.453420319e-16  3.499678622e-16
200  3.442320629e-16  3.488430252e-16
200.0804661  3.431261058e-16  3.477222539e-16
200.2612261  3.406562158e-16  3.452192799e-16
200.5220751  3.371271768e-16  3.416429697e-16
200.834721  3.329514463e-16  3.374113056e-16
201.165279  3.285996483e-16  3.330012157e-16
201.4779249  3.245424647e-16  3.288896863e-16
201.7387739  3.212005419e-16  3.255029988e-16
201.9195339  3.189074054e-16  3.231791458e-16
202  3.178925347e-16  3.221506811e-16
202.0804661  3.16881296e-16  3.211258969e-16
202.2612261  3.146228056e-16  3.188371542e-16
202.5220751  3.11395503e-16  3.155666221e-16
202.834721  3.075763167e-16  3.116962781e-16
203.165279  3.035955309e-16  3.0766217e-16
203.4779249  2.998837162e-16  3.039006359e-16
203.7387739  2.968258905e-16  3.008018508e-16
203.9195339  2.947274905e-16  2.986753429e-16
204  2.937987511e-16  2.977341631e-16
204.0804661  2.928733029e-16  2.967963185e-16
204.2612261  2.908062984e-16  2.947016266e-16
204.5220751  2.878523384e-16  2.917080986e-16
204.834721  2.843561901e-16  2.881651196e-16
205.165279  2.807116031e-16  2.844717137e-16
205.4779249  2.773127991e-16  2.81027383e-16
205.7387739  2.745124885e-16  2.781895624e-16
205.9195339  2.725906231e-16  2.762419538e-16
206  2.717399692e-16  2.753799054e-16
206.0804661  2.708923005e-16  2.745208823e-16
206.2612261  2.689989123e-16  2.726021323e-16
206.5220751  2.662928126e-16  2.698597846e-16
206.834721  2.630896271e-16  2.666136927e-16
207.165279  2.597499854e-16  2.632293167e-16
207.4779249  2.566351376e-16  2.600727457e-16
207.7387739  2.540684705e-16  2.574716984e-16
207.9195339  2.523067917e-16  2.556864221e-16
208  2.515269966e-16  2.548961816e-16
208.0804661  2.507499118e-16  2.541086878e-16
208.2612261  2.490140874e-16  2.523496122e-16
208.5220751  2.465329545e-16  2.498352447e-16
208.834721  2.435957084e-16  2.468586544e-16
209.165279  2.405329246e-16  2.437548449e-16
209.4779249  2.376759175e-16  2.408595684e-16
209.7387739  2.353214341e-16  2.384735469e-16
209.9195339  2.33705244e-16  2.36835708e-16
210  2.329898098e-16  2.361106906e-16
210.0804661  2.322768386e-16  2.353881692e-16
210.2612261  2.306841435e-16  2.337741401e-16
210.5220751  2.284073884e-16  2.314668881e-16
210.834721  2.257117747e-16  2.287351668e-16
211.165279  2.229005813e-16  2.258863176e-16
211.4779249  2.202779173e-16  2.232285233e-16
211.7387739  2.181163061e-16  2.210379574e-16
211.9195339  2.166323764e-16  2.195341507e-16
212  2.159754549e-16  2.188684297e-16
212.0804661  2.153207735e-16  2.182049789e-16
212.2612261  2.138582141e-16  2.167228287e-16
212.5220751  2.117673019e-16  2.146039088e-16
212.834721  2.092914353e-16  2.120948782e-16
213.165279  2.067090781e-16  2.094779305e-16
213.4779249  2.042995937e-16  2.070361713e-16
213.7387739  2.02313459e-16  2.050234324e-16
213.9195339  2.009498727e-16  2.03641581e-16
214  2.003461947e-16  2.030298168e-16
214.0804661  1.997445561e-16  2.024201193e-16
214.2612261  1.984004248e-16  2.010579834e-16
214.5220751  1.964786526e-16  1.991104692e-16
214.834721  1.942028087e-16  1.968041405e-16
215.165279  1.918287768e-16  1.943983087e-16
215.4779249  1.896133921e-16  1.921532491e-16
215.7387739  1.877870484e-16  1.903024416e-16
215.9195339  1.865330589e-16  1.890316551e-16
216  1.859778726e-16  1.884690321e-16
216.0804661  1.854245446e-16  1.879082923e-16
216.2612261  1.84188282e-16  1.8665547e-16
216.5220751  1.824205835e-16  1.848640934e-16
216.834721  1.803269677e-16  1.827424338e-16
217.165279  1.781427546e-16  1.805289633e-16
217.4779249  1.761042513e-16  1.784631544e-16
217.7387739  1.744235418e-16  1.767599319e-16
217.9195339  1.732694488e-16  1.7559038e-16
218  1.727584647e-16  1.750725513e-16
218.0804661  1.722491753e-16  1.745564399e-16
218.2612261  1.711112484e-16  1.734032705e-16
218.5220751  1.694840206e-16  1.717542462e-16
218.834721  1.675565644e-16  1.698009719e-16
219.165279  1.655454559e-16  1.677629247e-16
219.4779249  1.636682809e-16  1.65860605e-16
219.7387739  1.621204162e-16  1.642920069e-16
219.9195339  1.610574555e-16  1.632148079e-16
220  1.605867978e-16  1.627378458e-16
220.0804661  1.601176869e-16  1.622624512e-16
220.2612261  1.590694813e-16  1.612002049e-16
220.5220751  1.575704305e-16  1.596810744e-16
220.834721  1.557946102e-16  1.578814672e-16
221.165279  1.539414968e-16  1.560035314e-16
221.4779249  1.522115882e-16  1.542504509e-16
221.7387739  1.507850037e-16  1.528047574e-16
221.9195339  1.498052494e-16  1.518118794e-16
222  1.49371413e-16  1.513722317e-16
222.0804661  1.489389894e-16  1.509340159e-16
222.2612261  1.479727135e-16  1.499547968e-16
222.5220751  1.465907192e-16  1.485542908e-16
222.834721  1.449533955e-16  1.468950352e-16
223.165279  1.432446057e-16  1.451633563e-16
223.4779249  1.416492383e-16  1.435466191e-16
223.7387739  1.403334671e-16  1.422132232e-16
223.9195339  1.39429745e-16  1.412973958e-16
224  1.390295567e-16  1.408918471e-16
224.0804661  1.386306602e-16  1.404876074e-16
224.2612261  1.377392603e-16  1.395842672e-16
224.5220751  1.364642542e-16  1.382921825e-16
224.834721  1.349535292e-16  1.367612214e-16
225.165279  1.333766817e-16  1.351632522e-16
225.4779249  1.319043292e-16  1.336711777e-16
225.7387739  1.306898894e-16  1.324404706e-16
225.9195339  1.298557e-16  1.315951072e-16
226  1.294862852e-16  1.312207441e-16
226.0804661  1.291180522e-16  1.308475787e-16
226.2612261  1.282951369e-16  1.300136405e-16
226.5220751  1.27117995e-16  1.288207309e-16
226.834721  1.257230855e-16  1.274071367e-16
227.165279  1.242669575e-16  1.259315039e-16
227.4779249  1.229071706e-16  1.245535028e-16
227.7387739  1.217854654e-16  1.234167724e-16
227.9195339  1.21014915e-16  1.226359006e-16
228  1.206736666e-16  1.222900812e-16
228.0804661  1.203335005e-16  1.219453586e-16
228.2612261  1.195732734e-16  1.211749483e-16
228.5220751  1.184857204e-16  1.200728276e-16
228.834721  1.17196845e-16  1.187666879e-16
229.165279  1.158512546e-16  1.174030734e-16
229.4779249  1.145945522e-16  1.161295375e-16
229.7387739  1.1355778e-16  1.150788779e-16
229.9195339  1.128455199e-16  1.14357077e-16
230  1.12530072e-16  1.140374037e-16
230.0804661  1.122156158e-16  1.137187354e-16
230.2612261  1.115128155e-16  1.130065212e-16
230.5220751  1.105073394e-16  1.119875768e-16
230.834721  1.093156179e-16  1.107798923e-16
231.165279  1.0807132e-16  1.095189271e-16
231.4779249  1.069090919e-16  1.08341131e-16
231.7387739  1.059501672e-16  1.073693617e-16
231.9195339  1.052913389e-16  1.067017084e-16
232  1.049995422e-16  1.064060031e-16
232.0804661  1.047086549e-16  1.061112194e-16
232.2612261  1.04058502e-16  1.054523577e-16
232.5220751  1.031282777e-16  1.045096732e-16
232.834721  1.020256409e-16  1.033922666e-16
233.165279  1.00874234e-16  1.022254367e-16
233.4779249  9.97986545e-17  1.011354499e-16
233.7387739  9.891113666e-17  1.002360438e-16
233.9195339  9.830132355e-17  9.961806232e-17
234  9.803122407e-17  9.934434487e-17
234.0804661  9.776195921e-17  9.907147323e-17
234.2612261  9.716010785e-17  9.846156011e-17
234.5220751  9.629892953e-17  9.758884637e-17
234.834721  9.527803942e-17  9.655428153e-17
235.165279  9.42118821e-17  9.547384311e-17
235.4779249  9.321583277e-17  9.446445177e-17
235.7387739  9.239386231e-17  9.363147108e-17
235.9195339  9.1829046e-17  9.30590891e-17
236  9.157886591e-17  9.280555786e-17
236.0804661  9.132945235e-17  9.255280343e-17
236.2612261  9.077194822e-17  9.198783157e-17
236.5220751  8.997416831e-17  9.117936547e-17
236.834721  8.902834636e-17  9.02208743e-17
237.165279  8.804048298e-17  8.921977856e-17
237.4779249  8.711748336e-17  8.828441543e-17
237.7387739  8.635572541e-17  8.75124538e-17
237.9195339  8.583224694e-17  8.698196336e-17
238  8.560036733e-17  8.674697775e-17
238.0804661  8.536919222e-17  8.651270607e-17
238.2612261  8.485243417e-17  8.598902609e-17
238.5220751  8.411290912e-17  8.523959515e-17
238.834721  8.323607205e-17  8.435101291e-17
239.165279  8.232016619e-17  8.342283856e-17
239.4779249  8.146431195e-17  8.255552022e-17
239.7387739  8.075790541e-17  8.183965142e-17
239.9195339  8.027243043e-17  8.134767354e-17
240  8.005737595e-17  8.112973842e-17
240.0804661  7.984296942e-17  8.091245994e-17
240.2612261  7.936367537e-17  8.042674578e-17
240.5220751  7.867771692e-17  7.973159897e-17
240.834721  7.786431934e-17  7.890730599e-17
241.165279  7.701459411e-17  7.804619875e-17
241.4779249  7.622050165e-17  7.724146948e-17
241.7387739  7.556501363e-17  7.657720125e-17
241.9195339  7.511450127e-17  7.612065431e-17
242  7.491492636e-17  7.591840611e-17
242.0804661  7.471594779e-17  7.571676224e-17
242.2612261  7.427112413e-17  7.52659802e-17
242.5220751  7.363445574e-17  7.462078368e-17
242.834721  7.287943868e-17  7.385565322e-17
243.165279  7.209062327e-17  7.305627169e-17
243.4779249  7.135337999e-17  7.23091531e-17
243.7387739  7.074476499e-17  7.169238574e-17
243.9195339  7.03264399e-17  7.126845722e-17
244  7.014111641e-17  7.108065133e-17
244.0804661  6.995634214e-17  7.089340203e-17
244.2612261  6.954325628e-17  7.047478292e-17
244.5220751  6.895197398e-17  6.987558044e-17
244.834721  6.825071871e-17  6.91649319e-17
245.165279  6.751800041e-17  6.84223989e-17
245.4779249  6.683312014e-17  6.772834471e-17
245.7387739  6.626768342e-17  6.715533401e-17
245.9195339  6.587901066e-17  6.6761455e-17
246  6.570681678e-17  6.65869546e-17
246.0804661  6.553512908e-17  6.641296716e-17
246.2612261  6.515128485e-17  6.602398136e-17
246.5220751  6.46018221e-17  6.54671586e-17
246.834721  6.395010866e-17  6.480671551e-17
247.165279  6.326908975e-17  6.41165744e-17
247.4779249  6.263247268e-17  6.347142989e-17
247.7387739  6.210683735e-17  6.293875372e-17
247.9195339  6.174549985e-17  6.257257614e-17
248  6.158541016e-17  6.241034205e-17
248.0804661  6.142578727e-17  6.224858102e-17
248.2612261  6.106890274e-17  6.188691606e-17
248.5220751  6.055799891e-17  6.13691687e-17
248.834721  5.995196885e-17  6.075502092e-17
249.165279  5.931862789e-17  6.01131964e-17
249.4779249  5.872652453e-17  5.951316187e-17
249.7387739  5.823760194e-17  5.901769019e-17
249.9195339  5.790148027e-17  5.86770662e-17
250  5.775255673e-17  5.852614784e-17
250.0804661  5.760406397e-17  5.837566603e-17
250.2612261  5.727205158e-17  5.803920637e-17
250.5220751  5.679672349e-17  5.755751129e-17
250.834721  5.623284637e-17  5.698608107e-17
251.165279  5.564350332e-17  5.638884382e-17
251.4779249  5.509248215e-17  5.583044176e-17
251.7387739  5.463744525e-17  5.536930968e-17
251.9195339  5.432459933e-17  5.505227321e-17
252  5.418598327e-17  5.49118004e-17
252.0804661  5.404776498e-17  5.477173069e-17
252.2612261  5.373871362e-17  5.445853961e-17
252.5220751  5.329623001e-17  5.401012896e-17
252.834721  5.277127317e-17  5.347814036e-17
253.165279  5.222255805e-17  5.292207525e-17
253.4779249  5.170947628e-17  5.240212079e-17
253.7387739  5.128573566e-17  5.197270419e-17
253.9195339  5.099438834e-17  5.16774543e-17
254  5.086529315e-17  5.154662989e-17
254.0804661  5.073656551e-17  5.141617795e-17
254.2612261  5.044872433e-17  5.112448117e-17
254.5220751  5.003658284e-17  5.070681907e-17
254.834721  4.954758425e-17  5.021127038e-17
255.165279  4.903640885e-17  4.969324782e-17
255.4779249  4.855838614e-17  4.920882203e-17
255.7387739  4.816356838e-17  4.880871572e-17
255.9195339  4.789209065e-17  4.853360156e-17
256  4.777179525e-17  4.841169482e-17
256.0804661  4.765183969e-17  4.829013246e-17
256.2612261  4.73836036e-17  4.801830338e-17
256.5220751  4.699950999e-17  4.762906486e-17
256.834721  4.65437537e-17  4.716720374e-17
257.165279  4.606728605e-17  4.668435385e-17
257.4779249  4.562168077e-17  4.623277972e-17
257.7387739  4.525360896e-17  4.585977762e-17
257.9195339  4.500050654e-17  4.560328491e-17
258  4.48883495e-17  4.548962553e-17
258.0804661  4.477650683e-17  4.537628474e-17
258.2612261  4.452640336e-17  4.512283115e-17
258.5220751  4.416825276e-17  4.475988315e-17
258.834721  4.374324677e-17  4.432918424e-17
259.165279  4.329888815e-17  4.387887347e-17
259.4779249  4.288327599e-17  4.345769422e-17
259.7387739  4.253995208e-17  4.310977151e-17
259.9195339  4.230385339e-17  4.287051029e-17
260  4.219922752e-17  4.276448297e-17
260.0804661  4.209489266e-17  4.265875055e-17
260.2612261  4.186157005e-17  4.24223026e-17
260.5220751  4.152743007e-17  4.208368684e-17
260.834721  4.113088633e-17  4.168183143e-17
261.165279  4.071625045e-17  4.126164154e-17
261.4779249  4.032840504e-17  4.086860096e-17
261.7387739  4.000799396e-17  4.0543898e-17
261.9195339  3.978763919e-17  4.03205916e-17
262  3.968998678e-17  4.022163114e-17
262.0804661  3.959260391e-17  4.012294384e-17
262.2612261  3.937482044e-17  3.990224317e-17
262.5220751  3.906291582e-17  3.958616061e-17
262.834721  3.869273218e-17  3.921101839e-17
263.165279  3.830562639e-17  3.881872735e-17
263.4779249  3.794350179e-17  3.845175211e-17
263.7387739  3.764431704e-17  3.814855981e-17
263.9195339  3.743854829e-17  3.794003481e-17
264  3.734735672e-17  3.784762173e-17
264.0804661  3.725641496e-17  3.775546181e-17
264.2612261  3.705302923e-17  3.754935174e-17
264.5220751  3.676172803e-17  3.725414859e-17
264.834721  3.641597187e-17  3.690376104e-17
265.165279  3.605438013e-17  3.653732581e-17
265.4779249  3.5716095e-17  3.619450938e-17
265.7387739  3.543658563e-17  3.5911256e-17
265.9195339  3.524433801e-17  3.571643324e-17
266  3.51591358e-17  3.563008976e-17
266.0804661  3.507416525e-17  3.554398103e-17
266.2612261  3.48841274e-17  3.535139764e-17
266.5220751  3.461192849e-17  3.507555264e-17
266.834721  3.428882188e-17  3.474811805e-17
267.165279  3.395088937e-17  3.440565896e-17
267.4779249  3.363471267e-17  3.408524709e-17
267.7387739  3.337345146e-17  3.382048631e-17
267.9195339  3.319374496e-17  3.363837265e-17
268  3.311409822e-17  3.355765905e-17
268.0804661  3.303466641e-17  3.347716326e-17
268.2612261  3.28570102e-17  3.329712736e-17
268.5220751  3.260253185e-17  3.303924029e-17
268.834721  3.230043821e-17  3.273310012e-17
269.165279  3.198445735e-17  3.241288673e-17
269.4779249  3.168879527e-17  3.211326428e-17
269.7387739  3.144446808e-17  3.186566435e-17
269.9195339  3.127640025e-17  3.169534526e-17
270  3.12019094e-17  3.161985661e-17
270.0804661  3.112761809e-17  3.154457017e-17
270.2612261  3.096145365e-17  3.137617997e-17
270.5220751  3.07234233e-17  3.113496122e-17
270.834721  3.044083516e-17  3.084858783e-17
271.165279  3.014523297e-17  3.054902608e-17
271.4779249  2.98686172e-17  3.026870506e-17
271.7387739  2.964001323e-17  3.003703896e-17
271.9195339  2.948275256e-17  2.987767179e-17
272  2.941304941e-17  2.980703497e-17
272.0804661  2.93435316e-17  2.973658598e-17
272.2612261  2.91880389e-17  2.957901047e-17
272.5220751  2.896528379e-17  2.935327157e-17
272.834721  2.870081181e-17  2.9085257e-17
273.165279  2.842413842e-17  2.880487759e-17
273.4779249  2.81652154e-17  2.854248632e-17
273.7387739  2.795121841e-17  2.832562286e-17
273.9195339  2.780399826e-17  2.81764307e-17
274  2.773874334e-17  2.81103017e-17
274.0804661  2.767366067e-17  2.804434726e-17
274.2612261  2.752808361e-17  2.78968202e-17
274.5220751  2.731952229e-17  2.768546522e-17
274.834721  2.70718852e-17  2.743451105e-17
275.165279  2.681280338e-17  2.717195885e-17
275.4779249  2.657032465e-17  2.692623213e-17
275.7387739  2.636990494e-17  2.672312781e-17
275.9195339  2.623201807e-17  2.658339396e-17
276  2.617089821e-17  2.65214554e-17
276.0804661  2.61099385e-17  2.645967915e-17
276.2612261  2.597357947e-17  2.632149359e-17
276.5220751  2.577821414e-17  2.612351136e-17
276.834721  2.554622965e-17  2.588841946e-17
277.165279  2.530350537e-17  2.56424439e-17
277.4779249  2.507631867e-17  2.541221405e-17
277.7387739  2.488852583e-17  2.522190574e-17
277.9195339  2.475931942e-17  2.509096862e-17
278  2.470204551e-17  2.503292753e-17
278.0804661  2.46449206e-17  2.497503744e-17
278.2612261  2.451713559e-17  2.484554076e-17
278.5220751  2.433404506e-17  2.465999775e-17
278.834721  2.411662158e-17  2.44396619e-17
279.165279  2.388911536e-17  2.420910824e-17
279.4779249  2.367615662e-17  2.399329694e-17
279.7387739  2.350011291e-17  2.381489514e-17
279.9195339  2.337898402e-17  2.369214374e-17
280  2.332528904e-17  2.363772951e-17
280.0804661  2.327173275e-17  2.358345585e-17
280.2612261  2.315192693e-17  2.346204524e-17
280.5220751  2.298026025e-17  2.328807909e-17
280.834721  2.277638934e-17  2.308147735e-17
281.165279  2.25630484e-17  2.286527872e-17
281.4779249  2.236333444e-17  2.266288961e-17
281.7387739  2.219822878e-17  2.249557237e-17
281.9195339  2.208462021e-17  2.238044202e-17
282  2.203425739e-17  2.232940459e-17
282.0804661  2.198402374e-17  2.227849807e-17
282.2612261  2.187164734e-17  2.216461639e-17
282.5220751  2.171061799e-17  2.200143007e-17
282.834721  2.151936751e-17  2.180761781e-17
283.165279  2.131921865e-17  2.160478796e-17
283.4779249  2.113184051e-17  2.14148999e-17
283.7387739  2.097692297e-17  2.125790726e-17
283.9195339  2.08703195e-17  2.114987585e-17
284  2.082306067e-17  2.110198398e-17
284.0804661  2.077592219e-17  2.105421409e-17
284.2612261  2.067046682e-17  2.094734615e-17
284.5220751  2.051934746e-17  2.079420256e-17
284.834721  2.03398553e-17  2.061230612e-17
285.165279  2.015199835e-17  2.042193283e-17
285.4779249  1.997611521e-17  2.024369375e-17
285.7387739  1.983069205e-17  2.009632266e-17
285.9195339  1.973061704e-17  1.999490716e-17
286  1.968625108e-17  1.994994691e-17
286.0804661  1.964199731e-17  1.990510038e-17
286.2612261  1.95429926e-17  1.98047695e-17
286.5220751  1.940111021e-17  1.966098661e-17
286.834721  1.923257861e-17  1.949019754e-17
287.165279  1.90561805e-17  1.931143659e-17
287.4779249  1.889101416e-17  1.914405786e-17
287.7387739  1.875444324e-17  1.900565758e-17
287.9195339  1.866045547e-17  1.891041086e-17
288  1.861878696e-17  1.88681842e-17
288.0804661  1.85772231e-17  1.882606359e-17
288.2612261  1.848423358e-17  1.873182849e-17
288.5220751  1.835096509e-17  1.859677487e-17
288.834721  1.819265541e-17  1.843634465e-17
289.165279  1.802694478e-17  1.826841433e-17
289.4779249  1.787177459e-17  1.811116565e-17
289.7387739  1.774346121e-17  1.798113353e-17
289.9195339  1.765515206e-17  1.789164148e-17
290  1.7616e-17  1.785196498e-17
290.0804661  1.757694559e-17  1.781238744e-17
290.2612261  1.748956794e-17  1.772383937e-17
290.5220751  1.736433618e-17  1.759693014e-17
290.834721  1.721556418e-17  1.744616535e-17
291.165279  1.705982638e-17  1.728834146e-17
291.4779249  1.691398465e-17  1.714054619e-17
291.7387739  1.679337778e-17  1.701832381e-17
291.9195339  1.671036858e-17  1.69342027e-17
292  1.667356524e-17  1.689690638e-17
292.0804661  1.663685307e-17  1.685970245e-17
292.2612261  1.655471349e-17  1.677646263e-17
292.5220751  1.643698356e-17  1.665715571e-17
292.834721  1.629711504e-17  1.651541366e-17
293.165279  1.615068765e-17  1.636702489e-17
293.4779249  1.601355542e-17  1.622805578e-17
293.7387739  1.590014421e-17  1.611312543e-17
293.9195339  1.582208388e-17  1.603401949e-17
294  1.578747375e-17  1.599894576e-17
294.0804661  1.575294877e-17  1.596395832e-17
294.2612261  1.567570069e-17  1.588567551e-17
294.5220751  1.556497659e-17  1.577346827e-17
294.834721  1.543342343e-17  1.564015297e-17
295.165279  1.52956921e-17  1.550057674e-17
295.4779249  1.516669528e-17  1.536985201e-17
295.7387739  1.506000587e-17  1.526173351e-17
295.9195339  1.498656876e-17  1.518731271e-17
296  1.495400758e-17  1.515431537e-17
296.0804661  1.492152596e-17  1.512139866e-17
296.2612261  1.484884786e-17  1.504774705e-17
296.5220751  1.474466941e-17  1.494217314e-17
296.834721  1.462088595e-17  1.481673161e-17
297.165279  1.449128064e-17  1.468539024e-17
297.4779249  1.436988649e-17  1.456237002e-17
297.7387739  1.426947912e-17  1.446061771e-17
297.9195339  1.420036299e-17  1.439057577e-17
298  1.416971686e-17  1.435951914e-17
298.0804661  1.413914511e-17  1.432853789e-17
298.2612261  1.407073856e-17  1.425921503e-17
298.5220751  1.397267863e-17  1.41598416e-17
298.834721  1.385615833e-17  1.404176052e-17
299.165279  1.373414982e-17  1.391811772e-17
299.4779249  1.361986373e-17  1.380230077e-17
299.7387739  1.35253301e-17  1.370650087e-17
299.9195339  1.34602543e-17  1.364055338e-17
300  1.343139889e-17  1.361131146e-17
300.0804661  1.340261305e-17  1.358214004e-17
300.2612261  1.333820091e-17  1.35168651e-17
300.5220751  1.324586284e-17  1.342329016e-17
300.834721  1.313613525e-17  1.331209278e-17
301.165279  1.302123199e-17  1.31956504e-17
301.4779249  1.291359452e-17  1.308657114e-17
301.7387739  1.282455531e-17  1.299633926e-17
301.9195339  1.27632591e-17  1.293422199e-17
302  1.273607891e-17  1.290667772e-17
302.0804661  1.270896381e-17  1.287919942e-17
302.2612261  1.264828861e-17  1.281771147e-17
302.5220751  1.256130381e-17  1.272956152e-17
302.834721  1.245793178e-17  1.262480483e-17
303.165279  1.2349677e-17  1.251509998e-17
303.4779249  1.224826115e-17  1.241232568e-17
303.7387739  1.216436383e-17  1.232730456e-17
303.9195339  1.210660488e-17  1.226877193e-17
304  1.208099253e-17  1.224281651e-17
304.0804661  1.205544113e-17  1.221692285e-17
304.2612261  1.199826352e-17  1.215897935e-17
304.5220751  1.191628937e-17  1.207590717e-17
304.834721  1.181886651e-17  1.197717933e-17
305.165279  1.17168355e-17  1.187378162e-17
305.4779249  1.162124427e-17  1.177690996e-17
305.7387739  1.154216101e-17  1.169676738e-17
305.9195339  1.148771397e-17  1.164159102e-17
306  1.146356962e-17  1.161712327e-17
306.0804661  1.143948235e-17  1.159271335e-17
306.2612261  1.138557975e-17  1.153808872e-17
306.5220751  1.13082976e-17  1.145977139e-17
306.834721  1.121644591e-17  1.136668935e-17
307.165279  1.112024364e-17  1.126919846e-17
307.4779249  1.103010769e-17  1.117785515e-17
307.7387739  1.095553352e-17  1.110228206e-17
307.9195339  1.090418872e-17  1.10502495e-17
308  1.088141948e-17  1.102717527e-17
308.0804661  1.085870372e-17  1.100415523e-17
308.2612261  1.080786901e-17  1.09526396e-17
308.5220751  1.073498237e-17  1.087877664e-17
308.834721  1.06483501e-17  1.079098394e-17
309.165279  1.055760893e-17  1.06990273e-17
309.4779249  1.047258454e-17  1.061286401e-17
309.7387739  1.040223561e-17  1.054157277e-17
309.9195339  1.035379788e-17  1.049248622e-17
310  1.033231729e-17  1.047071789e-17
310.0804661  1.031088681e-17  1.044900036e-17
310.2612261  1.026292722e-17  1.040039835e-17
310.5220751  1.019416004e-17  1.033071004e-17
310.834721  1.011241974e-17  1.024787483e-17
311.165279  1.002679738e-17  1.016110557e-17
311.4779249  9.946564483e-18  1.007979796e-17
311.7387739  9.88017647e-18  1.001252068e-17
311.9195339  9.834464092e-18  9.966195992e-18
312  9.814191607e-18  9.945651958e-18
312.0804661  9.793966121e-18  9.925155554e-18
312.2612261  9.748702095e-18  9.87928522e-18
312.5220751  9.683797315e-18  9.813511045e-18
312.834721  9.606643952e-18  9.735324219e-18
313.165279  9.525821577e-18  9.653419233e-18
313.4779249  9.450082028e-18  9.576665159e-18
313.7387739  9.387408682e-18  9.513152308e-18
313.9195339  9.344252335e-18  9.469417885e-18
314  9.325112935e-18  9.450022115e-18
314.0804661  9.306017627e-18  9.430671027e-18
314.2612261  9.263281879e-18  9.387362836e-18
314.5220751  9.201999955e-18  9.325260045e-18
314.834721  9.129149315e-18  9.251433577e-18
315.165279  9.052829793e-18  9.174091761e-18
315.4779249  8.981305723e-18  9.101609631e-18
315.7387739  8.922117532e-18  9.041628619e-18
315.9195339  8.881359399e-18  9.000324533e-18
316  8.863283153e-18  8.982006158e-18
316.0804661  8.845248287e-18  8.963729716e-18
316.2612261  8.804884877e-18  8.922825642e-18
316.5220751  8.74700251e-18  8.864167944e-18
316.834721  8.678189624e-18  8.794433315e-18
317.165279  8.606095936e-18  8.721373938e-18
317.4779249  8.538528261e-18  8.652901199e-18
317.7387739  8.482611216e-18  8.59623515e-18
317.9195339  8.444104131e-18  8.557212265e-18
318  8.427025826e-18  8.539905197e-18
318.0804661  8.409986371e-18  8.5226375e-18
318.2612261  8.371849875e-18  8.483990168e-18
318.5220751  8.317158811e-18  8.428566522e-18
318.834721  8.252136549e-18  8.362673291e-18
319.165279  8.184010307e-18  8.293634503e-18
319.4779249  8.120157351e-18  8.228926242e-18
319.7387739  8.067311811e-18  8.17537284e-18
319.9195339  8.030918481e-18  8.138492025e-18
320  8.014777277e-18  8.12213461e-18
320.0804661  7.998672561e-18  8.105814172e-18
320.2612261  7.9626273e-18  8.069286088e-18
320.5220751  7.910933235e-18  8.016899585e-18
320.834721  7.849471002e-18  7.95461407e-18
321.165279  7.785071091e-18  7.889351527e-18
321.4779249  7.724707319e-18  7.828179187e-18
321.7387739  7.674746961e-18  7.777549614e-18
321.9195339  7.640339251e-18  7.742681015e-18
322  7.625078362e-18  7.727215707e-18
322.0804661  7.609851756e-18  7.711785143e-18
322.2612261  7.57577109e-18  7.677247968e-18
322.5220751  7.526892654e-18  7.627714809e-18
322.834721  7.468775192e-18  7.568818869e-18
323.165279  7.407876518e-18  7.507104462e-18
323.4779249  7.350791366e-18  7.449254658e-18
323.7387739  7.303542227e-18  7.40137262e-18
323.9195339  7.271000491e-18  7.368394991e-18
324  7.256566894e-18  7.353768057e-18
324.0804661  7.242165523e-18  7.33917378e-18
324.2612261  7.209931194e-18  7.306507675e-18
324.5220751  7.163699017e-18  7.259656221e-18
324.834721  7.1087253e-18  7.203946136e-18
325.165279  7.051117636e-18  7.145566821e-18
325.4779249  6.997114432e-18  7.090840249e-18
325.7387739  6.952414017e-18  7.045541075e-18
325.9195339  6.921626495e-18  7.014341156e-18
326  6.907970659e-18  7.000502401e-18
326.0804661  6.894345125e-18  6.986694354e-18
326.2612261  6.863846662e-18  6.955787367e-18
326.5220751  6.820102512e-18  6.911457267e-18
326.834721  6.768084725e-18  6.858742706e-18
327.165279  6.713571645e-18  6.803499427e-18
327.4779249  6.662466619e-18  6.751709853e-18
327.7387739  6.620163081e-18  6.708839663e-18
327.9195339  6.591025329e-18  6.679311613e-18
328  6.578100966e-18  6.666214129e-18
328.0804661  6.565205107e-18  6.653145531e-18
328.2612261  6.536339265e-18  6.623893033e-18
328.5220751  6.494935258e-18  6.581934422e-18
328.834721  6.445697853e-18  6.532037486e-18
329.165279  6.39409575e-18  6.479744177e-18
329.4779249  6.345717113e-18  6.430717512e-18
329.7387739  6.305668499e-18  6.39013245e-18
329.9195339  6.278082874e-18  6.362177318e-18
330  6.265846708e-18  6.349777248e-18
330.0804661  6.253637364e-18  6.337404362e-18
330.2612261  6.226307612e-18  6.30970853e-18
330.5220751  6.187105474e-18  6.269981282e-18
330.834721  6.140484304e-18  6.222735625e-18
331.165279  6.091621486e-18  6.173218293e-18
331.4779249  6.045808583e-18  6.12679173e-18
331.7387739  6.007882132e-18  6.088357257e-18
331.9195339  5.98175731e-18  6.061882495e-18
332  5.970168864e-18  6.050138822e-18
332.0804661  5.958605668e-18  6.038420738e-18
332.2612261  5.932721717e-18  6.012190073e-18
332.5220751  5.895592109e-18  5.974563118e-18
332.834721  5.851433625e-18  5.929813134e-18
333.165279  5.80514947e-18  5.882909006e-18
333.4779249  5.761751999e-18  5.838930229e-18
333.7387739  5.725823497e-18  5.802520468e-18
333.9195339  5.701074032e-18  5.777439485e-18
334  5.690095432e-18  5.766313829e-18
334.0804661  5.679140612e-18  5.755212269e-18
334.2612261  5.654617975e-18  5.730361154e-18
334.5220751  5.619439868e-18  5.694711838e-18
334.834721  5.577600373e-18  5.652311907e-18
335.165279  5.533744562e-18  5.60786865e-18
335.4779249  5.492621848e-18  5.566195101e-18
335.7387739  5.458575034e-18  5.531692232e-18
335.9195339  5.435120942e-18  5.507923975e-18
336  5.424716739e-18  5.497380408e-18
336.0804661  5.414334936e-18  5.486859541e-18
336.2612261  5.391094528e-18  5.46330783e-18
336.5220751  5.357754618e-18  5.429521335e-18
336.834721  5.318099589e-18  5.389335129e-18
337.165279  5.276531382e-18  5.347210119e-18
337.4779249  5.237551713e-18  5.30770832e-18
337.7387739  5.205277722e-18  5.275002022e-18
337.9195339  5.183044109e-18  5.252470591e-18
338  5.173181104e-18  5.242475472e-18
338.0804661  5.163339209e-18  5.232501745e-18
338.2612261  5.141306967e-18  5.210174383e-18
338.5220751  5.109699148e-18  5.17814318e-18
338.834721  5.072102593e-18  5.140043022e-18
339.165279  5.032690173e-18  5.100102676e-18
339.4779249  4.995730175e-18  5.062647601e-18
339.7387739  4.965127032e-18  5.031634531e-18
339.9195339  4.944043738e-18  5.010268828e-18
340  4.934690832e-18  5.000790641e-18
340.0804661  4.925357826e-18  4.99133262e-18
340.2612261  4.904464367e-18  4.970159295e-18
340.5220751  4.87448923e-18  4.939782643e-18
340.834721  4.838833105e-18  4.903648907e-18
341.165279  4.801452963e-18  4.86576806e-18
341.4779249  4.76639703e-18  4.830242556e-18
341.7387739  4.737369174e-18  4.800825874e-18
341.9195339  4.717370451e-18  4.78055927e-18
342  4.708498499e-18  4.771568479e-18
342.0804661  4.699645315e-18  4.762596707e-18
342.2612261  4.679825612e-18  4.742511521e-18
342.5220751  4.651389988e-18  4.713695004e-18
342.834721  4.617563654e-18  4.679415568e-18
343.165279  4.582100017e-18  4.643476899e-18
343.4779249  4.548839782e-18  4.609771146e-18
343.7387739  4.52129763e-18  4.581860068e-18
343.9195339  4.50232184e-18  4.562630099e-18
344  4.493903519e-18  4.554099016e-18
344.0804661  4.485502903e-18  4.545585873e-18
344.2612261  4.466695993e-18  4.526527046e-18
344.5220751  4.439712528e-18  4.49918214e-18
344.834721  4.407612243e-18  4.466651874e-18
345.165279  4.373956555e-18  4.432545371e-18
345.4779249  4.342390395e-18  4.400556385e-18
345.7387739  4.316249937e-18  4.374065777e-18
345.9195339  4.298239272e-18  4.355813861e-18
346  4.290248957e-18  4.347716516e-18
346.0804661  4.282275349e-18  4.339636102e-18
346.2612261  4.264424053e-18  4.32154569e-18
346.5220751  4.238810815e-18  4.295589364e-18
346.834721  4.208339273e-18  4.264709658e-18
347.165279  4.176389701e-18  4.232332124e-18
347.4779249  4.146422285e-18  4.201963297e-18
347.7387739  4.121604705e-18  4.176813287e-18
347.9195339  4.104504933e-18  4.159484465e-18
348  4.096918581e-18  4.151796494e-18
348.0804661  4.089348e-18  4.144124506e-18
348.2612261  4.072398671e-18  4.126948142e-18
348.5220751  4.048078782e-18  4.10230249e-18
348.834721  4.019144676e-18  4.072980814e-18
349.165279  3.988805663e-18  4.042235412e-18
349.4779249  3.960347527e-18  4.013396081e-18
349.7387739  3.936778858e-18  3.989511712e-18
349.9195339  3.920539078e-18  3.973054401e-18
350  3.913334124e-18  3.965752938e-18
350.0804661  3.906144063e-18  3.958466566e-18
350.2612261  3.890046347e-18  3.942153222e-18
350.5220751  3.86694765e-18  3.918745121e-18
350.834721  3.839465273e-18  3.890894618e-18
351.165279  3.810647114e-18  3.861690443e-18
351.4779249  3.78361427e-18  3.834295496e-18
351.7387739  3.761225069e-18  3.811606393e-18
351.9195339  3.745797492e-18  3.795972165e-18
352  3.73895275e-18  3.789035739e-18
352.0804661  3.732122076e-18  3.782113568e-18
352.2612261  3.716828695e-18  3.766615333e-18
352.5220751  3.694883436e-18  3.744376119e-18
352.834721  3.668772305e-18  3.717915231e-18
353.165279  3.641390762e-18  3.690166915e-18
353.4779249  3.615704335e-18  3.66413642e-18
353.7387739  3.594429383e-18  3.642576492e-18
353.9195339  3.579769125e-18  3.627719861e-18
354  3.573264696e-18  3.621128306e-18
354.0804661  3.56677356e-18  3.614550221e-18
354.2612261  3.552240106e-18  3.599822093e-18
354.5220751  3.531384642e-18  3.578687271e-18
354.834721  3.506569158e-18  3.553539385e-18
355.165279  3.480545097e-18  3.527166734e-18
355.4779249  3.456130987e-18  3.502425599e-18
355.7387739  3.435909008e-18  3.481932749e-18
355.9195339  3.421973899e-18  3.46781098e-18
356  3.415791087e-18  3.461545349e-18
356.0804661  3.40962084e-18  3.455292452e-18
356.2612261  3.395805588e-18  3.441292146e-18
356.5220751  3.375980118e-18  3.421201115e-18
356.834721  3.352389239e-18  3.397294238e-18
357.165279  3.327648294e-18  3.37222189e-18
357.4779249  3.304436862e-18  3.348699543e-18
357.7387739  3.285210269e-18  3.329215412e-18
357.9195339  3.271960674e-18  3.315788338e-18
358  3.266081906e-18  3.309830825e-18
358.0804661  3.260215018e-18  3.303885351e-18
358.2612261  3.247078749e-18  3.290573122e-18
358.5220751  3.228227062e-18  3.271468919e-18
358.834721  3.205794009e-18  3.248735377e-18
359.165279  3.182266271e-18  3.224892486e-18
359.4779249  3.160192048e-18  3.202522581e-18
359.7387739  3.141906699e-18  3.1839923e-18
359.9195339  3.129305351e-18  3.171222159e-18
360  3.123714105e-18  3.165556018e-18
360.0804661  3.118134095e-18  3.159901265e-18
360.2612261  3.105639934e-18  3.147239745e-18
360.5220751  3.087709175e-18  3.129068805e-18
360.834721  3.066371152e-18  3.107444961e-18
361.165279  3.043990879e-18  3.084764906e-18
361.4779249  3.022992295e-18  3.063485047e-18
361.7387739  3.005597268e-18  3.045857015e-18
361.9195339  2.99360912e-18  3.033708287e-18
362  2.988289856e-18  3.028317771e-18
362.0804661  2.982981222e-18  3.022938029e-18
362.2612261  2.971094483e-18  3.010892068e-18
362.5220751  2.954034936e-18  2.99360401e-18
362.834721  2.933732874e-18  2.973030003e-18
363.165279  2.912438221e-18  2.95145011e-18
363.4779249  2.892457353e-18  2.9312016e-18
363.7387739  2.875904742e-18  2.914427267e-18
363.9195339  2.864496817e-18  2.902866534e-18
364  2.859434914e-18  2.897736827e-18
364.0804661  2.854383071e-18  2.892617316e-18
364.2612261  2.84307112e-18  2.881153841e-18
364.5220751  2.826836004e-18  2.864701258e-18
364.834721  2.807514319e-18  2.84512076e-18
365.165279  2.78724709e-18  2.824582053e-18
365.4779249  2.768229427e-18  2.80530965e-18
365.7387739  2.752474144e-18  2.789343326e-18
365.9195339  2.741615408e-18  2.778339138e-18
366  2.736797104e-18  2.773456293e-18
366.0804661  2.731988325e-18  2.768583101e-18
366.2612261  2.721220444e-18  2.757670985e-18
366.5220751  2.705765728e-18  2.742009255e-18
366.834721  2.687372101e-18  2.723369246e-18
367.165279  2.66807751e-18  2.703816205e-18
367.4779249  2.649971736e-18  2.685467906e-18
367.7387739  2.634971336e-18  2.670266577e-18
367.9195339  2.624632569e-18  2.659789323e-18
368  2.620044909e-18  2.655140211e-18
368.0804661  2.615466268e-18  2.65050024e-18
368.2612261  2.605213537e-18  2.640110175e-18
368.5220751  2.590497763e-18  2.625197284e-18
368.834721  2.572982927e-18  2.607447838e-18
369.165279  2.554609387e-18  2.588828185e-18
369.4779249  2.537367178e-18  2.571355018e-18
369.7387739  2.523081687e-18  2.556878175e-18
369.9195339  2.51323537e-18  2.546899967e-18
370  2.508866152e-18  2.542472223e-18
370.0804661  2.504505476e-18  2.538053137e-18
370.2612261  2.494740657e-18  2.528157519e-18
370.5220751  2.480724776e-18  2.513953896e-18
370.834721  2.464042327e-18  2.497047987e-18
371.165279  2.446541244e-18  2.479312478e-18
371.4779249  2.430117076e-18  2.46266831e-18
371.7387739  2.416508837e-18  2.448877789e-18
371.9195339  2.407129046e-18  2.439372357e-18
372  2.402966773e-18  2.435154331e-18
372.0804661  2.398812596e-18  2.430944508e-18
372.2612261  2.389510026e-18  2.421517331e-18
372.5220751  2.376157246e-18  2.407985692e-18
372.834721  2.360263462e-18  2.391879012e-18
373.165279  2.343589046e-18  2.374981243e-18
373.4779249  2.327940024e-18  2.359122604e-18
373.7387739  2.314973549e-18  2.345982444e-18
373.9195339  2.306035853e-18  2.336925028e-18
374  2.302069692e-18  2.332905741e-18
374.0804661  2.298111204e-18  2.328894229e-18
374.2612261  2.289246697e-18  2.319910983e-18
374.5220751  2.276522344e-18  2.307016188e-18
374.834721  2.261376015e-18  2.291666975e-18
375.165279  2.245485108e-18  2.275563211e-18
375.4779249  2.230570796e-18  2.260449123e-18
375.7387739  2.218212633e-18  2.247925422e-18
375.9195339  2.209694e-18  2.239292683e-18
376  2.205913738e-18  2.235461785e-18
376.0804661  2.20214075e-18  2.231638258e-18
376.2612261  2.193691505e-18  2.223075836e-18
376.5220751  2.181562889e-18  2.210784758e-18
376.834721  2.167125162e-18  2.196153639e-18
377.165279  2.15197707e-18  2.180802639e-18
377.4779249  2.137759341e-18  2.166394465e-18
377.7387739  2.125977944e-18  2.154455257e-18
377.9195339  2.117856656e-18  2.146225186e-18
378  2.114252662e-18  2.142572916e-18
378.0804661  2.110655566e-18  2.138927637e-18
378.2612261  2.102600081e-18  2.13076425e-18
378.5220751  2.091036372e-18  2.119045645e-18
378.834721  2.077270603e-18  2.105095485e-18
379.165279  2.062826945e-18  2.090458356e-18
379.4779249  2.049269837e-18  2.076719651e-18
379.7387739  2.038035453e-18  2.065334783e-18
379.9195339  2.030291024e-18  2.057486618e-18
380  2.026854212e-18  2.054003771e-18
380.0804661  2.023423944e-18  2.050527554e-18
380.2612261  2.015741935e-18  2.042742646e-18
380.5220751  2.004714049e-18  2.031567041e-18
380.834721  1.991585669e-18  2.018262808e-18
381.165279  1.977810235e-18  2.004302853e-18
381.4779249  1.964879818e-18  1.991199234e-18
381.7387739  1.954164372e-18  1.980340255e-18
381.9195339  1.94677747e-18  1.972854407e-18
382  1.943499268e-18  1.969532294e-18
382.0804661  1.940227276e-18  1.966216473e-18
382.2612261  1.932899603e-18  1.958790646e-18
382.5220751  1.922380094e-18  1.948130229e-18
382.834721  1.909856479e-18  1.935438862e-18
383.165279  1.896715096e-18  1.922121451e-18
383.4779249  1.884379346e-18  1.909620464e-18
383.7387739  1.87415634e-18  1.899260522e-18
383.9195339  1.867108721e-18  1.8921185e-18
384  1.863981037e-18  1.888948922e-18
384.0804661  1.860859247e-18  1.885785315e-18
384.2612261  1.853867842e-18  1.878700261e-18
384.5220751  1.843830805e-18  1.868528779e-18
384.834721  1.831881159e-18  1.856419068e-18
385.165279  1.819341566e-18  1.843711508e-18
385.4779249  1.80757025e-18  1.831782516e-18
385.7387739  1.797814668e-18  1.821896259e-18
385.9195339  1.791089104e-18  1.815080607e-18
386  1.788104299e-18  1.812055821e-18
386.0804661  1.785125089e-18  1.809036704e-18
386.2612261  1.778452895e-18  1.802275136e-18
386.5220751  1.768873866e-18  1.792567798e-18
386.834721  1.75746911e-18  1.781010276e-18
387.165279  1.745500841e-18  1.768881693e-18
387.4779249  1.734265411e-18  1.757495764e-18
387.7387739  1.724953626e-18  1.748059249e-18
387.9195339  1.718533848e-18  1.741553479e-18
388  1.715684707e-18  1.738666173e-18
388.0804661  1.712840878e-18  1.735784251e-18
388.2612261  1.706471781e-18  1.729329841e-18
388.5220751  1.697327658e-18  1.720063233e-18
388.834721  1.686440324e-18  1.709030064e-18
389.165279  1.675014603e-18  1.697451297e-18
389.4779249  1.664288088e-18  1.6865811e-18
389.7387739  1.655397781e-18  1.677571708e-18
389.9195339  1.64926842e-18  1.671360245e-18
390  1.646548124e-18  1.668603512e-18
390.0804661  1.643832876e-18  1.665851893e-18
390.2612261  1.637751656e-18  1.659689215e-18
390.5220751  1.629020608e-18  1.650841216e-18
390.834721  1.618624744e-18  1.6403061e-18
391.165279  1.607714382e-18  1.629249594e-18
391.4779249  1.597471297e-18  1.618869304e-18
391.7387739  1.588981378e-18  1.610265663e-18
391.9195339  1.583127909e-18  1.604333787e-18
392  1.580530018e-18  1.601701098e-18
392.0804661  1.577936923e-18  1.599073268e-18
392.2612261  1.572129194e-18  1.593187746e-18
392.5220751  1.563790593e-18  1.584737449e-18
392.834721  1.553861672e-18  1.574675531e-18
393.165279  1.543440968e-18  1.564115243e-18
393.4779249  1.533657227e-18  1.554200449e-18
393.7387739  1.52554776e-18  1.545982356e-18
393.9195339  1.519956454e-18  1.540316155e-18
394  1.517474879e-18  1.537801339e-18
394.0804661  1.514997861e-18  1.535291142e-18
394.2612261  1.509450026e-18  1.529668994e-18
394.5220751  1.501484368e-18  1.521596637e-18
394.834721  1.491999202e-18  1.511984418e-18
395.165279  1.482043862e-18  1.501895727e-18
395.4779249  1.47269669e-18  1.49242335e-18
395.7387739  1.464948826e-18  1.484571704e-18
395.9195339  1.459606701e-18  1.479158022e-18
396  1.457235684e-18  1.476755245e-18
396.0804661  1.454868999e-18  1.474356858e-18
396.2612261  1.449568198e-18  1.468985054e-18
396.5220751  1.441957044e-18  1.461271949e-18
396.834721  1.432893706e-18  1.452087208e-18
397.165279  1.423380752e-18  1.442446829e-18
397.4779249  1.414448611e-18  1.433395043e-18
397.7387739  1.407044524e-18  1.425891778e-18
397.9195339  1.401939302e-18  1.420718173e-18
398  1.399673397e-18  1.418421916e-18
398.0804661  1.397411611e-18  1.416129833e-18
398.2612261  1.392345684e-18  1.410996049e-18
398.5220751  1.385071589e-18  1.403624518e-18
398.834721  1.376409338e-18  1.394846236e-18
399.165279  1.367317035e-18  1.385632143e-18
399.4779249  1.358779551e-18  1.3769803e-18
399.7387739  1.351702375e-18  1.369808325e-18
399.9195339  1.346822441e-18  1.364863025e-18
